1.470246724784374237e-02 4.754534736275672913e-02 -1.658310554921627045e-02 -6.854422390460968018e-03
1.565337367355823517e-02 -1.473349034786224365e-01 -1.672019436955451965e-02 2.805505394935607910e-01
1.270667556673288345e-02 4.802151769399642944e-02 -1.110918261110782623e-02 -1.735862903296947479e-02
1.366710662841796875e-02 -1.469393670558929443e-01 -1.145635545253753662e-02 2.717986106872558594e-01
1.072831917554140091e-02 4.834416881203651428e-02 -6.020382978022098541e-03 -2.447555586695671082e-02
1.169520244002342224e-02 -1.466909348964691162e-01 -6.509894039481878281e-03 2.663018107414245605e-01
8.761383593082427979e-03 4.852332547307014465e-02 -1.183857792057096958e-03 -2.842726372182369232e-02
9.731850586831569672e-03 -1.465816348791122437e-01 -1.752403099089860916e-03 2.638819217681884766e-01
6.800217553973197937e-03 4.856529086828231812e-02 3.525235224515199661e-03 -2.935322932898998260e-02
7.771523203700780869e-03 -1.466070413589477539e-01 2.938170451670885086e-03 2.644398510456085205e-01
4.839382600039243698e-03 4.847285524010658264e-02 8.226967416703701019e-03 -2.731489203870296478e-02
5.808839574456214905e-03 -1.467661112546920776e-01 7.680669892579317093e-03 2.679523229598999023e-01
2.873517572879791260e-03 4.824539646506309509e-02 1.303971651941537857e-02 -2.229818888008594513e-02
3.838425502181053162e-03 2.431779354810714722e-01 1.259375270456075668e-02 -3.108385801315307617e-01
8.701984770596027374e-03 4.787884652614593506e-02 6.376981269568204880e-03 -1.421070843935012817e-02
9.659561328589916229e-03 -1.473339796066284180e-01 6.092767231166362762e-03 2.804774045944213867e-01
6.712881848216056824e-03 4.770053923130035400e-02 1.170231495052576065e-02 -1.027768477797508240e-02
7.666892837733030319e-03 2.426527291536331177e-01 1.149676088243722916e-02 -2.992455363273620605e-01
1.251994725316762924e-02 4.736880213022232056e-02 5.511850584298372269e-03 -2.959038363769650459e-03
1.346732303500175476e-02 -1.478317677974700928e-01 5.452669691294431686e-03 2.914578318595886230e-01
1.051068771630525589e-02 4.721201956272125244e-02 1.128182653337717056e-02 4.995898343622684479e-04
1.145492866635322571e-02 2.421703636646270752e-01 1.129181776195764542e-02 -2.886025309562683105e-01
1.629833504557609558e-02 4.688923060894012451e-02 5.519767291843891144e-03 7.620218209922313690e-03
1.723612099885940552e-02 -1.483114510774612427e-01 5.672171711921691895e-03 3.020395636558532715e-01
1.426989119499921799e-02 4.672920703887939453e-02 1.171296276152133942e-02 1.115091331303119659e-02
1.520447526127099991e-02 2.416812330484390259e-01 1.193598192185163498e-02 -2.778135538101196289e-01
2.003809995949268341e-02 4.639105498790740967e-02 6.379710510373115540e-03 1.860995963215827942e-02
2.096592076122760773e-02 -1.488218009471893311e-01 6.751909852027893066e-03 3.132989108562469482e-01
1.798948459327220917e-02 4.620331525802612305e-02 1.301788818091154099e-02 2.275294996798038483e-02
1.891355216503143311e-02 2.411361783742904663e-01 1.347294729202985764e-02 -2.657944262027740479e-01
2.373627573251724243e-02 4.582455381751060486e-02 8.157058618962764740e-03 3.110735304653644562e-02
2.465276606380939484e-02 2.408285886049270630e-01 8.779205381870269775e-03 -2.589908242225646973e-01
2.946933731436729431e-02 4.558240994811058044e-02 3.599389456212520599e-03 3.644821792840957642e-02
3.038098663091659546e-02 -1.495909690856933594e-01 4.328353796154260635e-03 3.302645981311798096e-01
2.738916687667369843e-02 4.546909779310226440e-02 1.093364600092172623e-02 3.894978016614913940e-02
2.829854935407638550e-02 2.404325604438781738e-01 1.171264145523309708e-02 -2.502635121345520020e-01
3.310719877481460571e-02 4.514532908797264099e-02 6.707371212542057037e-03 4.609068110585212708e-02
3.401010483503341675e-02 2.401704639196395874e-01 7.629184983670711517e-03 -2.444684803485870361e-01
3.881351649761199951e-02 4.494037851691246033e-02 2.739815274253487587e-03 5.061107873916625977e-02
3.971232473850250244e-02 -1.502207517623901367e-01 3.752036951482295990e-03 3.441571891307830811e-01
3.670790791511535645e-02 4.484762251377105713e-02 1.063518039882183075e-02 5.265977606177330017e-02
3.760486096143722534e-02 2.398154735565185547e-01 1.168837584555149078e-02 -2.366487830877304077e-01
4.240116849541664124e-02 4.452850297093391418e-02 6.955400109291076660e-03 5.969797074794769287e-02
4.329174011945724487e-02 2.395500391721725464e-01 8.149359375238418579e-03 -2.307823896408081055e-01
4.808274284005165100e-02 4.431259259581565857e-02 3.533711889758706093e-03 6.445994228124618530e-02
4.896899312734603882e-02 -1.508598476648330688e-01 4.822910763323307037e-03 3.582556843757629395e-01
4.595179483294487000e-02 4.419321194291114807e-02 1.198802422732114792e-02 6.709742546081542969e-02
4.683566093444824219e-02 2.391412556171417236e-01 1.332997344434261322e-02 -2.217792272567749023e-01
5.161848664283752441e-02 4.383133724331855774e-02 8.894388563930988312e-03 7.507851719856262207e-02
5.249511078000068665e-02 2.388246506452560425e-01 1.039595901966094971e-02 -2.147849798202514648e-01
5.727160722017288208e-02 4.355563595890998840e-02 6.100259255617856979e-03 8.115908503532409668e-02
5.814271792769432068e-02 2.385896146297454834e-01 7.723440881818532944e-03 -2.095929682254791260e-01
6.291451305150985718e-02 4.335808008909225464e-02 3.531581722199916840e-03 8.551625907421112061e-02
6.378167122602462769e-02 2.384292334318161011e-01 5.241906736046075821e-03 -2.060503512620925903e-01
6.855025887489318848e-02 4.323271289467811584e-02 1.120899687521159649e-03 8.828150480985641479e-02
6.941491365432739258e-02 -1.519052833318710327e-01 2.886530011892318726e-03 3.813178837299346924e-01
6.637680530548095703e-02 4.317555949091911316e-02 1.051288750022649765e-02 8.954645693302154541e-02
6.724031269550323486e-02 2.381452620029449463e-01 1.230381615459918976e-02 -1.998011916875839233e-01
7.200322300195693970e-02 4.284951090812683105e-02 8.307792246341705322e-03 9.673748165369033813e-02
7.286021113395690918e-02 2.378514111042022705e-01 1.024254225194454193e-02 -1.933128088712692261e-01
7.761724293231964111e-02 4.258445277810096741e-02 6.376286037266254425e-03 1.025835201144218445e-01
7.846892625093460083e-02 2.376144379377365112e-01 8.427956141531467438e-03 -1.880809068679809570e-01
8.322121948003768921e-02 4.237293452024459839e-02 4.666338209062814713e-03 1.072487458586692810e-01
8.406867831945419312e-02 2.374277114868164062e-01 6.811312865465879440e-03 -1.839583367109298706e-01
8.881723135709762573e-02 4.220896214246749878e-02 3.132146550342440605e-03 1.108655035495758057e-01
8.966141194105148315e-02 2.372858971357345581e-01 5.349456798285245895e-03 -1.808276027441024780e-01
9.440712630748748779e-02 4.208780452609062195e-02 1.732904464006423950e-03 1.135380715131759644e-01
9.524888545274734497e-02 2.371848821640014648e-01 4.003665875643491745e-03 -1.785976290702819824e-01
9.999258071184158325e-02 4.200586676597595215e-02 4.317133862059563398e-04 1.153456196188926697e-01
1.008327007293701172e-01 2.371216267347335815e-01 2.738625742495059967e-03 -1.772010773420333862e-01
1.055751293897628784e-01 4.196059331297874451e-02 -8.053955971263349056e-04 1.163445413112640381e-01
1.064143404364585876e-01 2.370940744876861572e-01 1.521495170891284943e-03 -1.765923798084259033e-01
1.111562252044677734e-01 4.195038229227066040e-02 -2.010352211073040962e-03 1.165701448917388916e-01
1.119952350854873657e-01 -1.531427055597305298e-01 3.210505528841167688e-04 4.086181521415710449e-01
1.089323759078979492e-01 4.197468981146812439e-02 8.493413217365741730e-03 1.160364523530006409e-01
1.097718700766563416e-01 2.369739264249801636e-01 1.081414241343736649e-02 -1.739548146724700928e-01
1.145113483071327209e-01 4.169888421893119812e-02 7.335046306252479553e-03 1.221199184656143188e-01
1.153453290462493896e-01 2.367149740457534790e-01 9.777444414794445038e-03 -1.682398766279220581e-01
1.200796291232109070e-01 4.145445302128791809e-02 6.412646733224391937e-03 1.275114417076110840e-01
1.209087148308753967e-01 2.364839464426040649e-01 8.962875232100486755e-03 -1.631414890289306641e-01
1.256383955478668213e-01 4.123484715819358826e-02 5.700045730918645859e-03 1.323554515838623047e-01
1.264631003141403198e-01 2.362746894359588623e-01 8.347154594957828522e-03 -1.585237532854080200e-01
1.311885863542556763e-01 4.103423282504081726e-02 5.176679696887731552e-03 1.367807686328887939e-01
1.320092678070068359e-01 2.360816597938537598e-01 7.912294939160346985e-03 -1.542645096778869629e-01
1.367309093475341797e-01 4.084731265902519226e-02 4.827004391700029373e-03 1.409040242433547974e-01
1.375478506088256836e-01 2.358998060226440430e-01 7.645084988325834274e-03 -1.502521634101867676e-01
1.422658413648605347e-01 4.066921398043632507e-02 4.640041850507259369e-03 1.448327898979187012e-01
1.430792361497879028e-01 2.357244044542312622e-01 7.536697201430797577e-03 -1.463826894760131836e-01
1.477937251329421997e-01 4.049534350633621216e-02 4.609043709933757782e-03 1.486683636903762817e-01
1.486036330461502075e-01 2.355509996414184570e-01 7.582410704344511032e-03 -1.425569504499435425e-01
1.533146500587463379e-01 4.032127559185028076e-02 4.731271881610155106e-03 1.525084227323532104e-01
1.541210711002349854e-01 2.353751659393310547e-01 7.781440392136573792e-03 -1.386781483888626099e-01
1.588285714387893677e-01 4.014262929558753967e-02 5.007877014577388763e-03 1.564495116472244263e-01
1.596314311027526855e-01 2.351925224065780640e-01 8.136867545545101166e-03 -1.346493512392044067e-01
1.643352806568145752e-01 3.995497152209281921e-02 5.443880334496498108e-03 1.605894863605499268e-01
1.651343703269958496e-01 2.349985688924789429e-01 8.655670098960399628e-03 -1.303710788488388062e-01
1.698343455791473389e-01 3.975369781255722046e-02 6.048248615115880966e-03 1.650299876928329468e-01
1.706294268369674683e-01 2.347885519266128540e-01 9.348847903311252594e-03 -1.257387697696685791e-01
1.753251999616622925e-01 3.953392431139945984e-02 6.834072992205619812e-03 1.698789000511169434e-01
1.761158704757690430e-01 2.345573902130126953e-01 1.023165043443441391e-02 -1.206402704119682312e-01
1.808070242404937744e-01 4.295312762260437012e-01 7.818845100700855255e-03 -4.100777208805084229e-01
1.893976479768753052e-01 2.342993468046188354e-01 -3.827091713901609182e-04 -1.149400770664215088e-01
1.940836310386657715e-01 3.918287903070449829e-02 -2.681510755792260170e-03 1.776220798492431641e-01
1.948672831058502197e-01 2.343430966138839722e-01 8.709310786798596382e-04 -1.159055605530738831e-01
1.995541453361511230e-01 3.920868411660194397e-02 -1.447180169634521008e-03 1.770520061254501343e-01
2.003383189439773560e-01 2.343513071537017822e-01 2.093860181048512459e-03 -1.160871013998985291e-01
2.050253450870513916e-01 3.919942304491996765e-02 -2.278818283230066299e-04 1.772556900978088379e-01
2.058093398809432983e-01 2.343246340751647949e-01 3.317232010886073112e-03 -1.154991164803504944e-01
2.104958295822143555e-01 4.293988943099975586e-01 1.007249578833580017e-03 -4.071336388587951660e-01
2.190838158130645752e-01 2.342626750469207764e-01 -7.135423365980386734e-03 -1.141333281993865967e-01
2.237690687179565430e-01 3.924369439482688904e-02 -9.418089874088764191e-03 1.762899011373519897e-01
2.245539426803588867e-01 2.344991564750671387e-01 -5.892291665077209473e-03 -1.193491667509078979e-01
2.292439192533493042e-01 3.946211934089660645e-02 -8.279275149106979370e-03 1.714689880609512329e-01
2.300331592559814453e-01 2.347015887498855591e-01 -4.849895369261503220e-03 -1.238142624497413635e-01
2.347271889448165894e-01 3.964944928884506226e-02 -7.326180581003427505e-03 1.673346310853958130e-01
2.355201840400695801e-01 2.348755002021789551e-01 -3.979487810283899307e-03 -1.276504546403884888e-01
2.402177006006240845e-01 3.981078043580055237e-02 -6.532496772706508636e-03 1.637743413448333740e-01
2.410139143466949463e-01 2.350256294012069702e-01 -3.257010132074356079e-03 -1.309622377157211304e-01
2.457144260406494141e-01 3.995048999786376953e-02 -5.876254756003618240e-03 1.606913655996322632e-01
2.465134263038635254e-01 2.351560741662979126e-01 -2.662427257746458054e-03 -1.338395625352859497e-01
2.512165606021881104e-01 4.007235914468765259e-02 -5.339218303561210632e-03 1.580022275447845459e-01
2.520180046558380127e-01 2.352703362703323364e-01 -2.179173985496163368e-03 -1.363603025674819946e-01
2.567234039306640625e-01 4.017967358231544495e-02 -4.906380083411931992e-03 1.556343287229537964e-01
2.575269937515258789e-01 2.353715300559997559e-01 -1.793693401850759983e-03 -1.385923922061920166e-01
2.622344195842742920e-01 4.027531296014785767e-02 -4.565541166812181473e-03 1.535241156816482544e-01
2.630399465560913086e-01 2.354623377323150635e-01 -1.495059113949537277e-03 -1.405956447124481201e-01
2.677491903305053711e-01 4.036182910203933716e-02 -4.306972026824951172e-03 1.516152471303939819e-01
2.685564160346984863e-01 2.355451881885528564e-01 -1.274666981771588326e-03 -1.424233168363571167e-01
2.732673287391662598e-01 4.044151678681373596e-02 -4.123133141547441483e-03 1.498571932315826416e-01
2.740761637687683105e-01 2.356222569942474365e-01 -1.125989365391433239e-03 -1.441236287355422974e-01
2.787885963916778564e-01 4.051645472645759583e-02 -4.008462186902761459e-03 1.482038497924804688e-01
2.795989215373992920e-01 2.356955856084823608e-01 -1.044384902343153954e-03 -1.457409709692001343e-01
2.843128442764282227e-01 4.058859869837760925e-02 -3.959204070270061493e-03 1.466123014688491821e-01
2.851245999336242676e-01 2.357670217752456665e-01 -1.026958343572914600e-03 -1.473170518875122070e-01
2.898399531841278076e-01 4.065979272127151489e-02 -3.973299171775579453e-03 1.450417190790176392e-01
2.906531393527984619e-01 2.358384281396865845e-01 -1.072464976459741592e-03 -1.488920599222183228e-01
2.953699231147766113e-01 4.073184356093406677e-02 -4.050306044518947601e-03 1.434523314237594604e-01
2.961845695972442627e-01 2.359115630388259888e-01 -1.181259518489241600e-03 -1.505056321620941162e-01
3.009027838706970215e-01 4.080655053257942200e-02 -4.191372077912092209e-03 1.418043971061706543e-01
3.017189204692840576e-01 2.359882742166519165e-01 -1.355284359306097031e-03 -1.521978825330734253e-01
3.064386844635009766e-01 4.088575765490531921e-02 -4.399241879582405090e-03 1.400571763515472412e-01
3.072564005851745605e-01 2.360704392194747925e-01 -1.598098664544522762e-03 -1.540103852748870850e-01
3.119778037071228027e-01 4.097140580415725708e-02 -4.678306635469198227e-03 1.381679475307464600e-01
3.127972483634948730e-01 2.361600548028945923e-01 -1.914947642944753170e-03 -1.559872329235076904e-01
3.175204396247863770e-01 4.106556996703147888e-02 -5.034692585468292236e-03 1.360909491777420044e-01
3.183417618274688721e-01 2.362592667341232300e-01 -2.312873257324099541e-03 -1.581760793924331665e-01
3.230669200420379639e-01 4.117051139473915100e-02 -5.476395133882761002e-03 1.337762922048568726e-01
3.238903284072875977e-01 2.363704741001129150e-01 -2.800869056954979897e-03 -1.606293171644210815e-01
3.286177515983581543e-01 4.128873348236083984e-02 -6.013455335050821304e-03 1.311686933040618896e-01
3.294435143470764160e-01 2.364963144063949585e-01 -3.390081459656357765e-03 -1.634053140878677368e-01
3.341734409332275391e-01 4.142304882407188416e-02 -6.658187601715326309e-03 1.282062083482742310e-01
3.350019156932830811e-01 2.366397529840469360e-01 -4.094063770025968552e-03 -1.665698438882827759e-01
3.397347033023834229e-01 4.157663881778717041e-02 -7.425460498780012131e-03 1.248187199234962463e-01
3.405662477016448975e-01 2.368041723966598511e-01 -4.929086193442344666e-03 -1.701975762844085693e-01
3.453023135662078857e-01 4.175312444567680359e-02 -8.333037607371807098e-03 1.209262982010841370e-01
3.461373746395111084e-01 2.369934618473052979e-01 -5.914511624723672867e-03 -1.743739247322082520e-01
3.508772552013397217e-01 4.195665940642356873e-02 -9.401990100741386414e-03 1.164373084902763367e-01
3.517163991928100586e-01 2.372120469808578491e-01 -7.073244079947471619e-03 -1.791969835758209229e-01
3.564606308937072754e-01 4.219203069806098938e-02 -1.065718382596969604e-02 1.112462133169174194e-01
3.573044836521148682e-01 2.374650537967681885e-01 -8.432259783148765564e-03 -1.847798526287078857e-01
3.620537817478179932e-01 4.246476665139198303e-02 -1.212785672396421432e-02 1.052311360836029053e-01
3.629030585289001465e-01 2.377583980560302734e-01 -1.002323348075151443e-02 -1.912532746791839600e-01
3.676582276821136475e-01 4.278126358985900879e-02 -1.384829916059970856e-02 9.825096279382705688e-02
3.685138523578643799e-01 2.380989193916320801e-01 -1.188328023999929428e-02 -1.987687051296234131e-01
3.732758462429046631e-01 4.314893484115600586e-02 -1.585865393280982971e-02 9.014202654361724854e-02
3.741388320922851562e-01 2.384945601224899292e-01 -1.405581366270780563e-02 -2.075018137693405151e-01
3.789087235927581787e-01 4.357639327645301819e-02 -1.820584945380687714e-02 8.071427792310714722e-02
3.797802329063415527e-01 2.389545291662216187e-01 -1.659156382083892822e-02 -2.176565825939178467e-01
3.845593333244323730e-01 4.407364130020141602e-02 -2.094469591975212097e-02 6.974682211875915527e-02
3.854407966136932373e-01 2.394895106554031372e-01 -1.954975910484790802e-02 -2.294699847698211670e-01
3.902305960655212402e-01 4.465230554342269897e-02 -2.413915842771530151e-02 5.698271840810775757e-02
3.911236524581909180e-01 -1.501153558492660522e-01 -2.299950458109378815e-02 3.419528901576995850e-01
3.881213366985321045e-01 4.532613232731819153e-02 -1.616044715046882629e-02 4.210691526532173157e-02
3.890278637409210205e-01 2.406760454177856445e-01 -1.531830895692110062e-02 -2.556306719779968262e-01
3.938413858413696289e-01 4.577611759305000305e-02 -2.043092250823974609e-02 3.218153119087219238e-02
3.947568833827972412e-01 -1.490469723939895630e-01 -1.978729106485843658e-02 3.183489143848419189e-01
3.917759656906127930e-01 4.635112732648849487e-02 -1.342031359672546387e-02 1.949204690754413605e-02
3.927029669284820557e-01 -1.485758125782012939e-01 -1.303047221153974533e-02 3.079106807708740234e-01
3.897314667701721191e-01 4.672935605049133301e-02 -6.872258614748716354e-03 1.114693842828273773e-02
3.906660377979278564e-01 2.419491857290267944e-01 -6.649320013821125031e-03 -2.836963236331939697e-01
3.955050408840179443e-01 4.692270234227180481e-02 -1.232324633747339249e-02 6.882051937282085419e-03
3.964434862136840820e-01 -1.480203717947006226e-01 -1.218560524284839630e-02 2.956515252590179443e-01
3.934830725193023682e-01 4.727316647768020630e-02 -6.272574886679649353e-03 -8.495173533447086811e-04
3.944285511970520020e-01 -1.477582752704620361e-01 -6.289565470069646835e-03 2.898477613925933838e-01
3.914733827114105225e-01 4.745279997587203979e-02 -4.926102701574563980e-04 -4.812179133296012878e-03
3.924224376678466797e-01 2.425818145275115967e-01 -5.888539017178118229e-04 -2.976504862308502197e-01
3.972740769386291504e-01 4.746825993061065674e-02 -6.541863549500703812e-03 -5.153335630893707275e-03
3.982234299182891846e-01 -1.475592553615570068e-01 -6.644930224865674973e-03 2.854583859443664551e-01
3.952722549438476562e-01 4.765682667493820190e-02 -9.357624803669750690e-04 -9.312866255640983582e-03
3.962253928184509277e-01 2.427921891212463379e-01 -1.122019835747778416e-03 -3.022908866405487061e-01
4.010812342166900635e-01 4.768624156713485718e-02 -7.167837582528591156e-03 -9.962035343050956726e-03
4.020349681377410889e-01 -1.473321765661239624e-01 -7.367078214883804321e-03 2.804507613182067871e-01
3.990883231163024902e-01 4.789407923817634583e-02 -1.758063095621764660e-03 -1.454658526927232742e-02
4.000461995601654053e-01 2.430412024259567261e-01 -2.048994880169630051e-03 -3.077836930751800537e-01
4.049070179462432861e-01 4.794850200414657593e-02 -8.204668760299682617e-03 -1.574765890836715698e-02
4.058659970760345459e-01 -1.470548212528228760e-01 -8.519621565937995911e-03 2.743353545665740967e-01
4.029248952865600586e-01 4.818763956427574158e-02 -3.032914595678448677e-03 -2.102246321737766266e-02
4.038886427879333496e-01 -1.468906849622726440e-01 -3.453363897278904915e-03 2.707020044326782227e-01
4.009508192539215088e-01 4.828037321567535400e-02 1.960676163434982300e-03 -2.306812815368175507e-02
4.019164443016052246e-01 2.433741539716720581e-01 1.499313628301024437e-03 -3.151317834854125977e-01
4.067839086055755615e-01 4.823087528347969055e-02 -4.803322255611419678e-03 -2.197641134262084961e-02
4.077485501766204834e-01 -1.468218564987182617e-01 -5.242850631475448608e-03 2.691871523857116699e-01
4.048120975494384766e-01 4.837451502680778503e-02 1.408924581483006477e-04 -2.514478191733360291e-02
4.057796001434326172e-01 2.434944510459899902e-01 -3.620031930040568113e-04 -3.177832663059234619e-01
4.106494784355163574e-01 4.837765172123908997e-02 -6.717668380588293076e-03 -2.521451003849506378e-02
4.116170406341552734e-01 -1.466473191976547241e-01 -7.221958599984645844e-03 2.653413712978363037e-01
4.086840748786926270e-01 4.857695847749710083e-02 -1.915130997076630592e-03 -2.961065247654914856e-02
4.096556305885314941e-01 -1.465174704790115356e-01 -2.507344121113419533e-03 2.624674141407012939e-01
4.067252874374389648e-01 4.864017665386199951e-02 2.742004115134477615e-03 -3.100530058145523071e-02
4.076980948448181152e-01 2.437226921319961548e-01 2.121898112818598747e-03 -3.228218257427215576e-01
4.125725328922271729e-01 4.857059568166732788e-02 -4.334538709372282028e-03 -2.947050333023071289e-02
4.135439395904541016e-01 -1.464889347553253174e-01 -4.923948552459478378e-03 2.618416845798492432e-01
4.106141626834869385e-01 4.870296269655227661e-02 3.128851240035146475e-04 -3.239024057984352112e-02
4.115882217884063721e-01 -1.464234739542007446e-01 -3.349196631461381912e-04 2.603913843631744385e-01
4.086597561836242676e-01 4.870325699448585510e-02 4.872908350080251694e-03 -3.239715471863746643e-02
4.096338152885437012e-01 2.437549978494644165e-01 4.224964883178472519e-03 -3.235386610031127930e-01
4.145089089870452881e-01 4.857313260436058044e-02 -2.245808020234107971e-03 -2.952634543180465698e-02
4.154803752899169922e-01 -1.465165317058563232e-01 -2.836334984749555588e-03 2.624471485614776611e-01
4.125500619411468506e-01 4.864578321576118469e-02 2.412608126178383827e-03 -3.112902864813804626e-02
4.135229587554931641e-01 2.437330484390258789e-01 1.790027599781751633e-03 -3.230497837066650391e-01
4.183976352214813232e-01 4.858566075563430786e-02 -4.670967813581228256e-03 -2.980288676917552948e-02
4.193693399429321289e-01 -1.464689970016479492e-01 -5.267025437206029892e-03 2.614026367664337158e-01
4.164399504661560059e-01 4.872774332761764526e-02 -3.897267743013799191e-05 -3.293689712882041931e-02
4.174145162105560303e-01 -1.463936567306518555e-01 -6.977106677368283272e-04 2.597337365150451660e-01
4.144866466522216797e-01 4.873825609683990479e-02 4.496964160352945328e-03 -3.316918015480041504e-02
4.154614210128784180e-01 2.437954246997833252e-01 3.833580296486616135e-03 -3.244298696517944336e-01
4.203373193740844727e-01 4.861910268664360046e-02 -2.655017189681529999e-03 -3.054047375917434692e-02
4.213097095489501953e-01 -1.464646756649017334e-01 -3.265826730057597160e-03 2.613035738468170166e-01
4.183804094791412354e-01 4.870374500751495361e-02 1.960244961082935333e-03 -3.240763396024703979e-02
4.193544983863830566e-01 2.437975257635116577e-01 1.312092295847833157e-03 -3.244714438915252686e-01
4.242304265499114990e-01 4.865692183375358582e-02 -5.177336279302835464e-03 -3.137502074241638184e-02
4.252035617828369141e-01 -1.463904082775115967e-01 -5.804836750030517578e-03 2.596699297428131104e-01
4.222757518291473389e-01 4.881393164396286011e-02 -6.114385905675590038e-04 -3.483826667070388794e-02
4.232520461082458496e-01 -1.462992429733276367e-01 -1.308203907683491707e-03 2.576516866683959961e-01
4.203260540962219238e-01 4.884135723114013672e-02 3.844829741865396500e-03 -3.544358536601066589e-02
4.213028848171234131e-01 2.439079582691192627e-01 3.135957987979054451e-03 -3.269109427928924561e-01
4.261810481548309326e-01 4.874150454998016357e-02 -3.402261063456535339e-03 -3.324073553085327148e-02
4.271558821201324463e-01 -1.463314890861511230e-01 -4.067075904458761215e-03 2.583667933940887451e-01
4.242292344570159912e-01 4.884828627109527588e-02 1.100260182283818722e-03 -3.559615835547447205e-02
4.252062141895294189e-01 2.439544498920440674e-01 3.883370372932404280e-04 -3.279317319393157959e-01
4.300853013992309570e-01 4.882696643471717834e-02 -6.170297972857952118e-03 -3.512637317180633545e-02
4.310618340969085693e-01 -1.462059617042541504e-01 -6.872825324535369873e-03 2.556034028530120850e-01
4.281377196311950684e-01 4.901343956589698792e-02 -1.760757411830127239e-03 -3.923939168453216553e-02
4.291179776191711426e-01 -1.460832208395004272e-01 -2.545545343309640884e-03 2.528874874114990234e-01
4.261963367462158203e-01 4.907498881220817566e-02 2.512204227969050407e-03 -4.059727117419242859e-02
4.271778166294097900e-01 2.441608309745788574e-01 1.700258930213749409e-03 -3.324865102767944336e-01
4.320610463619232178e-01 4.901471361517906189e-02 -4.949471447616815567e-03 -3.926789760589599609e-02
4.330413341522216797e-01 -1.460359096527099609e-01 -5.734829232096672058e-03 2.518493235111236572e-01
4.301206171512603760e-01 4.916745796799659729e-02 -6.978428573347628117e-04 -4.263694956898689270e-02
4.311039745807647705e-01 -1.459444761276245117e-01 -1.550581888295710087e-03 2.498257160186767578e-01
4.281850755214691162e-01 4.919958114624023438e-02 3.445932641625404358e-03 -4.334588721394538879e-02
4.291690587997436523e-01 2.442719489336013794e-01 2.579014748334884644e-03 -3.349395990371704102e-01
4.340544939041137695e-01 4.911338910460472107e-02 -4.119777120649814606e-03 -4.144450649619102478e-02
4.350367784500122070e-01 -1.459492444992065430e-01 -4.948667250573635101e-03 2.499357461929321289e-01
4.321177899837493896e-01 4.924302548170089722e-02 5.004758713766932487e-05 -4.430397227406501770e-02
4.331026375293731689e-01 -1.458796411752700806e-01 -8.360318606719374657e-04 2.483947426080703735e-01
4.301850497722625732e-01 4.925423860549926758e-02 4.131862893700599670e-03 -4.455176740884780884e-02
4.311701357364654541e-01 2.443166971206665039e-01 3.240827703848481178e-03 -3.359282016754150391e-01
4.360564649105072021e-01 4.914877563714981079e-02 -3.477736143395304680e-03 -4.222504794597625732e-02
4.370394647121429443e-01 -1.459231376647949219e-01 -4.322237335145473480e-03 2.493585944175720215e-01
4.341209828853607178e-01 4.926027357578277588e-02 6.649347487837076187e-04 -4.468451812863349915e-02
4.351061880588531494e-01 -1.458712071180343628e-01 -2.287556126248091459e-04 2.482081353664398193e-01
4.321887791156768799e-01 4.925401136279106140e-02 4.735406953841447830e-03 -4.454694315791130066e-02
4.331738650798797607e-01 2.443077415227890015e-01 3.844468155875802040e-03 -3.357320427894592285e-01
4.380600154399871826e-01 4.913128912448883057e-02 -2.870172960683703423e-03 -4.183926805853843689e-02
4.390426278114318848e-01 -1.459493935108184814e-01 -3.706958377733826637e-03 2.499367147684097290e-01
4.361236393451690674e-01 4.922530427575111389e-02 1.291775959543883801e-03 -4.391315579414367676e-02
4.371081590652465820e-01 2.443287074565887451e-01 4.135128110647201538e-04 -3.361882269382476807e-01
4.419947266578674316e-01 4.920087382197380066e-02 -6.310252007097005844e-03 -4.337493702769279480e-02
4.429787397384643555e-01 -1.458300203084945679e-01 -7.177750580012798309e-03 2.473103851079940796e-01
4.400621354579925537e-01 4.939369857311248779e-02 -2.231542952358722687e-03 -4.762789979577064514e-02
4.410500228404998779e-01 -1.456961780786514282e-01 -3.184101078659296036e-03 2.443501204252243042e-01
4.381361007690429688e-01 4.947110265493392944e-02 1.702901441603899002e-03 -4.933544620871543884e-02
4.391255080699920654e-01 2.445686012506484985e-01 7.161925896070897579e-04 -3.414806127548217773e-01
4.440168738365173340e-01 4.943646118044853210e-02 -6.113419774919748306e-03 -4.857191815972328186e-02
4.450056254863739014e-01 -1.455972939729690552e-01 -7.084858138114213943e-03 2.421759217977523804e-01
4.420936703681945801e-01 4.962513595819473267e-02 -2.241339534521102905e-03 -5.273331329226493835e-02
4.430861771106719971e-01 -1.454646140336990356e-01 -3.296005772426724434e-03 2.392416149377822876e-01
4.401768743991851807e-01 4.970427230000495911e-02 1.488826354034245014e-03 -5.447914451360702515e-02
4.411709606647491455e-01 -1.454389989376068115e-01 3.992434649262577295e-04 2.386731505393981934e-01
4.382621943950653076e-01 4.967725276947021484e-02 5.172706209123134613e-03 -5.388382077217102051e-02
4.392557442188262939e-01 2.447246462106704712e-01 4.095030017197132111e-03 -3.449302315711975098e-01
4.441502094268798828e-01 4.954468831419944763e-02 -2.803574781864881516e-03 -5.095881223678588867e-02
4.451411068439483643e-01 -1.455369442701339722e-01 -3.822751110419631004e-03 2.408382445573806763e-01
4.422303736209869385e-01 4.963940009474754333e-02 9.940138552337884903e-04 -5.304802581667900085e-02
4.432231783866882324e-01 -1.454967856407165527e-01 -6.694663170492276549e-05 2.399483621120452881e-01
4.403132200241088867e-01 4.962611570954322815e-02 4.732020664960145950e-03 -5.275568738579750061e-02
4.413057565689086914e-01 2.446798980236053467e-01 3.676906693726778030e-03 -3.439418673515319824e-01
4.461993575096130371e-01 4.950583353638648987e-02 -3.201930783689022064e-03 -5.010174587368965149e-02
4.471894800662994385e-01 -1.455700546503067017e-01 -4.203965887427330017e-03 2.415692210197448730e-01
4.442780613899230957e-01 4.961169138550758362e-02 6.274188053794205189e-04 -5.243677273392677307e-02
4.452702999114990234e-01 -1.455192565917968750e-01 -4.213166830595582724e-04 2.404440492391586304e-01
4.423599243164062500e-01 4.960871487855911255e-02 4.387564025819301605e-03 -5.237175151705741882e-02
4.433520734310150146e-01 2.446674853563308716e-01 3.340129274874925613e-03 -3.436671495437622070e-01
4.482454359531402588e-01 4.949817061424255371e-02 -3.533213632181286812e-03 -4.993281513452529907e-02
4.492354094982147217e-01 -1.455729454755783081e-01 -4.531870130449533463e-03 2.416332662105560303e-01
4.463239312171936035e-01 4.961345344781875610e-02 3.007953055202960968e-04 -5.247568339109420776e-02
4.473161995410919189e-01 -1.455128043889999390e-01 -7.487183902412652969e-04 2.403021305799484253e-01
4.444059431552886963e-01 4.961982741951942444e-02 4.057324025779962540e-03 -5.261686816811561584e-02
4.453983604907989502e-01 2.446833699941635132e-01 3.004986792802810669e-03 -3.440169095993041992e-01
4.502920210361480713e-01 4.951879754662513733e-02 -3.875351510941982269e-03 -5.038792267441749573e-02
4.512823820114135742e-01 -1.455473750829696655e-01 -4.883110057562589645e-03 2.410697788000106812e-01
4.483714401721954346e-01 4.964399337768554688e-02 -6.171435234136879444e-05 -5.314939841628074646e-02
4.493643343448638916e-01 -1.454770714044570923e-01 -1.124702394008636475e-03 2.395140528678894043e-01
4.464547932147979736e-01 4.966092482209205627e-02 3.665578784421086311e-03 -5.352342128753662109e-02
4.474480152130126953e-01 2.447301298379898071e-01 2.595110330730676651e-03 -3.450475931167602539e-01
4.523425996303558350e-01 4.957135394215583801e-02 -4.305841401219367981e-03 -5.154744535684585571e-02
4.533340334892272949e-01 -1.454885900020599365e-01 -5.336790345609188080e-03 2.397738546133041382e-01
4.504242539405822754e-01 4.970918968319892883e-02 -5.413132021203637123e-04 -5.458766222000122070e-02
4.514184594154357910e-01 -1.454049944877624512e-01 -1.633066451177000999e-03 2.379244267940521240e-01
4.485103487968444824e-01 4.974024742841720581e-02 3.125421935692429543e-03 -5.527317151427268982e-02
4.495051503181457520e-01 2.448172420263290405e-01 2.019958570599555969e-03 -3.469683527946472168e-01
4.544014930725097656e-01 4.966662079095840454e-02 -4.919408820569515228e-03 -5.364915728569030762e-02
4.553948342800140381e-01 -1.453844457864761353e-01 -5.992392078042030334e-03 2.374776005744934082e-01
4.524871408939361572e-01 4.982259869575500488e-02 -1.242839731276035309e-03 -5.708945915102958679e-02
4.534835815429687500e-01 -1.452815085649490356e-01 -2.384628867730498314e-03 2.352010756731033325e-01
4.505779743194580078e-01 4.987442865967750549e-02 2.319392748177051544e-03 -5.823307484388351440e-02
4.515754580497741699e-01 2.449630498886108398e-01 1.154731144197285175e-03 -3.501833081245422363e-01
4.564747214317321777e-01 4.982469230890274048e-02 -5.848935339599847794e-03 -5.713648721575737000e-02
4.574711918830871582e-01 -1.452129036188125610e-01 -6.991664879024028778e-03 2.336953282356262207e-01
4.545669555664062500e-01 5.000824108719825745e-02 -2.317758277058601379e-03 -6.118476390838623047e-02
4.555671215057373047e-01 -1.450804024934768677e-01 -3.541453508660197258e-03 2.307659983634948730e-01
4.526655077934265137e-01 5.009197443723678589e-02 1.073866384103894234e-03 -6.303191930055618286e-02
4.536673426628112793e-01 -1.450453549623489380e-01 -1.867721148300915956e-04 2.299896180629730225e-01
4.507664442062377930e-01 5.007926374673843384e-02 4.413020331412553787e-03 -6.275220960378646851e-02
4.517680108547210693e-01 2.451376616954803467e-01 3.157976083457469940e-03 -3.540395498275756836e-01
4.566707611083984375e-01 4.997095093131065369e-02 -3.922814503312110901e-03 -6.036249175667762756e-02
4.576701819896697998e-01 -1.450945287942886353e-01 -5.130064673721790314e-03 2.310801893472671509e-01
4.547683000564575195e-01 5.010034516453742981e-02 -5.084608565084636211e-04 -6.321651488542556763e-02
4.557703137397766113e-01 -1.450143158435821533e-01 -1.772791147232055664e-03 2.293059527873992920e-01
4.528700113296508789e-01 5.013292655348777771e-02 2.813327824696898460e-03 -6.393565237522125244e-02
4.538726806640625000e-01 2.452144324779510498e-01 1.534614711999893188e-03 -3.557296395301818848e-01
4.587769806385040283e-01 5.007069185376167297e-02 -5.579977761954069138e-03 -6.256319582462310791e-02
4.597783982753753662e-01 -1.449708044528961182e-01 -6.831241771578788757e-03 2.283540070056915283e-01
4.568789601325988770e-01 5.024809390306472778e-02 -2.264161594212055206e-03 -6.647589057683944702e-02
4.578839242458343506e-01 -1.448413282632827759e-01 -3.593679517507553101e-03 2.254918217658996582e-01
4.549871087074279785e-01 5.033180117607116699e-02 9.161569178104400635e-04 -6.832251697778701782e-02
4.559937417507171631e-01 -1.448032706975936890e-01 -4.502934170886874199e-04 2.246493250131607056e-01
4.530976712703704834e-01 5.032511055469512939e-02 4.042692948132753372e-03 -6.817561388015747070e-02
4.541041851043701172e-01 2.453888654708862305e-01 2.679180819541215897e-03 -3.595803081989288330e-01
4.590119421482086182e-01 5.022893846035003662e-02 -4.512425512075424194e-03 -6.605378538370132446e-02
4.600165188312530518e-01 -1.448280215263366699e-01 -5.833500996232032776e-03 2.252020388841629028e-01
4.571199715137481689e-01 5.037680640816688538e-02 -1.329460297711193562e-03 -6.931526958942413330e-02
4.581274986267089844e-01 -1.447260528802871704e-01 -2.715765731409192085e-03 2.229479104280471802e-01
4.552329778671264648e-01 5.043460428714752197e-02 1.743192435242235661e-03 -7.059043645858764648e-02
4.562416672706604004e-01 -1.447122991085052490e-01 3.313836641609668732e-04 2.226419597864151001e-01
4.533474445343017578e-01 5.040491744875907898e-02 4.784223157912492752e-03 -6.993641704320907593e-02
4.543555378913879395e-01 2.454579472541809082e-01 3.385494695976376534e-03 -3.611060678958892822e-01
4.592646956443786621e-01 5.028804391622543335e-02 -3.836626652628183365e-03 -6.735754013061523438e-02
4.602704644203186035e-01 -1.447786986827850342e-01 -5.183777306228876114e-03 2.241124361753463745e-01
4.573748707771301270e-01 5.041696131229400635e-02 -7.015286828391253948e-04 -7.020112872123718262e-02
4.583832025527954102e-01 -1.446949243545532227e-01 -2.105551306158304214e-03 2.222603708505630493e-01
4.554893076419830322e-01 5.045706033706665039e-02 2.339656231924891472e-03 -7.108598202466964722e-02
4.564984738826751709e-01 -1.446983516216278076e-01 9.179366752505302429e-04 2.223342061042785645e-01
4.536044895648956299e-01 5.041046068072319031e-02 5.364620592445135117e-03 -7.005903124809265137e-02
4.546127021312713623e-01 2.454550862312316895e-01 3.963440191000699997e-03 -3.610445857048034668e-01
4.595218002796173096e-01 5.027702823281288147e-02 -3.257451578974723816e-03 -6.711453199386596680e-02
4.605273306369781494e-01 -1.447980701923370361e-01 -4.599742125719785690e-03 2.245388776063919067e-01
4.576313793659210205e-01 5.038931965827941895e-02 -1.089646757463924587e-04 -6.959143280982971191e-02
4.586391746997833252e-01 -1.447310745716094971e-01 -1.500793383456766605e-03 2.230571061372756958e-01
4.557445347309112549e-01 5.041230097413063049e-02 2.960348967462778091e-03 -7.009884715080261230e-02
4.567528069019317627e-01 -1.447519659996032715e-01 1.558372052386403084e-03 2.235166132450103760e-01
4.538577497005462646e-01 5.034767836332321167e-02 6.028704345226287842e-03 -6.867433339357376099e-02
4.548647105693817139e-01 2.453826814889907837e-01 4.655217751860618591e-03 -3.594490885734558105e-01
4.597723484039306641e-01 5.019486322999000549e-02 -2.533764112740755081e-03 -6.530191004276275635e-02
4.607762694358825684e-01 -1.448906660079956055e-01 -3.839802462607622147e-03 2.265805304050445557e-01
4.578784406185150146e-01 5.028594657778739929e-02 6.918080616742372513e-04 -6.731114536523818970e-02
4.588841497898101807e-01 -1.448459178209304810e-01 -6.544147618114948273e-04 2.255899757146835327e-01
4.559872448444366455e-01 5.028538033366203308e-02 3.857384668663144112e-03 -6.729930639266967773e-02
4.569929540157318115e-01 2.453518211841583252e-01 2.511398633942008018e-03 -3.587627112865447998e-01
4.618999958038330078e-01 5.019425600767135620e-02 -4.663855768740177155e-03 -6.528894603252410889e-02
4.629038870334625244e-01 -1.448605209589004517e-01 -5.969634745270013809e-03 2.259188592433929443e-01
4.600066542625427246e-01 5.034623667597770691e-02 -1.451257383450865746e-03 -6.864111125469207764e-02
4.610135853290557861e-01 -1.447548717260360718e-01 -2.824079710990190506e-03 2.235835790634155273e-01
4.581184983253479004e-01 5.040732398629188538e-02 1.647591940127313137e-03 -6.998883187770843506e-02
4.591266512870788574e-01 -1.447382122278213501e-01 2.478153037372976542e-04 2.232134640216827393e-01
4.562318623065948486e-01 5.038019642233848572e-02 4.712084773927927017e-03 -6.939128041267395020e-02
4.572394788265228271e-01 2.454342693090438843e-01 3.324258839711546898e-03 -3.605838119983673096e-01
4.621481597423553467e-01 5.026523023843765259e-02 -3.887417260557413101e-03 -6.685452163219451904e-02
4.631534814834594727e-01 -1.448007673025131226e-01 -5.224507767707109451e-03 2.245993763208389282e-01
4.602574408054351807e-01 5.039545893669128418e-02 -7.325202459469437599e-04 -6.972697377204895020e-02
4.612653553485870361e-01 -1.447159796953201294e-01 -2.127059735357761383e-03 2.227247506380081177e-01
4.583710432052612305e-01 5.043630674481391907e-02 2.327435184270143509e-03 -7.062838226556777954e-02
4.593797624111175537e-01 -1.447189301252365112e-01 9.148675017058849335e-04 2.227879613637924194e-01
4.564853906631469727e-01 5.038992688059806824e-02 5.370626691728830338e-03 -6.960624456405639648e-02
4.574931859970092773e-01 2.454344779253005981e-01 3.978501539677381516e-03 -3.605898916721343994e-01
4.624018669128417969e-01 5.025619268417358398e-02 -3.233296098187565804e-03 -6.665511429309844971e-02
4.634070098400115967e-01 -1.448192447423934937e-01 -4.566398449242115021e-03 2.250059396028518677e-01
4.605106115341186523e-01 5.036766454577445984e-02 -6.627944821957498789e-05 -6.911389529705047607e-02
4.615179598331451416e-01 -1.447533369064331055e-01 -1.448557362891733646e-03 2.235481142997741699e-01
4.586229026317596436e-01 5.038928613066673279e-02 3.022405086085200310e-03 -6.959138810634613037e-02
4.596306979656219482e-01 2.454677820205688477e-01 1.630577258765697479e-03 -3.613192141056060791e-01
4.645400345325469971e-01 5.032268539071083069e-02 -5.595806986093521118e-03 -6.812256574630737305e-02
4.655464887619018555e-01 -1.447185873985290527e-01 -6.958257872611284256e-03 2.227896153926849365e-01
4.626521170139312744e-01 5.050211772322654724e-02 -2.502465620636940002e-03 -7.208007574081420898e-02
4.636621773242950439e-01 -1.445838660001754761e-01 -3.944067284464836121e-03 2.198122590780258179e-01
4.607704877853393555e-01 5.059424042701721191e-02 4.521780938375741243e-04 -7.411216944456100464e-02
4.617823660373687744e-01 -1.445341855287551880e-01 -1.030065352097153664e-03 2.187133878469467163e-01
4.588916897773742676e-01 5.060246959328651428e-02 3.344202414155006409e-03 -7.429429143667221069e-02
4.599037468433380127e-01 -1.445672661066055298e-01 1.858316711150109768e-03 2.194418758153915405e-01
4.570123851299285889e-01 5.052807554602622986e-02 6.247153971344232559e-03 -7.265429198741912842e-02
4.580229520797729492e-01 2.455599159002304077e-01 4.794068168848752975e-03 -3.633596897125244141e-01
4.629341661930084229e-01 5.037014931440353394e-02 -2.473125467076897621e-03 -6.916895508766174316e-02
4.639415442943572998e-01 -1.447162628173828125e-01 -3.856504568830132484e-03 2.227326631546020508e-01
4.610472321510314941e-01 5.046060308814048767e-02 5.981486756354570389e-04 -7.116426527500152588e-02
4.620564579963684082e-01 -1.446699202060699463e-01 -8.251365507021546364e-04 2.217073291540145874e-01
4.591630399227142334e-01 5.046381801366806030e-02 3.609010018408298492e-03 -7.123576849699020386e-02
4.601723253726959229e-01 2.455338388681411743e-01 2.184294629842042923e-03 -3.627778589725494385e-01
4.650830030441284180e-01 5.038091540336608887e-02 -5.071262363344430923e-03 -6.940697878599166870e-02
4.660906195640563965e-01 -1.446679681539535522e-01 -6.459401920437812805e-03 2.216716408729553223e-01
4.631972610950469971e-01 5.054571479558944702e-02 -2.025969559326767921e-03 -7.304182648658752441e-02
4.642081856727600098e-01 -1.445471346378326416e-01 -3.486806061118841171e-03 2.190012037754058838e-01
4.613172411918640137e-01 5.062448605895042419e-02 8.932181517593562603e-04 -7.477956265211105347e-02
4.623297154903411865e-01 -1.445102542638778687e-01 -6.023730966262519360e-04 2.181850522756576538e-01
4.594395160675048828e-01 5.062029883265495300e-02 3.761327825486660004e-03 -7.468783110380172729e-02
4.604519307613372803e-01 -1.445553749799728394e-01 2.267571166157722473e-03 2.191794365644454956e-01
4.575608074665069580e-01 5.053409188985824585e-02 6.651159841567277908e-03 -7.278735190629959106e-02
4.585714936256408691e-01 2.455600649118423462e-01 5.195412784814834595e-03 -3.633643984794616699e-01
4.634827077388763428e-01 5.036465451121330261e-02 -2.071875380352139473e-03 -6.904780864715576172e-02
4.644899964332580566e-01 -1.447275280952453613e-01 -3.452831413596868515e-03 2.229807078838348389e-01
4.615954458713531494e-01 5.044360086321830750e-02 1.006782753393054008e-03 -7.078936696052551270e-02
4.626043140888214111e-01 -1.446927636861801147e-01 -4.090046277269721031e-04 2.222110331058502197e-01
4.597104489803314209e-01 5.043502524495124817e-02 4.035215824842453003e-03 -7.060088217258453369e-02
4.607191681861877441e-01 2.454988956451416016e-01 2.623198321089148521e-03 -3.620079457759857178e-01
4.656291306018829346e-01 5.033975467085838318e-02 -4.616960883140563965e-03 -6.849903613328933716e-02
4.666359424591064453e-01 -1.447156965732574463e-01 -5.986941512674093246e-03 2.227236479520797729e-01
4.637416303157806396e-01 5.049131065607070923e-02 -1.532468362711369991e-03 -7.184176892042160034e-02
4.647514522075653076e-01 -1.446086317300796509e-01 -2.969303634017705917e-03 2.203572690486907959e-01
4.618592560291290283e-01 5.055563151836395264e-02 1.437841565348207951e-03 -7.326082140207290649e-02
4.628703892230987549e-01 -1.445869058370590210e-01 -2.737481372605543584e-05 2.198754101991653442e-01
4.599786400794982910e-01 5.053543671965599060e-02 4.370133392512798309e-03 -7.281615585088729858e-02
4.609893560409545898e-01 2.455944716930389404e-01 2.913810079917311668e-03 -3.641170859336853027e-01
4.659012556076049805e-01 5.043122544884681702e-02 -4.368531517684459686e-03 -7.051680982112884521e-02
4.669098556041717529e-01 -1.446278244256973267e-01 -5.778867751359939575e-03 2.207846194505691528e-01
4.640173017978668213e-01 5.057625100016593933e-02 -1.363175455480813980e-03 -7.371557503938674927e-02
4.650288224220275879e-01 -1.445261240005493164e-01 -2.837487030774354935e-03 2.185369580984115601e-01
4.621383249759674072e-01 5.063626542687416077e-02 1.533252070657908916e-03 -7.503968477249145508e-02
4.631510376930236816e-01 -1.445076316595077515e-01 3.245839616283774376e-05 2.181265950202941895e-01
4.602608978748321533e-01 5.061385408043861389e-02 4.394990392029285431e-03 -7.454609125852584839e-02
4.612731635570526123e-01 2.456725239753723145e-01 2.904068445786833763e-03 -3.658391535282135010e-01
4.661866128444671631e-01 5.050942301750183105e-02 -4.412714391946792603e-03 -7.224193960428237915e-02
4.671967923641204834e-01 -1.445489823818206787e-01 -5.857553333044052124e-03 2.190454900264739990e-01
4.643058180809020996e-01 5.065620318055152893e-02 -1.476643490605056286e-03 -7.547938078641891479e-02
4.653189480304718018e-01 -1.444445401430130005e-01 -2.986231120303273201e-03 2.167373001575469971e-01
4.624300599098205566e-01 5.071996524930000305e-02 1.348514924757182598e-03 -7.688611745834350586e-02
4.634444415569305420e-01 -1.444212943315505981e-01 -1.892074942588806152e-04 2.162219583988189697e-01
4.605560302734375000e-01 5.070336535573005676e-02 4.135231953114271164e-03 -7.652064412832260132e-02
4.615700840950012207e-01 -1.444776207208633423e-01 2.604818902909755707e-03 2.174640893936157227e-01
4.586805403232574463e-01 5.060699582099914551e-02 6.954100914299488068e-03 -7.439602911472320557e-02
4.596926867961883545e-01 2.456285655498504639e-01 5.466180387884378433e-03 -3.648768067359924316e-01
4.646052420139312744e-01 5.042935907840728760e-02 -1.831356086768209934e-03 -7.047533243894577026e-02
4.656138420104980469e-01 -1.446662843227386475e-01 -3.240862861275672913e-03 2.216292321681976318e-01
4.627205133438110352e-01 5.050183460116386414e-02 1.191721763461828232e-03 -7.207423448562622070e-02
4.637305438518524170e-01 -1.446371823549270630e-01 -2.497629320714622736e-04 2.209844440221786499e-01
4.608378112316131592e-01 5.048833787441253662e-02 4.169926047325134277e-03 -7.177725434303283691e-02
4.618475735187530518e-01 2.455502599477767944e-01 2.734381007030606270e-03 -3.631416261196136475e-01
4.667585790157318115e-01 5.038955435156822205e-02 -4.528451710939407349e-03 -6.959776580333709717e-02
4.677663743495941162e-01 -1.446671783924102783e-01 -5.920406896620988846e-03 2.216529846191406250e-01
4.648730158805847168e-01 5.053889006376266479e-02 -1.487347413785755634e-03 -7.289158552885055542e-02
4.658837914466857910e-01 -1.445617079734802246e-01 -2.945179119706153870e-03 2.193217128515243530e-01
4.629925787448883057e-01 5.060221999883651733e-02 1.441254978999495506e-03 -7.428879290819168091e-02
4.640046060085296631e-01 -1.445403695106506348e-01 -4.452094071893952787e-05 2.188484966754913330e-01
4.611138105392456055e-01 5.058222264051437378e-02 4.332449287176132202e-03 -7.384846359491348267e-02
4.621254503726959229e-01 2.456417977809906006e-01 2.855479717254638672e-03 -3.651613593101501465e-01
4.670383036136627197e-01 5.047938227653503418e-02 -4.447747021913528442e-03 -7.157940417528152466e-02
4.680478870868682861e-01 -1.445785164833068848e-01 -5.879335105419158936e-03 2.196969240903854370e-01
4.651563167572021484e-01 5.062697455286979675e-02 -1.485396758653223515e-03 -7.483477890491485596e-02
4.661688506603240967e-01 -1.444736570119857788e-01 -2.982092322781682014e-03 2.173791378736495972e-01
4.632793664932250977e-01 5.069080367684364319e-02 1.365490374155342579e-03 -7.624298334121704102e-02
4.642931818962097168e-01 -1.444506943225860596e-01 -1.593692431924864650e-04 2.168704569339752197e-01
4.614041745662689209e-01 5.067353323101997375e-02 4.178039729595184326e-03 -7.586274296045303345e-02
4.624176323413848877e-01 2.457353472709655762e-01 2.660784870386123657e-03 -3.672245740890502930e-01
4.673323631286621094e-01 5.057568103075027466e-02 -4.683706443756818771e-03 -7.370384037494659424e-02
4.683438539505004883e-01 -1.444788128137588501e-01 -6.157783325761556625e-03 2.174976915121078491e-01
4.654542803764343262e-01 5.073062330484390259e-02 -1.807829365134239197e-03 -7.712128758430480957e-02
4.664689004421234131e-01 -1.443653702735900879e-01 -3.350255079567432404e-03 2.149907052516937256e-01
4.635815918445587158e-01 5.080432072281837463e-02 9.495590347796678543e-04 -7.874714583158493042e-02
4.645976722240447998e-01 -1.443312317132949829e-01 -6.253839237615466118e-04 2.142352163791656494e-01
4.617110490798950195e-01 5.079965665936470032e-02 3.659320296719670296e-03 -7.864491641521453857e-02
4.627270400524139404e-01 -1.443745642900466919e-01 2.086421940475702286e-03 2.151902914047241211e-01
4.598395526409149170e-01 5.071750283241271973e-02 6.390227470546960831e-03 -7.683376222848892212e-02
4.608539044857025146e-01 2.457472681999206543e-01 4.853552207350730896e-03 -3.674937188625335693e-01
4.657688438892364502e-01 5.055668205022811890e-02 -2.496321918442845345e-03 -7.328435778617858887e-02
4.667799770832061768e-01 -1.445293873548507690e-01 -3.962009213864803314e-03 2.186099290847778320e-01
4.638893902301788330e-01 5.064897239208221436e-02 4.101893573533743620e-04 -7.532014697790145874e-02
4.649023711681365967e-01 -1.444788575172424316e-01 -1.096213585697114468e-03 2.174921631813049316e-01
4.620127975940704346e-01 5.065874755382537842e-02 3.253629663959145546e-03 -7.553635537624359131e-02
4.630259871482849121e-01 -1.445097029209136963e-01 1.742902677506208420e-03 2.181713283061981201e-01
4.601357877254486084e-01 5.058729648590087891e-02 6.106329150497913361e-03 -7.396130263805389404e-02
4.611475169658660889e-01 2.456211745738983154e-01 4.627102985978126526e-03 -3.647114336490631104e-01
4.660599529743194580e-01 5.043377354741096497e-02 -2.667125314474105835e-03 -7.057308405637741089e-02
4.670686423778533936e-01 -1.446498334407806396e-01 -4.078587051481008530e-03 2.212671637535095215e-01
4.641756415367126465e-01 5.053017288446426392e-02 3.467561909928917885e-04 -7.269952446222305298e-02
4.651862382888793945e-01 -1.445967555046081543e-01 -1.107234274968504906e-03 2.200927883386611938e-01
4.622943103313446045e-01 5.054100975394248962e-02 3.294621361419558525e-03 -7.293920218944549561e-02
4.633051156997680664e-01 2.456155717372894287e-01 1.835837378166615963e-03 -3.645808398723602295e-01
4.682174324989318848e-01 5.046758055686950684e-02 -5.455779377371072769e-03 -7.131960988044738770e-02
4.692267775535583496e-01 -1.445757299661636353e-01 -6.882171612232923508e-03 2.196370065212249756e-01
4.663352668285369873e-01 5.064391717314720154e-02 -2.489431528374552727e-03 -7.520887255668640137e-02
4.673481583595275879e-01 -1.444422602653503418e-01 -3.993608988821506500e-03 2.166875898838043213e-01
