-8.718943223357200623e-03 -2.765383943915367126e-02 1.048020180314779282e-02 -1.265334803611040115e-02
-9.272020310163497925e-03 -2.229245156049728394e-01 1.022713538259267807e-02 2.833176851272583008e-01
-1.373051013797521591e-02 -2.794991247355937958e-02 1.589348912239074707e-02 -6.122181657701730728e-03
-1.428950857371091843e-02 1.669405400753021240e-01 1.577104441821575165e-02 -2.937484383583068848e-01
-1.095069758594036102e-02 -2.840267121791839600e-02 9.896076284348964691e-03 3.866422688588500023e-03
-1.151875127106904984e-02 -2.236651331186294556e-01 9.973404929041862488e-03 2.996551692485809326e-01
-1.599205471575260162e-02 -2.868675626814365387e-02 1.596650853753089905e-02 1.013428531587123871e-02
-1.656578853726387024e-02 1.662026196718215942e-01 1.616919413208961487e-02 -2.774685621261596680e-01
-1.324173714965581894e-02 -2.914623171091079712e-02 1.061982288956642151e-02 2.026994712650775909e-02
-1.382466126233339310e-02 1.658218204975128174e-01 1.102522201836109161e-02 -2.690434753894805908e-01
-1.050822529941797256e-02 -2.945571951568126678e-02 5.644352175295352936e-03 2.709638327360153198e-02
-1.109733898192644119e-02 -2.246581614017486572e-01 6.186279933899641037e-03 3.215548098087310791e-01
-1.559050288051366806e-02 -2.962484583258628845e-02 1.261737570166587830e-02 3.082919493317604065e-02
-1.618300005793571472e-02 1.653139144182205200e-01 1.323395967483520508e-02 -2.578462660312652588e-01
-1.287672109901905060e-02 -2.999444864690303802e-02 8.077034726738929749e-03 3.898129984736442566e-02
-1.347661018371582031e-02 1.650107502937316895e-01 8.856660686433315277e-03 -2.511423230171203613e-01
-1.017639506608247757e-02 -3.023654408752918243e-02 3.833814058452844620e-03 4.432094469666481018e-02
-1.078112609684467316e-02 1.648302227258682251e-01 4.720232915133237839e-03 -2.471499145030975342e-01
-7.484521251171827316e-03 -3.035882301628589630e-02 -2.227654040325433016e-04 4.701813310384750366e-02
-8.091698400676250458e-03 -2.254775762557983398e-01 7.175972568802535534e-04 3.396307826042175293e-01
-1.260124985128641129e-02 -3.036584705114364624e-02 7.510212715715169907e-03 4.717421531677246094e-02
-1.320856623351573944e-02 1.646476089954376221e-01 8.453696966171264648e-03 -2.431297451257705688e-01
-9.915614500641822815e-03 -3.059406206011772156e-02 3.591102082282304764e-03 5.220766365528106689e-02
-1.052749529480934143e-02 1.644762158393859863e-01 4.635255318135023117e-03 -2.393400818109512329e-01
-7.237971294671297073e-03 -3.071164712309837341e-02 -1.515461190138012171e-04 5.480132624506950378e-02
-7.852204144001007080e-03 -2.258314192295074463e-01 9.444804163649678230e-04 3.474364280700683594e-01
-1.236883271485567093e-02 -3.072292171418666840e-02 7.893209345638751984e-03 5.505148693919181824e-02
-1.298329140990972519e-02 1.642849743366241455e-01 8.994238451123237610e-03 -2.351306527853012085e-01
-9.697591885924339294e-03 -3.096432425081729889e-02 4.291625693440437317e-03 6.037570908665657043e-02
-1.031687855720520020e-02 1.640958338975906372e-01 5.499139893800020218e-03 -2.309501022100448608e-01
-7.034961599856615067e-03 -3.110426664352416992e-02 8.801379008218646049e-04 6.346236169338226318e-02
-7.657046895474195480e-03 1.640050560235977173e-01 2.149385167285799980e-03 -2.289427518844604492e-01
-4.376946017146110535e-03 -3.114754520356655121e-02 -2.429469721391797066e-03 6.441739201545715332e-02
-4.999896511435508728e-03 -2.262345850467681885e-01 -1.141121960245072842e-03 3.563328087329864502e-01
-9.524588473141193390e-03 -3.109642304480075836e-02 5.985534284263849258e-03 6.329028308391571045e-02
-1.014651637524366379e-02 1.639392077922821045e-01 7.251340430229902267e-03 -2.274981737136840820e-01
-6.867732852697372437e-03 -3.128562495112419128e-02 2.701376797631382942e-03 6.746324151754379272e-02
-7.493445184081792831e-03 1.637974977493286133e-01 4.050641786307096481e-03 -2.243661582469940186e-01
-4.217495210468769073e-03 -3.138211742043495178e-02 -4.366816428955644369e-04 6.959173828363418579e-02
-4.845137707889080048e-03 1.637460887432098389e-01 9.551530820317566395e-04 -2.232289314270019531e-01
-1.570215914398431778e-03 -3.138949722051620483e-02 -3.509425558149814606e-03 6.975512951612472534e-02
-2.198005793616175652e-03 -2.264609634876251221e-01 -2.114322967827320099e-03 3.613287508487701416e-01
-6.727225147187709808e-03 -3.130901977419853210e-02 5.112252198159694672e-03 6.797988712787628174e-02
-7.353405468165874481e-03 1.637392640113830566e-01 6.471849977970123291e-03 -2.230857163667678833e-01
-4.078620113432407379e-03 -3.147458657622337341e-02 2.010135445743799210e-03 7.163163274526596069e-02
-4.708111751824617386e-03 1.636184900999069214e-01 3.442768007516860962e-03 -2.204164117574691772e-01
-1.435742015019059181e-03 -3.155250474810600281e-02 -9.655601461417973042e-04 7.335051894187927246e-02
-2.066792221739888191e-03 -2.266605943441390991e-01 5.014501512050628662e-04 3.657286465167999268e-01
-6.600004155188798904e-03 -3.154577687382698059e-02 7.816023193299770355e-03 7.320387661457061768e-02
-7.230919785797595978e-03 1.634632498025894165e-01 9.280100464820861816e-03 -2.170028388500213623e-01
-3.961654379963874817e-03 -3.179012238979339600e-02 4.940043669193983078e-03 7.859291881322860718e-02
-4.597457125782966614e-03 1.632606685161590576e-01 6.511902436614036560e-03 -2.125273197889328003e-01
-1.332243671640753746e-03 -3.195378184318542480e-02 2.261355752125382423e-03 8.220262080430984497e-02
-1.971319317817687988e-03 1.631356775760650635e-01 3.905408317223191261e-03 -2.097659856081008911e-01
1.291394233703613281e-03 -3.204189613461494446e-02 -2.899114333558827639e-04 8.414633572101593018e-02
6.505563505925238132e-04 1.630842089653015137e-01 1.393015147186815739e-03 -2.086280435323715210e-01
3.912240732461214066e-03 -3.205763176083564758e-02 -2.779545728117227554e-03 8.449397981166839600e-02
3.271088004112243652e-03 -2.271396219730377197e-01 -1.089666155166924000e-03 3.762986660003662109e-01
-1.271704677492380142e-03 -3.200221806764602661e-02 6.436306983232498169e-03 8.327235281467437744e-02
-1.911749015562236309e-03 1.630268841981887817e-01 8.101753890514373779e-03 -2.073729783296585083e-01
1.348788617178797722e-03 -3.220997750759124756e-02 3.954294603317975998e-03 8.785459399223327637e-02
7.045891252346336842e-04 1.628550738096237183e-01 5.711386445909738541e-03 -2.035781294107437134e-01
3.961690701544284821e-03 -3.234809264540672302e-02 1.639823662117123604e-03 9.090097248554229736e-02
3.314728615805506706e-03 1.627503186464309692e-01 3.457843093201518059e-03 -2.012641429901123047e-01
6.569735240191221237e-03 -3.242091834545135498e-02 -5.674395943060517311e-04 9.250756353139877319e-02
5.921316798776388168e-03 1.627091616392135620e-01 1.282711746171116829e-03 -2.003543376922607422e-01
9.175499901175498962e-03 -3.243111073970794678e-02 -2.724374877288937569e-03 9.273295104503631592e-02
8.526877500116825104e-03 -2.275139093399047852e-01 -8.697158773429691792e-04 3.845551013946533203e-01
3.976599778980016708e-03 -3.237961977720260620e-02 6.821386050432920456e-03 9.159807860851287842e-02
3.329007187858223915e-03 1.626438945531845093e-01 8.653347380459308624e-03 -1.989249140024185181e-01
6.581885274499654770e-03 -3.260074555873870850e-02 4.674849100410938263e-03 9.647513180971145630e-02
5.929870530962944031e-03 1.624538898468017578e-01 6.604352034628391266e-03 -1.947292238473892212e-01
9.178948588669300079e-03 -3.276190161705017090e-02 2.709767315536737442e-03 1.000297516584396362e-01
8.523710072040557861e-03 1.623211055994033813e-01 4.710362292826175690e-03 -1.917970180511474609e-01
1.177013199776411057e-02 -3.286790847778320312e-02 8.744219085201621056e-04 1.023680940270423889e-01
1.111277379095554352e-02 1.622415035963058472e-01 2.921783830970525742e-03 -1.900388300418853760e-01
1.435760408639907837e-02 -3.292213007807731628e-02 -8.789926650933921337e-04 1.035643741488456726e-01
1.369916182011365891e-02 1.622124016284942627e-01 1.192294759675860405e-03 -1.893957406282424927e-01
1.694341003894805908e-02 -3.292658179998397827e-02 -2.595619997009634972e-03 1.036630645394325256e-01
1.628487743437290192e-02 -2.280112355947494507e-01 -5.223588086664676666e-04 3.955259621143341064e-01
1.172465365380048752e-02 -3.288187831640243530e-02 7.388160098344087601e-03 1.026783809065818787e-01
1.106701605021953583e-02 1.621334105730056763e-01 9.441727772355079651e-03 -1.876644790172576904e-01
1.430968381464481354e-02 -3.312233835458755493e-02 5.688438192009925842e-03 1.079819276928901672e-01
1.364723686128854752e-02 1.619176417589187622e-01 7.848076522350311279e-03 -1.829009205102920532e-01
1.688558980822563171e-02 -3.331572562456130981e-02 4.190058447420597076e-03 1.122474223375320435e-01
1.621927507221698761e-02 1.617459356784820557e-01 6.435007322579622269e-03 -1.791106313467025757e-01
1.945419423282146454e-02 -3.346750885248184204e-02 2.852794481441378593e-03 1.155953556299209595e-01
1.878484338521957397e-02 1.616134494543075562e-01 5.164701491594314575e-03 -1.761861741542816162e-01
2.201711200177669525e-02 -3.358203172683715820e-02 1.640978269279003143e-03 1.181215643882751465e-01
2.134547196328639984e-02 1.615163683891296387e-01 4.003409296274185181e-03 -1.740431934595108032e-01
2.457579970359802246e-02 -3.366264700889587402e-02 5.225454806350171566e-04 1.198999807238578796e-01
2.390254661440849304e-02 1.614518165588378906e-01 2.920545171946287155e-03 -1.726180464029312134e-01
2.713158354163169861e-02 -3.371181711554527283e-02 -5.318156909197568893e-04 1.209847927093505859e-01
2.645734697580337524e-02 1.614177525043487549e-01 1.887880149297416210e-03 -1.718658655881881714e-01
2.968570217490196228e-02 -3.373116999864578247e-02 -1.549437176436185837e-03 1.214120239019393921e-01
2.901107817888259888e-02 1.614129394292831421e-01 8.788033155724406242e-04 -1.717593371868133545e-01
3.223933652043342590e-02 -3.372157365083694458e-02 -2.556383376941084862e-03 1.212007030844688416e-01
3.156490623950958252e-02 -2.288068085908889771e-01 -1.323692122241482139e-04 4.130760133266448975e-01
2.698876895010471344e-02 -3.368297964334487915e-02 8.129151538014411926e-03 1.203513666987419128e-01
2.631510980427265167e-02 1.613215655088424683e-01 1.053617801517248154e-02 -1.697558462619781494e-01
2.954154089093208313e-02 -3.394959494471549988e-02 7.141061592847108841e-03 1.262322217226028442e-01
2.886254899203777313e-02 1.610693335533142090e-01 9.665706194937229156e-03 -1.641892492771148682e-01
3.208393603563308716e-02 -3.418964520096778870e-02 6.381921004503965378e-03 1.315272003412246704e-01
3.140014410018920898e-02 1.608403027057647705e-01 9.012465365231037140e-03 -1.591355055570602417e-01
3.461695089936256409e-02 -3.440950438380241394e-02 5.829754751175642014e-03 1.363769471645355225e-01
3.392875939607620239e-02 1.606284677982330322e-01 8.557293564081192017e-03 -1.544610857963562012e-01
3.714132681488990784e-02 -3.461496159434318542e-02 5.468072369694709778e-03 1.409091353416442871e-01
3.644903004169464111e-02 1.604282557964324951e-01 8.286255411803722382e-03 -1.500436961650848389e-01
3.965759277343750000e-02 -3.481137007474899292e-02 5.285380873829126358e-03 1.452418118715286255e-01
3.896136581897735596e-02 1.602344959974288940e-01 8.190217427909374237e-03 -1.457690000534057617e-01
4.216605797410011292e-02 -3.500378504395484924e-02 5.274836905300617218e-03 1.494864821434020996e-01
4.146598279476165771e-02 1.600422412157058716e-01 8.264566771686077118e-03 -1.415276825428009033e-01
4.466682672500610352e-02 -3.519709780812263489e-02 5.434012971818447113e-03 1.537510752677917480e-01
4.396288469433784485e-02 1.598466336727142334e-01 8.509034290909767151e-03 -1.372126042842864990e-01
4.715981706976890564e-02 -3.539615869522094727e-02 5.764782428741455078e-03 1.581425964832305908e-01
4.645189270377159119e-02 1.596427857875823975e-01 8.927634917199611664e-03 -1.327161192893981934e-01
4.964474961161613464e-02 -3.560590371489524841e-02 6.273312028497457504e-03 1.627699285745620728e-01
4.893263056874275208e-02 1.594256758689880371e-01 9.528710506856441498e-03 -1.279273480176925659e-01
5.212114378809928894e-02 -3.583146631717681885e-02 6.970163900405168533e-03 1.677464842796325684e-01
5.140451341867446899e-02 1.591900289058685303e-01 1.032509375363588333e-02 -1.227294355630874634e-01
5.458831414580345154e-02 -3.607831895351409912e-02 7.870504632592201233e-03 1.731929928064346313e-01
5.386674776673316956e-02 1.589301079511642456e-01 1.133436430245637894e-02 -1.169966906309127808e-01
5.704535171389579773e-02 -3.635239228606224060e-02 8.994430303573608398e-03 1.792404800653457642e-01
5.631830170750617981e-02 1.586396992206573486e-01 1.257923990488052368e-02 -1.105915009975433350e-01
5.949109792709350586e-02 -3.666022792458534241e-02 1.036741025745868683e-02 1.860334128141403198e-01
5.875789374113082886e-02 1.583118736743927002e-01 1.408807840198278427e-02 -1.033610552549362183e-01
6.192412972450256348e-02 -3.700911626219749451e-02 1.202085707336664200e-02 1.937331110239028931e-01
6.118394806981086731e-02 1.579388380050659180e-01 1.589551940560340881e-02 -9.513364732265472412e-02
6.434272229671478271e-02 -3.740729391574859619e-02 1.399284601211547852e-02 2.025216072797775269e-01
6.359457969665527344e-02 1.575117707252502441e-01 1.804327778518199921e-02 -8.571460098028182983e-02
6.674481183290481567e-02 -3.786410391330718994e-02 1.632898673415184021e-02 2.126059532165527344e-01
6.598753482103347778e-02 1.570206284523010254e-01 2.058110572397708893e-02 -7.488166540861129761e-02
6.912794709205627441e-02 -3.839023783802986145e-02 1.908347196877002716e-02 2.242229729890823364e-01
6.836014240980148315e-02 1.564538329839706421e-01 2.356793172657489777e-02 -6.237972900271415710e-02
7.148921489715576172e-02 -3.899795189499855042e-02 2.232033759355545044e-02 2.376448661088943481e-01
7.070925831794738770e-02 1.557981222867965698e-01 2.707323431968688965e-02 -4.791483283042907715e-02
7.382521778345108032e-02 3.505216240882873535e-01 2.611493878066539764e-02 -3.319344818592071533e-01
8.083565533161163330e-02 1.550378650426864624e-01 1.947624795138835907e-02 -3.113191574811935425e-02
8.393640816211700439e-02 3.498751819133758545e-01 1.885361038148403168e-02 -3.176068067550659180e-01
9.093391150236129761e-02 1.544898450374603271e-01 1.250147446990013123e-02 -1.903825066983699799e-02
9.402371197938919067e-02 -4.080913588404655457e-02 1.212070882320404053e-02 2.775626778602600098e-01
9.320753067731857300e-02 1.541378200054168701e-01 1.767196319997310638e-02 -1.127287931740283966e-02
9.629028290510177612e-02 3.490019440650939941e-01 1.744650490581989288e-02 -2.983281314373016357e-01
1.032703220844268799e-01 1.536356806755065918e-01 1.147994212806224823e-02 -1.943409297382459044e-04
1.063430383801460266e-01 3.485911190509796143e-01 1.147605571895837784e-02 -2.892332077026367188e-01
1.133148595690727234e-01 1.533074378967285156e-01 5.691391415894031525e-03 7.046937942504882812e-03
1.163810044527053833e-01 3.483473062515258789e-01 5.832330323755741119e-03 -2.838348746299743652e-01
1.233479529619216919e-01 1.531426459550857544e-01 1.556328934384509921e-04 1.068182289600372314e-02
1.264108121395111084e-01 -4.198153316974639893e-02 3.692693426273763180e-04 3.034138381481170654e-01
1.255711764097213745e-01 1.531351506710052490e-01 6.437546573579311371e-03 1.084740553051233292e-02
1.286338865756988525e-01 3.481642007827758789e-01 6.654494442045688629e-03 -2.797974646091461182e-01
1.355971693992614746e-01 1.529479473829269409e-01 1.058545080013573170e-03 1.497682090848684311e-02
1.386561244726181030e-01 3.480547070503234863e-01 1.358081586658954620e-03 -2.773719429969787598e-01
1.456172168254852295e-01 1.529134064912796021e-01 -4.189357161521911621e-03 1.573902182281017303e-02
1.486754864454269409e-01 -4.214821755886077881e-02 -3.874576650559902191e-03 3.070972263813018799e-01
1.478325128555297852e-01 1.530287265777587891e-01 2.267367672175168991e-03 1.319487206637859344e-02
1.508930921554565430e-01 3.481180965900421143e-01 2.531265141442418098e-03 -2.787718176841735840e-01
1.578554511070251465e-01 1.529601216316223145e-01 -3.044171025976538658e-03 1.470839697867631912e-02
1.609146595001220703e-01 3.481256067752838135e-01 -2.750003244727849960e-03 -2.789334356784820557e-01
1.678771674633026123e-01 1.530429869890213013e-01 -8.328672498464584351e-03 1.288086734712123871e-02
1.709380298852920532e-01 -4.195853695273399353e-02 -8.071054704487323761e-03 3.029243946075439453e-01
1.700988560914993286e-01 1.532775014638900757e-01 -2.012566663324832916e-03 7.707014214247465134e-03
1.731644123792648315e-01 3.484282493591308594e-01 -1.858426374383270741e-03 -2.856102287769317627e-01
1.801329702138900757e-01 1.533328592777252197e-01 -7.570630870759487152e-03 6.485992111265659332e-03
1.831996291875839233e-01 -4.167969897389411926e-02 -7.440911140292882919e-03 2.967707216739654541e-01
1.823660433292388916e-01 1.535475254058837891e-01 -1.505496678873896599e-03 1.750364550389349461e-03
1.854369938373565674e-01 3.486910462379455566e-01 -1.470489427447319031e-03 -2.914071977138519287e-01
1.924108117818832397e-01 1.535900831222534180e-01 -7.298632990568876266e-03 8.116053068079054356e-04
1.954826116561889648e-01 -4.142643511295318604e-02 -7.282400969415903091e-03 2.911828160285949707e-01
1.946540772914886475e-01 1.537985950708389282e-01 -1.458744634874165058e-03 -3.787966212257742882e-03
1.977300494909286499e-01 3.489414453506469727e-01 -1.534504001028835773e-03 -2.969307899475097656e-01
2.047088891267776489e-01 1.538413912057876587e-01 -7.473119534552097321e-03 -4.732212051749229431e-03
2.077857106924057007e-01 -4.117259010672569275e-02 -7.567763794213533401e-03 2.855835258960723877e-01
2.069622576236724854e-01 1.540564745664596558e-01 -1.856093644164502621e-03 -9.476588107645511627e-03
2.100433856248855591e-01 3.492049872875213623e-01 -2.045625355094671249e-03 -3.027445673942565918e-01
2.170274853706359863e-01 1.541122496128082275e-01 -8.100516162812709808e-03 -1.070747617632150650e-02
2.201097309589385986e-01 -4.089259356260299683e-02 -8.314666338264942169e-03 2.794086635112762451e-01
2.192918807268142700e-01 1.543469727039337158e-01 -2.726492471992969513e-03 -1.588504202663898468e-02
2.223788201808929443e-01 3.495079278945922852e-01 -3.044193377718329430e-03 -3.094269633293151855e-01
2.293689846992492676e-01 1.544294804334640503e-01 -9.232732467353343964e-03 -1.770563982427120209e-02
2.324575632810592651e-01 -4.055885970592498779e-02 -9.586845524609088898e-03 2.720500230789184570e-01
2.316463887691497803e-01 1.546985656023025513e-01 -4.145845305174589157e-03 -2.364115975797176361e-02
2.347403615713119507e-01 3.498797416687011719e-01 -4.618668463081121445e-03 -3.176292479038238525e-01
2.417379617691040039e-01 1.548238694667816162e-01 -1.097125373780727386e-02 -2.640646696090698242e-02
2.448344379663467407e-01 -4.013904556632041931e-02 -1.149938255548477173e-02 2.627948224544525146e-01
2.440316528081893921e-01 1.551451385021209717e-01 -6.243486423045396805e-03 -3.349284827709197998e-02
2.471345514059066772e-01 -3.988672047853469849e-02 -6.913343444466590881e-03 2.572136819362640381e-01
2.463368177413940430e-01 1.553332507610321045e-01 -1.769070164300501347e-03 -3.764178603887557983e-02
2.494434863328933716e-01 3.504805266857147217e-01 -2.521905815228819847e-03 -3.308823406696319580e-01
2.564530968666076660e-01 1.553945541381835938e-01 -9.139552712440490723e-03 -3.899577632546424866e-02
2.595610022544860840e-01 -3.959514573216438293e-02 -9.919468313455581665e-03 2.507895827293395996e-01
2.587690949440002441e-01 1.556670367717742920e-01 -4.903676919639110565e-03 -4.500557109713554382e-02
2.618824243545532227e-01 -3.938424959778785706e-02 -5.803788080811500549e-03 2.461261749267578125e-01
2.610947489738464355e-01 1.558201014995574951e-01 -8.812646847218275070e-04 -4.838173463940620422e-02
2.642111480236053467e-01 3.509546816349029541e-01 -1.848899410106241703e-03 -3.413425683975219727e-01
2.712302505970001221e-01 1.558590829372406006e-01 -8.675751276314258575e-03 -4.924326017498970032e-02
2.743474245071411133e-01 -3.913739323616027832e-02 -9.660616517066955566e-03 2.406898140907287598e-01
2.735646665096282959e-01 1.561212241649627686e-01 -4.846820142120122910e-03 -5.502461269497871399e-02
2.766870856285095215e-01 -3.893090412020683289e-02 -5.947312340140342712e-03 2.361251711845397949e-01
2.759084701538085938e-01 1.562755107879638672e-01 -1.224808744154870510e-03 -5.842776969075202942e-02
2.790339887142181396e-01 3.514150083065032959e-01 -2.393363974988460541e-03 -3.514968752861022949e-01
2.860623002052307129e-01 1.563271731138229370e-01 -9.423301555216312408e-03 -5.956961587071418762e-02
2.891888320446014404e-01 -3.865841403603553772e-02 -1.061469409614801407e-02 2.301253676414489746e-01
2.884156703948974609e-01 1.566136032342910767e-01 -6.012186873704195023e-03 -6.588681787252426147e-02
2.915479242801666260e-01 -3.842163830995559692e-02 -7.329923100769519806e-03 2.248931825160980225e-01
2.907795011997222900e-01 1.568042933940887451e-01 -2.832059282809495926e-03 -7.009284198284149170e-02
2.939155995845794678e-01 -3.827693313360214233e-02 -4.233916290104389191e-03 2.216952145099639893e-01
2.931500375270843506e-01 1.569052785634994507e-01 1.999881496885791421e-04 -7.232024520635604858e-02
2.962881624698638916e-01 3.520243465900421143e-01 -1.246416824869811535e-03 -3.649400770664215088e-01
3.033286333084106445e-01 1.569201499223709106e-01 -8.545218035578727722e-03 -7.265041768550872803e-02
3.064670562744140625e-01 -3.807826340198516846e-02 -9.998226538300514221e-03 2.173242568969726562e-01
3.057054877281188965e-01 1.571851819753646851e-01 -5.651741754263639450e-03 -7.849570363759994507e-02
3.088491857051849365e-01 -3.785529732704162598e-02 -7.221655454486608505e-03 2.123987376689910889e-01
3.080920875072479248e-01 1.573691517114639282e-01 -2.973680850118398666e-03 -8.255345374345779419e-02
3.112394511699676514e-01 -3.771004080772399902e-02 -4.624749999493360519e-03 2.091897875070571899e-01
3.104852735996246338e-01 1.574777364730834961e-01 -4.409542598295956850e-04 -8.494841307401657104e-02
3.136348128318786621e-01 -3.763789683580398560e-02 -2.139922464266419411e-03 2.075953632593154907e-01
3.128820657730102539e-01 1.575145870447158813e-01 2.011984586715698242e-03 -8.576183766126632690e-02
3.160323500633239746e-01 3.526076376438140869e-01 2.967478940263390541e-04 -3.778092861175537109e-01
3.230845034122467041e-01 1.574814766645431519e-01 -7.259438280016183853e-03 -8.503282070159912109e-02
3.262341320514678955e-01 -3.753566369414329529e-02 -8.960094302892684937e-03 2.053509205579757690e-01
3.254834115505218506e-01 1.577132642269134521e-01 -4.853075835853815079e-03 -9.014493972063064575e-02
3.286376893520355225e-01 -3.733878955245018005e-02 -6.655974779278039932e-03 2.010028958320617676e-01
3.278909027576446533e-01 1.578777134418487549e-01 -2.635916927829384804e-03 -9.377222508192062378e-02
3.310484588146209717e-01 -3.720635175704956055e-02 -4.511361476033926010e-03 1.980779021978378296e-01
3.303043246269226074e-01 1.579798310995101929e-01 -5.498033715412020683e-04 -9.602472931146621704e-02
3.334639370441436768e-01 -3.713423386216163635e-02 -2.470297971740365028e-03 1.964846849441528320e-01
3.327212333679199219e-01 1.580229699611663818e-01 1.459395745769143105e-03 -9.697648882865905762e-02
3.358817100524902344e-01 3.531239628791809082e-01 -4.801339819096028805e-04 -3.891986310482025146e-01
3.429441750049591064e-01 1.580088436603546143e-01 -8.264106698334217072e-03 -9.666711091995239258e-02
3.461043536663055420e-01 -3.699370101094245911e-02 -1.019744854420423508e-02 1.933970898389816284e-01
3.453644812107086182e-01 1.582726240158081055e-01 -6.329507101327180862e-03 -1.024851799011230469e-01
3.485299348831176758e-01 -3.675804287195205688e-02 -8.379210717976093292e-03 1.881941109895706177e-01
3.477947711944580078e-01 1.584827750921249390e-01 -4.615328274667263031e-03 -1.071203052997589111e-01
3.509644269943237305e-01 -3.657272830605506897e-02 -6.757734343409538269e-03 1.841029375791549683e-01
3.502329885959625244e-01 1.586452573537826538e-01 -3.075675573199987411e-03 -1.107041165232658386e-01
3.534058928489685059e-01 -3.643248602747917175e-02 -5.289757624268531799e-03 1.810068637132644653e-01
3.526772260665893555e-01 1.587647646665573120e-01 -1.669620396569371223e-03 -1.133400797843933105e-01
3.558525443077087402e-01 -3.633322939276695251e-02 -3.936422057449817657e-03 1.788156181573867798e-01
3.551258742809295654e-01 1.588448286056518555e-01 -3.601094940677285194e-04 -1.151065006852149963e-01
3.583027720451354980e-01 -3.627195954322814941e-02 -2.662239596247673035e-03 1.774627864360809326e-01
3.575773239135742188e-01 1.588879972696304321e-01 8.870162419043481350e-04 -1.160587891936302185e-01
3.607550859451293945e-01 -3.624665737152099609e-02 -1.434159581549465656e-03 1.769038438796997070e-01
3.600301444530487061e-01 1.588957905769348145e-01 2.103917300701141357e-03 -1.162311583757400513e-01
3.632080554962158203e-01 3.539875149726867676e-01 -2.207058132626116276e-04 -4.082495868206024170e-01
3.702878057956695557e-01 1.588687151670455933e-01 -8.385697379708290100e-03 -1.156362369656562805e-01
3.734651803970336914e-01 -3.613208979368209839e-02 -1.069842185825109482e-02 1.743893176317214966e-01
3.727425634860992432e-01 1.591413319110870361e-01 -7.210636045783758163e-03 -1.216493323445320129e-01
3.759253621101379395e-01 -3.587657958269119263e-02 -9.643622674047946930e-03 1.687500178813934326e-01
3.752078413963317871e-01 1.593820750713348389e-01 -6.268622353672981262e-03 -1.269595175981521606e-01
3.783954977989196777e-01 -3.564951941370964050e-02 -8.807812817394733429e-03 1.637391597032546997e-01
3.776825070381164551e-01 1.595973968505859375e-01 -5.533029325306415558e-03 -1.317093372344970703e-01
3.808744549751281738e-01 -3.544485569000244141e-02 -8.167216554284095764e-03 1.592228710651397705e-01
3.801655471324920654e-01 1.597930639982223511e-01 -4.982758779078722000e-03 -1.360253840684890747e-01
3.833613991737365723e-01 -3.525716066360473633e-02 -7.703266572207212448e-03 1.550814062356948853e-01
3.826562762260437012e-01 1.599742323160171509e-01 -4.601638298481702805e-03 -1.400217264890670776e-01
3.858557641506195068e-01 -3.508150950074195862e-02 -7.402072660624980927e-03 1.512059122323989868e-01
3.851541280746459961e-01 1.601456403732299805e-01 -4.377954639494419098e-03 -1.438030004501342773e-01
3.883570432662963867e-01 -3.491333499550819397e-02 -7.254014723002910614e-03 1.474955528974533081e-01
3.876587748527526855e-01 1.603117436170578003e-01 -4.304103553295135498e-03 -1.474670171737670898e-01
3.908649981021881104e-01 -3.474831208586692810e-02 -7.253443822264671326e-03 1.438549607992172241e-01
3.901700377464294434e-01 1.604767590761184692e-01 -4.376344382762908936e-03 -1.511074453592300415e-01
3.933795690536499023e-01 -3.458224982023239136e-02 -7.398493587970733643e-03 1.401916295289993286e-01
3.926879167556762695e-01 1.606448739767074585e-01 -4.594660829752683640e-03 -1.548161804676055908e-01
3.959008157253265381e-01 -3.441098704934120178e-02 -7.690984755754470825e-03 1.364136934280395508e-01
3.952125906944274902e-01 1.608202755451202393e-01 -4.962710663676261902e-03 -1.586856693029403687e-01
3.984290063381195068e-01 -3.423027321696281433e-02 -8.136424235999584198e-03 1.324275285005569458e-01
3.977444171905517578e-01 1.610072702169418335e-01 -5.487873684614896774e-03 -1.628111898899078369e-01
4.009645581245422363e-01 -3.403568640351295471e-02 -8.744097314774990082e-03 1.281354278326034546e-01
4.002838432788848877e-01 1.612104326486587524e-01 -6.181389093399047852e-03 -1.672932803630828857e-01
4.035080373287200928e-01 -3.382249549031257629e-02 -9.527254849672317505e-03 1.234331950545310974e-01
4.028315842151641846e-01 1.614346504211425781e-01 -7.058590650558471680e-03 -1.722401827573776245e-01
4.060602784156799316e-01 -3.358557447791099548e-02 -1.050339452922344208e-02 1.182076409459114075e-01
4.053885638713836670e-01 1.616852879524230957e-01 -8.139241486787796021e-03 -1.777704209089279175e-01
4.086222946643829346e-01 -3.331925347447395325e-02 -1.169465016573667526e-02 1.123337745666503906e-01
4.079558849334716797e-01 1.619683057069778442e-01 -9.447974152863025665e-03 -1.840156763792037964e-01
4.111952483654022217e-01 -3.301719576120376587e-02 -1.312828809022903442e-02 1.056718602776527405e-01
4.105349183082580566e-01 1.622904092073440552e-01 -1.101485081017017365e-02 -1.911239027976989746e-01
4.137807190418243408e-01 -3.267225250601768494e-02 -1.483732927590608597e-02 9.806403517723083496e-02
4.131272733211517334e-01 -2.275784462690353394e-01 -1.287604868412017822e-02 3.860291242599487305e-01
4.085757136344909668e-01 -3.227609395980834961e-02 -5.155465565621852875e-03 8.931443840265274048e-02
4.079301953315734863e-01 1.629193723201751709e-01 -3.369176993146538734e-03 -2.049905806779861450e-01
4.111885726451873779e-01 -3.215423598885536194e-02 -7.468988653272390366e-03 8.662763983011245728e-02
4.105454981327056885e-01 1.630739718675613403e-01 -5.736435763537883759e-03 -2.084023654460906982e-01
4.138069748878479004e-01 -3.196547925472259521e-02 -9.904483333230018616e-03 8.246549963951110840e-02
4.131676554679870605e-01 1.632970422506332397e-01 -8.255173452198505402e-03 -2.133257836103439331e-01
4.164336025714874268e-01 -3.170591965317726135e-02 -1.252168882638216019e-02 7.674169540405273438e-02
4.157994985580444336e-01 -2.266461402177810669e-01 -1.098685525357723236e-02 3.654478192329406738e-01
4.112665653228759766e-01 -3.136979788541793823e-02 -3.677898319438099861e-03 6.932091712951660156e-02
4.106391668319702148e-01 1.638046950101852417e-01 -2.291479846462607384e-03 -2.245201319456100464e-01
4.139152467250823975e-01 -3.128443658351898193e-02 -6.781882606446743011e-03 6.743909418582916260e-02
4.132895767688751221e-01 -2.263084948062896729e-01 -5.433100741356611252e-03 3.579746186733245850e-01
4.087634086608886719e-01 -3.110973350703716278e-02 1.726391259580850601e-03 6.358344852924346924e-02
4.081411957740783691e-01 1.639874279499053955e-01 2.998060313984751701e-03 -2.285542935132980347e-01
4.114209413528442383e-01 -3.117724321782588959e-02 -1.573025481775403023e-03 6.507282704114913940e-02
4.107974171638488770e-01 1.639672219753265381e-01 -2.715689770411700010e-04 -2.281059920787811279e-01
4.140767455101013184e-01 -3.115084394812583923e-02 -4.833688493818044662e-03 6.449126452207565308e-02
4.134537279605865479e-01 1.640400737524032593e-01 -3.543863538652658463e-03 -2.297127991914749146e-01
4.167345464229583740e-01 -3.103105537593364716e-02 -8.138119243085384369e-03 6.185017153620719910e-02
4.161139130592346191e-01 -2.260353863239288330e-01 -6.901115644723176956e-03 3.519544005393981934e-01
4.115931987762451172e-01 -3.081597946584224701e-02 1.379721798002719879e-04 5.710335075855255127e-02
4.109768867492675781e-01 1.643039882183074951e-01 1.280039199627935886e-03 -2.355360388755798340e-01
4.142629802227020264e-01 -3.083622269332408905e-02 -3.430681535974144936e-03 5.755037441849708557e-02
4.136462509632110596e-01 1.643347442150115967e-01 -2.279674168676137924e-03 -2.362129837274551392e-01
4.169329404830932617e-01 -3.075455687940120697e-02 -7.003933656960725784e-03 5.574999749660491943e-02
4.163178503513336182e-01 -2.257753908634185791e-01 -5.888933781534433365e-03 3.462149202823638916e-01
4.118023514747619629e-01 -3.057016618549823761e-02 1.035364810377359390e-03 5.168083682656288147e-02
4.111909270286560059e-01 1.645369231700897217e-01 2.068981528282165527e-03 -2.406752407550811768e-01
4.144816696643829346e-01 -3.061452135443687439e-02 -2.744523342698812485e-03 5.265957489609718323e-02
4.138693809509277344e-01 -2.256970107555389404e-01 -1.691331854090094566e-03 3.444753289222717285e-01
4.093554317951202393e-01 -3.055104054510593414e-02 5.198174621909856796e-03 5.125953257083892822e-02
4.087444245815277100e-01 1.644959896802902222e-01 6.223365198820829391e-03 -2.397788017988204956e-01
4.120343327522277832e-01 -3.071430884301662445e-02 1.427789218723773956e-03 5.486063286662101746e-02
4.114200472831726074e-01 1.643871366977691650e-01 2.525001764297485352e-03 -2.373714745044708252e-01
4.147078096866607666e-01 -3.077079355716705322e-02 -2.222427632659673691e-03 5.610684305429458618e-02
4.140923917293548584e-01 1.643829494714736938e-01 -1.100290915928781033e-03 -2.372764497995376587e-01
4.173800349235534668e-01 -3.072326071560382843e-02 -5.845820065587759018e-03 5.505920946598052979e-02
4.167655706405639648e-01 -2.257609069347381592e-01 -4.744635429233312607e-03 3.458920121192932129e-01
4.122503697872161865e-01 -3.057178668677806854e-02 2.173204673454165459e-03 5.171671509742736816e-02
4.116389155387878418e-01 1.645189374685287476e-01 3.207538975402712822e-03 -2.402797490358352661e-01
4.149293005466461182e-01 -3.064868785440921783e-02 -1.598056056536734104e-03 5.341318994760513306e-02
4.143163263797760010e-01 1.644961386919021606e-01 -5.297922762110829353e-04 -2.397735118865966797e-01
4.176062643527984619e-01 -3.061823733150959015e-02 -5.325262434780597687e-03 5.274226143956184387e-02
4.169938862323760986e-01 -2.256634235382080078e-01 -4.270417150110006332e-03 3.437402844429016113e-01
4.124806225299835205e-01 -3.048098646104335785e-02 2.604388399049639702e-03 4.971378669142723083e-02
4.118710160255432129e-01 1.646035313606262207e-01 3.598664188757538795e-03 -2.421462982892990112e-01
4.151630699634552002e-01 -3.056964650750160217e-02 -1.244261860847473145e-03 5.166956782341003418e-02
4.145516753196716309e-01 1.645701229572296143e-01 -2.108704939018934965e-04 -2.414056807756423950e-01
4.178430736064910889e-01 -3.054881468415260315e-02 -5.038984119892120361e-03 5.121073126792907715e-02
4.172320961952209473e-01 -2.255981564521789551e-01 -4.014769569039344788e-03 3.422995805740356445e-01
4.127201437950134277e-01 -3.041931241750717163e-02 2.831222023814916611e-03 4.835332930088043213e-02
4.121117591857910156e-01 1.646619290113449097e-01 3.798288526013493538e-03 -2.434349805116653442e-01
4.154050052165985107e-01 -3.051407076418399811e-02 -1.070411060936748981e-03 5.044359713792800903e-02
4.147947132587432861e-01 1.646232157945632935e-01 -6.153914728201925755e-05 -2.425768524408340454e-01
4.180871844291687012e-01 -3.049785830080509186e-02 -4.913076292723417282e-03 5.008665472269058228e-02
4.174772202968597412e-01 -2.255490124225616455e-01 -3.911343403160572052e-03 3.412154316902160645e-01
4.129662513732910156e-01 -3.037163615226745605e-02 2.912965370342135429e-03 4.730165749788284302e-02
4.123588204383850098e-01 1.647084206342697144e-01 3.858998417854309082e-03 -2.444607764482498169e-01
4.156529903411865234e-01 -3.046843223273754120e-02 -1.030217157676815987e-03 4.943686723709106445e-02
4.150435924530029297e-01 1.646682769060134888e-01 -4.147982326685450971e-05 -2.435709238052368164e-01
4.183369576930999756e-01 -3.045308217406272888e-02 -4.912898410111665726e-03 4.909892007708549500e-02
4.177279174327850342e-01 -2.255042493343353271e-01 -3.930919803678989410e-03 3.402277529239654541e-01
4.132178127765655518e-01 -3.032658249139785767e-02 2.873634919524192810e-03 4.630782827734947205e-02
4.126113057136535645e-01 1.647540479898452759e-01 3.799791447818279266e-03 -2.454670518636703491e-01
4.159063696861267090e-01 -3.042197041213512421e-02 -1.109549659304320812e-03 4.841198772192001343e-02
4.152979254722595215e-01 1.647158712148666382e-01 -1.413099234923720360e-04 -2.446208000183105469e-01
4.185922443866729736e-01 -3.040405921638011932e-02 -5.033725872635841370e-03 4.801754653453826904e-02
4.179841578006744385e-01 -2.254534661769866943e-01 -4.073374904692173004e-03 3.391080498695373535e-01
4.134750962257385254e-01 -3.027379512786865234e-02 2.708785701543092728e-03 4.514339566230773926e-02
4.128696322441101074e-01 1.648092120885848999e-01 3.611653577536344528e-03 -2.466836571693420410e-01
4.161657989025115967e-01 -3.036413714289665222e-02 -1.322019496001303196e-03 4.713627696037292480e-02
4.155585169792175293e-01 -2.254671007394790649e-01 -3.792938950937241316e-04 3.394018113613128662e-01
4.110491871833801270e-01 -3.033976070582866669e-02 6.408742163330316544e-03 4.659929126501083374e-02
4.104423820972442627e-01 1.646897047758102417e-01 7.340727839618921280e-03 -2.440547496080398560e-01
4.137361943721771240e-01 -3.053631819784641266e-02 2.459632931277155876e-03 5.093455687165260315e-02
4.131254553794860840e-01 1.645502746105194092e-01 3.478324040770530701e-03 -2.409713268280029297e-01
4.164164662361145020e-01 -3.062118776142597198e-02 -1.341102295555174351e-03 5.280673131346702576e-02
4.158040285110473633e-01 1.645199656486511230e-01 -2.849676238838583231e-04 -2.402990162372589111e-01
4.190944433212280273e-01 -3.059791214764118195e-02 -5.090948194265365601e-03 5.229400470852851868e-02
4.184824824333190918e-01 -2.256464958190917969e-01 -4.045067820698022842e-03 3.433663547039031982e-01
4.139695465564727783e-01 -3.046723268926143646e-02 2.822259208187460899e-03 4.941061139106750488e-02
4.133602082729339600e-01 1.646141409873962402e-01 3.810471389442682266e-03 -2.423805296421051025e-01
4.166525006294250488e-01 -3.056203573942184448e-02 -1.037139329127967358e-03 5.150187388062477112e-02
4.160412549972534180e-01 1.645747721195220947e-01 -7.101836672518402338e-06 -2.415080964565277100e-01
4.193327426910400391e-01 -3.054707869887351990e-02 -4.837263841181993484e-03 5.117258802056312561e-02
4.187217950820922852e-01 -2.255993336439132690e-01 -3.813812043517827988e-03 3.423253893852233887e-01
4.142098128795623779e-01 -3.042333386838436127e-02 3.032695967704057693e-03 4.844227060675621033e-02
4.136013388633728027e-01 1.646549999713897705e-01 4.001541528850793839e-03 -2.432822734117507935e-01
4.168944358825683594e-01 -3.052387759089469910e-02 -8.641040767543017864e-04 5.066014826297760010e-02
4.162839651107788086e-01 1.646104454994201660e-01 1.490988943260163069e-04 -2.422952800989151001e-01
4.195761680603027344e-01 -3.051362745463848114e-02 -4.696806892752647400e-03 5.043466761708259583e-02
4.189659059047698975e-01 -2.255679219961166382e-01 -3.688113531097769737e-03 3.416320085525512695e-01
4.144545495510101318e-01 -3.039368800818920135e-02 3.144527086988091469e-03 4.778836295008659363e-02
4.138466715812683105e-01 1.646830290555953979e-01 4.100294318050146103e-03 -2.439007759094238281e-01
4.171403348445892334e-01 -3.049724549055099487e-02 -7.777213468216359615e-04 5.007265880703926086e-02
4.165304005146026611e-01 1.646358519792556763e-01 2.237317967228591442e-04 -2.428555488586425781e-01
4.198231101036071777e-01 -3.048929572105407715e-02 -4.633379168808460236e-03 4.989794269204139709e-02
4.192133247852325439e-01 -2.255444973707199097e-01 -3.635420231148600578e-03 3.411154150962829590e-01
4.147024452686309814e-01 -3.037101775407791138e-02 3.186887828633189201e-03 4.728829860687255859e-02
4.140950143337249756e-01 1.647050976753234863e-01 4.132654052227735519e-03 -2.443874329328536987e-01
4.173891246318817139e-01 -3.047564253211021423e-02 -7.550948648713529110e-04 4.959616437554359436e-02
4.167796075344085693e-01 1.646571308374404907e-01 2.368283894611522555e-04 -2.433249056339263916e-01
4.200727343559265137e-01 -3.046820499002933502e-02 -4.629669710993766785e-03 4.943271353840827942e-02
4.194633662700653076e-01 -2.255234718322753906e-01 -3.641015617176890373e-03 3.406513631343841553e-01
4.149529039859771729e-01 -3.034989908337593079e-02 3.172011580318212509e-03 4.682248458266258240e-02
4.143459200859069824e-01 1.647264212369918823e-01 4.108461085706949234e-03 -2.448579519987106323e-01
4.176404476165771484e-01 -3.045396693050861359e-02 -7.886980311013758183e-04 4.911803826689720154e-02
4.170313477516174316e-01 1.646792888641357422e-01 1.936627959366887808e-04 -2.438136190176010132e-01
4.203249514102935791e-01 -3.044543229043483734e-02 -4.682609811425209045e-03 4.893038421869277954e-02
4.197160303592681885e-01 -2.254999279975891113e-01 -3.704001894220709801e-03 3.401322364807128906e-01
4.152060449123382568e-01 -3.032547049224376678e-02 3.098642686381936073e-03 4.628358408808708191e-02
4.145995378494262695e-01 1.647519171237945557e-01 4.024314228445291519e-03 -2.454200834035873413e-01
4.178945720195770264e-01 -3.042728453874588013e-02 -8.840873488225042820e-04 4.852948710322380066e-02
4.172860085964202881e-01 1.647073328495025635e-01 8.650236850371584296e-05 -2.444322407245635986e-01
4.205801784992218018e-01 -3.041585534811019897e-02 -4.802142735570669174e-03 4.827796295285224915e-02
4.199718534946441650e-01 -2.254686206579208374e-01 -3.836583346128463745e-03 3.394419252872467041e-01
4.154624938964843750e-01 -3.029228746891021729e-02 2.952254842966794968e-03 4.555161669850349426e-02
4.148566424846649170e-01 1.647872030735015869e-01 3.863287158310413361e-03 -2.461983859539031982e-01
4.181523919105529785e-01 -3.038970753550529480e-02 -1.060680486261844635e-03 4.770060256123542786e-02
4.175445735454559326e-01 1.647474318742752075e-01 -1.066684417310170829e-04 -2.453167885541915894e-01
4.208395481109619141e-01 -3.037299215793609619e-02 -5.013004411011934280e-03 4.733249172568321228e-02
4.202320873737335205e-01 -2.254226952791213989e-01 -4.066354595124721527e-03 3.384295701980590820e-01
4.157236218452453613e-01 -3.024312481284141541e-02 2.702236874029040337e-03 4.446711391210556030e-02
4.151187539100646973e-01 1.648399680852890015e-01 3.591579152271151543e-03 -2.473620027303695679e-01
4.184155464172363281e-01 -3.033308684825897217e-02 -1.355661079287528992e-03 4.645161330699920654e-02
4.178088903427124023e-01 -2.254355698823928833e-01 -4.266287724021822214e-04 3.387065231800079346e-01
4.133001863956451416e-01 -3.030755370855331421e-02 6.347501650452613831e-03 4.588907957077026367e-02
4.126940369606018066e-01 1.647228002548217773e-01 7.265282794833183289e-03 -2.447844147682189941e-01
4.159884750843048096e-01 -3.050215728580951691e-02 2.369594760239124298e-03 5.018127709627151489e-02
4.153784513473510742e-01 1.645857393741607666e-01 3.373220330104231834e-03 -2.417530864477157593e-01
4.186701476573944092e-01 -3.058423660695552826e-02 -1.461841282434761524e-03 5.199193954467773438e-02
4.180584847927093506e-01 1.645586490631103516e-01 -4.220025439281016588e-04 -2.411518543958663940e-01
4.213496446609497070e-01 -3.055727668106555939e-02 -5.245039705187082291e-03 5.139793455600738525e-02
4.207384884357452393e-01 -2.256036251783370972e-01 -4.217080771923065186e-03 3.424214124679565430e-01
4.162264168262481689e-01 -3.042193502187728882e-02 2.631347160786390305e-03 4.841164872050285339e-02
4.156180024147033691e-01 1.646621823310852051e-01 3.599580144509673119e-03 -2.434399127960205078e-01
4.189112484455108643e-01 -3.051099367439746857e-02 -1.269218046218156815e-03 5.037624388933181763e-02
4.183010160923004150e-01 1.646291315555572510e-01 -2.616932324599474669e-04 -2.427068650722503662e-01
4.215936064720153809e-01 -3.048907965421676636e-02 -5.115830339491367340e-03 4.989350587129592896e-02
4.209838211536407471e-01 -2.255373001098632812e-01 -4.117960575968027115e-03 3.409579694271087646e-01
4.164730608463287354e-01 -3.035700321197509766e-02 2.701198915019631386e-03 4.697932302951812744e-02
4.158659279346466064e-01 1.647261083126068115e-01 3.640785347670316696e-03 -2.448501288890838623e-01
4.191604554653167725e-01 -3.044765256345272064e-02 -1.256217132322490215e-03 4.897896200418472290e-02
4.185515046119689941e-01 1.646922826766967773e-01 -2.766379038803279400e-04 -2.441000491380691528e-01
4.218453466892242432e-01 -3.042570874094963074e-02 -5.158639047294855118e-03 4.849560931324958801e-02
4.212368428707122803e-01 -2.254733145236968994e-01 -4.188726656138896942e-03 3.395464718341827393e-01
4.167273640632629395e-01 -3.029200993478298187e-02 2.602203050628304482e-03 4.554562270641326904e-02
4.161215126514434814e-01 1.647925376892089844e-01 3.513115458190441132e-03 -2.463151514530181885e-01
4.194173812866210938e-01 -3.037941828370094299e-02 -1.413187477737665176e-03 4.747381806373596191e-02
4.188098013401031494e-01 1.647627651691436768e-01 -4.637111269403249025e-04 -2.456546425819396973e-01
4.221050441265106201e-01 -3.035255707800388336e-02 -5.376804154366254807e-03 4.688198119401931763e-02
4.214980006217956543e-01 -2.253969907760620117e-01 -4.439164418727159500e-03 3.378636240959167480e-01
4.169900417327880859e-01 -3.021215833723545074e-02 2.318108454346656799e-03 4.378415644168853760e-02
4.163857996463775635e-01 1.648764759302139282e-01 3.193791490048170090e-03 -2.481664866209030151e-01
4.196833372116088867e-01 -3.029094263911247253e-02 -1.769538270309567451e-03 4.552211984992027283e-02
4.190775156021118164e-01 -2.253874689340591431e-01 -8.590958896093070507e-04 3.376462161540985107e-01
4.145697653293609619e-01 -3.025330789387226105e-02 5.893828347325325012e-03 4.469250142574310303e-02
4.139646887779235840e-01 1.647836267948150635e-01 6.787678692489862442e-03 -2.461250573396682739e-01
4.172603785991668701e-01 -3.043460100889205933e-02 1.865177415311336517e-03 4.869111254811286926e-02
4.166516959667205811e-01 1.646605581045150757e-01 2.838999498635530472e-03 -2.434027493000030518e-01
4.199448823928833008e-01 -3.050183132290840149e-02 -2.029055496677756310e-03 5.017431452870368958e-02
4.193348586559295654e-01 1.646491587162017822e-01 -1.025569159537553787e-03 -2.431481033563613892e-01
4.226278364658355713e-01 -3.045813180506229401e-02 -5.888531450182199478e-03 4.921115189790725708e-02
4.220186769962310791e-01 -2.254951596260070801e-01 -4.904308356344699860e-03 3.400304019451141357e-01
4.175087809562683105e-01 -3.030376508831977844e-02 1.896299654617905617e-03 4.580497369170188904e-02
4.169026911258697510e-01 1.647909432649612427e-01 2.812399296090006828e-03 -2.462790459394454956e-01
4.201985299587249756e-01 -3.037106245756149292e-02 -2.113181864842772484e-03 4.728964343667030334e-02
4.195910990238189697e-01 -2.254626452922821045e-01 -1.167388982139527798e-03 3.393051028251647949e-01
4.150818586349487305e-01 -3.032410517334938049e-02 5.618712864816188812e-03 4.625426977872848511e-02
4.144753515720367432e-01 1.647168248891830444e-01 6.543798372149467468e-03 -2.446506172418594360e-01
4.177697002887725830e-01 -3.049797378480434418e-02 1.650785910896956921e-03 5.008917674422264099e-02
4.171597361564636230e-01 1.646002680063247681e-01 2.652569441124796867e-03 -2.420724630355834961e-01
4.204517304897308350e-01 -3.055947273969650269e-02 -2.188879763707518578e-03 5.144597962498664856e-02
4.198405444622039795e-01 1.645938009023666382e-01 -1.159960054792463779e-03 -2.419267594814300537e-01
4.231324195861816406e-01 -3.051156736910343170e-02 -5.998495034873485565e-03 5.039006471633911133e-02
4.225221872329711914e-01 -2.255470007658004761e-01 -4.990693647414445877e-03 3.411743938922882080e-01
4.180112481117248535e-01 -3.035439364612102509e-02 1.832794048823416233e-03 4.692188277840614319e-02
4.174041748046875000e-01 1.647412329912185669e-01 2.771231811493635178e-03 -2.451822161674499512e-01
4.206990003585815430e-01 -3.042019344866275787e-02 -2.132412511855363846e-03 4.837353155016899109e-02
4.200905859470367432e-01 -2.255115061998367310e-01 -1.164941932074725628e-03 3.403829038143157959e-01
4.155803620815277100e-01 -3.037299588322639465e-02 5.642716307193040848e-03 4.733284935355186462e-02
4.149729013442993164e-01 1.646675914525985718e-01 6.589373107999563217e-03 -2.435644268989562988e-01
4.182662665843963623e-01 -3.054785728454589844e-02 1.718084560707211494e-03 5.118965357542037964e-02
4.176552891731262207e-01 1.645494103431701660e-01 2.741877688094973564e-03 -2.409507036209106445e-01
4.209463000297546387e-01 -3.061159513890743256e-02 -2.077136654406785965e-03 5.259581655263900757e-02
4.203340411186218262e-01 1.645400822162628174e-01 -1.025220262818038464e-03 -2.407417446374893188e-01
4.236248433589935303e-01 -3.056721389293670654e-02 -5.840055178850889206e-03 5.161762982606887817e-02
4.230135083198547363e-01 -2.256049364805221558e-01 -4.807702265679836273e-03 3.424522578716278076e-01
4.185014069080352783e-01 -3.041492030024528503e-02 2.041342901065945625e-03 4.825716093182563782e-02
4.178931117057800293e-01 1.646776944398880005e-01 3.006485989317297935e-03 -2.437810003757476807e-01
4.211866557598114014e-01 -3.048706427216529846e-02 -1.869134022854268551e-03 4.984872415661811829e-02
4.205769300460815430e-01 1.646616309881210327e-01 -8.721595513634383678e-04 -2.434233427047729492e-01
4.238701462745666504e-01 -3.044784441590309143e-02 -5.740626249462366104e-03 4.898435249924659729e-02
4.232611954212188721e-01 -2.254870086908340454e-01 -4.760939627885818481e-03 3.398505449295043945e-01
4.187514483928680420e-01 -3.029764257371425629e-02 2.036071615293622017e-03 4.567010328173637390e-02
4.181455075740814209e-01 1.647950559854507446e-01 2.949473680928349495e-03 -2.463697344064712524e-01
4.214414060115814209e-01 -3.036889806389808655e-02 -1.977920997887849808e-03 4.724206775426864624e-02
4.208340346813201904e-01 -2.254624366760253906e-01 -1.033079694025218487e-03 3.393002748489379883e-01
4.163247942924499512e-01 -3.032579645514488220e-02 5.752926226705312729e-03 4.629176482558250427e-02
4.157182574272155762e-01 1.647131890058517456e-01 6.678761448711156845e-03 -2.445705235004425049e-01
4.190125465393066406e-01 -3.050351329147815704e-02 1.787350862286984921e-03 5.021154135465621948e-02
4.184024631977081299e-01 1.645927578210830688e-01 2.791581675410270691e-03 -2.419069260358810425e-01
4.216943085193634033e-01 -3.056895174086093903e-02 -2.046556677669286728e-03 5.165523290634155273e-02
4.210829436779022217e-01 1.645822823047637939e-01 -1.013452070765197277e-03 -2.416726946830749512e-01
4.243745803833007812e-01 -3.052517585456371307e-02 -5.846905987709760666e-03 5.069039016962051392e-02
4.237640798091888428e-01 -2.255627959966659546e-01 -4.833098035305738449e-03 3.415228426456451416e-01
4.192528128623962402e-01 -3.037242218852043152e-02 1.997358631342649460e-03 4.731976985931396484e-02
4.186453819274902344e-01 1.647208333015441895e-01 2.943754196166992188e-03 -2.447323054075241089e-01
4.219397902488708496e-01 -3.044304065406322479e-02 -1.950891921296715736e-03 4.887770116329193115e-02
4.213309288024902344e-01 1.647068262100219727e-01 -9.733379120007157326e-04 -2.444201111793518066e-01
4.246250689029693604e-01 -3.040120564401149750e-02 -5.861740093678236008e-03 4.795564338564872742e-02
4.240170419216156006e-01 -2.254386097192764282e-01 -4.902627319097518921e-03 3.387833833694458008e-01
4.195082783699035645e-01 -3.024724684655666351e-02 1.873040571808815002e-03 4.455848783254623413e-02
4.189033210277557373e-01 1.648477911949157715e-01 2.764210337772965431e-03 -2.475328892469406128e-01
4.222002923488616943e-01 -3.031352348625659943e-02 -2.186447381973266602e-03 4.602064937353134155e-02
4.215940237045288086e-01 -2.254040539264678955e-01 -1.266034436412155628e-03 3.380129337310791016e-01
4.170859456062316895e-01 -3.026411123573780060e-02 5.494223907589912415e-03 4.493103548884391785e-02
4.164806604385375977e-01 1.647786200046539307e-01 6.392844952642917633e-03 -2.460133582353591919e-01
4.197762310504913330e-01 -3.043404407799243927e-02 1.472577569074928761e-03 4.867914319038391113e-02
4.191675484180450439e-01 1.646667569875717163e-01 2.446160418912768364e-03 -2.435388118028640747e-01
