4.910199344158172607e-02 -1.682790927588939667e-02 9.666885249316692352e-03 2.432798780500888824e-02
4.876543208956718445e-02 -2.120871543884277344e-01 1.015344541519880295e-02 3.200451731681823730e-01
4.452368989586830139e-02 -1.711125858128070831e-02 1.655434817075729370e-02 3.058148361742496490e-02
4.418146610260009766e-02 -2.124666422605514526e-01 1.716597937047481537e-02 3.284411728382110596e-01
3.993213176727294922e-02 -1.759322732686996460e-02 2.373480238020420074e-02 4.122066125273704529e-02
3.958026692271232605e-02 1.771804690361022949e-01 2.455921471118927002e-02 -2.438802272081375122e-01
4.312387853860855103e-02 -1.828350313007831573e-02 1.968161016702651978e-02 5.644700676202774048e-02
4.275820776820182800e-02 1.765507906675338745e-01 2.081055007874965668e-02 -2.299618273973464966e-01
4.628922417759895325e-02 -1.886225678026676178e-02 1.621131412684917450e-02 6.921214610338211060e-02
4.591197893023490906e-02 1.760235726833343506e-01 1.759555749595165253e-02 -2.183122634887695312e-01
4.943244904279708862e-02 -1.934543251991271973e-02 1.322931237518787384e-02 7.986870408058166504e-02
4.904554039239883423e-02 1.755844056606292725e-01 1.482668612152338028e-02 -2.086111605167388916e-01
5.255722999572753906e-02 -1.974638551473617554e-02 1.065446343272924423e-02 8.871170878410339355e-02
5.216230079531669617e-02 -2.150194197893142700e-01 1.242869719862937927e-02 3.847369849681854248e-01
4.786191135644912720e-02 -2.007610723376274109e-02 2.012343704700469971e-02 9.599854052066802979e-02
4.746039211750030518e-02 1.747517287731170654e-01 2.204340882599353790e-02 -1.902681589126586914e-01
5.095542594790458679e-02 -2.067852579057216644e-02 1.823804527521133423e-02 1.092862561345100403e-01
5.054185539484024048e-02 1.741773933172225952e-01 2.042376995086669922e-02 -1.775873303413391113e-01
5.402540415525436401e-02 -2.123079076409339905e-02 1.687202416360378265e-02 1.214679852128028870e-01
5.360078811645507812e-02 1.736454218626022339e-01 1.930138282477855682e-02 -1.658445894718170166e-01
5.707369372248649597e-02 -2.174742892384529114e-02 1.598449051380157471e-02 1.328643560409545898e-01
5.663874745368957520e-02 1.731419563293457031e-01 1.864177919924259186e-02 -1.547331362962722778e-01
6.010158732533454895e-02 -2.224188297986984253e-02 1.554711535573005676e-02 1.437720656394958496e-01
5.965674668550491333e-02 1.726540029048919678e-01 1.842255704104900360e-02 -1.439657658338546753e-01
6.310983002185821533e-02 -2.272687293589115143e-02 1.554324198514223099e-02 1.544717401266098022e-01
6.265529245138168335e-02 1.721691191196441650e-01 1.863267645239830017e-02 -1.332674026489257812e-01
6.609867513179779053e-02 -2.321470528841018677e-02 1.596732810139656067e-02 1.652351468801498413e-01
6.563437730073928833e-02 1.716750860214233398e-01 1.927203126251697540e-02 -1.223680749535560608e-01
6.906788051128387451e-02 -2.371760085225105286e-02 1.682467013597488403e-02 1.763321459293365479e-01
6.859353184700012207e-02 1.711595803499221802e-01 2.035131305456161499e-02 -1.109960302710533142e-01
7.201672345399856567e-02 -2.424799278378486633e-02 1.813139207661151886e-02 1.880374997854232788e-01
7.153175771236419678e-02 1.706099212169647217e-01 2.189214155077934265e-02 -9.887099266052246094e-02
7.494395971298217773e-02 -2.481883205473423004e-02 1.991472207009792328e-02 2.006376683712005615e-01
7.444757968187332153e-02 1.700127124786376953e-01 2.392747625708580017e-02 -8.569715917110443115e-02
7.784783840179443359e-02 -2.544389851391315460e-02 2.221353165805339813e-02 2.144378423690795898e-01
7.733895629644393921e-02 1.693535447120666504e-01 2.650228887796401978e-02 -7.115598767995834351e-02
8.072602748870849609e-02 -2.613813243806362152e-02 2.507917024195194244e-02 2.297693192958831787e-01
8.020326495170593262e-02 1.686166226863861084e-01 2.967455610632896423e-02 -5.489845573902130127e-02
8.357559889554977417e-02 3.633008003234863281e-01 2.857658639550209045e-02 -3.380731046199798584e-01
9.084161370992660522e-02 1.677841097116470337e-01 2.181512489914894104e-02 -3.651743382215499878e-02
9.419729560613632202e-02 3.625865280628204346e-01 2.108477614820003510e-02 -3.222384154796600342e-01
1.014490276575088501e-01 1.671707928180694580e-01 1.464000716805458069e-02 -2.298147790133953094e-02
1.047924458980560303e-01 3.620797693729400635e-01 1.418037805706262589e-02 -3.110095858573913574e-01
1.120340377092361450e-01 1.667586863040924072e-01 7.960186339914798737e-03 -1.388854440301656723e-02
1.153692156076431274e-01 3.617655634880065918e-01 7.682415191084146500e-03 -3.040493428707122803e-01
1.226045265793800354e-01 1.665349900722503662e-01 1.601428142748773098e-03 -8.953498676419258118e-03
1.259352266788482666e-01 -2.860989794135093689e-02 1.422358211129903793e-03 2.842342555522918701e-01
1.253630220890045166e-01 1.664917320013046265e-01 7.107043638825416565e-03 -7.999716326594352722e-03
1.286928653717041016e-01 3.615110516548156738e-01 6.947049405425786972e-03 -2.984318435192108154e-01
1.359230875968933105e-01 1.662907600402832031e-01 9.784124558791518211e-04 -3.566060215234756470e-03
1.392488926649093628e-01 3.613986670970916748e-01 9.070911910384893417e-04 -2.959401309490203857e-01
1.464768648147583008e-01 1.662637889385223389e-01 -5.011711269617080688e-03 -2.971254754811525345e-03
1.498021483421325684e-01 -2.878592349588871002e-02 -5.071136169135570526e-03 2.881262004375457764e-01
1.492264270782470703e-01 1.664079725742340088e-01 6.913878605701029301e-04 -6.151780020445585251e-03
1.525545865297317505e-01 3.615199923515319824e-01 5.683522322215139866e-04 -2.986164987087249756e-01
1.597849875688552856e-01 1.663899570703506470e-01 -5.403977353125810623e-03 -5.754365120083093643e-03
1.631127893924713135e-01 -2.865407802164554596e-02 -5.519064608961343765e-03 2.852186560630798340e-01
1.625397056341171265e-01 1.665461510419845581e-01 1.853083231253549457e-04 -9.199825115501880646e-03
1.658706218004226685e-01 3.616654574871063232e-01 1.311826622441003565e-06 -3.018242716789245605e-01
1.731039434671401978e-01 1.665434688329696655e-01 -6.035173777490854263e-03 -9.140938520431518555e-03
1.764348000288009644e-01 -2.849140763282775879e-02 -6.217992398887872696e-03 2.816317379474639893e-01
1.758649796247482300e-01 1.667186766862869263e-01 -5.853580660186707973e-04 -1.300582941621541977e-02
1.791993528604507446e-01 3.618490099906921387e-01 -8.454745984636247158e-04 -3.058733940124511719e-01
1.864363253116607666e-01 1.667391359806060791e-01 -6.962942425161600113e-03 -1.345722097903490067e-02
1.897711157798767090e-01 -2.828227356076240540e-02 -7.232086732983589172e-03 2.770206928253173828e-01
1.892054677009582520e-01 1.669421046972274780e-01 -1.691672601737082005e-03 -1.793441548943519592e-02
1.925443112850189209e-01 3.620882630348205566e-01 -2.050360897555947304e-03 -3.111506104469299316e-01
1.997860819101333618e-01 1.669955998659133911e-01 -8.273373357951641083e-03 -1.911500655114650726e-02
2.031259834766387939e-01 -2.800673432648181915e-02 -8.655672892928123474e-03 2.709461450576782227e-01
2.025658488273620605e-01 1.672376543283462524e-01 -3.236750373616814613e-03 -2.445421554148197174e-02
2.059106081724166870e-01 3.624058663845062256e-01 -3.725834656506776810e-03 -3.181565999984741211e-01
2.131587266921997070e-01 1.673371791839599609e-01 -1.008896715939044952e-02 -2.665100619196891785e-02
2.165054678916931152e-01 -2.763863839209079742e-02 -1.062198728322982788e-02 2.628317475318908691e-01
2.159526944160461426e-01 1.676333099603652954e-01 -5.365352146327495575e-03 -3.318246081471443176e-02
2.193053662776947021e-01 -2.741129323840141296e-02 -6.029001437127590179e-03 2.578028142452239990e-01
2.187571376562118530e-01 1.677962094545364380e-01 -8.729450055398046970e-04 -3.677562624216079712e-02
2.221130579710006714e-01 3.629306554794311523e-01 -1.608457532711327076e-03 -3.297338485717773438e-01
2.293716669082641602e-01 1.678316444158554077e-01 -8.203134872019290924e-03 -3.755858540534973145e-02
2.327283024787902832e-01 -2.717171050608158112e-02 -8.954306133091449738e-03 2.525249123573303223e-01
2.321848720312118530e-01 1.680769473314285278e-01 -3.903807839378714561e-03 -4.296885803341865540e-02
2.355464100837707520e-01 -2.698880620300769806e-02 -4.763185046613216400e-03 2.484798282384872437e-01
2.350066304206848145e-01 1.682008504867553711e-01 2.064116415567696095e-04 -4.570169746875762939e-02
2.383706569671630859e-01 3.633198440074920654e-01 -7.076222682371735573e-04 -3.383194804191589355e-01
2.456370443105697632e-01 1.682079583406448364e-01 -7.474012207239866257e-03 -4.585979506373405457e-02
2.490012049674987793e-01 -2.680602483451366425e-02 -8.391208015382289886e-03 2.444556802511215210e-01
2.484650909900665283e-01 1.684347689151763916e-01 -3.502094419673085213e-03 -5.086218938231468201e-02
2.518337965011596680e-01 3.636067509651184082e-01 -4.519338253885507584e-03 -3.446480035781860352e-01
2.591059207916259766e-01 1.685493886470794678e-01 -1.141229830682277679e-02 -5.339360982179641724e-02
2.624768912792205811e-01 -2.640708163380622864e-02 -1.248017046600580215e-02 2.356669157743453979e-01
2.619487643241882324e-01 1.688909381628036499e-01 -7.766832131892442703e-03 -6.092637404799461365e-02
2.653265893459320068e-01 -2.611880190670490265e-02 -8.985359221696853638e-03 2.292959839105606079e-01
2.648042142391204834e-01 1.691303849220275879e-01 -4.399439785629510880e-03 -6.620764732360839844e-02
2.681868076324462891e-01 -2.592820860445499420e-02 -5.723592825233936310e-03 2.250839918851852417e-01
2.676682472229003906e-01 1.692750751972198486e-01 -1.221913145855069160e-03 -6.939886510372161865e-02
2.710537612438201904e-01 3.644145131111145020e-01 -2.609890419989824295e-03 -3.624670505523681641e-01
2.783420383930206299e-01 1.693297624588012695e-01 -9.859231300652027130e-03 -7.060822844505310059e-02
2.817286252975463867e-01 -2.564946189522743225e-02 -1.127139572054147720e-02 2.189478278160095215e-01
2.812156379222869873e-01 1.696317791938781738e-01 -6.892439443618059158e-03 -7.726914435625076294e-02
2.846082746982574463e-01 -2.539068832993507385e-02 -8.437822572886943817e-03 2.132312506437301636e-01
2.841004729270935059e-01 1.698508709669113159e-01 -4.173197317868471146e-03 -8.210136741399765015e-02
2.874974906444549561e-01 -2.521100454032421112e-02 -5.815224722027778625e-03 2.092619985342025757e-01
2.869932651519775391e-01 1.699936091899871826e-01 -1.629984937608242035e-03 -8.524964749813079834e-02
2.903931438922882080e-01 -2.510493621230125427e-02 -3.334977896884083748e-03 2.069185674190521240e-01
2.898910343647003174e-01 1.700645387172698975e-01 8.033934864215552807e-04 -8.681450784206390381e-02
2.932923436164855957e-01 3.651749789714813232e-01 -9.328966261819005013e-04 -3.792438507080078125e-01
3.005958199501037598e-01 1.700662821531295776e-01 -8.517773821949958801e-03 -8.685521781444549561e-02
3.039971590042114258e-01 -2.493254654109477997e-02 -1.025487761944532394e-02 2.031282186508178711e-01
3.034985065460205078e-01 1.703345477581024170e-01 -6.192313507199287415e-03 -9.277190268039703369e-02
3.069052100181579590e-01 -2.469810284674167633e-02 -8.047752082347869873e-03 1.979509294033050537e-01
3.064112365245819092e-01 1.705380231142044067e-01 -4.088732879608869553e-03 -9.725978970527648926e-02
3.098219931125640869e-01 -2.452508546411991119e-02 -6.033928599208593369e-03 1.941303461790084839e-01
3.093315064907073975e-01 1.706826537847518921e-01 -2.151321852579712868e-03 -1.004498973488807678e-01
3.127451539039611816e-01 -2.440839633345603943e-02 -4.160319920629262924e-03 1.915535181760787964e-01
3.122569918632507324e-01 1.707728207111358643e-01 -3.292493929620832205e-04 -1.024389117956161499e-01
3.156724274158477783e-01 -2.434440702199935913e-02 -2.378027653321623802e-03 1.901401281356811523e-01
3.151855468750000000e-01 1.708114892244338989e-01 1.424774876795709133e-03 -1.032920256257057190e-01
3.186017870903015137e-01 3.659129738807678223e-01 -6.410656496882438660e-04 -3.955250978469848633e-01
3.259200453758239746e-01 1.708001345396041870e-01 -8.551567792892456055e-03 -1.030443608760833740e-01
3.293360471725463867e-01 -2.419822290539741516e-02 -1.061245519667863846e-02 1.869283616542816162e-01
3.288520872592926025e-01 1.710739433765411377e-01 -6.873887963593006134e-03 -1.090834066271781921e-01
3.322735428810119629e-01 -2.394883334636688232e-02 -9.055555798113346100e-03 1.814229488372802734e-01
3.317945897579193115e-01 1.713015139102935791e-01 -5.427096970379352570e-03 -1.141028702259063721e-01
3.352206051349639893e-01 -2.374225109815597534e-02 -7.709154393523931503e-03 1.768629103899002075e-01
3.347457647323608398e-01 1.714891791343688965e-01 -4.171896260231733322e-03 -1.182419881224632263e-01
3.381755352020263672e-01 -2.357275597751140594e-02 -6.536735687404870987e-03 1.731218248605728149e-01
3.377040922641754150e-01 1.716421395540237427e-01 -3.074299311265349388e-03 -1.216160431504249573e-01
3.411369323730468750e-01 -2.343563362956047058e-02 -5.506620276719331741e-03 1.700953841209411621e-01
3.406682312488555908e-01 1.717647016048431396e-01 -2.104712417349219322e-03 -1.243196129798889160e-01
3.441035151481628418e-01 -2.332703582942485809e-02 -4.591104574501514435e-03 1.676985621452331543e-01
3.436369895935058594e-01 1.718603372573852539e-01 -1.237133634276688099e-03 -1.264291852712631226e-01
3.470741808414459229e-01 -2.324387617409229279e-02 -3.765717381611466408e-03 1.658631861209869385e-01
3.466092944145202637e-01 1.719317734241485596e-01 -4.484537639655172825e-04 -1.280053406953811646e-01
3.500479459762573242e-01 -2.318374626338481903e-02 -3.008560510352253914e-03 1.645360738039016724e-01
3.495842516422271729e-01 1.719811409711837769e-01 2.821607922669500113e-04 -1.290944516658782959e-01
3.530238866806030273e-01 -2.314484864473342896e-02 -2.299728337675333023e-03 1.636774837970733643e-01
3.525609970092773438e-01 1.720099449157714844e-01 9.738212684169411659e-04 -1.297300606966018677e-01
3.560011982917785645e-01 -2.312593907117843628e-02 -1.620779978111386299e-03 1.632599383592605591e-01
3.555386662483215332e-01 1.720191687345504761e-01 1.644418574869632721e-03 -1.299338638782501221e-01
3.589790463447570801e-01 -2.312629297375679016e-02 -9.542587213218212128e-04 1.632674038410186768e-01
3.585165143013000488e-01 1.720093041658401489e-01 2.311089308932423592e-03 -1.297164112329483032e-01
3.619567155838012695e-01 3.670980632305145264e-01 -2.832390600815415382e-04 -4.216693341732025146e-01
3.692986667156219482e-01 1.719801425933837891e-01 -8.716625161468982697e-03 -1.290757060050964355e-01
3.727382719516754150e-01 -2.301586791872978210e-02 -1.129813957959413528e-02 1.608445346355438232e-01
3.722779750823974609e-01 1.722659915685653687e-01 -8.081248961389064789e-03 -1.353811472654342651e-01
3.757232725620269775e-01 -2.273928001523017883e-02 -1.078887190669775009e-02 1.547413468360900879e-01
3.752684891223907471e-01 1.725354790687561035e-01 -7.694045081734657288e-03 -1.413255929946899414e-01
3.787192106246948242e-01 -2.247544564306735992e-02 -1.052055694162845612e-02 1.489200890064239502e-01
3.782697021961212158e-01 1.727955639362335205e-01 -7.542154751718044281e-03 -1.470631957054138184e-01
3.817256093025207520e-01 -2.221757173538208008e-02 -1.048341859132051468e-02 1.432308107614517212e-01
3.812812566757202148e-01 1.730529367923736572e-01 -7.618802599608898163e-03 -1.527409255504608154e-01
3.847423195838928223e-01 -2.195909805595874786e-02 -1.067362073808908463e-02 1.375287324190139771e-01
3.843031227588653564e-01 1.733140945434570312e-01 -7.923046126961708069e-03 -1.585023552179336548e-01
3.877694010734558105e-01 -2.169353514909744263e-02 -1.109309308230876923e-02 1.316705644130706787e-01
3.873355388641357422e-01 1.735855489969253540e-01 -8.459681645035743713e-03 -1.644913405179977417e-01
3.908072412014007568e-01 -2.141428738832473755e-02 -1.174950879067182541e-02 1.255108267068862915e-01
3.903789818286895752e-01 1.738740056753158569e-01 -9.239292703568935394e-03 -1.708556711673736572e-01
3.938564360141754150e-01 -2.111449837684631348e-02 -1.265640556812286377e-02 1.188982874155044556e-01
3.934341669082641602e-01 1.741864830255508423e-01 -1.027844008058309555e-02 -1.777506023645401001e-01
3.969178795814514160e-01 -2.078688144683837891e-02 -1.383345201611518860e-02 1.116721853613853455e-01
3.965021371841430664e-01 1.745305359363555908e-01 -1.160000823438167572e-02 -1.853428035974502563e-01
3.999927639961242676e-01 -2.042354084551334381e-02 -1.530686486512422562e-02 1.036583036184310913e-01
3.995842933654785156e-01 1.749143898487091064e-01 -1.323369890451431274e-02 -1.938143074512481689e-01
4.030825793743133545e-01 -2.001577988266944885e-02 -1.710998453199863434e-02 9.466474503278732300e-02
4.026822745800018311e-01 -2.148883789777755737e-01 -1.521668955683708191e-02 3.819007575511932373e-01
3.983844816684722900e-01 -1.955370046198368073e-02 -7.578674703836441040e-03 8.445913344621658325e-02
3.979934155941009521e-01 1.756760627031326294e-01 -5.889492109417915344e-03 -2.106052041053771973e-01
4.015069305896759033e-01 -1.936118677258491516e-02 -1.010159589350223541e-02 8.021409064531326294e-02
4.011197090148925781e-01 1.759041100740432739e-01 -8.497314527630805969e-03 -2.156387269496917725e-01
4.046378135681152344e-01 -1.909534260630607605e-02 -1.281008869409561157e-02 7.435171306133270264e-02
4.042558968067169189e-01 -2.140313237905502319e-01 -1.132305432111024857e-02 3.629656434059143066e-01
3.999752700328826904e-01 -1.875028759241104126e-02 -4.063742235302925110e-03 6.673394143581390381e-02
3.996002674102783203e-01 1.764296889305114746e-01 -2.729063155129551888e-03 -2.272283434867858887e-01
4.031288623809814453e-01 -1.865315437316894531e-02 -7.273630239069461823e-03 6.459248811006546021e-02
4.027557969093322754e-01 1.765723228454589844e-01 -5.981780122965574265e-03 -2.303764075040817261e-01
4.062872529029846191e-01 -1.846364326775074005e-02 -1.058930810540914536e-02 6.041367352008819580e-02
4.059179723262786865e-01 -2.134321779012680054e-01 -9.381034411489963531e-03 3.497368693351745605e-01
4.016493260860443115e-01 -1.817807368934154510e-02 -2.386297099292278290e-03 5.411062762141227722e-02
4.012857675552368164e-01 1.769780069589614868e-01 -1.304084551520645618e-03 -2.393242418766021729e-01
4.048253297805786133e-01 -1.812528446316719055e-02 -6.090569309890270233e-03 5.294705927371978760e-02
4.044628143310546875e-01 -2.131593823432922363e-01 -5.031628068536520004e-03 3.437021672725677490e-01
4.001996219158172607e-01 -1.796620711684226990e-02 1.842414960265159607e-03 4.943681508302688599e-02
3.998402953147888184e-01 1.771292835474014282e-01 2.831151243299245834e-03 -2.426642477512359619e-01
4.033828973770141602e-01 -1.803299970924854279e-02 -2.022133674472570419e-03 5.091035366058349609e-02
4.030222296714782715e-01 1.771178841590881348e-01 -1.003926503472030163e-03 -2.424098849296569824e-01
4.065645933151245117e-01 -1.798970811069011688e-02 -5.852124188095331192e-03 4.995620623230934143e-02
4.062047898769378662e-01 -2.130272537469863892e-01 -4.852999933063983917e-03 3.407870233058929443e-01
4.019442498683929443e-01 -1.783659681677818298e-02 1.962739974260330200e-03 4.657768458127975464e-02
4.015875160694122314e-01 1.772571504116058350e-01 2.894293749704957008e-03 -2.454853355884552002e-01
4.051326513290405273e-01 -1.790601387619972229e-02 -2.015412785112857819e-03 4.810911789536476135e-02
4.047745466232299805e-01 1.772447824478149414e-01 -1.053230487741529942e-03 -2.452090084552764893e-01
4.083194434642791748e-01 -1.786211319267749786e-02 -5.957410670816898346e-03 4.714151844382286072e-02
4.079622030258178711e-01 -2.128981351852416992e-01 -5.014580208808183670e-03 3.379389047622680664e-01
4.037042260169982910e-01 -1.770518720149993896e-02 1.744197448715567589e-03 4.367886856198310852e-02
4.033501148223876953e-01 1.773917078971862793e-01 2.617774764075875282e-03 -2.484532445669174194e-01
4.068979620933532715e-01 -1.776752807199954987e-02 -2.351289847865700722e-03 4.505424201488494873e-02
4.065425992012023926e-01 1.773880571126937866e-01 -1.450205105356872082e-03 -2.483696043491363525e-01
4.100903570652008057e-01 -1.771315000951290131e-02 -6.417597178369760513e-03 4.385553672909736633e-02
4.097360968589782715e-01 -2.127424925565719604e-01 -5.540486425161361694e-03 3.345067501068115234e-01
4.054812490940093994e-01 -1.754212565720081329e-02 1.149648684076964855e-03 4.008181393146514893e-02
4.051304161548614502e-01 1.775633245706558228e-01 1.951284939423203468e-03 -2.522381544113159180e-01
4.086816906929016113e-01 -1.758643984794616699e-02 -3.093478269875049591e-03 4.105959460139274597e-02
4.083299636840820312e-01 -2.126638889312744141e-01 -2.272286452353000641e-03 3.327648937702178955e-01
4.040766656398773193e-01 -1.750967465341091156e-02 4.383011255413293839e-03 3.936627134680747986e-02
4.037264883518218994e-01 1.775491535663604736e-01 5.170336924493312836e-03 -2.519305646419525146e-01
4.072774648666381836e-01 -1.764624752104282379e-02 1.317256828770041466e-04 4.237869754433631897e-02
4.069245457649230957e-01 1.774738132953643799e-01 9.792996570467948914e-04 -2.502626776695251465e-01
4.104740023612976074e-01 -1.766210794448852539e-02 -4.025953821837902069e-03 4.272899404168128967e-02
4.101207852363586426e-01 -2.127261012792587280e-01 -3.171373857185244560e-03 3.341389894485473633e-01
4.058662652969360352e-01 -1.755915209650993347e-02 3.511405782774090767e-03 4.045765474438667297e-02
4.055150747299194336e-01 1.775122731924057007e-01 4.320559091866016388e-03 -2.511153221130371094e-01
4.090653061866760254e-01 -1.767111197113990784e-02 -7.017476018518209457e-04 4.292725399136543274e-02
4.087118804454803467e-01 1.774608939886093140e-01 1.567974541103467345e-04 -2.499769926071166992e-01
4.122610986232757568e-01 -1.766329444944858551e-02 -4.842742346227169037e-03 4.275538027286529541e-02
4.119078516960144043e-01 -2.127154618501663208e-01 -3.987635020166635513e-03 3.339064419269561768e-01
4.076535403728485107e-01 -1.753699034452438354e-02 2.690494060516357422e-03 3.996869921684265137e-02
4.073027968406677246e-01 1.775462776422500610e-01 3.489868249744176865e-03 -2.518641352653503418e-01
4.108537137508392334e-01 -1.762533374130725861e-02 -1.547414576634764671e-03 4.191751405596733093e-02
4.105012118816375732e-01 1.775187700986862183e-01 -7.090643048286437988e-04 -2.512532472610473633e-01
4.140515923500061035e-01 -1.759304665029048920e-02 -5.734128877520561218e-03 4.120595753192901611e-02
4.136997163295745850e-01 -2.126322984695434570e-01 -4.910009913146495819e-03 3.320741951465606689e-01
4.094470739364624023e-01 -1.744081079959869385e-02 1.731474301777780056e-03 3.784696012735366821e-02
4.090982675552368164e-01 1.776562631130218506e-01 2.488413592800498009e-03 -2.542891800403594971e-01
4.126513898372650146e-01 -1.750112324953079224e-02 -2.597369719296693802e-03 3.917760774493217468e-02
4.123013615608215332e-01 -2.125857323408126831e-01 -1.813817652873694897e-03 3.310399055480957031e-01
4.080496430397033691e-01 -1.743800938129425049e-02 4.806980490684509277e-03 3.778554499149322510e-02
4.077008962631225586e-01 1.776146739721298218e-01 5.562691483646631241e-03 -2.533768713474273682e-01
4.112531840801239014e-01 -1.758625544607639313e-02 4.951541195623576641e-04 4.105543345212936401e-02
4.109014570713043213e-01 1.775285899639129639e-01 1.316262758336961269e-03 -2.514712214469909668e-01
4.144520461559295654e-01 -1.761213131248950958e-02 -3.713161684572696686e-03 4.162658378481864929e-02
4.140997827053070068e-01 -2.126806378364562988e-01 -2.880630083382129669e-03 3.331356644630432129e-01
4.098461866378784180e-01 -1.751780696213245392e-02 3.782083280384540558e-03 3.954572603106498718e-02
4.094958305358886719e-01 1.775497049093246460e-01 4.572997801005840302e-03 -2.519415318965911865e-01
4.130468070507049561e-01 -1.763724721968173981e-02 -4.658327379729598761e-04 4.218029975891113281e-02
4.126940667629241943e-01 1.774913817644119263e-01 3.777733072638511658e-04 -2.506495714187622070e-01
4.162439107894897461e-01 -1.763596199452877045e-02 -4.635218065232038498e-03 4.215249791741371155e-02
4.158911705017089844e-01 -2.126911431550979614e-01 -3.792168106883764267e-03 3.333693742752075195e-01
4.116373658180236816e-01 -1.751542091369628906e-02 2.875219332054257393e-03 3.949300199747085571e-02
4.112870395183563232e-01 1.775651872158050537e-01 3.665079362690448761e-03 -2.522813677787780762e-01
4.148383438587188721e-01 -1.760891079902648926e-02 -1.380548230372369289e-03 4.155532643198966980e-02
4.144861698150634766e-01 1.775328069925308228e-01 -5.494416691362857819e-04 -2.515628635883331299e-01
4.180368185043334961e-01 -1.758129149675369263e-02 -5.580698605626821518e-03 4.094671458005905151e-02
4.176852107048034668e-01 -2.126227766275405884e-01 -4.761764314025640488e-03 3.318636715412139893e-01
4.134327471256256104e-01 -1.743336953222751617e-02 1.875508809462189674e-03 3.768292441964149475e-02
4.130840897560119629e-01 1.776616424322128296e-01 2.629167167469859123e-03 -2.544076740741729736e-01
4.166373014450073242e-01 -1.749775558710098267e-02 -2.458986127749085426e-03 3.910337761044502258e-02
4.162873625755310059e-01 -2.125843614339828491e-01 -1.676918705925345421e-03 3.310094475746154785e-01
4.120356738567352295e-01 -1.743857748806476593e-02 4.943270701915025711e-03 3.779818490147590637e-02
4.116868972778320312e-01 1.776121407747268677e-01 5.699234083294868469e-03 -2.533209919929504395e-01
4.152391552925109863e-01 -1.759072393178939819e-02 6.328141316771507263e-04 4.115410521626472473e-02
4.148873388767242432e-01 1.775221526622772217e-01 1.455896184779703617e-03 -2.513290941715240479e-01
4.184377789497375488e-01 -1.762056350708007812e-02 -3.570685628801584244e-03 4.181269556283950806e-02
4.180853664875030518e-01 -2.126911282539367676e-01 -2.734431764110922813e-03 3.333669006824493408e-01
4.138315320014953613e-01 -1.753036677837371826e-02 3.932906314730644226e-03 3.982292488217353821e-02
4.134809374809265137e-01 1.775349676609039307e-01 4.729364532977342606e-03 -2.516165375709533691e-01
4.170316159725189209e-01 -1.765419915318489075e-02 -3.029660729225724936e-04 4.255435988306999207e-02
4.166785478591918945e-01 1.774720996618270874e-01 5.481211701408028603e-04 -2.502241432666778564e-01
4.202279746532440186e-01 -1.765767857432365417e-02 -4.456361755728721619e-03 4.263162612915039062e-02
4.198748469352722168e-01 -2.127154469490051270e-01 -3.603729186579585075e-03 3.339051902294158936e-01
4.156205356121063232e-01 -1.754238829016685486e-02 3.074374981224536896e-03 4.008802771568298340e-02
4.152696728706359863e-01 1.775353401899337769e-01 3.876135451719164848e-03 -2.516233325004577637e-01
4.188203811645507812e-01 -1.764174364507198334e-02 -1.156330923549830914e-03 4.227969050407409668e-02
4.184675514698028564e-01 1.774967759847640991e-01 -3.107370866928249598e-04 -2.507678568363189697e-01
4.220174849033355713e-01 -1.762074232101440430e-02 -5.326094105839729309e-03 4.181705042719841003e-02
4.216650724411010742e-01 -2.126659154891967773e-01 -4.489752929657697678e-03 3.328147828578948975e-01
4.174117445945739746e-01 -1.748034916818141937e-02 2.166542923077940941e-03 3.871941566467285156e-02
4.170621335506439209e-01 1.776104718446731567e-01 2.940931357443332672e-03 -2.532791495323181152e-01
4.206143617630004883e-01 -1.755335368216037750e-02 -2.124652033671736717e-03 4.032993689179420471e-02
4.202632904052734375e-01 1.775989979505538940e-01 -1.318053109571337700e-03 -2.530225813388824463e-01
4.238152801990509033e-01 -1.750410534441471100e-02 -6.378504913300275803e-03 3.924431651830673218e-02
4.234651923179626465e-01 -2.125340104103088379e-01 -5.593618378043174744e-03 3.299079537391662598e-01
4.192145168781280518e-01 -1.733288168907165527e-02 1.004540710709989071e-03 3.546632826328277588e-02
4.188678562641143799e-01 1.777746528387069702e-01 1.713867299258708954e-03 -2.568994760513305664e-01
4.224233329296112061e-01 -1.737172901630401611e-02 -3.424122463911771774e-03 3.632352873682975769e-02
4.220758974552154541e-01 -2.124444097280502319e-01 -2.697651740163564682e-03 3.279241323471069336e-01
4.178270101547241211e-01 -1.728415861725807190e-02 3.860831027850508690e-03 3.439172357320785522e-02
4.174813330173492432e-01 1.777822226285934448e-01 4.548665601760149002e-03 -2.570705711841583252e-01
4.210369884967803955e-01 -1.740438118577003479e-02 -5.927458987571299076e-04 3.704359382390975952e-02
4.206888973712921143e-01 1.777260601520538330e-01 1.481259969295933843e-04 -2.558262944221496582e-01
4.242434203624725342e-01 -1.739799976348876953e-02 -4.968399647623300552e-03 3.690335154533386230e-02
4.238954484462738037e-01 -2.124483585357666016e-01 -4.230332560837268829e-03 3.280145823955535889e-01
4.196464717388153076e-01 -1.726643182337284088e-02 2.329958602786064148e-03 3.400059416890144348e-02
4.193011522293090820e-01 1.778220236301422119e-01 3.009970532730221748e-03 -2.579463124275207520e-01
4.228576123714447021e-01 -1.734276488423347473e-02 -2.148955594748258591e-03 3.568449616432189941e-02
4.225107431411743164e-01 1.778099387884140015e-01 -1.435265527106821537e-03 -2.576756775379180908e-01
4.260669350624084473e-01 -1.729149371385574341e-02 -6.588778924196958542e-03 3.455420583486557007e-02
4.257211089134216309e-01 -2.123183459043502808e-01 -5.897694732993841171e-03 3.251510560512542725e-01
4.214747548103332520e-01 -1.711291819810867310e-02 6.053259130567312241e-04 3.061408363282680511e-02
4.211324751377105713e-01 1.780003458261489868e-01 1.217607641592621803e-03 -2.618778049945831299e-01
4.246924817562103271e-01 -1.713896356523036957e-02 -4.019948188215494156e-03 3.118893131613731384e-02
4.243497252464294434e-01 -2.122030407190322876e-01 -3.396169748157262802e-03 3.226008117198944092e-01
4.201056659221649170e-01 -1.703288964927196503e-02 3.055846551433205605e-03 2.884881012141704559e-02
4.197649955749511719e-01 1.780451089143753052e-01 3.632822772487998009e-03 -2.628684043884277344e-01
4.233258962631225586e-01 -1.712851040065288544e-02 -1.624545198865234852e-03 3.095814213156700134e-02
4.229833185672760010e-01 -2.122271209955215454e-01 -1.005382277071475983e-03 3.231280744075775146e-01
4.187387824058532715e-01 -1.709087565541267395e-02 5.457179155200719833e-03 3.012825176119804382e-02
4.183969795703887939e-01 1.779523938894271851e-01 6.059743929654359818e-03 -2.608278989791870117e-01
4.219560027122497559e-01 -1.725553348660469055e-02 8.431861642748117447e-04 3.376017883419990540e-02
4.216108918190002441e-01 1.778543144464492798e-01 1.518389675766229630e-03 -2.586565911769866943e-01
4.251679778099060059e-01 -1.728927902877330780e-02 -3.654742147773504257e-03 3.450486436486244202e-02
4.248222112655639648e-01 -2.123586237430572510e-01 -2.964644925668835640e-03 3.260324597358703613e-01
4.205750226974487305e-01 -1.719459518790245056e-02 3.556004026904702187e-03 3.241607546806335449e-02
4.202311336994171143e-01 1.778761744499206543e-01 4.204325377941131592e-03 -2.591427862644195557e-01
4.237886667251586914e-01 -1.730553805828094482e-02 -9.785300353541970253e-04 3.486328199505805969e-02
4.234425425529479980e-01 1.778304278850555420e-01 -2.812644233927130699e-04 -2.581282258033752441e-01
4.269991517066955566e-01 -1.728750206530094147e-02 -5.443828646093606949e-03 3.446597605943679810e-02
4.266534149646759033e-01 -2.123309671878814697e-01 -4.754509311169385910e-03 3.254263699054718018e-01
4.224067926406860352e-01 -1.714164391160011292e-02 1.754017896018922329e-03 3.124786540865898132e-02
4.220639467239379883e-01 1.779551059007644653e-01 2.378975274041295052e-03 -2.608811259269714355e-01
4.256230592727661133e-01 -1.720071956515312195e-02 -2.838647458702325821e-03 3.255119919776916504e-02
4.252790510654449463e-01 -2.122818529605865479e-01 -2.187623409554362297e-03 3.243371546268463135e-01
4.210334122180938721e-01 -1.712881587445735931e-02 4.299119580537080765e-03 3.096514567732810974e-02
4.206908345222473145e-01 1.779312193393707275e-01 4.918422549962997437e-03 -2.603582739830017090e-01
4.242494702339172363e-01 -1.726059615612030029e-02 -2.887427981477230787e-04 3.387192636728286743e-02
4.239042401313781738e-01 1.778654903173446655e-01 3.886957128997892141e-04 -2.589021027088165283e-01
4.274615645408630371e-01 -1.726200431585311890e-02 -4.789345897734165192e-03 3.390341252088546753e-02
4.271163046360015869e-01 -2.123149484395980835e-01 -4.111277870833873749e-03 3.250714242458343506e-01
4.228700101375579834e-01 -1.713470183312892914e-02 2.390150446444749832e-03 3.109480254352092743e-02
4.225273132324218750e-01 1.779528856277465820e-01 3.012046450749039650e-03 -2.608330547809600830e-01
4.260863959789276123e-01 -1.721192523837089539e-02 -2.204614458605647087e-03 3.279839083552360535e-02
4.257421493530273438e-01 -2.123021930456161499e-01 -1.548646599985659122e-03 3.247849345207214355e-01
4.214960932731628418e-01 -1.715822517871856689e-02 4.947051871567964554e-03 3.161402419209480286e-02
4.211529195308685303e-01 1.778924316167831421e-01 5.579332355409860611e-03 -2.595039606094360352e-01
4.247107803821563721e-01 -1.730871945619583130e-02 3.892531385645270348e-04 3.493352979421615601e-02
4.243645966053009033e-01 1.778076440095901489e-01 1.087923767045140266e-03 -2.576265633106231689e-01
4.279207587242126465e-01 -1.732981950044631958e-02 -4.064607433974742889e-03 3.539931774139404297e-02
4.275741577148437500e-01 -2.123932540416717529e-01 -3.356621135026216507e-03 3.267970383167266846e-01
4.233263134956359863e-01 -1.722366921603679657e-02 3.179319901391863823e-03 3.305748850107192993e-02
4.229818284511566162e-01 1.778525412082672119e-01 3.840469755232334137e-03 -2.586206495761871338e-01
4.265388846397399902e-01 -1.732402108609676361e-02 -1.331942970864474773e-03 3.527114912867546082e-02
4.261924028396606445e-01 1.778170019388198853e-01 -6.265199626795947552e-04 -2.578317224979400635e-01
4.297487437725067139e-01 -1.729599572718143463e-02 -5.783154163509607315e-03 3.465352579951286316e-02
4.294028282165527344e-01 -2.123345434665679932e-01 -5.090083926916122437e-03 3.255062103271484375e-01
4.251561164855957031e-01 -1.714048720896244049e-02 1.420040382072329521e-03 3.122244775295257568e-02
4.248133301734924316e-01 1.779610663652420044e-01 2.044489374384284019e-03 -2.610121071338653564e-01
4.283725321292877197e-01 -1.719000563025474548e-02 -3.175752703100442886e-03 3.231497853994369507e-02
4.280287325382232666e-01 -2.122662663459777832e-01 -2.529453020542860031e-03 3.239942193031311035e-01
4.237834215164184570e-01 -1.710839383304119110e-02 3.950431477278470993e-03 3.051469661295413971e-02
4.234412312507629395e-01 1.779566854238510132e-01 4.560725297778844833e-03 -2.609192132949829102e-01
4.270003736019134521e-01 -1.723007485270500183e-02 -6.576587911695241928e-04 3.319872543215751648e-02
4.266557693481445312e-01 1.779012978076934814e-01 6.315756763797253370e-06 -2.596916258335113525e-01
4.302138090133666992e-01 -1.722073927521705627e-02 -5.187516566365957260e-03 3.299329429864883423e-02
4.298693835735321045e-01 -2.122679203748703003e-01 -4.527650773525238037e-03 3.240349888801574707e-01
4.256240427494049072e-01 -1.708178967237472534e-02 1.953049097210168839e-03 2.992768585681915283e-02
4.252823889255523682e-01 1.780121028423309326e-01 2.551602898165583611e-03 -2.621383965015411377e-01
4.288426339626312256e-01 -1.714618131518363953e-02 -2.691165078431367874e-03 3.134824335575103760e-02
4.284996986389160156e-01 -2.122294306755065918e-01 -2.064200118184089661e-03 3.231808543205261230e-01
4.242551326751708984e-01 -1.707815378904342651e-02 4.399416968226432800e-03 2.984769083559513092e-02
4.239135682582855225e-01 1.779804378747940063e-01 4.996370989829301834e-03 -2.614439427852630615e-01
4.274731576442718506e-01 -1.721248403191566467e-02 -2.325076493434607983e-04 3.281071409583091736e-02
4.271289110183715820e-01 1.779128015041351318e-01 4.237066314090043306e-04 -2.599455714225769043e-01
4.306871891021728516e-01 -1.721519604325294495e-02 -4.775204695761203766e-03 3.287097811698913574e-02
4.303428828716278076e-01 -2.122683376073837280e-01 -4.117785021662712097e-03 3.240434527397155762e-01
4.260975122451782227e-01 -1.708800345659255981e-02 2.363084116950631142e-03 3.006480261683464050e-02
4.257557392120361328e-01 1.779999732971191406e-01 2.964380197227001190e-03 -2.618716061115264893e-01
4.293157458305358887e-01 -1.716415956616401672e-02 -2.273051999509334564e-03 3.174484148621559143e-02
4.289724528789520264e-01 -2.122534364461898804e-01 -1.638155197724699974e-03 3.237097263336181641e-01
4.247273802757263184e-01 -1.710820198059082031e-02 4.836039617657661438e-03 3.051064722239971161e-02
4.243852198123931885e-01 1.779440641403198242e-01 5.446252413094043732e-03 -2.606425285339355469e-01
4.279441237449645996e-01 -1.725520752370357513e-02 2.334015734959393740e-04 3.375321626663208008e-02
4.275990128517150879e-01 1.778633892536163330e-01 9.084658813662827015e-04 -2.588560581207275391e-01
4.311562776565551758e-01 -1.727151311933994293e-02 -4.268655553460121155e-03 3.411326929926872253e-02
4.308108389377593994e-01 -2.123319953680038452e-01 -3.586390055716037750e-03 3.254463374614715576e-01
4.265642166137695312e-01 -1.715916022658348083e-02 2.922536805272102356e-03 3.163458034396171570e-02
4.262210130691528320e-01 1.779207587242126465e-01 3.555228468030691147e-03 -2.601248323917388916e-01
4.297794401645660400e-01 -1.725176349282264709e-02 -1.647268072701990604e-03 3.367734327912330627e-02
4.294343888759613037e-01 1.778937727212905884e-01 -9.737211512401700020e-04 -2.595248520374298096e-01
4.329922795295715332e-01 -1.721426658332347870e-02 -6.164218299090862274e-03 3.285078704357147217e-02
4.326480031013488770e-01 -2.122472822666168213e-01 -5.507202353328466415e-03 3.235824704170227051e-01
4.284030497074127197e-01 -1.704734377562999725e-02 9.644470410421490669e-04 2.916790731251239777e-02
4.280621111392974854e-01 1.780607551336288452e-01 1.547805150039494038e-03 -2.632105648517608643e-01
4.316233098506927490e-01 -1.708324812352657318e-02 -3.716406179592013359e-03 2.996014989912509918e-02
4.312816560268402100e-01 -2.121517062187194824e-01 -3.117203246802091599e-03 3.214682042598724365e-01
4.270386099815368652e-01 -1.698550395667552948e-02 3.312160726636648178e-03 2.780385874211788177e-02
4.266988933086395264e-01 1.780887991189956665e-01 3.868237836286425591e-03 -2.638322114944458008e-01
4.302606880664825439e-01 -1.708815805613994598e-02 -1.408406184054911137e-03 3.006828762590885162e-02
4.299189150333404541e-01 1.780539602041244507e-01 -8.070404874160885811e-04 -2.630586624145507812e-01
4.334799945354461670e-01 -1.705645956099033356e-02 -6.068213842809200287e-03 2.936959452927112579e-02
4.331388771533966064e-01 -2.120908647775650024e-01 -5.480822175741195679e-03 3.201317787170410156e-01
4.288970530033111572e-01 -1.689128950238227844e-02 9.218133636750280857e-04 2.572545409202575684e-02
4.285592138767242432e-01 1.782174259424209595e-01 1.436322461813688278e-03 -2.666665017604827881e-01
4.321235716342926025e-01 -1.692499220371246338e-02 -3.897007321938872337e-03 2.646911889314651489e-02
4.317850768566131592e-01 -2.119908332824707031e-01 -3.367624944075942039e-03 3.179199397563934326e-01
4.275452494621276855e-01 -1.682108640670776367e-02 2.990774111822247505e-03 2.417690306901931763e-02
4.272088408470153809e-01 1.782578527927398682e-01 3.474312135949730873e-03 -2.675608992576599121e-01
4.307740032672882080e-01 -1.691351644694805145e-02 -1.876905793324112892e-03 2.621582150459289551e-02
4.304357171058654785e-01 -2.120085060596466064e-01 -1.352589461021125317e-03 3.183059692382812500e-01
4.261955618858337402e-01 -1.686731167137622833e-02 5.013530142605304718e-03 2.519679442048072815e-02
4.258581995964050293e-01 1.781823784112930298e-01 5.517465993762016296e-03 -2.659001052379608154e-01
4.294218420982360840e-01 -1.701787859201431274e-02 1.994639605982229114e-04 2.851796522736549377e-02
4.290814995765686035e-01 1.781012117862701416e-01 7.698232657276093960e-04 -2.641020119190216064e-01
4.326435327529907227e-01 -1.703171990811824799e-02 -4.512217361479997635e-03 2.882361598312854767e-02
4.323028922080993652e-01 -2.120886743068695068e-01 -3.935744985938072205e-03 3.200794756412506104e-01
4.280610978603363037e-01 -1.691089197993278503e-02 2.465844620019197464e-03 2.615796960890293121e-02
4.277229011058807373e-01 1.781756132841110229e-01 2.989004133269190788e-03 -2.657459378242492676e-01
4.312863945960998535e-01 -1.698887348175048828e-02 -2.325914567336440086e-03 2.787824906408786774e-02
4.309466183185577393e-01 -2.120773941278457642e-01 -1.768349669873714447e-03 3.198264241218566895e-01
4.267050921916961670e-01 -1.693030260503292084e-02 4.628178663551807404e-03 2.658634446561336517e-02
4.263664782047271729e-01 1.781249791383743286e-01 5.159905645996332169e-03 -2.646327614784240723e-01
4.299289584159851074e-01 -1.707024499773979187e-02 -1.327495556324720383e-04 2.967317961156368256e-02
4.295875728130340576e-01 1.780536025762557983e-01 4.607140144798904657e-04 -2.630516290664672852e-01
4.331486523151397705e-01 -1.707491464912891388e-02 -4.800318740308284760e-03 2.977657690644264221e-02
4.328071475028991699e-01 -2.121277004480361938e-01 -4.204786848276853561e-03 3.209410905838012695e-01
4.285645782947540283e-01 -1.694612018764019012e-02 2.214034786447882652e-03 2.693510986864566803e-02
4.282256662845611572e-01 1.781440079212188721e-01 2.752737142145633698e-03 -2.650484442710876465e-01
4.317885339260101318e-01 -1.701712235808372498e-02 -2.548231743276119232e-03 2.850145101547241211e-02
4.314481914043426514e-01 -2.121024429798126221e-01 -1.978202722966670990e-03 3.203792870044708252e-01
4.272061586380004883e-01 -1.695237122476100922e-02 4.429383203387260437e-03 2.707317471504211426e-02
4.268670976161956787e-01 1.781057864427566528e-01 4.970846697688102722e-03 -2.642089426517486572e-01
4.304292201995849609e-01 -1.708676666021347046e-02 -3.133323043584823608e-04 3.003768064081668854e-02
4.300874769687652588e-01 1.780396699905395508e-01 2.874212805181741714e-04 -2.627440989017486572e-01
4.336482882499694824e-01 -1.708637550473213196e-02 -4.967460408806800842e-03 3.002947755157947540e-02
4.333065450191497803e-01 -2.121367454528808594e-01 -4.366870969533920288e-03 3.211409747600555420e-01
4.290638267993927002e-01 -1.695287413895130157e-02 2.055948833003640175e-03 2.708412334322929382e-02
4.287247657775878906e-01 1.781395375728607178e-01 2.597631188109517097e-03 -2.649494111537933350e-01
4.322875440120697021e-01 -1.701939851045608521e-02 -2.701357239857316017e-03 2.855169028043746948e-02
4.319471716880798340e-01 -2.121025025844573975e-01 -2.130323322489857674e-03 3.203810751438140869e-01
4.277051091194152832e-01 -1.695028133690357208e-02 4.277298226952552795e-03 2.702710032463073730e-02
4.273661077022552490e-01 1.781100630760192871e-01 4.817840643227100372e-03 -2.643032371997833252e-01
4.309283196926116943e-01 -1.708031445741653442e-02 -4.682241415139287710e-04 2.989539131522178650e-02
4.305866956710815430e-01 1.780483424663543701e-01 1.296836562687531114e-04 -2.629352211952209473e-01
4.341476559638977051e-01 -1.707545481622219086e-02 -5.129021126776933670e-03 2.978859841823577881e-02
4.338061511516571045e-01 -2.121234834194183350e-01 -4.533248953521251678e-03 3.208488523960113525e-01
4.295637011528015137e-01 -1.693726330995559692e-02 1.883728196844458580e-03 2.673977613449096680e-02
4.292249381542205811e-01 1.781576275825500488e-01 2.418523654341697693e-03 -2.653482258319854736e-01
4.327881038188934326e-01 -1.699876226484775543e-02 -2.888440620154142380e-03 2.809654921293258667e-02
4.324481189250946045e-01 -2.120791673660278320e-01 -2.326509682461619377e-03 3.198667466640472412e-01
4.282065331935882568e-01 -1.692416518926620483e-02 4.070825409144163132e-03 2.645103260874748230e-02
4.278680682182312012e-01 1.781391650438308716e-01 4.599845968186855316e-03 -2.649447321891784668e-01
4.314308464527130127e-01 -1.704813167452812195e-02 -6.990486872382462025e-04 2.918547578155994415e-02
4.310898780822753906e-01 1.780838370323181152e-01 -1.153391422121785581e-04 -2.637179195880889893e-01
4.346515536308288574e-01 -1.703646592795848846e-02 -5.389697849750518799e-03 2.892861887812614441e-02
4.343108236789703369e-01 -2.120807170867919922e-01 -4.811125341802835464e-03 3.199061751365661621e-01
4.300692081451416016e-01 -1.689057610929012299e-02 1.586998230777680874e-03 2.570989169180393219e-02
4.297313988208770752e-01 1.782085746526718140e-01 2.101195976138114929e-03 -2.664718925952911377e-01
4.332955777645111084e-01 -1.694329641759395599e-02 -3.228241810575127602e-03 2.687302418053150177e-02
4.329566955566406250e-01 -2.120188027620315552e-01 -2.690781373530626297e-03 3.185356557369232178e-01
4.287163317203521729e-01 -1.685863174498081207e-02 3.679931862279772758e-03 2.500537224113941193e-02
4.283791482448577881e-01 1.782103478908538818e-01 4.180039279162883759e-03 -2.665142118930816650e-01
4.319433569908142090e-01 -1.697100698947906494e-02 -1.150245196186006069e-03 2.748418413102626801e-02
4.316039383411407471e-01 1.781674176454544067e-01 -6.005615578033030033e-04 -2.655614316463470459e-01
4.351672828197479248e-01 -1.694595254957675934e-02 -5.911790300160646439e-03 2.693200670182704926e-02
4.348283708095550537e-01 -2.119826227426528931e-01 -5.373150110244750977e-03 3.177438378334045410e-01
4.305887222290039062e-01 -1.678456179797649384e-02 9.817268000915646553e-04 2.337127923965454102e-02
4.302530288696289062e-01 1.783232986927032471e-01 1.449152478016912937e-03 -2.690017521381378174e-01
4.338195025920867920e-01 -1.681930385529994965e-02 -3.930882550776004791e-03 2.413790486752986908e-02
4.334830939769744873e-01 -2.118846625089645386e-01 -3.448124276474118233e-03 3.155780136585235596e-01
4.292454123497009277e-01 -1.671376638114452362e-02 2.863435773178935051e-03 2.180965431034564972e-02
4.289111495018005371e-01 1.783670037984848022e-01 3.299629082903265953e-03 -2.699684500694274902e-01
4.324784874916076660e-01 -1.680187880992889404e-02 -2.099740086123347282e-03 2.375336736440658569e-02
4.321424365043640137e-01 -2.118936479091644287e-01 -1.624672673642635345e-03 3.157730698585510254e-01
4.279045760631561279e-01 -1.674859970808029175e-02 4.690788686275482178e-03 2.257821336388587952e-02
4.275695979595184326e-01 1.783057749271392822e-01 5.142353009432554245e-03 -2.686210274696350098e-01
4.311357140541076660e-01 -1.688919030129909515e-02 -2.300678315805271268e-04 2.567937970161437988e-02
4.307979345321655273e-01 1.782360523939132690e-01 2.835197665262967348e-04 -2.670761346817016602e-01
4.343626499176025391e-01 -1.688993722200393677e-02 -5.058002658188343048e-03 2.569621056318283081e-02
4.340248405933380127e-01 -2.119389921426773071e-01 -4.544078372418880463e-03 3.167789876461029053e-01
4.297860860824584961e-01 -1.675260812044143677e-02 1.791501417756080627e-03 2.266649715602397919e-02
4.294510185718536377e-01 1.783436089754104614e-01 2.244831295683979988e-03 -2.694506645202636719e-01
4.330178797245025635e-01 -1.681030914187431335e-02 -3.144181799143552780e-03 2.393946237862110138e-02
4.326816797256469727e-01 -2.118870317935943604e-01 -2.665392355993390083e-03 3.156287074089050293e-01
4.284439384937286377e-01 -1.672721281647682190e-02 3.647181671112775803e-03 2.210639789700508118e-02
4.281094074249267578e-01 1.783422380685806274e-01 4.089309833943843842e-03 -2.694235742092132568e-01
4.316762387752532959e-01 -1.683782413601875305e-02 -1.299161813221871853e-03 2.454633638262748718e-02
4.313395023345947266e-01 -2.119411230087280273e-01 -8.082350250333547592e-04 3.168190717697143555e-01
4.271006584167480469e-01 -1.680766604840755463e-02 5.528146401047706604e-03 2.388137392699718475e-02
4.267645180225372314e-01 1.782345771789550781e-01 6.005774252116680145e-03 -2.670522332191467285e-01
4.303292036056518555e-01 -1.697257719933986664e-02 6.647291011177003384e-04 2.751888148486614227e-02
4.299897551536560059e-01 1.781398355960845947e-01 1.215106691233813763e-03 -2.649542391300201416e-01
4.335525631904602051e-01 -1.699943840503692627e-02 -4.083978012204170227e-03 2.811169251799583435e-02
4.332125484943389893e-01 -2.120625823736190796e-01 -3.521744161844253540e-03 3.195032775402069092e-01
4.289713203907012939e-01 -1.689065434038639069e-02 2.868321491405367851e-03 2.571181766688823700e-02
4.286335110664367676e-01 1.781900525093078613e-01 3.382557770237326622e-03 -2.660647332668304443e-01
4.321973025798797607e-01 -1.698001846671104431e-02 -1.938736997544765472e-03 2.768314816057682037e-02
4.318577051162719727e-01 -2.120741158723831177e-01 -1.385073992423713207e-03 3.197537660598754883e-01
4.276162087917327881e-01 -1.693246327340602875e-02 5.010000895708799362e-03 2.663434669375419617e-02
4.272775650024414062e-01 1.781172901391983032e-01 5.542688071727752686e-03 -2.644636631011962891e-01
4.308398962020874023e-01 -1.708333939313888550e-02 2.534146187826991081e-04 2.996231056749820709e-02
4.304982423782348633e-01 1.780349761247634888e-01 8.526608580723404884e-04 -2.626406550407409668e-01
4.340589344501495361e-01 -1.709913648664951324e-02 -4.400152247399091721e-03 3.031109459698200226e-02
4.337169528007507324e-01 -2.121577113866806030e-01 -3.793930169194936752e-03 3.216024935245513916e-01
4.294738173484802246e-01 -1.698193885385990143e-02 2.638119505718350410e-03 2.772551774978637695e-02
4.291341602802276611e-01 1.781020760536193848e-01 3.192629665136337280e-03 -2.641238868236541748e-01
4.326962232589721680e-01 -1.706529408693313599e-02 -2.089848043397068977e-03 2.956431545317173004e-02
4.323548972606658936e-01 -2.121572196483612061e-01 -1.498561585322022438e-03 3.215871453285217285e-01
4.281117618083953857e-01 -1.701395399868488312e-02 4.933181218802928925e-03 2.843200415372848511e-02
4.277714788913726807e-01 1.780369132757186890e-01 5.501821171492338181e-03 -2.626903653144836426e-01
4.313322305679321289e-01 -1.716314442455768585e-02 2.480137045495212078e-04 3.172279521822929382e-02
4.309889674186706543e-01 1.779552549123764038e-01 8.824695833027362823e-04 -2.608818709850311279e-01
4.345480501651763916e-01 -1.717928797006607056e-02 -4.335167817771434784e-03 3.207926824688911438e-02
4.342044889926910400e-01 -2.122388035058975220e-01 -3.693582490086555481e-03 3.233912587165832520e-01
4.299596846103668213e-01 -1.706445403397083282e-02 2.774242777377367020e-03 2.954581752419471741e-02
4.296184182167053223e-01 1.780176013708114624e-01 3.365159034729003906e-03 -2.622605264186859131e-01
4.331787526607513428e-01 -1.715222001075744629e-02 -1.880051335319876671e-03 3.148191794753074646e-02
4.328357279300689697e-01 1.779966354370117188e-01 -1.250412897206842899e-03 -2.617935836315155029e-01
4.363956451416015625e-01 -1.710743829607963562e-02 -6.486285012215375900e-03 3.049467690289020538e-02
4.360535144805908203e-01 -2.121357768774032593e-01 -5.876391194760799408e-03 3.211240768432617188e-01
4.318107962608337402e-01 -1.693063415586948395e-02 5.460902466438710690e-04 2.659376896917819977e-02
4.314721822738647461e-01 1.781834810972213745e-01 1.077965600416064262e-03 -2.659168243408203125e-01
4.350358545780181885e-01 -1.695383898913860321e-02 -4.240370355546474457e-03 2.710592187941074371e-02
4.346967637538909912e-01 -2.120147198438644409e-01 -3.698252141475677490e-03 3.184479475021362305e-01
