-1.305613014847040176e-02 -2.668013237416744232e-02 4.114296659827232361e-02 5.639039911329746246e-03
-1.358973234891891479e-02 1.678283512592315674e-01 4.125574976205825806e-02 -2.737841606140136719e-01
-1.023316569626331329e-02 -2.785721607506275177e-02 3.578006476163864136e-02 3.162018209695816040e-02
-1.079030986875295639e-02 1.667338460683822632e-01 3.641247004270553589e-02 -2.495625019073486328e-01
-7.455633021891117096e-03 -2.888866700232028961e-02 3.142121806740760803e-02 5.437966436147689819e-02
-8.033405989408493042e-03 1.657689809799194336e-01 3.250881284475326538e-02 -2.282263785600662231e-01
-4.718026611953973770e-03 -2.980208955705165863e-02 2.794428542256355286e-02 7.453115284442901611e-02
-5.314068403095006943e-03 1.649083346128463745e-01 2.943490818142890930e-02 -2.092059105634689331e-01
-2.015901729464530945e-03 -3.062186203896999359e-02 2.525078877806663513e-02 9.261494874954223633e-02
-2.628338988870382309e-03 1.641292423009872437e-01 2.710308879613876343e-02 -1.919956356287002563e-01
6.542457849718630314e-04 -3.136974200606346130e-02 2.326317504048347473e-02 1.091124713420867920e-01
2.685097751964349300e-05 1.634112596511840820e-01 2.544542588293552399e-02 -1.761412173509597778e-01
3.295076079666614532e-03 -3.206542879343032837e-02 2.192260138690471649e-02 1.244590431451797485e-01
2.653767587617039680e-03 1.627357006072998047e-01 2.441178262233734131e-02 -1.612277179956436157e-01
5.908481776714324951e-03 -3.272707015275955200e-02 2.118722721934318542e-02 1.390554308891296387e-01
5.253940355032682419e-03 1.620851159095764160e-01 2.396833710372447968e-02 -1.468686759471893311e-01
8.495642803609371185e-03 -3.337172418832778931e-02 2.103096246719360352e-02 1.532783955335617065e-01
7.828208617866039276e-03 1.614428758621215820e-01 2.409652993083000183e-02 -1.326962411403656006e-01
1.105706579983234406e-02 -3.401580080389976501e-02 2.144260518252849579e-02 1.674903482198715210e-01
1.037674956023693085e-02 1.607927680015563965e-01 2.479241229593753815e-02 -1.183516681194305420e-01
1.359260547906160355e-02 3.555508852005004883e-01 2.242537960410118103e-02 -4.031108617782592773e-01
2.070362307131290436e-02 1.601181626319885254e-01 1.436316221952438354e-02 -1.034429818391799927e-01
2.390598691999912262e-02 -3.520664572715759277e-02 1.229430269449949265e-02 1.937366425991058350e-01
2.320185303688049316e-02 1.597373038530349731e-01 1.616903580725193024e-02 -9.504274278879165649e-02
2.639659866690635681e-02 -3.561262041330337524e-02 1.426818035542964935e-02 2.026973217725753784e-01
2.568434737622737885e-02 1.593023985624313354e-01 1.832212693989276886e-02 -8.545074611902236938e-02
2.887039445340633392e-02 -3.607732802629470825e-02 1.661311276257038116e-02 2.129560559988021851e-01
2.814884856343269348e-02 1.588032096624374390e-01 2.087223343551158905e-02 -7.444037497043609619e-02
3.132491186261177063e-02 3.536198139190673828e-01 1.938342675566673279e-02 -3.604656457901000977e-01
3.839730843901634216e-02 1.582277715206146240e-01 1.217411272227764130e-02 -6.173426657915115356e-02
4.156186431646347046e-02 -3.706659004092216492e-02 1.093942765146493912e-02 2.347646802663803101e-01
4.082053154706954956e-02 1.578973680734634399e-01 1.563472114503383636e-02 -5.444763228297233582e-02
4.397847875952720642e-02 -3.744523599743843079e-02 1.454576849937438965e-02 2.431268692016601562e-01
4.322957620024681091e-02 1.574659645557403564e-01 1.940830610692501068e-02 -4.493268206715583801e-02
4.637889564037322998e-02 3.523043096065521240e-01 1.850965246558189392e-02 -3.314294815063476562e-01
5.342498049139976501e-02 1.569238454103469849e-01 1.188106276094913483e-02 -3.296745195984840393e-02
5.656345561146736145e-02 -3.836645558476448059e-02 1.122171431779861450e-02 2.634402811527252197e-01
5.579612776637077332e-02 1.565935313701629639e-01 1.649051904678344727e-02 -2.568219229578971863e-02
5.892799794673919678e-02 3.514751791954040527e-01 1.597687602043151855e-02 -3.131169080734252930e-01
6.595750153064727783e-02 1.561293005943298340e-01 9.714537300169467926e-03 -1.543849240988492966e-02
6.908008456230163574e-02 -3.913061320781707764e-02 9.405767545104026794e-03 2.802935838699340820e-01
6.829747557640075684e-02 1.558559089899063110e-01 1.501163933426141739e-02 -9.408010169863700867e-03
7.141459733247756958e-02 3.507593870162963867e-01 1.482347864657640457e-02 -2.973170280456542969e-01
7.842978090047836304e-02 1.554293036460876465e-01 8.877138607203960419e-03 3.853147973131854087e-06
8.153836429119110107e-02 -3.981882706284523010e-02 8.877214975655078888e-03 2.954743504524230957e-01
8.074199408292770386e-02 1.551754474639892578e-01 1.478670258074998856e-02 5.604328587651252747e-03
8.384550362825393677e-02 3.500822484493255615e-01 1.489878911525011063e-02 -2.823767662048339844e-01
9.084714204072952271e-02 1.547509878873825073e-01 9.251253679394721985e-03 1.496767159551382065e-02
9.394216537475585938e-02 3.497390449047088623e-01 9.550606831908226013e-03 -2.747820913791656494e-01
1.009369492530822754e-01 1.544821560382843018e-01 4.054965451359748840e-03 2.089775912463665009e-02
1.040265858173370361e-01 3.495457172393798828e-01 4.472920671105384827e-03 -2.705030143260955811e-01
1.110175028443336487e-01 1.543602198362350464e-01 -9.371400810778141022e-04 2.358731999993324280e-02
1.141047105193138123e-01 3.494955897331237793e-01 -4.653936775866895914e-04 -2.693911492824554443e-01
1.210946217179298401e-01 1.543802917003631592e-01 -5.853216629475355148e-03 2.314496412873268127e-02
1.241822242736816406e-01 -4.065723344683647156e-02 -5.390317179262638092e-03 3.139753937721252441e-01
1.233690828084945679e-01 1.545410901308059692e-01 8.891908801160752773e-04 1.959742791950702667e-02
1.264598965644836426e-01 3.496502637863159180e-01 1.281139440834522247e-03 -2.728048264980316162e-01
1.334529072046279907e-01 1.545100659132003784e-01 -4.174957051873207092e-03 2.028191089630126953e-02
1.365431100130081177e-01 -4.055175930261611938e-02 -3.769318573176860809e-03 3.116446733474731445e-01
1.357320696115493774e-01 1.546236872673034668e-01 2.463574754074215889e-03 1.777540333569049835e-02
1.388245522975921631e-01 3.497102260589599609e-01 2.819082932546734810e-03 -2.741292119026184082e-01
1.458187550306320190e-01 1.545481681823730469e-01 -2.663501538336277008e-03 1.944151706993579865e-02
1.489097177982330322e-01 3.497081995010375977e-01 -2.274671103805303574e-03 -2.740805745124816895e-01
1.559038758277893066e-01 1.546187847852706909e-01 -7.756283041089773178e-03 1.788403838872909546e-02
1.589962542057037354e-01 -4.039107635617256165e-02 -7.398602087050676346e-03 3.081097006797790527e-01
1.581884324550628662e-01 1.548355072736740112e-01 -1.236407901160418987e-03 1.310267578810453415e-02
1.612851470708847046e-01 3.499751687049865723e-01 -9.743543341755867004e-04 -2.799701094627380371e-01
1.682846546173095703e-01 1.548671275377273560e-01 -6.573756225407123566e-03 1.240536291152238846e-02
1.713819950819015503e-01 3.500827550888061523e-01 -6.325649097561836243e-03 -2.823444008827209473e-01
1.783836483955383301e-01 1.550515890121459961e-01 -1.197253726422786713e-02 8.336760103702545166e-03
1.814846843481063843e-01 -3.989663347601890564e-02 -1.180580165237188339e-02 2.972182929515838623e-01
1.806867420673370361e-01 1.553916037082672119e-01 -5.861436016857624054e-03 8.355210884474217892e-04
1.837945729494094849e-01 -3.964579850435256958e-02 -5.844725295901298523e-03 2.916633486747741699e-01
1.830016672611236572e-01 1.555590033531188965e-01 -1.145849273598287255e-05 -2.857190323993563652e-03
1.861128360033035278e-01 3.506811261177062988e-01 -6.860229768790304661e-05 -2.955437302589416504e-01
1.931264698505401611e-01 1.555601358413696289e-01 -5.979476962238550186e-03 -2.882442437112331390e-03
1.962376683950424194e-01 3.507673442363739014e-01 -6.037125829607248306e-03 -2.974459528923034668e-01
2.032530158758163452e-01 1.557319611310958862e-01 -1.198604516685009003e-02 -6.673128809779882431e-03
2.063676565885543823e-01 -3.921606019139289856e-02 -1.211950741708278656e-02 2.822040915489196777e-01
2.055833339691162109e-01 1.560766398906707764e-01 -6.475425790995359421e-03 -1.427650731056928635e-02
2.087048590183258057e-01 -3.895184397697448730e-02 -6.760955788195133209e-03 2.763563394546508789e-01
2.079258263111114502e-01 1.562659144401550293e-01 -1.233829185366630554e-03 -1.845131069421768188e-02
2.110511511564254761e-01 3.514055311679840088e-01 -1.602855394594371319e-03 -3.115232586860656738e-01
2.180792540311813354e-01 1.563064604997634888e-01 -7.833320647478103638e-03 -1.934626698493957520e-02
2.212053835391998291e-01 -3.870228677988052368e-02 -8.220246061682701111e-03 2.708548903465270996e-01
2.204313427209854126e-01 1.565359979867935181e-01 -2.803148236125707626e-03 -2.440935559570789337e-02
2.235620617866516113e-01 3.516980409622192383e-01 -3.291335422545671463e-03 -3.179754018783569336e-01
2.305960208177566528e-01 1.566231101751327515e-01 -9.650843217968940735e-03 -2.633224427700042725e-02
2.337284833192825317e-01 -3.835911303758621216e-02 -1.017748843878507614e-02 2.632901668548583984e-01
2.329612970352172852e-01 1.569066196680068970e-01 -4.911684431135654449e-03 -3.258538246154785156e-02
2.360994368791580200e-01 -3.814455494284629822e-02 -5.563392303884029388e-03 2.585438191890716553e-01
2.353365421295166016e-01 1.570563763380050659e-01 -3.925157652702182531e-04 -3.588867932558059692e-02
2.384776622056961060e-01 3.521839678287506104e-01 -1.110289362259209156e-03 -3.286954164505004883e-01
2.455213516950607300e-01 1.570778340101242065e-01 -7.684197742491960526e-03 -3.636283800005912781e-02
2.486629039049148560e-01 -3.793309256434440613e-02 -8.411454968154430389e-03 2.538857758045196533e-01
2.479042410850524902e-01 1.573079526424407959e-01 -3.333739005029201508e-03 -4.143835976719856262e-02
2.510504126548767090e-01 3.524775505065917969e-01 -4.162506200373172760e-03 -3.351712524890899658e-01
2.580999433994293213e-01 1.574150770902633667e-01 -1.086593139916658401e-02 -4.380385950207710266e-02
2.612482607364654541e-01 -3.754938766360282898e-02 -1.174200791865587234e-02 2.454310506582260132e-01
2.604972720146179199e-01 1.577382832765579224e-01 -6.833387073129415512e-03 -5.093233287334442139e-02
2.636520266532897949e-01 -3.728501871228218079e-02 -7.852033711969852448e-03 2.395868003368377686e-01
2.629063427448272705e-01 1.579482108354568481e-01 -3.060297807678580284e-03 -5.556250363588333130e-02
2.660652995109558105e-01 -3.712971881031990051e-02 -4.171547945588827133e-03 2.361533045768737793e-01
2.653227150440216064e-01 1.580515801906585693e-01 5.515181110240519047e-04 -5.784253031015396118e-02
2.684837281703948975e-01 3.531656265258789062e-01 -6.053324905224144459e-04 -3.503513932228088379e-01
2.755470573902130127e-01 1.580522805452346802e-01 -7.612360641360282898e-03 -5.785941332578659058e-02
2.787081003189086914e-01 -3.695969656109809875e-02 -8.769548498094081879e-03 2.324120700359344482e-01
2.779688835144042969e-01 1.582864522933959961e-01 -4.121307283639907837e-03 -6.302411109209060669e-02
2.811346352100372314e-01 -3.677616640925407410e-02 -5.381789524108171463e-03 2.283556759357452393e-01
2.803991138935089111e-01 1.584222763776779175e-01 -8.146761101670563221e-04 -6.601998955011367798e-02
2.835675477981567383e-01 3.535558879375457764e-01 -2.135075861588120461e-03 -3.589598536491394043e-01
2.906386554241180420e-01 1.584643721580505371e-01 -9.314272552728652954e-03 -6.695091724395751953e-02
2.938079535961151123e-01 -3.652281686663627625e-02 -1.065329089760780334e-02 2.227788120508193970e-01
2.930774986743927002e-01 1.587497740983963013e-01 -6.197715178132057190e-03 -7.324545830488204956e-02
2.962524890899658203e-01 -3.628278151154518127e-02 -7.662624120712280273e-03 2.174756377935409546e-01
2.955268323421478271e-01 1.589478701353073120e-01 -3.313111374154686928e-03 -7.761452347040176392e-02
2.987057864665985107e-01 -3.612643480300903320e-02 -4.865401890128850937e-03 2.140212655067443848e-01
2.979832589626312256e-01 1.590647399425506592e-01 -5.849767476320266724e-04 -8.019245415925979614e-02
3.011645674705505371e-01 -3.604882210493087769e-02 -2.188825746998190880e-03 2.123058587312698364e-01
3.004435896873474121e-01 1.591043472290039062e-01 2.057291334494948387e-03 -8.106672018766403198e-02
3.036256730556488037e-01 3.541967570781707764e-01 4.359569284133613110e-04 -3.730998635292053223e-01
3.107095956802368164e-01 1.590686142444610596e-01 -7.026040460914373398e-03 -8.027950674295425415e-02
3.138909637928009033e-01 -3.595191985368728638e-02 -8.631629869341850281e-03 2.101784348487854004e-01
3.131719529628753662e-01 1.592923849821090698e-01 -4.428061656653881073e-03 -8.521477133035659790e-02
3.163577914237976074e-01 -3.576581925153732300e-02 -6.132357288151979446e-03 2.060678154230117798e-01
3.156424760818481445e-01 1.594432890415191650e-01 -2.011000877246260643e-03 -8.854324370622634888e-02
3.188313245773315430e-01 -3.564978018403053284e-02 -3.781865816563367844e-03 2.035045325756072998e-01
3.181183338165283203e-01 1.595260500907897949e-01 2.882249827962368727e-04 -9.036898612976074219e-02
3.213088512420654297e-01 3.546438813209533691e-01 -1.519154757261276245e-03 -3.829609751701354980e-01
3.284017443656921387e-01 1.595435142517089844e-01 -9.178373962640762329e-03 -9.075740724802017212e-02
3.315926194190979004e-01 -3.544567897915840149e-02 -1.099352166056632996e-02 1.990156620740890503e-01
3.308836817741394043e-01 1.598317772150039673e-01 -7.013208698481321335e-03 -9.711483865976333618e-02
3.340803384780883789e-01 -3.518896549940109253e-02 -8.955505676567554474e-03 1.933472007513046265e-01
3.333765566349029541e-01 1.600599437952041626e-01 -5.088561214506626129e-03 -1.021472886204719543e-01
3.365777432918548584e-01 -3.498871624469757080e-02 -7.131507154554128647e-03 1.889258772134780884e-01
3.358779847621917725e-01 1.602345257997512817e-01 -3.352989675477147102e-03 -1.059981957077980042e-01
3.390826582908630371e-01 -3.483920916914939880e-02 -5.472953896969556808e-03 1.856249868869781494e-01
3.383858799934387207e-01 1.603606194257736206e-01 -1.760453800670802593e-03 -1.087794080376625061e-01
3.415930867195129395e-01 -3.473605960607528687e-02 -3.936042077839374542e-03 1.833475828170776367e-01
3.408983647823333740e-01 1.604419946670532227e-01 -2.690901746973395348e-04 -1.105744093656539917e-01
3.441072106361389160e-01 -3.467610850930213928e-02 -2.480578375980257988e-03 1.820236146450042725e-01
3.434136807918548584e-01 1.604812443256378174e-01 1.159893814474344254e-03 -1.114408150315284729e-01
3.466233313083648682e-01 -3.465729951858520508e-02 -1.068922574631869793e-03 1.816078275442123413e-01
3.459301590919494629e-01 1.604799330234527588e-01 2.563233952969312668e-03 -1.114121228456497192e-01
3.491397798061370850e-01 3.555650711059570312e-01 3.349914622958749533e-04 -4.032852649688720703e-01
3.562510609626770020e-01 1.604383587837219238e-01 -7.730713579803705215e-03 -1.104967370629310608e-01
3.594598472118377686e-01 -3.457196801900863647e-02 -9.940648451447486877e-03 1.797371953725814819e-01
3.587684035301208496e-01 1.606908142566680908e-01 -6.345904432237148285e-03 -1.160650029778480530e-01
3.619822263717651367e-01 -3.433964028954505920e-02 -8.667204529047012329e-03 1.746091097593307495e-01
3.612954318523406982e-01 1.609052717685699463e-01 -5.175022408366203308e-03 -1.207953914999961853e-01
3.645135164260864258e-01 -3.414215147495269775e-02 -7.590930443257093430e-03 1.702503859996795654e-01
3.638306856155395508e-01 1.610876172780990601e-01 -4.185922443866729736e-03 -1.248175576329231262e-01
3.670524358749389648e-01 -3.397411108016967773e-02 -6.682273931801319122e-03 1.665418297052383423e-01
3.663729429244995117e-01 1.612428575754165649e-01 -3.351437393575906754e-03 -1.282416582107543945e-01
3.695978224277496338e-01 -3.383092954754829407e-02 -5.916270427405834198e-03 1.633820533752441406e-01
3.689211905002593994e-01 1.613752096891403198e-01 -2.648629480972886086e-03 -1.311614215373992920e-01
3.721486926078796387e-01 -3.370869532227516174e-02 -5.271857604384422302e-03 1.606847345829010010e-01
3.714745342731475830e-01 1.614883244037628174e-01 -2.058163285255432129e-03 -1.336566656827926636e-01
3.747043013572692871e-01 -3.360408172011375427e-02 -4.731296561658382416e-03 1.583762317895889282e-01
3.740321993827819824e-01 1.615852862596511841e-01 -1.563771860674023628e-03 -1.357955336570739746e-01
3.772639036178588867e-01 -3.351422771811485291e-02 -4.279682412743568420e-03 1.563936322927474976e-01
3.765936195850372314e-01 1.616687327623367310e-01 -1.151809934526681900e-03 -1.376363486051559448e-01
3.798269927501678467e-01 -3.343670070171356201e-02 -3.904537064954638481e-03 1.546829640865325928e-01
3.791582584381103516e-01 1.617409437894821167e-01 -8.108776528388261795e-04 -1.392291933298110962e-01
3.823930919170379639e-01 -3.336938843131065369e-02 -3.595461370423436165e-03 1.531978100538253784e-01
3.817256987094879150e-01 1.618038564920425415e-01 -5.315051530487835407e-04 -1.406172364950180054e-01
3.849617838859558105e-01 -3.331047669053077698e-02 -3.343849908560514450e-03 1.518979668617248535e-01
3.842955827713012695e-01 1.618591994047164917e-01 -3.058904549106955528e-04 -1.418379992246627808e-01
3.875327408313751221e-01 -3.325837478041648865e-02 -3.142650239169597626e-03 1.507484167814254761e-01
3.868675827980041504e-01 1.619084328413009644e-01 -1.276820694329217076e-04 -1.429242938756942749e-01
3.901057541370391846e-01 -3.321168571710586548e-02 -2.986168023198843002e-03 1.497183442115783691e-01
3.894415199756622314e-01 1.619528979063034058e-01 8.199026524380315095e-06 -1.439051479101181030e-01
3.926805853843688965e-01 -3.316916897892951965e-02 -2.869904041290283203e-03 1.487803608179092407e-01
3.920171856880187988e-01 1.619937568902969360e-01 1.057031186064705253e-04 -1.448065787553787231e-01
3.952570557594299316e-01 -3.312970697879791260e-02 -2.790428465232253075e-03 1.479096859693527222e-01
3.945944905281066895e-01 1.620320975780487061e-01 1.677653199294582009e-04 -1.456522494554519653e-01
3.978351056575775146e-01 -3.309226036071777344e-02 -2.745279809460043907e-03 1.470835953950881958e-01
3.971732854843139648e-01 1.620689034461975098e-01 1.963921822607517242e-04 -1.464641541242599487e-01
4.004146456718444824e-01 -3.305586427450180054e-02 -2.732890658080577850e-03 1.462807357311248779e-01
3.997535407543182373e-01 1.621051132678985596e-01 1.927238772623240948e-04 -1.472631096839904785e-01
4.029956459999084473e-01 -3.301959484815597534e-02 -2.752538537606596947e-03 1.454806029796600342e-01
4.023352563381195068e-01 1.621416658163070679e-01 1.570736640132963657e-04 -1.480694264173507690e-01
4.055780768394470215e-01 -3.298253566026687622e-02 -2.804314717650413513e-03 1.446630507707595825e-01
4.049184322357177734e-01 1.621794700622558594e-01 8.894626807887107134e-05 -1.489032655954360962e-01
4.081620275974273682e-01 -3.294375911355018616e-02 -2.889119088649749756e-03 1.438077241182327271e-01
4.075031280517578125e-01 1.622194498777389526e-01 -1.296449863730231300e-05 -1.497852653264999390e-01
4.107475280761718750e-01 -3.290231898427009583e-02 -3.008669707924127579e-03 1.428935676813125610e-01
4.100894927978515625e-01 1.622625887393951416e-01 -1.507983834017068148e-04 -1.507370173931121826e-01
4.133347272872924805e-01 -3.285719826817512512e-02 -3.165538655593991280e-03 1.418983340263366699e-01
4.126775860786437988e-01 1.623099446296691895e-01 -3.275720810052007437e-04 -1.517815887928009033e-01
4.159238040447235107e-01 -3.280731290578842163e-02 -3.363203722983598709e-03 1.407979875802993774e-01
4.152676463127136230e-01 1.623626500368118286e-01 -5.472440971061587334e-04 -1.529440730810165405e-01
4.185149073600769043e-01 -3.275146707892417908e-02 -3.606125712394714355e-03 1.395661532878875732e-01
4.178598523139953613e-01 1.624219417572021484e-01 -8.148025372065603733e-04 -1.542522609233856201e-01
4.211083054542541504e-01 -3.268832713365554810e-02 -3.899847855791449547e-03 1.381735056638717651e-01
4.204545319080352783e-01 1.624892652034759521e-01 -1.136377686634659767e-03 -1.557372063398361206e-01
4.237043261528015137e-01 -3.261639922857284546e-02 -4.251122009009122849e-03 1.365870088338851929e-01
4.230519831180572510e-01 1.625661849975585938e-01 -1.519381883554160595e-03 -1.574340462684631348e-01
4.263033270835876465e-01 -3.253398463129997253e-02 -4.668063018471002579e-03 1.347691565752029419e-01
4.256526529788970947e-01 1.626545190811157227e-01 -1.972679747268557549e-03 -1.593828052282333374e-01
4.289057254791259766e-01 -3.243913501501083374e-02 -5.160335917025804520e-03 1.326771378517150879e-01
4.282569587230682373e-01 1.627563536167144775e-01 -2.506793243810534477e-03 -1.616293340921401978e-01
4.315120875835418701e-01 -3.232961893081665039e-02 -5.739380139857530594e-03 1.302617192268371582e-01
4.308654963970184326e-01 1.628740727901458740e-01 -3.134145634248852730e-03 -1.642263829708099365e-01
4.341229498386383057e-01 -3.220286965370178223e-02 -6.418673321604728699e-03 1.274661719799041748e-01
4.334789216518402100e-01 1.630104333162307739e-01 -3.869349835440516472e-03 -1.672348380088806152e-01
4.367391169071197510e-01 -3.205591067671775818e-02 -7.214046549052000046e-03 1.242249086499214172e-01
4.360980093479156494e-01 1.631686389446258545e-01 -4.729548469185829163e-03 -1.707252115011215210e-01
4.393613636493682861e-01 -3.188529238104820251e-02 -8.144052699208259583e-03 1.204619333148002625e-01
4.387236535549163818e-01 1.633523851633071899e-01 -5.734814330935478210e-03 -1.747792065143585205e-01
4.419907033443450928e-01 -3.168702125549316406e-02 -9.230398572981357574e-03 1.160890758037567139e-01
4.413569867610931396e-01 1.635659635066986084e-01 -6.908616516739130020e-03 -1.794916242361068726e-01
4.446282982826232910e-01 -3.145645186305046082e-02 -1.049844920635223389e-02 1.110038980841636658e-01
4.439991712570190430e-01 1.638143509626388550e-01 -8.278370834887027740e-03 -1.849726438522338867e-01
4.472754597663879395e-01 -3.118817880749702454e-02 -1.197782438248395920e-02 1.050873100757598877e-01
4.466516971588134766e-01 1.641033589839935303e-01 -9.876077994704246521e-03 -1.913503706455230713e-01
4.499337673187255859e-01 -3.087592869997024536e-02 -1.370308548212051392e-02 9.820076823234558105e-02
4.493162333965301514e-01 1.644397079944610596e-01 -1.173906959593296051e-02 -1.987737566232681274e-01
4.526050388813018799e-01 -3.051239065825939178e-02 -1.571454480290412903e-02 9.018302708864212036e-02
4.519947767257690430e-01 1.648312360048294067e-01 -1.391088496893644333e-02 -2.074161171913146973e-01
4.552914202213287354e-01 -3.008905798196792603e-02 -1.805920712649822235e-02 8.084636926651000977e-02
4.546896219253540039e-01 -2.249475419521331787e-01 -1.644228026270866394e-02 3.677773177623748779e-01
4.501906633377075195e-01 -2.959585562348365784e-02 -9.086733683943748474e-03 6.995557993650436401e-02
4.495987594127655029e-01 1.656551808118820190e-01 -7.687621749937534332e-03 -2.255803495645523071e-01
4.529118537902832031e-01 -2.935605868697166443e-02 -1.219922862946987152e-02 6.466773152351379395e-02
4.523247480392456055e-01 -2.243009954690933228e-01 -1.090587396174669266e-02 3.534769117832183838e-01
4.478387236595153809e-01 -2.902568317949771881e-02 -3.836336312815546989e-03 5.737508088350296021e-02
4.472582042217254639e-01 1.661510616540908813e-01 -2.688834676519036293e-03 -2.365157604217529297e-01
4.505812227725982666e-01 -2.893237024545669556e-02 -7.419149857014417648e-03 5.531781166791915894e-02
4.500025808811187744e-01 1.662951707839965820e-01 -6.312793586403131485e-03 -2.396966516971588135e-01
4.533284902572631836e-01 -2.873603440821170807e-02 -1.110672671347856522e-02 5.098837614059448242e-02
4.527537524700164795e-01 -2.236969769001007080e-01 -1.008695922791957855e-02 3.401464521884918213e-01
4.482798278331756592e-01 -2.843296900391578674e-02 -3.284030128270387650e-03 4.429981857538223267e-02
4.477111697196960449e-01 1.667359173297882080e-01 -2.398033859208226204e-03 -2.494174391031265259e-01
4.510458707809448242e-01 -2.835170365869998932e-02 -7.386382669210433960e-03 4.250813275575637817e-02
4.504788517951965332e-01 -2.233669608831405640e-01 -6.536219734698534012e-03 3.328514695167541504e-01
4.460115134716033936e-01 -2.815259061753749847e-02 1.208093090099282563e-04 3.811452537775039673e-02
4.454484581947326660e-01 1.669676303863525391e-01 8.830998558551073074e-04 -2.545302808284759521e-01
4.487878084182739258e-01 -2.816692180931568146e-02 -4.207505844533443451e-03 3.843105956912040710e-02
4.482244849205017090e-01 -2.232282906770706177e-01 -3.438884625211358070e-03 3.297834992408752441e-01
4.437599182128906250e-01 -2.805754914879798889e-02 3.156785620376467705e-03 3.601811081171035767e-02
4.431987404823303223e-01 1.670189946889877319e-01 3.877147799357771873e-03 -2.556671500205993652e-01
4.465391337871551514e-01 -2.815810218453407288e-02 -1.236195093952119350e-03 3.823616728186607361e-02
4.459759593009948730e-01 1.669815480709075928e-01 -4.714717215392738581e-04 -2.548365294933319092e-01
4.493156075477600098e-01 -2.813366241753101349e-02 -5.568202584981918335e-03 3.769764676690101624e-02
4.487529397010803223e-01 -2.231753170490264893e-01 -4.814249463379383087e-03 3.286185562610626221e-01
4.442894160747528076e-01 -2.798516862094402313e-02 1.758121652528643608e-03 3.442133590579032898e-02
4.437297284603118896e-01 1.671115309000015259e-01 2.446548314765095711e-03 -2.577063739299774170e-01
4.470719397068023682e-01 -2.804526686668395996e-02 -2.707578940317034721e-03 3.574723377823829651e-02
4.465110301971435547e-01 1.671154052019119263e-01 -1.992634264752268791e-03 -2.577887177467346191e-01
4.498533606529235840e-01 -2.797804027795791626e-02 -7.148408796638250351e-03 3.426502272486686707e-02
4.492937922477722168e-01 -2.229967564344406128e-01 -6.463108584284782410e-03 3.246839940547943115e-01
4.448338449001312256e-01 -2.778337709605693817e-02 3.057168214581906796e-05 2.996991574764251709e-02
4.442781805992126465e-01 1.673381328582763672e-01 6.299699889495968819e-04 -2.627033591270446777e-01
4.476249516010284424e-01 -2.779280208051204681e-02 -4.624097142368555069e-03 3.017819486558437347e-02
4.470691084861755371e-01 -2.228481322526931763e-01 -4.020533524453639984e-03 3.213985860347747803e-01
4.426121413707733154e-01 -2.766916342079639435e-02 2.407438354566693306e-03 2.745045907795429230e-02
4.420587420463562012e-01 1.674181818962097168e-01 2.956447424367070198e-03 -2.644719183444976807e-01
4.454071223735809326e-01 -2.774584293365478516e-02 -2.332990989089012146e-03 2.914202772080898285e-02
4.448522031307220459e-01 -2.228342592716217041e-01 -1.750150346197187901e-03 3.210879564285278320e-01
4.403955042362213135e-01 -2.768742851912975311e-02 4.671609029173851013e-03 2.785361558198928833e-02
4.398417770862579346e-01 1.673672199249267578e-01 5.228681024163961411e-03 -2.633517086505889893e-01
4.431891143321990967e-01 -2.782897464931011200e-02 -3.835313327726908028e-05 3.097579814493656158e-02
4.426325261592864990e-01 1.672935336828231812e-01 5.811628652736544609e-04 -2.617192268371582031e-01
4.459784030914306641e-01 -2.783671580255031586e-02 -4.653221927583217621e-03 3.114694729447364807e-02
4.454216659069061279e-01 -2.228916287422180176e-01 -4.030282609164714813e-03 3.223581016063690186e-01
4.409638345241546631e-01 -2.771251834928989410e-02 2.416879404336214066e-03 2.840691991150379181e-02
4.404095709323883057e-01 1.673746854066848755e-01 2.985017839819192886e-03 -2.635124623775482178e-01
4.437570869922637939e-01 -2.778974175453186035e-02 -2.285231836140155792e-03 3.011045977473258972e-02
4.432012736797332764e-01 -2.228788435459136963e-01 -1.683022477664053440e-03 3.220714926719665527e-01
4.387437105178833008e-01 -2.773297019302845001e-02 4.758407361805438995e-03 2.885828725993633270e-02
4.381890296936035156e-01 1.673204153776168823e-01 5.335573107004165649e-03 -2.623195052146911621e-01
4.415354430675506592e-01 -2.787728421390056610e-02 8.918275852920487523e-05 3.204151988029479980e-02
4.409779012203216553e-01 1.672433912754058838e-01 7.300131837837398052e-04 -2.606132626533508301e-01
4.443227648735046387e-01 -2.788897603750228882e-02 -4.482252057641744614e-03 3.229982778429985046e-02
4.437649846076965332e-01 -2.229463607072830200e-01 -3.836255520582199097e-03 3.235651850700378418e-01
4.393060803413391113e-01 -2.776999771595001221e-02 2.635048236697912216e-03 2.967493981122970581e-02
4.387506544589996338e-01 1.673140674829483032e-01 3.228547051548957825e-03 -2.621754407882690430e-01
4.420969486236572266e-01 -2.785382233560085297e-02 -2.014961792156100273e-03 3.152405843138694763e-02
4.415398836135864258e-01 -2.229468226432800293e-01 -1.384480507113039494e-03 3.235705494880676270e-01
4.370809495449066162e-01 -2.780518122017383575e-02 5.086930934339761734e-03 3.045134991407394409e-02
4.365248382091522217e-01 1.672434508800506592e-01 5.695957690477371216e-03 -2.606222629547119141e-01
4.398697018623352051e-01 -2.795934490859508514e-02 4.835124709643423557e-04 3.385178372263908386e-02
4.393105208873748779e-01 1.671556681394577026e-01 1.160548184998333454e-03 -2.586785554885864258e-01
4.426536262035369873e-01 -2.798283100128173828e-02 -4.013022873550653458e-03 3.437020629644393921e-02
4.420939683914184570e-01 -2.230470031499862671e-01 -3.325618803501129150e-03 3.257842957973480225e-01
4.376330375671386719e-01 -2.787786163389682770e-02 3.190066898241639137e-03 3.205445781350135803e-02
4.370754659175872803e-01 1.671981960535049438e-01 3.831156063824892044e-03 -2.596202492713928223e-01
4.404194355010986328e-01 -2.797823585569858551e-02 -1.361249131150543690e-03 3.426859527826309204e-02
4.398598670959472656e-01 1.671632081270217896e-01 -6.758772069588303566e-04 -2.588435113430023193e-01
4.432031512260437012e-01 -2.794908732175827026e-02 -5.852747242897748947e-03 3.362616151571273804e-02
4.426441490650177002e-01 -2.229866236448287964e-01 -5.180224310606718063e-03 3.244567513465881348e-01
4.381844103336334229e-01 -2.779129333794116974e-02 1.308910897932946682e-03 3.014471195638179779e-02
4.376285970211029053e-01 1.673118621110916138e-01 1.911805127747356892e-03 -2.621249556541442871e-01
4.409748315811157227e-01 -2.783732675015926361e-02 -3.330693813040852547e-03 3.116036765277385712e-02
4.404180943965911865e-01 -2.229113578796386719e-01 -2.707486506551504135e-03 3.227905631065368652e-01
4.359598457813262939e-01 -2.775095589458942413e-02 3.748324699699878693e-03 2.925503812730312347e-02
4.354048371315002441e-01 1.673170477151870728e-01 4.333425313234329224e-03 -2.622429132461547852e-01
4.387511909008026123e-01 -2.786649763584136963e-02 -9.114324930123984814e-04 3.180368617177009583e-02
4.381938576698303223e-01 -2.229753732681274414e-01 -2.753588196355849504e-04 3.241989016532897949e-01
4.337343573570251465e-01 -2.784949541091918945e-02 6.208619102835655212e-03 3.142915293574333191e-02
4.331773519515991211e-01 1.671828776597976685e-01 6.837202236056327820e-03 -2.592884302139282227e-01
4.365210235118865967e-01 -2.803601324558258057e-02 1.651433645747601986e-03 3.554316982626914978e-02
4.359602928161621094e-01 1.670622229576110840e-01 2.362297149375081062e-03 -2.566182613372802734e-01
4.393015503883361816e-01 -2.809338085353374481e-02 -2.770068123936653137e-03 3.680884093046188354e-02
4.387396574020385742e-01 -2.231754958629608154e-01 -2.033891156315803528e-03 3.286164999008178711e-01
4.342761635780334473e-01 -2.802465297281742096e-02 4.538438748568296432e-03 3.529286757111549377e-02
4.337156713008880615e-01 1.670319288969039917e-01 5.244296044111251831e-03 -2.559546828269958496e-01
4.370563030242919922e-01 -2.816451154649257660e-02 1.252023794222623110e-04 3.837775439023971558e-02
4.364930093288421631e-01 1.669556498527526855e-01 8.927574381232261658e-04 -2.542656660079956055e-01
4.398321211338043213e-01 -2.817904204130172729e-02 -4.192555788904428482e-03 3.869871795177459717e-02
4.392685592174530029e-01 -2.232406288385391235e-01 -3.418581560254096985e-03 3.300558924674987793e-01
4.348037242889404297e-01 -2.807017415761947632e-02 3.182536456733942032e-03 3.629688546061515808e-02
4.342423379421234131e-01 1.670060008764266968e-01 3.908474463969469070e-03 -2.553802132606506348e-01
4.375824630260467529e-01 -2.817154116928577423e-02 -1.199130201712250710e-03 3.853293508291244507e-02
4.370190203189849854e-01 1.669675856828689575e-01 -4.284714814275503159e-04 -2.545280754566192627e-01
4.403583705425262451e-01 -2.814824692904949188e-02 -5.519033409655094147e-03 3.801966086030006409e-02
4.397954046726226807e-01 -2.231906205415725708e-01 -4.758640192449092865e-03 3.289561867713928223e-01
4.353315830230712891e-01 -2.800125069916248322e-02 1.820483594201505184e-03 3.477640450000762939e-02
4.347715675830841064e-01 1.670945435762405396e-01 2.516011707484722137e-03 -2.573315799236297607e-01
4.381134510040283203e-01 -2.806323394179344177e-02 -2.630620030686259270e-03 3.614386543631553650e-02
4.375521838665008545e-01 -2.231473624706268311e-01 -1.907742698676884174e-03 3.279956579208374023e-01
4.330892562866210938e-01 -2.799830585718154907e-02 4.652170464396476746e-03 3.471171483397483826e-02
4.325292706489562988e-01 1.670566201210021973e-01 5.346404388546943665e-03 -2.564997673034667969e-01
4.358704090118408203e-01 -2.814124897122383118e-02 2.164089237339794636e-04 3.786468133330345154e-02
4.353075921535491943e-01 1.669775992631912231e-01 9.737025247886776924e-04 -2.547499537467956543e-01
4.386471509933471680e-01 -2.815824188292026520e-02 -4.121296573430299759e-03 3.823992982506752014e-02
4.380839765071868896e-01 -2.232208549976348877e-01 -3.356497967615723610e-03 3.296197056770324707e-01
4.336195588111877441e-01 -2.805128134787082672e-02 3.235896117985248566e-03 3.588018566370010376e-02
4.330585300922393799e-01 1.670241206884384155e-01 3.953499719500541687e-03 -2.557800412178039551e-01
4.363990128040313721e-01 -2.815405651926994324e-02 -1.162100699730217457e-03 3.814727067947387695e-02
4.358359277248382568e-01 1.669845432043075562e-01 -3.991552803199738264e-04 -2.549020946025848389e-01
4.391756355762481689e-01 -2.813170850276947021e-02 -5.497197154909372330e-03 3.765491768717765808e-02
4.386129975318908691e-01 -2.231743931770324707e-01 -4.744098521769046783e-03 3.285983800888061523e-01
4.341495037078857422e-01 -2.798523381352424622e-02 1.827868749387562275e-03 3.442315012216567993e-02
4.335897862911224365e-01 1.671104580163955688e-01 2.516331849619746208e-03 -2.576825022697448730e-01
4.369319975376129150e-01 -2.804732881486415863e-02 -2.637318335473537445e-03 3.579304739832878113e-02
4.363710582256317139e-01 -2.231313586235046387e-01 -1.921457354910671711e-03 3.276427090167999268e-01
4.319084286689758301e-01 -2.798210643231868744e-02 4.631396848708391190e-03 3.435445949435234070e-02
4.313488006591796875e-01 1.670731306076049805e-01 5.318486131727695465e-03 -2.568636238574981689e-01
4.346902668476104736e-01 -2.812435477972030640e-02 1.812135742511600256e-04 3.749208152294158936e-02
4.341277778148651123e-01 1.669950038194656372e-01 9.310552268289029598e-04 -2.551336586475372314e-01
4.374676644802093506e-01 -2.814023569226264954e-02 -4.171618260443210602e-03 3.784278780221939087e-02
4.369048476219177246e-01 -2.232021242380142212e-01 -3.414762206375598907e-03 3.292066156864166260e-01
4.324408173561096191e-01 -2.803172171115875244e-02 3.169369883835315704e-03 3.544878959655761719e-02
4.318801760673522949e-01 1.670446395874023438e-01 3.878345713019371033e-03 -2.562325000762939453e-01
4.352210760116577148e-01 -2.813247218728065491e-02 -1.246304018422961235e-03 3.767120465636253357e-02
4.346584379673004150e-01 1.670073270797729492e-01 -4.928799462504684925e-04 -2.554046809673309326e-01
4.379985630512237549e-01 -2.810758166015148163e-02 -5.600973498076200485e-03 3.712274134159088135e-02
4.374364316463470459e-01 -2.231487631797790527e-01 -4.858518950641155243e-03 3.280332684516906738e-01
4.329734444618225098e-01 -2.795798704028129578e-02 1.702146255411207676e-03 3.382213786244392395e-02
4.324142932891845703e-01 1.671395152807235718e-01 2.378589008003473282e-03 -2.583232522010803223e-01
4.357570707798004150e-01 -2.801631391048431396e-02 -2.787876175716519356e-03 3.510896116495132446e-02
4.351967573165893555e-01 -2.230981737375259399e-01 -2.085696905851364136e-03 3.269109725952148438e-01
4.307347834110260010e-01 -2.794659137725830078e-02 4.452522844076156616e-03 3.357104957103729248e-02
4.301758706569671631e-01 1.671112328767776489e-01 5.123943556100130081e-03 -2.577037513256072998e-01
4.335180819034576416e-01 -2.808350138366222382e-02 -3.013110472238622606e-05 3.659094125032424927e-02
4.329563975334167480e-01 1.670388877391815186e-01 7.016877061687409878e-04 -2.561014890670776367e-01
4.362971782684326172e-01 -2.809308096766471863e-02 -4.420342389494180679e-03 3.680267557501792908e-02
4.357353150844573975e-01 -2.231513708829879761e-01 -3.684288589283823967e-03 3.280876576900482178e-01
4.312722980976104736e-01 -2.797715738415718079e-02 2.877464517951011658e-03 3.424516320228576660e-02
4.307127594947814941e-01 1.671034097671508789e-01 3.562367986887693405e-03 -2.575285136699676514e-01
4.340548217296600342e-01 -2.806921675801277161e-02 -1.588202198036015034e-03 3.627591207623481750e-02
4.334934353828430176e-01 -2.231683582067489624e-01 -8.626839844509959221e-04 3.284573256969451904e-01
4.290300607681274414e-01 -2.803413383662700653e-02 5.706462543457746506e-03 3.550247102975845337e-02
4.284693896770477295e-01 1.670055240392684937e-01 6.416511721909046173e-03 -2.553745508193969727e-01
4.318095147609710693e-01 -2.820745296776294708e-02 1.309020677581429482e-03 3.932531550526618958e-02
4.312453567981719971e-01 1.668957024812698364e-01 2.095527015626430511e-03 -2.529443204402923584e-01
4.345832765102386475e-01 -2.825610712170600891e-02 -2.963359234854578972e-03 4.039884358644485474e-02
4.340181350708007812e-01 -2.233354449272155762e-01 -2.155382419005036354e-03 3.321453332901000977e-01
4.295514225959777832e-01 -2.818287536501884460e-02 4.487524274736642838e-03 3.878347948193550110e-02
4.289877712726593018e-01 1.668744385242462158e-01 5.263193510472774506e-03 -2.524802088737487793e-01
4.323252737522125244e-01 -2.832227014005184174e-02 2.135893591912463307e-04 4.185816273093223572e-02
4.317588210105895996e-01 1.667966097593307495e-01 1.050752587616443634e-03 -2.507573664188385010e-01
4.350947439670562744e-01 -2.834032289683818817e-02 -3.964394796639680862e-03 4.225680232048034668e-02
4.345279335975646973e-01 -2.234051972627639771e-01 -3.119258675724267960e-03 3.336862921714782715e-01
4.300598502159118652e-01 -2.823899500072002411e-02 3.554467344656586647e-03 4.002134501934051514e-02
4.294950664043426514e-01 1.668318063020706177e-01 4.354894161224365234e-03 -2.515380084514617920e-01
4.328317046165466309e-01 -2.835206128656864166e-02 -6.758656818419694901e-04 4.251536354422569275e-02
4.322646558284759521e-01 1.667795777320861816e-01 1.744415494613349438e-04 -2.503807246685028076e-01
4.356002509593963623e-01 -2.834486588835716248e-02 -4.833173006772994995e-03 4.235721379518508911e-02
4.350333511829376221e-01 -2.233971804380416870e-01 -3.986028954386711121e-03 3.335113227367401123e-01
4.305654168128967285e-01 -2.821872197091579437e-02 2.684197621420025826e-03 3.957407176494598389e-02
4.300010204315185547e-01 1.668646335601806641e-01 3.475679084658622742e-03 -2.522607445716857910e-01
4.333383142948150635e-01 -2.830677293241024017e-02 -1.569536165334284306e-03 4.151643440127372742e-02
4.327721893787384033e-01 1.668376475572586060e-01 -7.392074330709874630e-04 -2.516612708568572998e-01
4.361089468002319336e-01 -2.827373892068862915e-02 -5.772433243691921234e-03 4.078839346766471863e-02
4.355434775352478027e-01 -2.233124375343322754e-01 -4.956665448844432831e-03 3.316444754600524902e-01
4.310772120952606201e-01 -2.812028676271438599e-02 1.676224521361291409e-03 3.740259632468223572e-02
4.305148124694824219e-01 1.669775843620300293e-01 2.424276433885097504e-03 -2.547509968280792236e-01
4.338543713092803955e-01 -2.817889489233493805e-02 -2.670743502676486969e-03 3.869560733437538147e-02
4.332907795906066895e-01 -2.232624441385269165e-01 -1.896831323392689228e-03 3.305346965789794922e-01
4.288255274295806885e-01 -2.811354398727416992e-02 4.713862668722867966e-03 3.725419938564300537e-02
4.282632768154144287e-01 1.669404953718185425e-01 5.458946339786052704e-03 -2.539377510547637939e-01
4.316020905971527100e-01 -2.825897745788097382e-02 3.801918064709752798e-04 4.046202823519706726e-02
4.310368895530700684e-01 1.668575257062911987e-01 1.189432339742779732e-03 -2.521009147167205811e-01
4.343740642070770264e-01 -2.828139439225196838e-02 -3.852586029097437859e-03 4.095694050192832947e-02
4.338084161281585693e-01 -2.233478873968124390e-01 -3.033447312191128731e-03 3.324218392372131348e-01
4.293414652347564697e-01 -2.818289212882518768e-02 3.614989807829260826e-03 3.878387063741683960e-02
4.287778139114379883e-01 1.668870300054550171e-01 4.390667192637920380e-03 -2.527562975883483887e-01
4.321155548095703125e-01 -2.829733677208423615e-02 -6.644588429480791092e-04 4.130828380584716797e-02
4.315496087074279785e-01 1.668341308832168579e-01 1.617068483028560877e-04 -2.515842020511627197e-01
4.348862767219543457e-01 -2.829012274742126465e-02 -4.869977477937936783e-03 4.114971682429313660e-02
4.343204796314239502e-01 -2.233418971300125122e-01 -4.046983085572719574e-03 3.322921395301818848e-01
4.298536479473114014e-01 -2.816258184611797333e-02 2.598859835416078568e-03 3.833575546741485596e-02
4.292903840541839600e-01 1.669220030307769775e-01 3.365574870258569717e-03 -2.535260617733001709e-01
4.326288402080535889e-01 -2.824784070253372192e-02 -1.704946509562432766e-03 4.021651297807693481e-02
4.320638775825500488e-01 1.668985188007354736e-01 -9.006162872537970543e-04 -2.530038654804229736e-01
4.354018568992614746e-01 -2.821056172251701355e-02 -5.960693117231130600e-03 3.939486667513847351e-02
4.348376393318176270e-01 -2.232465296983718872e-01 -5.172796081751585007e-03 3.301911950111389160e-01
4.303727149963378906e-01 -2.805132977664470673e-02 1.431027776561677456e-03 3.588150814175605774e-02
4.298116862773895264e-01 1.670500785112380981e-01 2.148658037185668945e-03 -2.563495635986328125e-01
4.331526756286621094e-01 -2.810249105095863342e-02 -2.978333504870533943e-03 3.701030090451240540e-02
4.325906336307525635e-01 -2.231816053390502930e-01 -2.238127402961254120e-03 3.287520408630371094e-01
4.281269907951354980e-01 -2.802786417305469513e-02 4.336913581937551498e-03 3.536415845155715942e-02
4.275664389133453369e-01 1.670316308736801147e-01 5.044196732342243195e-03 -2.559472620487213135e-01
4.309070706367492676e-01 -2.816197834908962250e-02 -7.474875746993348002e-05 3.832239285111427307e-02
4.303438365459442139e-01 1.669610440731048584e-01 6.916991551406681538e-04 -2.543841302394866943e-01
4.336830675601959229e-01 -2.817077562212944031e-02 -4.395983181893825531e-03 3.851690515875816345e-02
4.331196248531341553e-01 -2.232294082641601562e-01 -3.625645069405436516e-03 3.298096060752868652e-01
4.286550581455230713e-01 -2.805603854358196259e-02 2.970547415316104889e-03 3.598554432392120361e-02
4.280939400196075439e-01 1.670231819152832031e-01 3.690258134156465530e-03 -2.557586729526519775e-01
4.314343929290771484e-01 -2.815125510096549988e-02 -1.424915157258510590e-03 3.808594122529029846e-02
4.308713674545288086e-01 -2.232527434825897217e-01 -6.631963769905269146e-04 3.303189575672149658e-01
4.264063239097595215e-01 -2.812135964632034302e-02 5.943182855844497681e-03 3.742695599794387817e-02
4.258438944816589355e-01 1.669148653745651245e-01 6.691721733659505844e-03 -2.533749341964721680e-01
4.291821718215942383e-01 -2.830199338495731354e-02 1.624223310500383377e-03 4.141115769743919373e-02
4.286161363124847412e-01 1.667966246604919434e-01 2.452446380630135536e-03 -2.507588565349578857e-01
4.319520890712738037e-01 -2.836025878787040710e-02 -2.562730805948376656e-03 4.269659891724586487e-02
4.313848614692687988e-01 1.667983531951904297e-01 -1.708798925392329693e-03 -2.507937848567962646e-01
4.347208440303802490e-01 -2.829916030168533325e-02 -6.724674720317125320e-03 4.134965687990188599e-02
4.341548681259155273e-01 -2.233240455389022827e-01 -5.897681694477796555e-03 3.319033086299896240e-01
4.296883642673492432e-01 -2.811863832175731659e-02 7.403848576359450817e-04 3.736640512943267822e-02
4.291259944438934326e-01 1.669926941394805908e-01 1.487712957896292210e-03 -2.550828456878662109e-01
4.324658513069152832e-01 -2.815047279000282288e-02 -3.613943699747323990e-03 3.806897252798080444e-02
4.319028556346893311e-01 -2.232204079627990723e-01 -2.852564211934804916e-03 3.296094834804534912e-01
4.274384379386901855e-01 -2.805797196924686432e-02 3.739625448361039162e-03 3.602835163474082947e-02
4.268772900104522705e-01 1.670101583003997803e-01 4.460192285478115082e-03 -2.554723322391510010e-01
4.302174746990203857e-01 -2.817519381642341614e-02 -6.492543616332113743e-04 3.861406072974205017e-02
4.296539723873138428e-01 1.669560670852661133e-01 1.230268244398757815e-04 -2.542736530303955078e-01
4.329930841922760010e-01 -2.816764637827873230e-02 -4.962446168065071106e-03 3.844808787107467651e-02
4.324297308921813965e-01 -2.232180833816528320e-01 -4.193484317511320114e-03 3.295612037181854248e-01
4.279653728008270264e-01 -2.803669124841690063e-02 2.397739561274647713e-03 3.555878996849060059e-02
4.274046421051025391e-01 1.670507937669754028e-01 3.108915407210588455e-03 -2.563666701316833496e-01
4.307456612586975098e-01 -2.811540476977825165e-02 -2.018417930230498314e-03 3.729524463415145874e-02
4.301833510398864746e-01 -2.232083529233932495e-01 -1.272512949071824551e-03 3.293406665325164795e-01
4.257192015647888184e-01 -2.806831151247024536e-02 5.314300302416086197e-03 3.625670820474624634e-02
4.251578152179718018e-01 1.669770330190658569e-01 6.039434112608432770e-03 -2.547447681427001953e-01
4.284973740577697754e-01 -2.823062986135482788e-02 9.445388568565249443e-04 3.983695805072784424e-02
4.279327392578125000e-01 1.668777614831924438e-01 1.741277985274791718e-03 -2.525478005409240723e-01
4.312703013420104980e-01 -2.826900780200958252e-02 -3.309678053483366966e-03 4.068384319543838501e-02
4.307049214839935303e-01 -2.233433425426483154e-01 -2.496001310646533966e-03 3.323206901550292969e-01
4.262380599975585938e-01 -2.818595245480537415e-02 4.150412511080503464e-03 3.885170072317123413e-02
4.256743490695953369e-01 1.668762415647506714e-01 4.927446600049734116e-03 -2.525188326835632324e-01
4.290118515491485596e-01 -2.831572666764259338e-02 -1.229301415150985122e-04 4.171421006321907043e-02
4.284455478191375732e-01 1.668079793453216553e-01 7.113540777936577797e-04 -2.510074973106384277e-01
4.317817091941833496e-01 -2.832411602139472961e-02 -4.308796022087335587e-03 4.189971834421157837e-02
4.312152266502380371e-01 -2.233840227127075195e-01 -3.470801515504717827e-03 3.332200646400451660e-01
4.267475605010986328e-01 -2.821283601224422455e-02 3.193599870428442955e-03 3.944465145468711853e-02
4.261832833290100098e-01 1.668631732463836670e-01 3.982492722570896149e-03 -2.522289454936981201e-01
4.295205473899841309e-01 -2.831541746854782104e-02 -1.062086201272904873e-03 4.170745983719825745e-02
4.289542436599731445e-01 1.668217480182647705e-01 -2.279369800817221403e-04 -2.513103783130645752e-01
4.322906732559204102e-01 -2.829694934189319611e-02 -5.254144314676523209e-03 4.130064696073532104e-02
4.317247271537780762e-01 -2.233431637287139893e-01 -4.428131505846977234e-03 3.323212265968322754e-01
4.272578656673431396e-01 -2.815846540033817291e-02 2.218292793259024620e-03 3.824517503380775452e-02
4.266947209835052490e-01 1.669315993785858154e-01 2.983196405693888664e-03 -2.537370324134826660e-01
4.300333559513092041e-01 -2.823281474411487579e-02 -2.091544214636087418e-03 3.988535329699516296e-02
4.294686913490295410e-01 -2.233247160911560059e-01 -1.293837209232151508e-03 3.319076299667358398e-01
4.250021874904632568e-01 -2.818436734378337860e-02 5.344315432012081146e-03 3.881698474287986755e-02
4.244385063648223877e-01 1.668605357408523560e-01 6.120655220001935959e-03 -2.521749734878540039e-01
4.277757108211517334e-01 -2.834827266633510590e-02 1.077155815437436104e-03 4.243221879005432129e-02
4.272087514400482178e-01 1.667582094669342041e-01 1.925800228491425514e-03 -2.499106526374816895e-01
4.305438995361328125e-01 -2.839118428528308868e-02 -3.072412917390465736e-03 4.337908327579498291e-02
4.299760758876800537e-01 -2.234689444303512573e-01 -2.204831223934888840e-03 3.350910544395446777e-01
4.255067110061645508e-01 -2.831568196415901184e-02 4.496989771723747253e-03 4.171365126967430115e-02
4.249404072761535645e-01 1.667414903640747070e-01 5.331262946128845215e-03 -2.495470494031906128e-01
4.282752275466918945e-01 -2.845618315041065216e-02 3.403218870516866446e-04 4.481269419193267822e-02
4.277060925960540771e-01 1.666608899831771851e-01 1.236575772054493427e-03 -2.477628439664840698e-01
4.310393333435058594e-01 -2.847870253026485443e-02 -3.718680934980511665e-03 4.530987516045570374e-02
4.304697513580322266e-01 -2.235471308231353760e-01 -2.812483347952365875e-03 3.368172049522399902e-01
4.259988069534301758e-01 -2.838527038693428040e-02 3.923860844224691391e-03 4.324870556592941284e-02
4.254311025142669678e-01 1.666801869869232178e-01 4.788835067301988602e-03 -2.481936216354370117e-01
4.287647008895874023e-01 -2.850981988012790680e-02 -1.750377123244106770e-04 4.599594697356224060e-02
4.281944930553436279e-01 1.666146367788314819e-01 7.448812248185276985e-04 -2.467422038316726685e-01
4.315268099308013916e-01 -2.851794101297855377e-02 -4.189962986856698990e-03 4.617558792233467102e-02
4.309564530849456787e-01 -2.235795557498931885e-01 -3.266450949013233185e-03 3.375335931777954102e-01
4.264848530292510986e-01 -2.841127850115299225e-02 3.484220942482352257e-03 4.382240772247314453e-02
4.259166121482849121e-01 1.666605323553085327e-01 4.360669292509555817e-03 -2.477591782808303833e-01
4.292498230934143066e-01 -2.852341905236244202e-02 -5.945144803263247013e-04 4.629600048065185547e-02
4.286793768405914307e-01 1.666070520877838135e-01 3.314055211376398802e-04 -2.465744465589523315e-01
4.320115149021148682e-01 -2.851963043212890625e-02 -4.600083455443382263e-03 4.621300101280212402e-02
4.314411282539367676e-01 -2.235753238201141357e-01 -3.675823332741856575e-03 3.374410271644592285e-01
4.269696176052093506e-01 -2.840125188231468201e-02 3.072997089475393295e-03 4.360120743513107300e-02
4.264015853404998779e-01 1.666764914989471436e-01 3.945020958781242371e-03 -2.481105774641036987e-01
4.297351241111755371e-01 -2.850157022476196289e-02 -1.017190399579703808e-03 4.581407830119132996e-02
4.291650950908660889e-01 1.666349470615386963e-01 -1.009088373393751681e-04 -2.471896111965179443e-01
4.324977695941925049e-01 -2.848555892705917358e-02 -5.044701043516397476e-03 4.546149075031280518e-02
4.319280683994293213e-01 -2.235348075628280640e-01 -4.135471303015947342e-03 3.365485072135925293e-01
4.274573624134063721e-01 -2.835425175726413727e-02 2.595498925074934959e-03 4.256434738636016846e-02
4.268902838230133057e-01 1.667303889989852905e-01 3.446785965934395790e-03 -2.492985427379608154e-01
