2.444505691528320312e-02 2.598894201219081879e-02 2.297908999025821686e-02 -2.823526412248611450e-02
2.496483549475669861e-02 -1.694548726081848145e-01 2.241438440978527069e-02 2.716083228588104248e-01
2.157573774456977844e-02 2.534017711877822876e-02 2.784655056893825531e-02 -1.392158400267362595e-02
2.208254113793373108e-02 2.200519293546676636e-01 2.756811864674091339e-02 -2.976901531219482422e-01
2.648358047008514404e-02 2.454807050526142120e-02 2.161431685090065002e-02 3.558207768946886063e-03
2.697454206645488739e-02 2.193534821271896362e-01 2.168548107147216797e-02 -2.822275459766387939e-01
3.136160969734191895e-02 2.392903156578540802e-02 1.604092866182327271e-02 1.721524260938167572e-02
3.184019029140472412e-02 2.188173085451126099e-01 1.638523489236831665e-02 -2.703637182712554932e-01
3.621653839945793152e-02 2.346541546285152435e-02 1.097795926034450531e-02 2.744181454181671143e-02
3.668584674596786499e-02 -1.718122363090515137e-01 1.152679603546857834e-02 3.235681056976318359e-01
3.324960172176361084e-02 2.314370498061180115e-02 1.799815706908702850e-02 3.454241901636123657e-02
3.371247649192810059e-02 2.180029898881912231e-01 1.868900656700134277e-02 -2.524079978466033936e-01
3.807253763079643250e-02 2.261923253536224365e-02 1.364084612578153610e-02 4.611070454120635986e-02
3.852492198348045349e-02 2.175429463386535645e-01 1.456306036561727524e-02 -2.422373890876770020e-01
4.287577793002128601e-02 2.221604064106941223e-02 9.718311950564384460e-03 5.500330030918121338e-02
4.332010075449943542e-02 -1.730439066886901855e-01 1.081837806850671768e-02 3.507365286350250244e-01
3.985922411084175110e-02 2.192254178225994110e-02 1.783310808241367340e-02 6.148451194167137146e-02
4.029767215251922607e-02 2.167843282222747803e-01 1.906279847025871277e-02 -2.255190312862396240e-01
4.463335871696472168e-02 2.139519341289997101e-02 1.455241814255714417e-02 7.311553508043289185e-02
4.506126418709754944e-02 2.163055241107940674e-01 1.601472869515419006e-02 -2.149407416582107544e-01
4.938737303018569946e-02 2.095832675695419312e-02 1.171591412276029587e-02 8.275061100721359253e-02
4.980653896927833557e-02 2.159103900194168091e-01 1.337092649191617966e-02 -2.062130123376846313e-01
5.412475019693374634e-02 2.059981226921081543e-02 9.246665984392166138e-03 9.065759927034378052e-02
5.453674495220184326e-02 2.155880182981491089e-01 1.105981785804033279e-02 -1.990937292575836182e-01
5.884850397706031799e-02 2.030963823199272156e-02 7.077943533658981323e-03 9.705744683742523193e-02
5.925469845533370972e-02 2.153294384479522705e-01 9.019092656672000885e-03 -1.933840215206146240e-01
6.356128305196762085e-02 2.007963508367538452e-02 5.151411984115839005e-03 1.021303460001945496e-01
6.396287679672241211e-02 2.151273787021636963e-01 7.194018922746181488e-03 -1.889228820800781250e-01
6.826542317867279053e-02 1.990325190126895905e-02 3.415561048313975334e-03 1.060207560658454895e-01
6.866349279880523682e-02 2.149760872125625610e-01 5.535976029932498932e-03 -1.855826228857040405e-01
7.296301424503326416e-02 1.977537013590335846e-02 1.824323670007288456e-03 1.088415384292602539e-01
7.335852086544036865e-02 -1.753726750612258911e-01 4.001154564321041107e-03 4.020994603633880615e-01
6.985107064247131348e-02 1.969229616224765778e-02 1.204314362257719040e-02 1.106806918978691101e-01
7.024491578340530396e-02 2.146396189928054810e-01 1.425675768405199051e-02 -1.781784892082214355e-01
7.453770935535430908e-02 1.931658387184143066e-02 1.069318782538175583e-02 1.189676374197006226e-01
7.492403686046600342e-02 2.142837047576904297e-01 1.307254005223512650e-02 -1.703225970268249512e-01
7.920971512794494629e-02 1.897710934281349182e-02 9.666088968515396118e-03 1.264554858207702637e-01
7.958925515413284302e-02 2.139592617750167847e-01 1.219519879668951035e-02 -1.631622910499572754e-01
8.386843651533126831e-02 1.866487227380275726e-02 8.931952528655529022e-03 1.333428025245666504e-01
8.424174040555953979e-02 2.136577516794204712e-01 1.159880869090557098e-02 -1.565088778734207153e-01
8.851489424705505371e-02 1.837166957557201385e-02 8.468630723655223846e-03 1.398105174303054810e-01
8.888232707977294922e-02 2.133713066577911377e-01 1.126484107226133347e-02 -1.501887142658233643e-01
9.314975142478942871e-02 1.808988116681575775e-02 8.261066861450672150e-03 1.460266411304473877e-01
9.351155161857604980e-02 2.130925655364990234e-01 1.118159946054220200e-02 -1.440386772155761719e-01
9.777340292930603027e-02 1.781227439641952515e-02 8.300825953483581543e-03 1.521507650613784790e-01
9.812964498996734619e-02 2.128143906593322754e-01 1.134384144097566605e-02 -1.379019170999526978e-01
1.023859307169914246e-01 1.753181405365467072e-02 8.585803210735321045e-03 1.583381146192550659e-01
1.027365699410438538e-01 2.125297933816909790e-01 1.175256539136171341e-02 -1.316238790750503540e-01
1.069871634244918823e-01 1.724148355424404144e-02 9.120088070631027222e-03 1.647435277700424194e-01
1.073319986462593079e-01 2.122316956520080566e-01 1.241495832800865173e-02 -1.250483542680740356e-01
1.115766316652297974e-01 1.693411171436309814e-02 9.913991205394268036e-03 1.715253591537475586e-01
1.119153127074241638e-01 2.119127810001373291e-01 1.334449835121631622e-02 -1.180135980248451233e-01
1.161535680294036865e-01 1.660219207406044006e-02 1.098422612994909286e-02 1.788493543863296509e-01
1.164856106042861938e-01 2.115652412176132202e-01 1.456121355295181274e-02 -1.103482916951179504e-01
1.207169145345687866e-01 1.623770035803318024e-02 1.235424820333719254e-02 1.868928223848342896e-01
1.210416704416275024e-01 2.111807316541671753e-01 1.609210483729839325e-02 -1.018673628568649292e-01
1.252652853727340698e-01 1.583190262317657471e-02 1.405475661158561707e-02 1.958488225936889648e-01
1.255819201469421387e-01 2.107500284910202026e-01 1.797173358500003815e-02 -9.236752241849899292e-02
1.297969222068786621e-01 4.056098461151123047e-01 1.612438261508941650e-02 -3.793266415596008301e-01
1.379091143608093262e-01 2.102626562118530273e-01 8.537850342690944672e-03 -8.160359412431716919e-02
1.421143710613250732e-01 1.501936186105012894e-02 6.905777845531702042e-03 2.137607634067535400e-01
1.424147635698318481e-01 2.100419104099273682e-01 1.118099316954612732e-02 -7.673578709363937378e-02
1.466155946254730225e-01 4.050017893314361572e-01 9.646277874708175659e-03 -3.658702075481414795e-01
1.547156274318695068e-01 2.097441107034683228e-01 2.328873611986637115e-03 -7.016132771968841553e-02
1.589105129241943359e-01 1.458884123712778091e-02 9.256469784304499626e-04 2.232554554939270020e-01
1.592022925615310669e-01 2.096975445747375488e-01 5.390756297856569290e-03 -6.913533806800842285e-02
1.633962392807006836e-01 4.047417938709259033e-01 4.008049611002206802e-03 -3.601125776767730713e-01
1.714910864830017090e-01 2.095631062984466553e-01 -3.194202203303575516e-03 -6.616853177547454834e-02
1.756823360919952393e-01 1.448709703981876373e-02 -4.517572931945323944e-03 2.255048900842666626e-01
1.759720891714096069e-01 2.096733152866363525e-01 -7.475109214283293113e-06 -6.859961152076721191e-02
1.801655441522598267e-01 1.455147657543420792e-02 -1.379467430524528027e-03 2.240809500217437744e-01
1.804565787315368652e-01 2.096931189298629761e-01 3.102151677012443542e-03 -6.903678923845291138e-02
1.846504360437393188e-01 4.047704637050628662e-01 1.721415785141289234e-03 -3.607393503189086914e-01
1.927458494901657104e-01 2.096240818500518799e-01 -5.493371281772851944e-03 -6.751412898302078247e-02
1.969383358955383301e-01 1.458131335675716400e-02 -6.843653973191976547e-03 2.234305590391159058e-01
1.972299665212631226e-01 2.098004072904586792e-01 -2.375042997300624847e-03 -7.140324264764785767e-02
2.014259696006774902e-01 1.471258699893951416e-02 -3.803107887506484985e-03 2.205293923616409302e-01
2.017202228307723999e-01 2.098886966705322266e-01 6.074801203794777393e-04 -7.335075736045837402e-02
2.059179991483688354e-01 4.050019383430480957e-01 -8.595350082032382488e-04 -3.658419549465179443e-01
2.140180319547653198e-01 2.098921984434127808e-01 -8.176374249160289764e-03 -7.343018054962158203e-02
2.182158827781677246e-01 1.488841883838176727e-02 -9.644977748394012451e-03 2.166618853807449341e-01
2.185136377811431885e-01 2.101469188928604126e-01 -5.311739630997180939e-03 -7.904780656099319458e-02
2.227165848016738892e-01 1.510151010006666183e-02 -6.892696022987365723e-03 2.119545340538024902e-01
2.230186164379119873e-01 2.103213220834732056e-01 -2.653605304658412933e-03 -8.289468288421630859e-02
2.272250354290008545e-01 1.523751672357320786e-02 -4.311499185860157013e-03 2.089498490095138550e-01
2.275297939777374268e-01 2.104208469390869141e-01 -1.325020421063527465e-04 -8.509001135826110840e-02
2.317382097244262695e-01 4.055446982383728027e-01 -1.834302209317684174e-03 -3.778147399425506592e-01
2.398491054773330688e-01 2.104488462209701538e-01 -9.390597231686115265e-03 -8.571073412895202637e-02
2.440580725669860840e-01 1.546275615692138672e-02 -1.110481191426515579e-02 2.039947062730789185e-01
2.443673312664031982e-01 2.107417434453964233e-01 -7.024917285889387131e-03 -9.217044711112976074e-02
2.485821694135665894e-01 1.572117954492568970e-02 -8.868326433002948761e-03 1.982878595590591431e-01
2.488965839147567749e-01 2.109688520431518555e-01 -4.902569111436605453e-03 -9.717936813831329346e-02
2.531159818172454834e-01 1.591750048100948334e-02 -6.846156436949968338e-03 1.939527839422225952e-01
2.534343302249908447e-01 2.111367136240005493e-01 -2.967101056128740311e-03 -1.008819267153739929e-01
2.576570510864257812e-01 1.605740934610366821e-02 -4.984739702194929123e-03 1.908634155988693237e-01
2.579782009124755859e-01 2.112503200769424438e-01 -1.167471287772059441e-03 -1.033878177404403687e-01
2.622032165527343750e-01 4.063889682292938232e-01 -3.235227661207318306e-03 -3.964388370513916016e-01
2.703309953212738037e-01 2.113130837678909302e-01 -1.116400491446256638e-02 -1.047776862978935242e-01
2.745572626590728760e-01 1.635288074612617493e-02 -1.325955800712108612e-02 1.843622326850891113e-01
2.748843133449554443e-01 2.116620242595672607e-01 -9.572314098477363586e-03 -1.124739125370979309e-01
2.791175544261932373e-01 1.667852886021137238e-02 -1.182179152965545654e-02 1.771737039089202881e-01
2.794511020183563232e-01 2.119676470756530762e-01 -8.278317749500274658e-03 -1.192150264978408813e-01
2.836904823780059814e-01 1.696527749300003052e-02 -1.066261809319257736e-02 1.708447039127349854e-01
2.840297818183898926e-01 2.122382074594497681e-01 -7.245724089443683624e-03 -1.251827925443649292e-01
2.882745265960693359e-01 1.722080446779727936e-02 -9.749379940330982208e-03 1.652054190635681152e-01
2.886189520359039307e-01 2.124809473752975464e-01 -6.445271894335746765e-03 -1.305371522903442383e-01
2.928685843944549561e-01 1.745191588997840881e-02 -9.056014940142631531e-03 1.601054221391677856e-01
2.932175993919372559e-01 2.127023339271545410e-01 -5.853906273841857910e-03 -1.354206353425979614e-01
2.974716722965240479e-01 1.766472309827804565e-02 -8.562318980693817139e-03 1.554097384214401245e-01
2.978249490261077881e-01 2.129082083702087402e-01 -5.454124417155981064e-03 -1.399620622396469116e-01
3.020831048488616943e-01 1.786480285227298737e-02 -8.253365755081176758e-03 1.509952098131179810e-01
3.024404048919677734e-01 2.131039500236511230e-01 -5.233461502939462662e-03 -1.442800164222717285e-01
3.067024946212768555e-01 1.805734448134899139e-02 -8.119061589241027832e-03 1.467472612857818604e-01
3.070636391639709473e-01 2.132946103811264038e-01 -5.184116773307323456e-03 -1.484859734773635864e-01
3.113295435905456543e-01 1.824728399515151978e-02 -8.153836242854595184e-03 1.425569802522659302e-01
3.116944730281829834e-01 2.134850621223449707e-01 -5.302696488797664642e-03 -1.526871472597122192e-01
3.159641921520233154e-01 1.843943446874618530e-02 -8.356439881026744843e-03 1.383181810379028320e-01
3.163329660892486572e-01 2.136800736188888550e-01 -5.590075626969337463e-03 -1.569893062114715576e-01
3.206065595149993896e-01 1.863859780132770538e-02 -8.729862049221992493e-03 1.339248567819595337e-01
3.209793269634246826e-01 2.138845026493072510e-01 -6.051364820450544357e-03 -1.614993810653686523e-01
3.252570331096649170e-01 1.884970068931579590e-02 -9.281352162361145020e-03 1.292683631181716919e-01
3.256340324878692627e-01 2.141033709049224854e-01 -6.695985328406095505e-03 -1.663282066583633423e-01
3.299160897731781006e-01 1.907790638506412506e-02 -1.002254895865917206e-02 1.242348328232765198e-01
3.302976489067077637e-01 2.143419981002807617e-01 -7.537852507084608078e-03 -1.715931743383407593e-01
3.345845043659210205e-01 1.932874321937561035e-02 -1.096971612423658371e-02 1.187022924423217773e-01
3.349710702896118164e-01 2.146061360836029053e-01 -8.595670573413372040e-03 -1.774211972951889038e-01
3.392632007598876953e-01 1.960824057459831238e-02 -1.214409433305263519e-02 1.125377342104911804e-01
3.396553397178649902e-01 2.149020880460739136e-01 -9.893340058624744415e-03 -1.839517056941986084e-01
3.439534008502960205e-01 1.992307603359222412e-02 -1.357237342745065689e-02 1.055938974022865295e-01
3.443518579006195068e-01 2.152368724346160889e-01 -1.146049611270427704e-02 -1.913399696350097656e-01
3.486565947532653809e-01 2.028072811663150787e-02 -1.528729498386383057e-02 9.770572930574417114e-02
3.490622043609619141e-01 2.156184017658233643e-01 -1.333317998796701431e-02 -1.997608393430709839e-01
3.533745706081390381e-01 2.068966627120971680e-02 -1.732839643955230713e-02 8.868644386529922485e-02
3.537883758544921875e-01 2.160556614398956299e-01 -1.555466838181018829e-02 -2.094128429889678955e-01
3.581094741821289062e-01 2.115953154861927032e-02 -1.974292472004890442e-02 7.832309603691101074e-02
3.585326671600341797e-01 -1.736739128828048706e-01 -1.817646250128746033e-02 3.647122681140899658e-01
3.550592064857482910e-01 2.170157618820667267e-02 -1.088221743702888489e-02 6.635385751724243164e-02
3.554932177066802979e-01 2.169778496026992798e-01 -9.555140510201454163e-03 -2.297425121068954468e-01
3.598327934741973877e-01 2.199372835457324982e-02 -1.414999086409807205e-02 5.991113930940628052e-02
3.602726459503173828e-01 -1.729225069284439087e-01 -1.295176800340414047e-02 3.480962812900543213e-01
3.568142056465148926e-01 2.238123677670955658e-02 -5.989842582494020462e-03 5.135750770568847656e-02
3.572618365287780762e-01 2.175885587930679321e-01 -4.962692502886056900e-03 -2.432092279195785522e-01
3.616136014461517334e-01 2.253784611821174622e-02 -9.826877154409885406e-03 4.790421575307846069e-02
3.620643615722656250e-01 -1.724418252706527710e-01 -8.868793025612831116e-03 3.374705612659454346e-01
3.586155176162719727e-01 2.280520088970661163e-02 -2.119381679221987724e-03 4.200413450598716736e-02
3.590716421604156494e-01 2.179574817419052124e-01 -1.279298914596438408e-03 -2.513467371463775635e-01
3.634307682514190674e-01 2.285381965339183807e-02 -6.306233350187540054e-03 4.093241319060325623e-02
3.638878464698791504e-01 2.180656343698501587e-01 -5.487584974616765976e-03 -2.537335157394409180e-01
3.682491779327392578e-01 2.302246354520320892e-02 -1.056225504726171494e-02 3.721350431442260742e-02
3.687096238136291504e-01 -1.719464510679244995e-01 -9.817984886467456818e-03 3.265452980995178223e-01
3.652706742286682129e-01 2.331390418112277985e-02 -3.287079045549035072e-03 3.078245744109153748e-02
3.657369613647460938e-01 2.184828370809555054e-01 -2.671429887413978577e-03 -2.629357576370239258e-01
3.701066076755523682e-01 2.339912205934524536e-02 -7.930145598948001862e-03 2.890337072312831879e-02
3.705745935440063477e-01 -1.716082096099853516e-01 -7.352077867835760117e-03 3.190737366676330566e-01
3.671424388885498047e-01 2.361767180263996124e-02 -9.706030250526964664e-04 2.408133260905742645e-02
3.676148056983947754e-01 2.187535315752029419e-01 -4.889763658866286278e-04 -2.689076662063598633e-01
3.719898760318756104e-01 2.363855764269828796e-02 -5.867129657417535782e-03 2.362098917365074158e-02
3.724626302719116211e-01 -1.713987588882446289e-01 -5.394710227847099304e-03 3.144470155239105225e-01
3.690346479415893555e-01 2.379961870610713959e-02 8.942301501519978046e-04 2.006766013801097870e-02
3.695106506347656250e-01 2.189087271690368652e-01 1.295583322644233704e-03 -2.723329961299896240e-01
3.738888204097747803e-01 2.376831881701946259e-02 -4.151076544076204300e-03 2.075828425586223602e-02
3.743641972541809082e-01 -1.712938547134399414e-01 -3.735910868272185326e-03 3.121286034584045410e-01
3.709383308887481689e-01 2.388111874461174011e-02 2.506661461666226387e-03 1.826983876526355743e-02
3.714159429073333740e-01 2.189670354127883911e-01 2.872058190405368805e-03 -2.736211419105529785e-01
3.757952749729156494e-01 2.380421943962574005e-02 -2.600364852696657181e-03 1.996624283492565155e-02
3.762713670730590820e-01 -1.712803393602371216e-01 -2.201040042564272881e-03 3.118276000022888184e-01
3.728457689285278320e-01 2.387289516627788544e-02 4.035511985421180725e-03 1.845133490860462189e-02
3.733232021331787109e-01 2.189367413520812988e-01 4.404538776725530624e-03 -2.729556262493133545e-01
3.777019381523132324e-01 2.375221997499465942e-02 -1.054573687724769115e-03 2.111325785517692566e-02
3.781769871711730957e-01 2.188892811536788940e-01 -6.323085399344563484e-04 -2.719022035598754883e-01
3.825547695159912109e-01 2.377635613083839417e-02 -6.070352625101804733e-03 2.058121562004089355e-02
3.830302953720092773e-01 -1.712580174207687378e-01 -5.658728536218404770e-03 3.113427162170410156e-01
3.796051442623138428e-01 2.394409663975238800e-02 5.681257462128996849e-04 1.688057370483875275e-02
3.800840377807617188e-01 2.190578877925872803e-01 9.057372226379811764e-04 -2.756230533123016357e-01
3.844651877880096436e-01 2.392303384840488434e-02 -4.606723785400390625e-03 1.734541170299053192e-02
3.849436342716217041e-01 -1.711325496435165405e-01 -4.259815439581871033e-03 3.085713088512420654e-01
3.815209865570068359e-01 2.404983714222908020e-02 1.911610714159905910e-03 1.454800274223089218e-02
3.820019960403442383e-01 2.191443145275115967e-01 2.202570671215653419e-03 -2.775311768054962158e-01
3.863848745822906494e-01 2.399101667106151581e-02 -3.348052734509110451e-03 1.584562659263610840e-02
3.868646919727325439e-01 -1.710827648639678955e-01 -3.031140193343162537e-03 3.074703216552734375e-01
3.834430575370788574e-01 2.408225275576114655e-02 3.118266351521015167e-03 1.383299939334392548e-02
3.839246928691864014e-01 2.191593497991561890e-01 3.394926199689507484e-03 -2.778644561767578125e-01
3.883078694343566895e-01 2.398912608623504639e-02 -2.162362681701779366e-03 1.588729955255985260e-02
3.887876570224761963e-01 2.191420197486877441e-01 -1.844616723246872425e-03 -2.774770855903625488e-01
3.931705057621002197e-01 2.404643408954143524e-02 -7.394158747047185898e-03 1.462347153574228287e-02
3.936514258384704590e-01 -1.709686964750289917e-01 -7.101688999682664871e-03 3.049643039703369141e-01
3.902320563793182373e-01 2.425373345613479614e-02 -1.002402859739959240e-03 1.005017105489969254e-02
3.907171189785003662e-01 2.193900495767593384e-01 -8.013994665816426277e-04 -2.829488515853881836e-01
3.951049149036407471e-01 2.427953481674194336e-02 -6.460376549512147903e-03 9.481203742325305939e-03
3.955905139446258545e-01 -1.707491725683212280e-01 -6.270752754062414169e-03 3.001188337802886963e-01
3.921755254268646240e-01 2.446159347891807556e-02 -2.683760540094226599e-04 5.464838817715644836e-03
3.926647603511810303e-01 2.195874005556106567e-01 -1.590792817296460271e-04 -2.873027622699737549e-01
3.970565199851989746e-01 2.446771040558815002e-02 -5.905134137719869614e-03 5.329998675733804703e-03
3.975458741188049316e-01 -1.705690622329711914e-01 -5.798534490168094635e-03 2.961439490318298340e-01
3.941344916820526123e-01 2.463507652282714844e-02 1.243446458829566836e-04 1.637913868762552738e-03
3.946271836757659912e-01 2.197552472352981567e-01 1.571029279148206115e-04 -2.910057902336120605e-01
3.990223109722137451e-01 2.463105320930480957e-02 -5.663012620061635971e-03 1.726693008095026016e-03
3.995149135589599609e-01 -1.704092323780059814e-01 -5.628478713333606720e-03 2.926174998283386230e-01
3.961067199707031250e-01 2.479252032935619354e-02 2.238713059341534972e-04 -1.835243077948689461e-03
3.966025710105895996e-01 -1.703326404094696045e-01 1.871664426289498806e-04 2.909183204174041748e-01
3.931959271430969238e-01 2.478664182126522064e-02 6.005532573908567429e-03 -1.705581438727676868e-03
3.936916589736938477e-01 2.198219597339630127e-01 5.971421021968126297e-03 -2.924876511096954346e-01
3.980880975723266602e-01 2.461537159979343414e-02 1.216678865603171289e-04 2.072582021355628967e-03
3.985804021358489990e-01 2.197355777025222778e-01 1.631195336813107133e-04 -2.905719578266143799e-01
4.029751121997833252e-01 2.461130172014236450e-02 -5.648319609463214874e-03 2.162413671612739563e-03
4.034673571586608887e-01 -1.704291850328445435e-01 -5.605071317404508591e-03 2.930578887462615967e-01
4.000587761402130127e-01 2.477222494781017303e-02 2.560864668339490891e-04 -1.387518481351435184e-03
4.005542099475860596e-01 2.198905050754547119e-01 2.283361100126057863e-04 -2.939896285533905029e-01
4.049520194530487061e-01 2.476529590785503387e-02 -5.651456769555807114e-03 -1.234703930094838142e-03
4.054473340511322021e-01 -1.702751517295837402e-01 -5.676150787621736526e-03 2.896597683429718018e-01
4.020418226718902588e-01 2.492727898061275482e-02 1.170448158518411219e-04 -4.807930905371904373e-03
4.025403559207916260e-01 -1.701963543891906738e-01 2.088619658024981618e-05 2.879119217395782471e-01
3.991364538669586182e-01 2.492530271410942078e-02 5.779124796390533447e-03 -4.764416720718145370e-03
3.996349573135375977e-01 2.199638932943344116e-01 5.683836527168750763e-03 -2.956183850765228271e-01
4.040342271327972412e-01 2.476138062775135040e-02 -2.285311056766659021e-04 -1.148284994997084141e-03
4.045294523239135742e-01 2.198866009712219238e-01 -2.514967927709221840e-04 -2.939033210277557373e-01
4.089271724224090576e-01 2.476824261248111725e-02 -6.129562854766845703e-03 -1.299709780141711235e-03
4.094225466251373291e-01 -1.702652722597122192e-01 -6.155556999146938324e-03 2.894429862499237061e-01
4.060172438621520996e-01 2.494391612708568573e-02 -3.666975535452365875e-04 -5.174971651285886765e-03
4.065161347389221191e-01 -1.701727658510208130e-01 -4.701969737652689219e-04 2.873922288417816162e-01
4.031126797199249268e-01 2.495587989687919617e-02 5.277647636830806732e-03 -5.438950844109058380e-03
4.036117792129516602e-01 2.200017422437667847e-01 5.168868694454431534e-03 -2.964520454406738281e-01
4.080118238925933838e-01 2.480649203062057495e-02 -7.601723773404955864e-04 -2.143443329259753227e-03
4.085079431533813477e-01 2.199393361806869507e-01 -8.030412136577069759e-04 -2.950661182403564453e-01
4.129067361354827881e-01 2.482884377241134644e-02 -6.704363506287336349e-03 -2.636565128341317177e-03
4.134033024311065674e-01 -1.701963245868682861e-01 -6.757094990462064743e-03 2.879235446453094482e-01
4.099993705749511719e-01 2.502133697271347046e-02 -9.986241348087787628e-04 -6.882834248244762421e-03
4.104998111724853516e-01 -1.700862795114517212e-01 -1.136280829086899757e-03 2.854848504066467285e-01
4.070980846881866455e-01 2.505186013877391815e-02 4.573415964841842651e-03 -7.556237746030092239e-03
4.075991213321685791e-01 2.201079279184341431e-01 4.422291181981563568e-03 -2.987926900386810303e-01
4.120012819766998291e-01 2.492321655154228210e-02 -1.553562586195766926e-03 -4.718346521258354187e-03
4.124997556209564209e-01 -1.701764166355133057e-01 -1.647929428145289421e-03 2.874740064144134521e-01
4.090962111949920654e-01 2.496899291872978210e-02 4.101550672203302383e-03 -5.728205665946006775e-03
4.095956087112426758e-01 2.200318872928619385e-01 3.986986353993415833e-03 -2.971142232418060303e-01
4.139962494373321533e-01 2.485332451760768890e-02 -1.955298008397221565e-03 -3.176543163135647774e-03
4.144932925701141357e-01 -1.702405363321304321e-01 -2.018828876316547394e-03 2.888888120651245117e-01
4.110884964466094971e-01 2.491015009582042694e-02 3.758947597816586494e-03 -4.430138505995273590e-03
4.115867018699645996e-01 2.199779897928237915e-01 3.670344827696681023e-03 -2.959246933460235596e-01
4.159862399101257324e-01 2.480390854179859161e-02 -2.248149132356047630e-03 -2.086473861709237099e-03
4.164823293685913086e-01 -1.702857315540313721e-01 -2.289878670126199722e-03 2.898862957954406738e-01
4.130766093730926514e-01 2.486879937350749969e-02 3.507846966385841370e-03 -3.517961828038096428e-03
4.135739803314208984e-01 2.199402749538421631e-01 3.437487874180078506e-03 -2.950920462608337402e-01
4.179728031158447266e-01 2.476947940886020660e-02 -2.464353339746594429e-03 -1.326986472122371197e-03
4.184681773185729980e-01 2.199266850948333740e-01 -2.490893239155411720e-03 -2.947864234447479248e-01
4.228667318820953369e-01 2.484033629298210144e-02 -8.386621251702308655e-03 -2.890130272135138512e-03
4.233635365962982178e-01 -1.701603382825851440e-01 -8.444424718618392944e-03 2.871349751949310303e-01
4.199603199958801270e-01 2.508101239800453186e-02 -2.701725112274289131e-03 -8.199257776141166687e-03
4.204619526863098145e-01 -1.700020879507064819e-01 -2.865710295736789703e-03 2.836300134658813477e-01
4.170618951320648193e-01 2.516061812639236450e-02 2.806890057399868965e-03 -9.955357760190963745e-03
4.175651073455810547e-01 2.202422022819519043e-01 2.607783069834113121e-03 -3.017513453960418701e-01
4.219699501991271973e-01 2.508318051695823669e-02 -3.427244024351239204e-03 -8.247132413089275360e-03
4.224716126918792725e-01 -1.699894517660140991e-01 -3.592186840251088142e-03 2.833524942398071289e-01
4.190718233585357666e-01 2.518355101346969604e-02 2.074863063171505928e-03 -1.046122517436742783e-02
4.195755124092102051e-01 2.202756851911544800e-01 1.865638536401093006e-03 -3.024887740612030029e-01
4.239810109138488770e-01 2.512719295918941498e-02 -4.184137098491191864e-03 -9.218062274158000946e-03
4.244835674762725830e-01 -1.699344962835311890e-01 -4.368498455733060837e-03 2.821417748928070068e-01
4.210848808288574219e-01 2.524948678910732269e-02 1.274337293580174446e-03 -1.191573683172464371e-02
4.215898513793945312e-01 2.203531414270401001e-01 1.036022556945681572e-03 -3.041963279247283936e-01
4.259969294071197510e-01 2.521643787622451782e-02 -5.047903861850500107e-03 -1.118683908134698868e-02
4.265012443065643311e-01 -1.698327511548995972e-01 -5.271640606224536896e-03 2.798991501331329346e-01
4.231045842170715332e-01 2.536399662494659424e-02 3.263422695454210043e-04 -1.444176770746707916e-02
4.236118793487548828e-01 2.204812616109848022e-01 3.750692849280312657e-05 -3.070217072963714600e-01
4.280214905738830566e-01 2.535878121852874756e-02 -6.102927494794130325e-03 -1.432695612311363220e-02
4.285286664962768555e-01 -1.696751117706298828e-01 -6.389466580003499985e-03 2.764241993427276611e-01
4.251351654529571533e-01 2.553740516304969788e-02 -8.609825745224952698e-04 -1.826710440218448639e-02
4.256459176540374756e-01 -1.695721894502639771e-01 -1.226324704475700855e-03 2.741440534591674805e-01
4.222544729709625244e-01 2.556723915040493011e-02 4.256556276232004166e-03 -1.892541348934173584e-02
4.227658212184906006e-01 2.206278890371322632e-01 3.878047922626137733e-03 -3.102623224258422852e-01
4.271783828735351562e-01 2.545090019702911377e-02 -2.327198162674903870e-03 -1.635888777673244476e-02
4.276874065399169922e-01 -1.696376055479049683e-01 -2.654375974088907242e-03 2.755888700485229492e-01
4.242946505546569824e-01 2.552212402224540710e-02 2.857401501387357712e-03 -1.793006435036659241e-02
4.248051047325134277e-01 2.206029742956161499e-01 2.498800167813897133e-03 -3.097100853919982910e-01
4.292171597480773926e-01 2.544551528990268707e-02 -3.695401363074779510e-03 -1.624014973640441895e-02
4.297260642051696777e-01 -1.696232408285140991e-01 -4.020204301923513412e-03 2.752745449542999268e-01
4.263336062431335449e-01 2.555583231151103973e-02 1.485286513343453407e-03 -1.867364160716533661e-02
4.268447160720825195e-01 2.206564545631408691e-01 1.111813704483211040e-03 -3.108875751495361328e-01
4.312578439712524414e-01 2.551867812871932983e-02 -5.105937831103801727e-03 -1.785421930253505707e-02
4.317682087421417236e-01 -1.695296764373779297e-01 -5.463022273033857346e-03 2.732133567333221436e-01
4.283776283264160156e-01 2.566979639232158661e-02 1.245067664967791643e-06 -2.118760161101818085e-02
4.288910031318664551e-01 -1.694521754980087280e-01 -4.225069424137473106e-04 2.714957296848297119e-01
4.255019724369049072e-01 2.567580528557300568e-02 5.007407627999782562e-03 -2.132043801248073578e-02
4.260154962539672852e-01 2.207255810499191284e-01 4.580998793244361877e-03 -3.124192655086517334e-01
4.304299950599670410e-01 2.553867548704147339e-02 -1.667386852204799652e-03 -1.829516887664794922e-02
4.309407770633697510e-01 -1.695593297481536865e-01 -2.033290220424532890e-03 2.738611996173858643e-01
4.275496006011962891e-01 2.559158019721508026e-02 3.443934023380279541e-03 -1.946232467889785767e-02
4.280614256858825684e-01 2.206639796495437622e-01 3.054687520489096642e-03 -3.110566735267639160e-01
4.324747025966644287e-01 2.549863420426845551e-02 -3.166445763781666756e-03 -1.741194538772106171e-02
4.329846799373626709e-01 -1.695777624845504761e-01 -3.514684736728668213e-03 2.742702364921569824e-01
4.295931160449981689e-01 2.559415809810161591e-02 1.970720477402210236e-03 -1.951913908123970032e-02
4.301050007343292236e-01 2.206877917051315308e-01 1.580337528139352798e-03 -3.115796446800231934e-01
4.345187544822692871e-01 2.554336190223693848e-02 -4.651254974305629730e-03 -1.839873194694519043e-02
4.350296258926391602e-01 -1.695115715265274048e-01 -5.019229836761951447e-03 2.728130519390106201e-01
4.316394031047821045e-01 2.568163163959980011e-02 4.370312963146716356e-04 -2.144872397184371948e-02
4.321530163288116455e-01 -1.694465875625610352e-01 8.056826118263415992e-06 2.713720500469207764e-01
4.287641048431396484e-01 2.567525207996368408e-02 5.435497965663671494e-03 -2.130832709372043610e-02
4.292775988578796387e-01 2.207188308238983154e-01 5.009331274777650833e-03 -3.122713565826416016e-01
4.336919784545898438e-01 2.552587538957595825e-02 -1.236095442436635494e-03 -1.801284961402416229e-02
4.342024922370910645e-01 -1.695783287286758423e-01 -1.596352434717118740e-03 2.742798328399658203e-01
4.308109283447265625e-01 2.556636556982994080e-02 3.889243816956877708e-03 -1.890617236495018005e-02
4.313222467899322510e-01 2.206323295831680298e-01 3.511120565235614777e-03 -3.103594779968261719e-01
4.357348978519439697e-01 2.546052634716033936e-02 -2.696068724617362022e-03 -1.657130382955074310e-02
4.362441003322601318e-01 -1.696226596832275391e-01 -3.027494763955473900e-03 2.752597630023956299e-01
4.328516423702239990e-01 2.554235793650150299e-02 2.477700356394052505e-03 -1.837649941444396973e-02
4.333625137805938721e-01 2.206286936998367310e-01 2.110170433297753334e-03 -3.102766573429107666e-01
4.377750754356384277e-01 2.547673694789409637e-02 -4.095362499356269836e-03 -1.692898757755756378e-02
4.382846057415008545e-01 -1.695862412452697754e-01 -4.433942493051290512e-03 2.744590044021606445e-01
4.348928928375244141e-01 2.559868991374969482e-02 1.055237604305148125e-03 -1.961909979581832886e-02
4.354048669338226318e-01 2.207054942846298218e-01 6.628555711358785629e-04 -3.119688928127288818e-01
4.398189783096313477e-01 2.557410299777984619e-02 -5.576522555202245712e-03 -1.907700300216674805e-02
4.403304457664489746e-01 -1.694674342870712280e-01 -5.958062596619129181e-03 2.718412578105926514e-01
4.369411170482635498e-01 2.573902718722820282e-02 -5.212372052483260632e-04 -2.271489053964614868e-02
4.374558925628662109e-01 -1.693754494190216064e-01 -9.755350183695554733e-04 2.698035240173339844e-01
4.340683817863464355e-01 2.576041407883167267e-02 4.420535638928413391e-03 -2.318692207336425781e-02
4.345835745334625244e-01 2.208186984062194824e-01 3.956797067075967789e-03 -3.144718408584594727e-01
4.389999508857727051e-01 2.564060129225254059e-02 -2.332639647647738457e-03 -2.054370567202568054e-02
4.395127594470977783e-01 -1.694478243589401245e-01 -2.743513789027929306e-03 2.714023292064666748e-01
4.361238181591033936e-01 2.571317180991172791e-02 2.684532897546887398e-03 -2.214464545249938965e-02
4.366380870342254639e-01 2.207965254783630371e-01 2.241639886051416397e-03 -3.139793574810028076e-01
4.410540163516998291e-01 2.564270980656147003e-02 -4.037947393953800201e-03 -2.059033885598182678e-02
4.415668547153472900e-01 -1.694211065769195557e-01 -4.449754022061824799e-03 2.708158493041992188e-01
4.381784498691558838e-01 2.576406486332416534e-02 9.665626566857099533e-04 -2.326723374426364899e-02
4.386937320232391357e-01 2.208721339702606201e-01 5.012179608456790447e-04 -3.156450390815734863e-01
4.431111514568328857e-01 2.574305422604084015e-02 -5.811682902276515961e-03 -2.280409075319766998e-02
4.436260163784027100e-01 -1.692950725555419922e-01 -6.267764605581760406e-03 2.680395245552062988e-01
4.402401149272918701e-01 2.591576427221298218e-02 -9.069740772247314453e-04 -2.661368250846862793e-02
4.407584369182586670e-01 -1.691931635141372681e-01 -1.439247746020555496e-03 2.657829523086547852e-01
4.373745620250701904e-01 2.594929561018943787e-02 3.876411123201251030e-03 -2.735358476638793945e-02
4.378935694694519043e-01 2.210154384374618530e-01 3.329339437186717987e-03 -3.188109397888183594e-01
4.423138797283172607e-01 2.584623172879219055e-02 -3.046879312023520470e-03 -2.507992833852767944e-02
4.428308010101318359e-01 -1.692318916320800781e-01 -3.548478009179234505e-03 2.666401267051696777e-01
4.394461512565612793e-01 2.594052255153656006e-02 1.784324413165450096e-03 -2.715991064906120300e-02
4.399649798870086670e-01 2.210368365049362183e-01 1.241126214154064655e-03 -3.192793428897857666e-01
4.443857073783874512e-01 2.589723467826843262e-02 -5.144460592418909073e-03 -2.620525658130645752e-02
4.449036419391632080e-01 -1.691505610942840576e-01 -5.668565630912780762e-03 2.648501098155975342e-01
4.415206313133239746e-01 2.605183422565460205e-02 -3.715634520631283522e-04 -2.961533702909946442e-02
4.420416653156280518e-01 -1.690647900104522705e-01 -9.638702031224966049e-04 2.629503309726715088e-01
4.386603832244873047e-01 2.607090957462787628e-02 4.295136313885450363e-03 -3.003645129501819611e-02
4.391818046569824219e-01 2.211309969425201416e-01 3.694407409057021141e-03 -3.213611245155334473e-01
4.436044096946716309e-01 2.595663629472255707e-02 -2.732814988121390343e-03 -2.751542069017887115e-02
4.441235363483428955e-01 -1.691260188817977905e-01 -3.283123485743999481e-03 2.643040120601654053e-01
4.407410323619842529e-01 2.604264020919799805e-02 2.002957044169306755e-03 -2.941262535750865936e-02
4.412618875503540039e-01 2.211358100175857544e-01 1.414704485796391964e-03 -3.214629292488098145e-01
4.456846117973327637e-01 2.599374204874038696e-02 -5.014554131776094437e-03 -2.833419106900691986e-02
4.462044835090637207e-01 -1.690559387207031250e-01 -5.581237841397523880e-03 2.627623677253723145e-01
4.428233504295349121e-01 2.614523284137248993e-02 -3.259902878198772669e-04 -3.167569264769554138e-02
4.433462619781494141e-01 -1.689720451831817627e-01 -9.595041628926992416e-04 2.609043717384338379e-01
4.399668276309967041e-01 2.616359293460845947e-02 4.258583299815654755e-03 -3.208104893565177917e-02
4.404900968074798584e-01 2.212242186069488525e-01 3.616962116211652756e-03 -3.234173059463500977e-01
4.449145793914794922e-01 2.605094760656356812e-02 -2.851384226232767105e-03 -2.959594130516052246e-02
4.454355835914611816e-01 -1.690299957990646362e-01 -3.443302819505333900e-03 2.621859908103942871e-01
4.420549869537353516e-01 2.614093571901321411e-02 1.800416735932230949e-03 -3.158101066946983337e-02
4.425778090953826904e-01 -1.690067946910858154e-01 1.168796443380415440e-03 2.616694271564483643e-01
4.391976892948150635e-01 2.609845995903015137e-02 6.402184721082448959e-03 -3.064462356269359589e-02
4.397196471691131592e-01 2.211280167102813721e-01 5.789292510598897934e-03 -3.213007450103759766e-01
4.441421926021575928e-01 2.592410333454608917e-02 -6.367222522385418415e-04 -2.679772861301898956e-02
4.446606934070587158e-01 -1.691887080669403076e-01 -1.172676798887550831e-03 2.656842470169067383e-01
4.412769079208374023e-01 2.594995684921741486e-02 4.141008015722036362e-03 -2.736833132803440094e-02
4.417959153652191162e-01 2.210122793912887573e-01 3.593641333281993866e-03 -3.187418580055236816e-01
4.462161660194396973e-01 2.583933249115943909e-02 -2.781195798888802528e-03 -2.492779120802879333e-02
4.467329382896423340e-01 -1.692426204681396484e-01 -3.279751632362604141e-03 2.668763399124145508e-01
4.433480799198150635e-01 2.592598088085651398e-02 2.057775156572461128e-03 -2.683923952281475067e-02
4.438666105270385742e-01 2.210183590650558472e-01 1.520990394055843353e-03 -3.188722133636474609e-01
4.482869803905487061e-01 2.587478049099445343e-02 -4.856453742831945419e-03 -2.571000158786773682e-02
4.488044679164886475e-01 -1.691771894693374634e-01 -5.370653700083494186e-03 2.654367089271545410e-01
4.454209208488464355e-01 2.602100372314453125e-02 -6.191949069034308195e-05 -2.893531881272792816e-02
4.459413588047027588e-01 -1.691000610589981079e-01 -6.406258326023817062e-04 2.637280821800231934e-01
4.425593614578247070e-01 2.603102847933769226e-02 4.633935634046792984e-03 -2.915684692561626434e-02
4.430799782276153564e-01 2.210862189531326294e-01 4.050798714160919189e-03 -3.203741312026977539e-01
4.475016891956329346e-01 2.590681612491607666e-02 -2.356683835387229919e-03 -2.641648426651954651e-02
4.480198323726654053e-01 -1.691812574863433838e-01 -2.885013353079557419e-03 2.655219435691833496e-01
4.446361958980560303e-01 2.598175033926963806e-02 2.425425685942173004e-03 -2.806953527033329010e-02
4.451558291912078857e-01 2.210688292980194092e-01 1.864034798927605152e-03 -3.199862241744995117e-01
4.495772123336791992e-01 2.592038735747337341e-02 -4.535689484328031540e-03 -2.671603858470916748e-02
4.500956237316131592e-01 -1.691362261772155762e-01 -5.070010665804147720e-03 2.645323872566223145e-01
4.467129111289978027e-01 2.605772204697132111e-02 2.206371718784794211e-04 -2.974535152316093445e-02
4.472340643405914307e-01 -1.690673977136611938e-01 -3.742698754649609327e-04 2.630071938037872314e-01
4.438527226448059082e-01 2.605989761650562286e-02 4.885873757302761078e-03 -2.979377284646034241e-02
4.443739056587219238e-01 2.211114466190338135e-01 4.289998207241296768e-03 -3.209311664104461670e-01
4.487961232662200928e-01 2.592866308987140656e-02 -2.128624822944402695e-03 -2.689842320978641510e-02
4.493147134780883789e-01 -1.691627055406570435e-01 -2.666593296453356743e-03 2.651121318340301514e-01
4.459314644336700439e-01 2.599721215665340424e-02 2.635649405419826508e-03 -2.841066196560859680e-02
4.464513957500457764e-01 2.210812717676162720e-01 2.067436231300234795e-03 -3.202608525753021240e-01
4.508730173110961914e-01 2.592993341386318207e-02 -4.337780643254518509e-03 -2.692664787173271179e-02
4.513916075229644775e-01 -1.691295504570007324e-01 -4.876313731074333191e-03 2.643845081329345703e-01
4.480090439319610596e-01 2.606166899204254150e-02 4.113764734938740730e-04 -2.983245626091957092e-02
4.485302567481994629e-01 -1.690661758184432983e-01 -1.852726418292149901e-04 2.629802227020263672e-01
4.451489448547363281e-01 2.605841495096683502e-02 5.074332002550363541e-03 -2.976112253963947296e-02
4.456700980663299561e-01 2.211072295904159546e-01 4.479109775274991989e-03 -3.208387196063995361e-01
4.500922560691833496e-01 2.592178061604499817e-02 -1.937665045261383057e-03 -2.674663998186588287e-02
4.506106972694396973e-01 -1.691723316907882690e-01 -2.472597872838377953e-03 2.653242945671081543e-01
4.472272396087646484e-01 2.598482556641101837e-02 2.833888167515397072e-03 -2.813747711479663849e-02
4.477469325065612793e-01 2.210660278797149658e-01 2.271138830110430717e-03 -3.199249207973480225e-01
4.521682560443878174e-01 2.591180056333541870e-02 -4.127359949052333832e-03 -2.652664296329021454e-02
4.526864886283874512e-01 -1.691507250070571899e-01 -4.657892975956201553e-03 2.648512125015258789e-01
4.493034780025482178e-01 2.603740245103836060e-02 6.391312344931066036e-04 -2.929721958935260773e-02
4.498242437839508057e-01 2.211501896381378174e-01 5.318686089594848454e-05 -3.217784166336059570e-01
4.542472362518310547e-01 2.602747455239295959e-02 -6.382381543517112732e-03 -2.907872572541236877e-02
4.547677934169769287e-01 -1.690023690462112427e-01 -6.963956169784069061e-03 2.615836858749389648e-01
4.513877332210540771e-01 2.621829323470592499e-02 -1.732282573357224464e-03 -3.328760713338851929e-02
4.519121050834655762e-01 -1.688787788152694702e-01 -2.398034790530800819e-03 2.588482797145843506e-01
4.485345184803009033e-01 2.627732977271080017e-02 2.778930589556694031e-03 -3.459006920456886292e-02
4.490600824356079102e-01 2.213593274354934692e-01 2.087129047140479088e-03 -3.263949155807495117e-01
4.534872472286224365e-01 2.620771527290344238e-02 -4.440769087523221970e-03 -3.305453807115554810e-02
4.540114104747772217e-01 -1.688502728939056396e-01 -5.101860035210847855e-03 2.582239806652069092e-01
4.506344199180603027e-01 2.634414285421371460e-02 6.261955422814935446e-05 -3.606377169489860535e-02
4.511612951755523682e-01 -1.687787026166915894e-01 -6.586558884009718895e-04 2.566389143466949463e-01
4.477857053279876709e-01 2.635264210402965546e-02 4.474122077226638794e-03 -3.625169396400451660e-02
4.483127593994140625e-01 2.214101552963256836e-01 3.749088384211063385e-03 -3.275196254253387451e-01
4.527409672737121582e-01 2.623502351343631744e-02 -2.801304450258612633e-03 -3.365677967667579651e-02
4.532656669616699219e-01 -1.688466370105743408e-01 -3.474439959973096848e-03 2.581409811973571777e-01
4.498887360095977783e-01 2.632473595440387726e-02 1.688379910774528980e-03 -3.563579544425010681e-02
4.504152238368988037e-01 -1.688213795423507690e-01 9.756640065461397171e-04 2.575793564319610596e-01
4.470387995243072510e-01 2.628662250936031342e-02 6.127251312136650085e-03 -3.479567542672157288e-02
4.475645422935485840e-01 2.213201671838760376e-01 5.431337747722864151e-03 -3.255391120910644531e-01
4.519909322261810303e-01 2.612131461501121521e-02 -1.079444540664553642e-03 -3.114833123981952667e-02
4.525133669376373291e-01 -1.689851433038711548e-01 -1.702411216683685780e-03 2.611938118934631348e-01
4.491336643695831299e-01 2.616107091307640076e-02 3.521465230733156204e-03 -3.202557936310768127e-02
4.496568739414215088e-01 2.212323397397994995e-01 2.880953717976808548e-03 -3.235953748226165771e-01
4.540815353393554688e-01 2.606949023902416229e-02 -3.590953536331653595e-03 -3.000530041754245758e-02
4.546029269695281982e-01 -1.690007746219635010e-01 -4.191059619188308716e-03 2.615424692630767822e-01
4.512228965759277344e-01 2.618074603378772736e-02 1.039789989590644836e-03 -3.245940431952476501e-02
4.517465233802795410e-01 2.212877720594406128e-01 3.906018682755529881e-04 -3.248140811920166016e-01
4.561722874641418457e-01 2.616025879979133606e-02 -6.105680018663406372e-03 -3.200800344347953796e-02
4.566954970359802246e-01 -1.688736081123352051e-01 -6.745839957147836685e-03 2.587422728538513184e-01
4.533179998397827148e-01 2.634399943053722382e-02 -1.570994383655488491e-03 -3.606072440743446350e-02
4.538449048995971680e-01 -1.687553822994232178e-01 -2.292208839207887650e-03 2.561261355876922607e-01
4.504697918891906738e-01 2.639921382069587708e-02 2.830313518643379211e-03 -3.727892041206359863e-02
4.509977698326110840e-01 2.214804589748382568e-01 2.084735315293073654e-03 -3.290674984455108643e-01
4.554273784160614014e-01 2.632889710366725922e-02 -4.496614914387464523e-03 -3.572788834571838379e-02
4.559539556503295898e-01 -1.687282770872116089e-01 -5.211172625422477722e-03 2.555329203605651855e-01
4.525793790817260742e-01 2.646768279373645782e-02 -1.005142694339156151e-04 -3.878912329673767090e-02
4.531087577342987061e-01 -1.686528325080871582e-01 -8.762967772781848907e-04 2.538620829582214355e-01
4.497357010841369629e-01 2.648162469267845154e-02 4.200945142656564713e-03 -3.909711167216300964e-02
4.502653181552886963e-01 2.215430885553359985e-01 3.419002750888466835e-03 -3.304516375064849854e-01
4.546961784362792969e-01 2.637263014912605286e-02 -3.190030110999941826e-03 -3.669248893857002258e-02
4.552236199378967285e-01 -1.687034368515014648e-01 -3.923879936337471008e-03 2.549822330474853516e-01
4.518495798110961914e-01 2.647432498633861542e-02 1.175765064544975758e-03 -3.893575072288513184e-02
4.523790478706359863e-01 -1.686644703149795532e-01 3.970500256400555372e-04 2.541179060935974121e-01
4.490057528018951416e-01 2.645181305706501007e-02 5.479407962411642075e-03 -3.843975439667701721e-02
4.495348036289215088e-01 2.214947640895843506e-01 4.710613284260034561e-03 -3.293888568878173828e-01
4.539646804332733154e-01 2.630607225000858307e-02 -1.877163886092603207e-03 -3.522414341568946838e-02
4.544908106327056885e-01 -1.687889099121093750e-01 -2.581646898761391640e-03 2.568659186363220215e-01
4.511150419712066650e-01 2.636980451643466949e-02 2.555671613663434982e-03 -3.663017228245735168e-02
4.516424238681793213e-01 2.214550077915191650e-01 1.823068247176706791e-03 -3.285056650638580322e-01
4.560715258121490479e-01 2.630715630948543549e-02 -4.747045226395130157e-03 -3.524838387966156006e-02
4.565976858139038086e-01 -1.687463968992233276e-01 -5.452012643218040466e-03 2.559330165386199951e-01
4.532227516174316406e-01 2.645296603441238403e-02 -3.333521308377385139e-04 -3.846455365419387817e-02
4.537518024444580078e-01 -1.686642020940780640e-01 -1.102643203921616077e-03 2.541131675243377686e-01
4.503785371780395508e-01 2.647347375750541687e-02 3.979620523750782013e-03 -3.891733661293983459e-02
4.509080052375793457e-01 2.215381264686584473e-01 3.201273735612630844e-03 -3.303419947624206543e-01
4.553387463092803955e-01 2.637075819075107574e-02 -3.405566327273845673e-03 -3.665126487612724304e-02
4.558661580085754395e-01 -1.687021851539611816e-01 -4.138591699302196503e-03 2.549552321434020996e-01
4.524921178817749023e-01 2.647860534489154816e-02 9.605127852410078049e-04 -3.903020545840263367e-02
4.530217051506042480e-01 -1.686571091413497925e-01 1.799087331164628267e-04 2.539556324481964111e-01
4.496485590934753418e-01 2.646227553486824036e-02 5.259021185338497162e-03 -3.867055475711822510e-02
4.501777887344360352e-01 2.215084135532379150e-01 4.485609941184520721e-03 -3.296895921230316162e-01
4.546079635620117188e-01 2.632290124893188477e-02 -2.108181593939661980e-03 -3.559548407793045044e-02
4.551344215869903564e-01 -1.687687486410140991e-01 -2.820091322064399719e-03 2.564215362071990967e-01
4.517590403556823730e-01 2.639334648847579956e-02 2.308339579030871391e-03 -3.714954853057861328e-02
4.522869288921356201e-01 2.214821130037307739e-01 1.565348589792847633e-03 -3.291032910346984863e-01
4.567165672779083252e-01 2.633791975677013397e-02 -5.016717128455638885e-03 -3.592712432146072388e-02
4.572433233261108398e-01 -1.687117367982864380e-01 -5.735259503126144409e-03 2.551687657833099365e-01
4.538690745830535889e-01 2.649163454771041870e-02 -6.318840896710753441e-04 -3.931762650609016418e-02
4.543989300727844238e-01 -1.686212569475173950e-01 -1.418236643075942993e-03 2.531658709049224854e-01
4.510264992713928223e-01 2.652092278003692627e-02 3.645080607384443283e-03 -3.996406123042106628e-02
4.515569210052490234e-01 2.215904146432876587e-01 2.845799550414085388e-03 -3.314946889877319336e-01
4.559887349605560303e-01 2.642807178199291229e-02 -3.784094471484422684e-03 -3.791571035981178284e-02
4.565172791481018066e-01 -1.686394065618515015e-01 -4.542408976703882217e-03 2.535708844661712646e-01
4.531444907188415527e-01 2.654710412025451660e-02 5.290092085488140583e-04 -4.054131731390953064e-02
4.536754488945007324e-01 -1.685824245214462280e-01 -2.818171342369168997e-04 2.523084580898284912e-01
4.503037929534912109e-01 2.654354460537433624e-02 4.764352459460496902e-03 -4.046333208680152893e-02
4.508346617221832275e-01 2.215968519449234009e-01 3.955085761845111847e-03 -3.316392600536346436e-01
4.552665948867797852e-01 2.641882747411727905e-02 -2.677699550986289978e-03 -3.771172091364860535e-02
4.557949602603912354e-01 -1.686646193265914917e-01 -3.431934164837002754e-03 2.541251480579376221e-01
4.524216949939727783e-01 2.650616317987442017e-02 1.650569145567715168e-03 -3.963827714323997498e-02
4.529517889022827148e-01 -1.686394214630126953e-01 8.578035631217062473e-04 2.535649538040161133e-01
4.495790004730224609e-01 2.647027373313903809e-02 5.929102655500173569e-03 -3.884727507829666138e-02
4.501084089279174805e-01 2.215066999197006226e-01 5.152157507836818695e-03 -3.296536207199096680e-01
4.545385539531707764e-01 2.631178870797157288e-02 -1.440915279090404510e-03 -3.535041585564613342e-02
4.550648033618927002e-01 -1.687894761562347412e-01 -2.147923689335584641e-03 2.568775415420532227e-01
4.516890048980712891e-01 2.636308036744594574e-02 2.989627188071608543e-03 -3.648210316896438599e-02
4.522162675857543945e-01 2.214420288801193237e-01 2.259985078126192093e-03 -3.282202780246734619e-01
4.566451013088226318e-01 2.628798037767410278e-02 -4.304420202970504761e-03 -3.482550755143165588e-02
4.571708738803863525e-01 -1.687719821929931641e-01 -5.000930279493331909e-03 2.564962208271026611e-01
4.537954330444335938e-01 2.642101235687732697e-02 1.289940701099112630e-04 -3.775986656546592712e-02
4.543238580226898193e-01 -1.687027812004089355e-01 -6.262032547965645790e-04 2.549637556076049805e-01
4.509497880935668945e-01 2.642809785902500153e-02 4.473072011023759842e-03 -3.791661933064460754e-02
4.514783620834350586e-01 2.214856147766113281e-01 3.714739345014095306e-03 -3.291848897933959961e-01
4.559080600738525391e-01 2.631098590791225433e-02 -2.868958516046404839e-03 -3.533283248543739319e-02
4.564342796802520752e-01 -1.687697023153305054e-01 -3.575615352019667625e-03 2.564435303211212158e-01
4.530588984489440918e-01 2.640311047434806824e-02 1.553255249746143818e-03 -3.736505657434463501e-02
4.535869359970092773e-01 -1.687410771846771240e-01 8.059541578404605389e-04 2.558075189590454102e-01
4.502121210098266602e-01 2.636935561895370483e-02 5.922104697674512863e-03 -3.662107512354850769e-02
4.507395029067993164e-01 2.214058786630630493e-01 5.189683288335800171e-03 -3.274296522140502930e-01
4.551676213741302490e-01 2.621043473482131958e-02 -1.358909648843109608e-03 -3.311465680599212646e-02
4.556918442249298096e-01 -1.688919961452484131e-01 -2.021202817559242249e-03 2.591392099857330322e-01
4.523139894008636475e-01 2.625874429941177368e-02 3.161581465974450111e-03 -3.418054431676864624e-02
4.528391659259796143e-01 2.213352173566818237e-01 2.477970439940690994e-03 -3.258642852306365967e-01
4.572658836841583252e-01 2.617807127535343170e-02 -4.039315041154623032e-03 -3.240094706416130066e-02
4.577894508838653564e-01 -1.688857227563858032e-01 -4.687333945184946060e-03 2.590048015117645264e-01
