2.069978043437004089e-02 6.277642678469419479e-03 -7.872594520449638367e-03 1.744650676846504211e-02
2.082533203065395355e-02 -1.887305229902267456e-01 -7.523664273321628571e-03 3.076351881027221680e-01
1.705072261393070221e-02 6.497817579656839371e-03 -1.370960846543312073e-03 1.258901227265596390e-02
1.718067750334739685e-02 -1.886044442653656006e-01 -1.119180582463741302e-03 3.048390746116638184e-01
1.340858917683362961e-02 6.533436942845582962e-03 4.977600648999214172e-03 1.180339045822620392e-02
1.353925839066505432e-02 -1.886595487594604492e-01 5.213668569922447205e-03 3.060526549816131592e-01
9.766067378222942352e-03 6.387725006788969040e-03 1.133472099900245667e-02 1.501852739602327347e-02
9.893821552395820618e-03 2.013453096151351929e-01 1.163509208709001541e-02 -2.740667164325714111e-01
1.392072811722755432e-02 6.059289909899234772e-03 6.153757683932781219e-03 2.226311527192592621e-02
1.404191367328166962e-02 -1.891503632068634033e-01 6.599019747227430344e-03 3.168812394142150879e-01
1.025890652090311050e-02 5.876970477402210236e-03 1.293664518743753433e-02 2.628671005368232727e-02
1.037644594907760620e-02 2.008110284805297852e-01 1.346237957477569580e-02 -2.622866630554199219e-01
1.439266651868820190e-02 5.499528720974922180e-03 8.216646499931812286e-03 3.461188077926635742e-02
1.450265664607286453e-02 -1.897392868995666504e-01 8.908883668482303619e-03 3.298758864402770996e-01
1.070787105709314346e-02 5.254723131656646729e-03 1.550640165805816650e-02 4.001565277576446533e-02
1.081296615302562714e-02 2.001509219408035278e-01 1.630671508610248566e-02 -2.477347999811172485e-01
1.481598429381847382e-02 4.799926187843084335e-03 1.135201845318078995e-02 5.004669725894927979e-02
1.491198223084211349e-02 1.997572779655456543e-01 1.235295273363590240e-02 -2.390330582857131958e-01
1.890712790191173553e-02 4.461052827537059784e-03 7.572290953248739243e-03 5.752059817314147949e-02
1.899634860455989838e-02 1.994736194610595703e-01 8.722702972590923309e-03 -2.327636331319808960e-01
2.298582158982753754e-02 4.228123463690280914e-03 4.067430272698402405e-03 6.265790760517120361e-02
2.307038381695747375e-02 -1.909519135951995850e-01 5.320588592439889908e-03 3.566213548183441162e-01
1.925134658813476562e-02 4.093995783478021622e-03 1.245301589369773865e-02 6.562089174985885620e-02
1.933322660624980927e-02 1.990352123975753784e-01 1.376543380320072174e-02 -2.231071740388870239e-01
2.331393025815486908e-02 3.719244850799441338e-03 9.303290396928787231e-03 7.388593256473541260e-02
2.338831499218940735e-02 1.987065970897674561e-01 1.078100875020027161e-02 -2.158473134040832520e-01
2.736244723200798035e-02 3.432191675528883934e-03 6.464062724262475967e-03 8.021683245897293091e-02
2.743109129369258881e-02 1.984608918428421021e-01 8.068399503827095032e-03 -2.104196846485137939e-01
3.140030801296234131e-02 3.224505344405770302e-03 3.860005643218755722e-03 8.479744195938110352e-02
3.146480023860931396e-02 1.982909142971038818e-01 5.555954761803150177e-03 -2.066651433706283569e-01
3.543061763048171997e-02 3.089955775067210197e-03 1.422651577740907669e-03 8.776520937681198120e-02
3.549241647124290466e-02 -1.920523643493652344e-01 3.177955746650695801e-03 3.808966577053070068e-01
3.165137022733688354e-02 3.024321747943758965e-03 1.079588849097490311e-02 8.921741694211959839e-02
3.171185404062271118e-02 1.979898810386657715e-01 1.258023735135793686e-02 -2.000399380922317505e-01
3.567165136337280273e-02 2.690278925001621246e-03 8.579438552260398865e-03 9.658476710319519043e-02
3.572545945644378662e-02 1.976882219314575195e-01 1.051113381981849670e-02 -1.933790594339370728e-01
3.967922180891036987e-02 2.417499199509620667e-03 6.643552333116531372e-03 1.026010587811470032e-01
3.972757235169410706e-02 1.974436193704605103e-01 8.695573545992374420e-03 -1.879784613847732544e-01
4.367644339799880981e-02 2.198341069743037224e-03 4.936004523187875748e-03 1.074348390102386475e-01
4.372041299939155579e-02 1.972492188215255737e-01 7.084701210260391235e-03 -1.836867183446884155e-01
4.766539484262466431e-02 2.026609145104885101e-03 3.410966601222753525e-03 1.112227141857147217e-01
4.770592972636222839e-02 1.970995217561721802e-01 5.635420791804790497e-03 -1.803821176290512085e-01
5.164792016148567200e-02 1.897380454465746880e-03 2.027778420597314835e-03 1.140732392668724060e-01
5.168586596846580505e-02 1.969902217388153076e-01 4.309243056923151016e-03 -1.779692471027374268e-01
5.562566965818405151e-02 1.806864514946937561e-03 7.498582708649337292e-04 1.160699725151062012e-01
5.566180869936943054e-02 -1.933258175849914551e-01 3.071257844567298889e-03 4.089893698692321777e-01
5.179529264569282532e-02 1.752448850311338902e-03 1.125104539096355438e-02 1.172763034701347351e-01
5.183034017682075500e-02 1.967114061117172241e-01 1.359657198190689087e-02 -1.718358844518661499e-01
5.576456710696220398e-02 1.397514017298817635e-03 1.015985384583473206e-02 1.251051425933837891e-01
5.579251796007156372e-02 1.963724493980407715e-01 1.266195718199014664e-02 -1.643552184104919434e-01
5.971996858716011047e-02 1.071552513167262077e-03 9.374852292239665985e-03 1.322951614856719971e-01
5.974140018224716187e-02 1.960579752922058105e-01 1.202075555920600891e-02 -1.574154496192932129e-01
6.366255879402160645e-02 7.659941911697387695e-04 8.872446604073047638e-03 1.390353590250015259e-01
6.367787718772888184e-02 1.957597583532333374e-01 1.165315415710210800e-02 -1.508352905511856079e-01
6.759307533502578735e-02 4.728920466732233763e-04 8.636447601020336151e-03 1.455010622739791870e-01
6.760253012180328369e-02 1.954701095819473267e-01 1.154646929353475571e-02 -1.444447636604309082e-01
7.151193171739578247e-02 1.847145322244614363e-04 8.657573722302913666e-03 1.518583744764328003e-01
7.151562720537185669e-02 1.951816380023956299e-01 1.169474143534898758e-02 -1.380807459354400635e-01
7.541926205158233643e-02 -1.058488269336521626e-04 8.933125995099544525e-03 1.582686156034469604e-01
7.541714608669281006e-02 1.948870718479156494e-01 1.209849864244461060e-02 -1.315827965736389160e-01
7.931488752365112305e-02 -4.060736973769962788e-04 9.466842748224735260e-03 1.648923605680465698e-01
7.930676639080047607e-02 1.945790946483612061e-01 1.276468951255083084e-02 -1.247890666127204895e-01
8.319834619760513306e-02 -7.233836804516613483e-04 1.026890892535448074e-02 1.718934923410415649e-01
8.318387717008590698e-02 1.942500919103622437e-01 1.370677817612886429e-02 -1.175322979688644409e-01
8.706887811422348022e-02 -1.065533957444131374e-03 1.135613303631544113e-02 1.794432997703552246e-01
8.704756945371627808e-02 1.938920915126800537e-01 1.494499854743480682e-02 -1.096356436610221863e-01
9.092541038990020752e-02 -1.440800260752439499e-03 1.275228522717952728e-02 1.877246201038360596e-01
9.089659154415130615e-02 1.934964060783386230e-01 1.650677807629108429e-02 -1.009083315730094910e-01
9.476651996374130249e-02 -1.858177827671170235e-03 1.448861137032508850e-02 1.969363838434219360e-01
9.472935646772384644e-02 1.930535733699798584e-01 1.842733845114707947e-02 -9.114103764295578003e-02
9.859043359756469727e-02 -2.327593974769115448e-03 1.660451851785182953e-02 2.072982788085937500e-01
9.854387491941452026e-02 1.925530284643173218e-01 2.075048349797725677e-02 -8.010086417198181152e-02
1.023949384689331055e-01 3.873714804649353027e-01 1.914846710860729218e-02 -3.661653995513916016e-01
1.101423650979995728e-01 1.919827163219451904e-01 1.182515826076269150e-02 -6.750669330358505249e-02
1.139820218086242676e-01 -3.306759987026453018e-03 1.047502458095550537e-02 2.288835495710372925e-01
1.139158904552459717e-01 1.916639506816864014e-01 1.505269575864076614e-02 -6.047685816884040833e-02
1.177491694688796997e-01 3.865668773651123047e-01 1.384315919131040573e-02 -3.483728170394897461e-01
1.254805028438568115e-01 1.912508010864257812e-01 6.875702645629644394e-03 -5.135699734091758728e-02
1.293055266141891479e-01 -3.969068173319101334e-03 5.848562810570001602e-03 2.434873133897781372e-01
1.292261332273483276e-01 1.910688579082489014e-01 1.071830932050943375e-02 -4.734510183334350586e-02
1.330475211143493652e-01 3.860355019569396973e-01 9.771406650543212891e-03 -3.366271257400512695e-01
1.407682299613952637e-01 1.907758563756942749e-01 3.038864349946379662e-03 -4.087891429662704468e-02
1.445837467908859253e-01 3.858540952205657959e-01 2.221286064013838768e-03 -3.326014876365661621e-01
1.523008197546005249e-01 1.907006055116653442e-01 -4.430743865668773651e-03 -3.921892121434211731e-02
1.561148315668106079e-01 -4.357534460723400116e-03 -5.215122364461421967e-03 2.520627677440643311e-01
1.560276895761489868e-01 1.908385008573532104e-01 -1.738668361213058233e-04 -4.226052761077880859e-02
1.598444581031799316e-01 -4.280961584299802780e-03 -1.019077375531196594e-03 2.503675520420074463e-01
1.597588360309600830e-01 1.908555328845977783e-01 3.988273441791534424e-03 -4.263665154576301575e-02
1.635759472846984863e-01 3.859200477600097656e-01 3.135540289804339409e-03 -3.340585827827453613e-01
1.712943464517593384e-01 1.907536238431930542e-01 -3.545631188899278641e-03 -4.038851335644721985e-02
1.751094162464141846e-01 -4.317303653806447983e-03 -4.353401251137256622e-03 2.511736154556274414e-01
1.750230789184570312e-01 1.908665448427200317e-01 6.700710509903728962e-04 -4.287926480174064636e-02
1.788403987884521484e-01 3.859788775444030762e-01 -1.875141897471621633e-04 -3.353506922721862793e-01
1.865599900484085083e-01 1.908596009016036987e-01 -6.894528400152921677e-03 -4.272691160440444946e-02
1.903771758079528809e-01 -4.162814468145370483e-03 -7.749066688120365143e-03 2.477727681398391724e-01
1.902939230203628540e-01 1.910689473152160645e-01 -2.793611027300357819e-03 -4.734427109360694885e-02
1.941152960062026978e-01 -4.012838471680879593e-03 -3.740496467798948288e-03 2.444559335708618164e-01
1.940350383520126343e-01 1.911623328924179077e-01 1.148622366599738598e-03 -4.940448328852653503e-02
1.978582888841629028e-01 3.862678110599517822e-01 1.605327270226553082e-04 -3.417247831821441650e-01
2.055836468935012817e-01 1.911435723304748535e-01 -6.673962809145450592e-03 -4.899124428629875183e-02
2.094065099954605103e-01 -3.882053541019558907e-03 -7.653787732124328613e-03 2.415785342454910278e-01
2.093288749456405640e-01 1.913483887910842896e-01 -2.822217065840959549e-03 -5.350873246788978577e-02
2.131558358669281006e-01 3.865106999874114990e-01 -3.892391687259078026e-03 -3.470807671546936035e-01
2.208860516548156738e-01 1.914443224668502808e-01 -1.083400659263134003e-02 -5.562777817249298096e-02
2.247149348258972168e-01 -3.520625177770853043e-03 -1.194656267762184143e-02 2.336173504590988159e-01
2.246445268392562866e-01 1.917699724435806274e-01 -7.274215575307607651e-03 -6.280984729528427124e-02
2.284799218177795410e-01 -3.246939508244395256e-03 -8.530412800610065460e-03 2.275691777467727661e-01
2.284149825572967529e-01 1.919958740472793579e-01 -3.979028668254613876e-03 -6.779230386018753052e-02
2.322549074888229370e-01 -3.068804740905761719e-03 -5.334875080734491348e-03 2.236325740814208984e-01
2.321935296058654785e-01 1.921289861202239990e-01 -8.622235036455094814e-04 -7.072839885950088501e-02
2.360361069440841675e-01 3.872632980346679688e-01 -2.276791492477059364e-03 -3.636832237243652344e-01
2.437813729047775269e-01 1.921737641096115112e-01 -9.550455957651138306e-03 -7.171909511089324951e-02
2.476248592138290405e-01 -2.809967147186398506e-03 -1.098483800888061523e-02 2.179353833198547363e-01
2.475686520338058472e-01 1.924672722816467285e-01 -6.626130547374486923e-03 -7.819228619337081909e-02
2.514179944992065430e-01 -2.559061627835035324e-03 -8.189976215362548828e-03 2.123927325010299683e-01
2.513668239116668701e-01 1.926790177822113037e-01 -3.942121751606464386e-03 -8.286239951848983765e-02
2.552203834056854248e-01 -2.386198611930012703e-03 -5.599369760602712631e-03 2.085741758346557617e-01
2.551726698875427246e-01 1.928153634071350098e-01 -1.427886076271533966e-03 -8.586978912353515625e-02
2.590289711952209473e-01 3.879577517509460449e-01 -3.145281923934817314e-03 -3.790028691291809082e-01
2.667881250381469727e-01 1.928806155920028687e-01 -1.072533894330263138e-02 -8.731331676244735718e-02
2.706457376480102539e-01 -2.085969550535082817e-03 -1.247160602360963821e-02 2.019665539264678955e-01
2.706040143966674805e-01 1.932121068239212036e-01 -8.432274684309959412e-03 -9.462434053421020508e-02
2.744682729244232178e-01 -1.787979621440172195e-03 -1.032476127147674561e-02 1.953863352537155151e-01
2.744325101375579834e-01 1.934801191091537476e-01 -6.417034659534692764e-03 -1.005356386303901672e-01
2.783021032810211182e-01 -1.549274078570306301e-03 -8.427747525274753571e-03 1.901158392429351807e-01
2.782711386680603027e-01 1.936922222375869751e-01 -4.625430796295404434e-03 -1.052137389779090881e-01
2.821449637413024902e-01 -1.363135408610105515e-03 -6.729705724865198135e-03 1.860063076019287109e-01
2.821177244186401367e-01 1.938544511795043945e-01 -3.009579610079526901e-03 -1.087919697165489197e-01
2.859947979450225830e-01 -1.224242500029504299e-03 -5.185418762266635895e-03 1.829399317502975464e-01
2.859703004360198975e-01 1.939715147018432617e-01 -1.526620239019393921e-03 -1.113742813467979431e-01
2.898497581481933594e-01 -1.128521980717778206e-03 -3.754105884581804276e-03 1.808266192674636841e-01
2.898271679878234863e-01 1.940469443798065186e-01 -1.375735009787604213e-04 -1.130382269620895386e-01
2.937081158161163330e-01 -1.073032617568969727e-03 -2.398338168859481812e-03 1.796012967824935913e-01
2.936866581439971924e-01 1.940831542015075684e-01 1.193687785416841507e-03 -1.138372570276260376e-01
2.975683212280273438e-01 3.891879916191101074e-01 -1.083057373762130737e-03 -4.061433374881744385e-01
3.053520619869232178e-01 1.940814107656478882e-01 -9.205924347043037415e-03 -1.138020753860473633e-01
3.092336952686309814e-01 -9.074322879314422607e-04 -1.148196589201688766e-02 1.759622842073440552e-01
3.092155456542968750e-01 1.943769454956054688e-01 -7.962720468640327454e-03 -1.203205883502960205e-01
3.131030797958374023e-01 -6.300246459431946278e-04 -1.036913227289915085e-02 1.698395758867263794e-01
3.130905032157897949e-01 1.946388036012649536e-01 -6.972340401262044907e-03 -1.260963827371597290e-01
3.169832825660705566e-01 -3.825789317488670349e-04 -9.494268335402011871e-03 1.643787175416946411e-01
3.169756233692169189e-01 1.948739886283874512e-01 -6.206693593412637711e-03 -1.312842071056365967e-01
3.208731114864349365e-01 -1.585073332535102963e-04 -8.832377381622791290e-03 1.594341546297073364e-01
3.208699226379394531e-01 1.950887739658355713e-01 -5.643694661557674408e-03 -1.360220313072204590e-01
3.247717022895812988e-01 4.811161124962382019e-05 -8.364135399460792542e-03 1.548750549554824829e-01
3.247726559638977051e-01 1.952888220548629761e-01 -5.266634281724691391e-03 -1.404347717761993408e-01
3.286784291267395020e-01 2.426892024232074618e-04 -8.075329475104808807e-03 1.505819708108901978e-01
3.286832869052886963e-01 1.954793334007263184e-01 -5.063690710812807083e-03 -1.446375697851181030e-01
3.325928747653961182e-01 4.302680899854749441e-04 -7.956442423164844513e-03 1.464435607194900513e-01
3.326014876365661621e-01 1.956652551889419556e-01 -5.027570761740207672e-03 -1.487388163805007935e-01
3.365148007869720459e-01 6.156532326713204384e-04 -8.002347312867641449e-03 1.423537880182266235e-01
3.365271091461181641e-01 1.958512961864471436e-01 -5.155271384865045547e-03 -1.528429538011550903e-01
3.404441177845001221e-01 8.035353384912014008e-04 -8.212130516767501831e-03 1.382091492414474487e-01
3.404602110385894775e-01 1.960421353578567505e-01 -5.447947885841131210e-03 -1.570532321929931641e-01
3.443810343742370605e-01 9.986100485548377037e-04 -8.589012548327445984e-03 1.339060366153717041e-01
3.444010019302368164e-01 1.962425261735916138e-01 -5.910891573876142502e-03 -1.614741832017898560e-01
3.483258783817291260e-01 1.205696025863289833e-03 -9.140375070273876190e-03 1.293381750583648682e-01
3.483499884605407715e-01 1.964573860168457031e-01 -6.553611718118190765e-03 -1.662143617868423462e-01
3.522791266441345215e-01 1.429854193702340126e-03 -9.877898730337619781e-03 1.243939027190208435e-01
3.523077368736267090e-01 1.966919153928756714e-01 -7.390020880848169327e-03 -1.713889539241790771e-01
3.562415540218353271e-01 1.676512765698134899e-03 -1.081779971718788147e-02 1.189535111188888550e-01
3.562750816345214844e-01 1.969517767429351807e-01 -8.438729681074619293e-03 -1.771226078271865845e-01
3.602141439914703369e-01 1.951598096638917923e-03 -1.198118180036544800e-02 1.128862798213958740e-01
3.602531552314758301e-01 1.972431540489196777e-01 -9.723456576466560364e-03 -1.835524141788482666e-01
3.641980290412902832e-01 2.261678222566843033e-03 -1.339450478553771973e-02 1.060473248362541199e-01
3.642432689666748047e-01 1.975729912519454956e-01 -1.127355825155973434e-02 -1.908312290906906128e-01
3.681947290897369385e-01 2.614119322970509529e-03 -1.509018242359161377e-02 9.827414155006408691e-02
3.682470023632049561e-01 1.979490518569946289e-01 -1.312469970434904099e-02 -1.991312503814697266e-01
3.722059726715087891e-01 3.017259994521737099e-03 -1.710732467472553253e-02 8.938270807266235352e-02
3.722663223743438721e-01 -1.918553560972213745e-01 -1.531967055052518845e-02 3.766195476055145264e-01
3.684292137622833252e-01 3.480793675407767296e-03 -7.787279784679412842e-03 7.914590090513229370e-02
3.684988319873809814e-01 1.987135112285614014e-01 -6.204361561685800552e-03 -2.159837186336517334e-01
3.724731206893920898e-01 3.680800553411245346e-03 -1.052403636276721954e-02 7.473563402891159058e-02
3.725467324256896973e-01 1.989520341157913208e-01 -9.029323235154151917e-03 -2.212489992380142212e-01
3.765257596969604492e-01 3.960298374295234680e-03 -1.345430314540863037e-02 6.857208907604217529e-02
3.766049742698669434e-01 -1.909662038087844849e-01 -1.208286173641681671e-02 3.569799363613128662e-01
3.727856576442718506e-01 4.325430374592542648e-03 -4.943263251334428787e-03 6.051158905029296875e-02
3.728721439838409424e-01 1.995179057121276855e-01 -3.733031451702117920e-03 -2.337268590927124023e-01
3.768625259399414062e-01 4.449492786079645157e-03 -8.407568559050559998e-03 5.777621269226074219e-02
3.769515156745910645e-01 -1.905509084463119507e-01 -7.252044510096311569e-03 3.477946817874908447e-01
3.731404840946197510e-01 4.673439078032970428e-03 -2.961507707368582487e-04 5.283377692103385925e-02
3.732339441776275635e-01 1.997996419668197632e-01 7.605247665196657181e-04 -2.399425655603408813e-01
3.772299587726593018e-01 4.666828550398349762e-03 -4.038326442241668701e-03 5.298014730215072632e-02
3.773232698440551758e-01 1.998464465141296387e-01 -2.978723729029297829e-03 -2.409741580486297607e-01
3.813202083110809326e-01 4.767176229506731033e-03 -7.798206992447376251e-03 5.076770856976509094e-02
3.814155459403991699e-01 -1.902420967817306519e-01 -6.782852578908205032e-03 3.409800827503204346e-01
3.776107132434844971e-01 4.975704010576009750e-03 3.674858453450724483e-05 4.616596549749374390e-02
3.777102231979370117e-01 2.000971287488937378e-01 9.600679040886461735e-04 -2.465053647756576538e-01
3.817121684551239014e-01 4.961478058248758316e-03 -3.970039542764425278e-03 4.648023098707199097e-02
3.818114101886749268e-01 2.001401335000991821e-01 -3.040434792637825012e-03 -2.474526315927505493e-01
3.858141899108886719e-01 5.061734933406114578e-03 -7.989487610757350922e-03 4.426972568035125732e-02
3.859154284000396729e-01 -1.899447441101074219e-01 -7.104092743247747421e-03 3.344212174415588379e-01
3.821165263652801514e-01 5.277589894831180573e-03 -4.156683280598372221e-04 3.950652852654457092e-02
3.822220861911773682e-01 2.004054933786392212e-01 3.744622517842799425e-04 -2.533075213432312012e-01
3.862302005290985107e-01 5.278203170746564865e-03 -4.691687878221273422e-03 3.949349746108055115e-02
3.863357603549957275e-01 -1.897761523723602295e-01 -3.901818068698048592e-03 3.306924700736999512e-01
3.825402557849884033e-01 5.401118658483028412e-03 2.712031127884984016e-03 3.678165003657341003e-02
3.826482594013214111e-01 2.004840672016143799e-01 3.447664203122258186e-03 -2.550443708896636963e-01
3.866579532623291016e-01 5.313067231327295303e-03 -1.653223182074725628e-03 3.872401267290115356e-02
3.867641985416412354e-01 2.004586905241012573e-01 -8.787429542280733585e-04 -2.544800639152526855e-01
3.907733857631683350e-01 5.349293351173400879e-03 -5.968344397842884064e-03 3.792556375265121460e-02
3.908803761005401611e-01 -1.896865665912628174e-01 -5.209832917898893356e-03 3.287194669246673584e-01
3.870866298675537109e-01 5.509164184331893921e-03 1.364556141197681427e-03 3.439814969897270203e-02
3.871968090534210205e-01 2.006115168333053589e-01 2.052519237622618675e-03 -2.578539252281188965e-01
3.912090361118316650e-01 5.460327025502920151e-03 -3.104559378698468208e-03 3.547568246722221375e-02
3.913182616233825684e-01 2.006266564130783081e-01 -2.395045710727572441e-03 -2.581851482391357422e-01
3.953307867050170898e-01 5.538983270525932312e-03 -7.558748591691255569e-03 3.374138846993446350e-02
3.954415619373321533e-01 -1.894737631082534790e-01 -6.883921101689338684e-03 3.240298926830291748e-01
3.916521072387695312e-01 5.745530128479003906e-03 -4.033230070490390062e-04 2.918404154479503632e-02
3.917669951915740967e-01 2.008732557296752930e-01 1.803578343242406845e-04 -2.636260986328125000e-01
3.957844674587249756e-01 5.748737603425979614e-03 -5.092164501547813416e-03 2.911369875073432922e-02
3.958994448184967041e-01 -1.892998218536376953e-01 -4.509890452027320862e-03 3.201856613159179688e-01
3.921134471893310547e-01 5.886067636311054230e-03 1.893822569400072098e-03 2.608389407396316528e-02
3.922311663627624512e-01 2.009808123111724854e-01 2.415500581264495850e-03 -2.660008966922760010e-01
3.962507843971252441e-01 5.824465770274400711e-03 -2.904517576098442078e-03 2.744290791451931000e-02
3.963672816753387451e-01 -1.892557144165039062e-01 -2.355659613385796547e-03 3.192080259323120117e-01
3.925821483135223389e-01 5.899708718061447144e-03 4.028500523418188095e-03 2.578313089907169342e-02
3.927001655101776123e-01 2.009636610746383667e-01 4.544163588434457779e-03 -2.656260430812835693e-01
3.967194259166717529e-01 5.777144804596900940e-03 -7.683574804104864597e-04 2.848668396472930908e-02
3.968349695205688477e-01 2.009101063013076782e-01 -1.986237912205979228e-04 -2.644385695457458496e-01
4.008531868457794189e-01 5.790990311652421951e-03 -5.487394984811544418e-03 2.818170376121997833e-02
4.009689986705780029e-01 -1.892518401145935059e-01 -4.923760890960693359e-03 3.191282451152801514e-01
3.971839547157287598e-01 5.939888767898082733e-03 1.458804006688296795e-03 2.489663287997245789e-02
3.973027467727661133e-01 2.010408937931060791e-01 1.956736668944358826e-03 -2.673256695270538330e-01
4.013235867023468018e-01 5.891066975891590118e-03 -3.389776684343814850e-03 2.597378566861152649e-02
4.014413952827453613e-01 -1.891821026802062988e-01 -2.870300784707069397e-03 3.175852894783020020e-01
3.976577520370483398e-01 5.980606656521558762e-03 3.481404623016715050e-03 2.399854175746440887e-02
3.977773785591125488e-01 2.010524570941925049e-01 3.961375448852777481e-03 -2.675839364528656006e-01
4.017984271049499512e-01 5.874196998775005341e-03 -1.390303135849535465e-03 2.634580433368682861e-02
4.019159078598022461e-01 2.010160535573959351e-01 -8.633870747871696949e-04 -2.667754590511322021e-01
4.059362113475799561e-01 5.906440317630767822e-03 -6.198896095156669617e-03 2.563502825796604156e-02
4.060543477535247803e-01 -1.891260743141174316e-01 -5.686195567250251770e-03 3.163557052612304688e-01
4.022718369960784912e-01 6.076413206756114960e-03 6.409185007214546204e-04 2.188498526811599731e-02
4.023933410644531250e-01 2.011891603469848633e-01 1.078618224710226059e-03 -2.705956697463989258e-01
4.064171314239501953e-01 6.051840726286172867e-03 -4.333294928073883057e-03 2.242727763950824738e-02
4.065381884574890137e-01 -1.890076994895935059e-01 -3.884749254211783409e-03 3.137398660182952881e-01
4.027580320835113525e-01 6.169375497847795486e-03 2.390047768130898476e-03 1.983433961868286133e-02
4.028814136981964111e-01 2.012569755315780640e-01 2.786734607070684433e-03 -2.720935344696044922e-01
4.069065451622009277e-01 6.095364689826965332e-03 -2.655136166140437126e-03 2.146702818572521210e-02
4.070284664630889893e-01 -1.889884024858474731e-01 -2.225795760750770569e-03 3.133110404014587402e-01
4.032486975193023682e-01 6.165179889649152756e-03 4.040425177663564682e-03 1.992700621485710144e-02
4.033719897270202637e-01 2.012289613485336304e-01 4.438965581357479095e-03 -2.714783847332000732e-01
4.073965549468994141e-01 6.043943576514720917e-03 -9.906023042276501656e-04 2.260129712522029877e-02
4.075174331665039062e-01 2.011800855398178101e-01 -5.385763361118733883e-04 -2.703939974308013916e-01
4.115410447120666504e-01 6.065825466066598892e-03 -5.946456454694271088e-03 2.211899682879447937e-02
4.116623699665069580e-01 -1.889703422784805298e-01 -5.504076834768056870e-03 3.129198253154754639e-01
4.078829586505889893e-01 6.229582242667675018e-03 7.543200626969337463e-04 1.850618608295917511e-02
4.080075621604919434e-01 2.013407051563262939e-01 1.124443719163537025e-03 -2.739386558532714844e-01
4.120343625545501709e-01 6.202730815857648849e-03 -4.354329314082860947e-03 1.909871958196163177e-02
4.121584296226501465e-01 -1.888564974069595337e-01 -3.972354810684919357e-03 3.104046285152435303e-01
4.083812832832336426e-01 6.321816239506006241e-03 2.235737862065434456e-03 1.647158898413181305e-02
4.085077345371246338e-01 2.014116346836090088e-01 2.565169474110007286e-03 -2.755050957202911377e-01
4.125359654426574707e-01 6.253177765756845474e-03 -2.944932552054524422e-03 1.798577979207038879e-02
4.126610159873962402e-01 -1.888264119625091553e-01 -2.585216891020536423e-03 3.097380995750427246e-01
4.088844954967498779e-01 6.332273129373788834e-03 3.609545063227415085e-03 1.624098420143127441e-02
4.090111255645751953e-01 2.014022767543792725e-01 3.934364765882492065e-03 -2.753009200096130371e-01
4.130391776561737061e-01 6.224410608410835266e-03 -1.571653410792350769e-03 1.862032338976860046e-02
4.131636619567871094e-01 2.013688683509826660e-01 -1.199246966280043125e-03 -2.745580673217773438e-01
4.171910583972930908e-01 6.264045834541320801e-03 -6.690408103168010712e-03 1.774637587368488312e-02
4.173163175582885742e-01 -1.887613236904144287e-01 -6.335480604320764542e-03 3.083109259605407715e-01
4.135411083698272705e-01 6.450326647609472275e-03 -1.692624646238982677e-04 1.363669987767934799e-02
4.136701226234436035e-01 2.015746980905532837e-01 1.034715387504547834e-04 -2.790996134281158447e-01
4.177016019821166992e-01 6.451277993619441986e-03 -5.478520877659320831e-03 1.361593324691057205e-02
4.178306162357330322e-01 -1.885916739702224731e-01 -5.206202156841754913e-03 3.045653104782104492e-01
4.140588045120239258e-01 6.604078691452741623e-03 8.851036545820534229e-04 1.024501677602529526e-02
4.141908884048461914e-01 2.017133235931396484e-01 1.090003992430865765e-03 -2.821585237979888916e-01
4.182251393795013428e-01 6.575843319296836853e-03 -4.553166218101978302e-03 1.086799148470163345e-02
4.183566570281982422e-01 -1.884805113077163696e-01 -4.335806705057621002e-03 3.021108806133270264e-01
4.145870506763458252e-01 6.702963262796401978e-03 1.706410897895693779e-03 8.063681423664093018e-03
4.147211015224456787e-01 2.018004059791564941e-01 1.867684535682201385e-03 -2.840803563594818115e-01
4.187571108341217041e-01 6.651861127465963364e-03 -3.813922870904207230e-03 9.191033430397510529e-03
4.188901484012603760e-01 -1.884151846170425415e-01 -3.630102146416902542e-03 3.006681799888610840e-01
4.151218533515930176e-01 6.758316885679960251e-03 2.383261686190962791e-03 6.842612288892269135e-03
4.152570068836212158e-01 2.018460035324096680e-01 2.520113950595259666e-03 -2.850874066352844238e-01
4.192939400672912598e-01 6.688205525279045105e-03 -3.181634470820426941e-03 8.389271795749664307e-03
4.194276928901672363e-01 -1.883879750967025757e-01 -3.013849025592207909e-03 3.000666499137878418e-01
4.156599342823028564e-01 6.776806898415088654e-03 2.987484214827418327e-03 6.434749346226453781e-03
4.157954752445220947e-01 2.018557935953140259e-01 3.116179257631301880e-03 -2.853040993213653564e-01
4.198325872421264648e-01 6.689530797302722931e-03 -2.589902840554714203e-03 8.360021747648715973e-03
4.199663996696472168e-01 -1.883951872587203979e-01 -2.422702265903353691e-03 3.002246916294097900e-01
4.161984920501708984e-01 6.761217489838600159e-03 3.581791184842586517e-03 6.778665352612733841e-03
4.163337051868438721e-01 2.018316239118576050e-01 3.717364510521292686e-03 -2.847720086574554443e-01
4.203703403472900391e-01 6.656846031546592712e-03 -1.978075597435235977e-03 9.081023745238780975e-03
4.205034673213958740e-01 -1.884366869926452637e-01 -1.796455238945782185e-03 3.011391758918762207e-01
4.167347550392150879e-01 6.710829213261604309e-03 4.226328339427709579e-03 7.890237495303153992e-03
4.168689548969268799e-01 2.017719149589538574e-01 4.384133499115705490e-03 -2.834562361240386963e-01
4.209043979644775391e-01 6.587707437574863434e-03 -1.284991507418453693e-03 1.060618739575147629e-02
4.210361540317535400e-01 2.017280608415603638e-01 -1.072867773473262787e-03 -2.824818789958953857e-01
4.250707030296325684e-01 6.621431559324264526e-03 -6.722505670040845871e-03 9.862463921308517456e-03
4.252031445503234863e-01 -1.884034723043441772e-01 -6.525256205350160599e-03 3.004167973995208740e-01
4.214350581169128418e-01 6.810879800468683243e-03 -5.169203504920005798e-04 5.683101713657379150e-03
4.215712845325469971e-01 -1.883036494255065918e-01 -4.032583383377641439e-04 2.982029020786285400e-01
4.178052246570587158e-01 6.824043113738298416e-03 5.560799501836299896e-03 5.392808932811021805e-03
4.179416894912719727e-01 2.018658071756362915e-01 5.668655503541231155e-03 -2.855304479598999023e-01
4.219790101051330566e-01 6.663468200713396072e-03 -4.195324800093658268e-05 8.934932760894298553e-03
4.221122860908508301e-01 2.017860263586044312e-01 1.367453951388597488e-04 -2.837612330913543701e-01
4.261479973793029785e-01 6.662120111286640167e-03 -5.538479425013065338e-03 8.964821696281433105e-03
4.262812435626983643e-01 -1.883799582719802856e-01 -5.359182599931955338e-03 2.998951673507690430e-01
4.225136339664459229e-01 6.817962042987346649e-03 6.387204048223793507e-04 5.526878871023654938e-03
4.226500093936920166e-01 2.019307464361190796e-01 7.492579752579331398e-04 -2.869544625282287598e-01
4.266886115074157715e-01 6.798118818551301956e-03 -4.989831242710351944e-03 5.964687094092369080e-03
4.268245697021484375e-01 -1.882519125938415527e-01 -4.870537202805280685e-03 2.970691025257110596e-01
4.230595529079437256e-01 6.939125712960958481e-03 1.070844475179910660e-03 2.854070626199245453e-03
4.231983125209808350e-01 2.020457088947296143e-01 1.127925934270024300e-03 -2.894907891750335693e-01
4.272392392158508301e-01 6.907686125487089157e-03 -4.661890212446451187e-03 3.547649830579757690e-03
4.273774027824401855e-01 -1.881470978260040283e-01 -4.590936936438083649e-03 2.947560548782348633e-01
4.236144423484802246e-01 7.040003314614295959e-03 1.304183970205485821e-03 6.287586293183267117e-04
4.237552583217620850e-01 2.021432220935821533e-01 1.316759153269231319e-03 -2.916423976421356201e-01
4.277981221675872803e-01 7.002525031566619873e-03 -4.516088869422674179e-03 1.455528428778052330e-03
4.279381632804870605e-01 -1.880543678998947144e-01 -4.486978054046630859e-03 2.927101552486419678e-01
4.241770803928375244e-01 7.131268735975027084e-03 1.367224962450563908e-03 -1.384516595862805843e-03
4.243197143077850342e-01 2.022335827350616455e-01 1.339534646831452847e-03 -2.936357557773590088e-01
4.283643662929534912e-01 7.092561572790145874e-03 -4.533180501312017441e-03 -5.306577659212052822e-04
4.285062253475189209e-01 -1.879640817642211914e-01 -4.543793387711048126e-03 2.907185554504394531e-01
4.247469604015350342e-01 7.222360931336879730e-03 1.270577544346451759e-03 -3.393961349502205849e-03
4.248913824558258057e-01 -1.879177838563919067e-01 1.202698331326246262e-03 2.896895706653594971e-01
4.211330413818359375e-01 7.186991162598133087e-03 6.996490061283111572e-03 -2.613788936287164688e-03
4.212767779827117920e-01 2.022079080343246460e-01 6.944213993847370148e-03 -2.930810451507568359e-01
4.253209233283996582e-01 6.987640168517827988e-03 1.082592993043363094e-03 1.783871208317577839e-03
4.254606962203979492e-01 2.020940482616424561e-01 1.118270447477698326e-03 -2.905572950839996338e-01
4.295025765895843506e-01 6.956169381737709045e-03 -4.692875314503908157e-03 2.478118985891342163e-03
4.296416938304901123e-01 -1.880981624126434326e-01 -4.643313121050596237e-03 2.936767041683197021e-01
4.258797168731689453e-01 7.089677732437849045e-03 1.230221008881926537e-03 -4.670384514611214399e-04
4.260215163230895996e-01 2.021939605474472046e-01 1.220880309119820595e-03 -2.927615642547607422e-01
4.300653934478759766e-01 7.054627407342195511e-03 -4.634351003915071487e-03 3.061643510591238737e-04
4.302065074443817139e-01 -1.880005598068237305e-01 -4.628227557986974716e-03 2.915233075618743896e-01
4.264464974403381348e-01 7.187081035226583481e-03 1.202238374389708042e-03 -2.615710953250527382e-03
4.265902340412139893e-01 -1.879520863294601440e-01 1.149924122728407383e-03 2.904462814331054688e-01
4.228311777114868164e-01 7.153444457799196243e-03 6.958850193768739700e-03 -1.873737899586558342e-03
4.229742586612701416e-01 2.021749019622802734e-01 6.921375170350074768e-03 -2.923529744148254395e-01
4.270177483558654785e-01 6.954958196729421616e-03 1.074315980076789856e-03 2.504813252016901970e-03
4.271568655967712402e-01 2.020614892244338989e-01 1.124412287026643753e-03 -2.898389697074890137e-01
4.311980903148651123e-01 6.923519074916839600e-03 -4.672367125749588013e-03 3.198381979018449783e-03
4.313365519046783447e-01 -1.881311088800430298e-01 -4.608399234712123871e-03 2.944034636020660400e-01
4.275739192962646484e-01 7.056235335767269135e-03 1.279670046642422676e-03 2.706871891859918833e-04
4.277150630950927734e-01 2.021598070859909058e-01 1.285083708353340626e-03 -2.920082211494445801e-01
4.317582547664642334e-01 7.019560318440198898e-03 -4.555080551654100418e-03 1.079735229723155499e-03
4.318986535072326660e-01 -1.880367696285247803e-01 -4.533485975116491318e-03 2.923220098018646240e-01
4.281378984451293945e-01 7.149526383727788925e-03 1.312954234890639782e-03 -1.787270070053637028e-03
4.282808899879455566e-01 2.022526264190673828e-01 1.277208910323679447e-03 -2.940556406974792480e-01
4.323259592056274414e-01 7.112486287951469421e-03 -4.603904206305742264e-03 -9.701884118840098381e-04
4.324682056903839111e-01 -1.879431307315826416e-01 -4.623307846486568451e-03 2.902565896511077881e-01
4.287093281745910645e-01 7.244433276355266571e-03 1.181824016384780407e-03 -3.880871459841728210e-03
4.288542270660400391e-01 -1.878944486379623413e-01 1.104206661693751812e-03 2.891747057437896729e-01
4.250963330268859863e-01 7.211741060018539429e-03 6.887700874358415604e-03 -3.159766085445880890e-03
4.252405762672424316e-01 2.022342383861541748e-01 6.824505515396595001e-03 -2.936615943908691406e-01
4.292852580547332764e-01 7.015656679868698120e-03 9.512731921859085560e-04 1.165837398730218410e-03
4.294255673885345459e-01 2.021239548921585083e-01 9.745899587869644165e-04 -2.912167906761169434e-01
4.334680438041687012e-01 6.988118402659893036e-03 -4.849745891988277435e-03 1.773342140950262547e-03
4.336078166961669922e-01 -1.880639493465423584e-01 -4.814279265701770782e-03 2.929221689701080322e-01
4.298465251922607422e-01 7.126314099878072739e-03 1.044164411723613739e-03 -1.275211572647094727e-03
4.299890697002410889e-01 2.022332698106765747e-01 1.018660143017768860e-03 -2.936285138130187988e-01
4.340337216854095459e-01 7.096814922988414764e-03 -4.853909835219383240e-03 -6.244851974770426750e-04
4.341756701469421387e-01 -1.879551857709884644e-01 -4.866399802267551422e-03 2.905230224132537842e-01
4.304165542125701904e-01 7.235813420265913010e-03 9.440608555451035500e-04 -3.690722631290555000e-03
4.305612742900848389e-01 -1.878996640443801880e-01 8.702463819645345211e-04 2.892899215221405029e-01
4.268032908439636230e-01 7.209866773337125778e-03 6.656044628471136093e-03 -3.118415828794240952e-03
4.269474744796752930e-01 2.022357285022735596e-01 6.593676283955574036e-03 -2.936938703060150146e-01
4.309921860694885254e-01 7.020395714789628983e-03 7.197990198619663715e-04 1.061295042745769024e-03
4.311325848102569580e-01 2.021320164203643799e-01 7.410249672830104828e-04 -2.913944423198699951e-01
4.351752400398254395e-01 6.999507080763578415e-03 -5.086863879114389420e-03 1.522105536423623562e-03
4.353152215480804443e-01 -1.880491226911544800e-01 -5.056421738117933273e-03 2.925957441329956055e-01
4.315542578697204590e-01 7.144555915147066116e-03 7.954929606057703495e-04 -1.677623367868363857e-03
4.316971302032470703e-01 2.022550851106643677e-01 7.619404932484030724e-04 -2.941094636917114258e-01
4.357422292232513428e-01 7.122283801436424255e-03 -5.120248533785343170e-03 -1.186321838758885860e-03
4.358846843242645264e-01 -1.879258602857589722e-01 -5.143974907696247101e-03 2.898767292499542236e-01
4.321261644363403320e-01 7.269059773534536362e-03 6.535592256113886833e-04 -4.424115642905235291e-03
4.322715401649475098e-01 -1.878622621297836304e-01 5.650769453495740891e-04 2.884649336338043213e-01
4.285143017768859863e-01 7.251630071550607681e-03 6.334376055747270584e-03 -4.039708059281110764e-03
4.286593496799468994e-01 2.022821605205535889e-01 6.253581494092941284e-03 -2.947173416614532471e-01
4.327049851417541504e-01 7.071621250361204147e-03 3.592346620280295610e-04 -6.871618097648024559e-05
4.328463971614837646e-01 2.021884173154830933e-01 3.578603209462016821e-04 -2.926382720470428467e-01
4.368901848793029785e-01 7.061366923153400421e-03 -5.494905170053243637e-03 1.574913476360961795e-04
4.370314180850982666e-01 -1.879813522100448608e-01 -5.491755437105894089e-03 2.911016643047332764e-01
4.332717657089233398e-01 7.218474522233009338e-03 3.302777186036109924e-04 -3.308233805000782013e-03
4.334161579608917236e-01 -1.879082173109054565e-01 2.641130413394421339e-04 2.894788682460784912e-01
4.296579957008361816e-01 7.209972012788057327e-03 6.053690798580646515e-03 -3.120735287666320801e-03
4.298021793365478516e-01 2.022445797920227051e-01 5.991275887936353683e-03 -2.938875257968902588e-01
4.338470697402954102e-01 7.037728559225797653e-03 1.135255952249281108e-04 6.789343315176665783e-04
4.339878261089324951e-01 2.021580487489700317e-01 1.271042856387794018e-04 -2.919681668281555176e-01
4.380309879779815674e-01 7.034288253635168076e-03 -5.712259095162153244e-03 7.548395660705864429e-04
4.381716847419738770e-01 -1.880052834749221802e-01 -5.697162356227636337e-03 2.916300296783447266e-01
4.344115853309631348e-01 7.197441998869180679e-03 1.354380219709128141e-04 -2.844263799488544464e-03
4.345555305480957031e-01 -1.879264563322067261e-01 7.855275180190801620e-05 2.898813784122467041e-01
4.307969808578491211e-01 7.194379344582557678e-03 5.876180715858936310e-03 -2.776758745312690735e-03
4.309408664703369141e-01 2.022315710783004761e-01 5.820645485073328018e-03 -2.935999035835266113e-01
4.349855184555053711e-01 7.027114275842905045e-03 -5.135261744726449251e-05 9.130768594332039356e-04
4.351260662078857422e-01 2.021498084068298340e-01 -3.309107705717906356e-05 -2.917860448360443115e-01
4.391690492630004883e-01 7.028322666883468628e-03 -5.868812091648578644e-03 8.864382398314774036e-04
4.393096268177032471e-01 -1.880089789628982544e-01 -5.851083435118198395e-03 2.917119264602661133e-01
4.355494379997253418e-01 7.195916026830673218e-03 -1.684494236542377621e-05 -2.810607431456446648e-03
4.356933534145355225e-01 -1.879258006811141968e-01 -7.305709004867821932e-05 2.898670136928558350e-01
4.319348335266113281e-01 7.197199389338493347e-03 5.724282935261726379e-03 -2.838962944224476814e-03
4.320787787437438965e-01 2.022365927696228027e-01 5.667503923177719116e-03 -2.937103211879730225e-01
4.361235201358795166e-01 7.034296169877052307e-03 -2.067027817247435451e-04 7.546498090960085392e-04
4.362641870975494385e-01 2.021592110395431519e-01 -1.916097826324403286e-04 -2.919934988021850586e-01
4.403073787689208984e-01 7.039992604404687881e-03 -6.031479686498641968e-03 6.290022283792495728e-04
4.404481947422027588e-01 -1.879949420690536499e-01 -6.018899381160736084e-03 2.914028465747833252e-01
4.366882741451263428e-01 7.212311495095491409e-03 -1.908427220769226551e-04 -3.172283759340643883e-03
4.368325173854827881e-01 -1.879069060087203979e-01 -2.542884030845016241e-04 2.894504368305206299e-01
4.330743849277496338e-01 7.218674290925264359e-03 5.534720141440629959e-03 -3.312692046165466309e-03
4.332187771797180176e-01 2.022608071565628052e-01 5.468466319143772125e-03 -2.942442297935485840e-01
4.372639954090118408e-01 7.061327341943979263e-03 -4.164181882515549660e-04 1.583515550009906292e-04
4.374051988124847412e-01 2.021892517805099487e-01 -4.132511676289141178e-04 -2.926559448242187500e-01
4.414489865303039551e-01 7.073191460222005844e-03 -6.266369950026273727e-03 -1.033669905154965818e-04
4.415904581546783447e-01 -1.879583299160003662e-01 -6.268437020480632782e-03 2.905958890914916992e-01
4.378312826156616211e-01 7.252437062561511993e-03 -4.565196286421269178e-04 -4.057435318827629089e-03
4.379763305187225342e-01 -1.878629624843597412e-01 -5.376682966016232967e-04 2.884814143180847168e-01
4.342190921306610107e-01 7.266650442034006119e-03 5.231960210949182510e-03 -4.371034447103738785e-03
4.343644082546234131e-01 2.023131847381591797e-01 5.144539289176464081e-03 -2.953986227512359619e-01
4.384106695652008057e-01 7.118264213204383850e-03 -7.634332869201898575e-04 -1.097648520953953266e-03
4.385530352592468262e-01 -1.879927366971969604e-01 -7.853862480260431767e-04 2.913443148136138916e-01
4.347931742668151855e-01 7.140411064028739929e-03 5.041500087827444077e-03 -1.586216618306934834e-03
4.349359869956970215e-01 2.021896988153457642e-01 5.009775515645742416e-03 -2.926742434501647949e-01
4.389798045158386230e-01 6.996677722781896591e-03 -8.437091019004583359e-04 1.584489597007632256e-03
4.391197264194488525e-01 2.021307200193405151e-01 -8.120193378999829292e-04 -2.913645207881927490e-01
4.431623518466949463e-01 7.020355202257633209e-03 -6.639309693127870560e-03 1.062196912243962288e-03
4.433027505874633789e-01 -1.880057454109191895e-01 -6.618065759539604187e-03 2.916429638862609863e-01
4.395426213741302490e-01 7.209934294223785400e-03 -7.852063863538205624e-04 -3.119846107438206673e-03
4.396868348121643066e-01 -1.879007518291473389e-01 -8.476033108308911324e-04 2.893152236938476562e-01
4.359288215637207031e-01 7.233280222862958908e-03 4.938701167702674866e-03 -3.634896595031023026e-03
4.360734820365905762e-01 2.022840529680252075e-01 4.866003524512052536e-03 -2.947555184364318848e-01
4.401191473007202148e-01 7.093071471899747849e-03 -1.029107021167874336e-03 -5.419096560217440128e-04
4.402610361576080322e-01 2.022297680377960205e-01 -1.039945171214640141e-03 -2.935493588447570801e-01
4.443056285381317139e-01 7.122657261788845062e-03 -6.910932250320911407e-03 -1.194593263790011406e-03
4.444480836391448975e-01 -1.878995001316070557e-01 -6.934823933988809586e-03 2.892998754978179932e-01
4.406900703907012939e-01 7.320648059248924255e-03 -1.148826908320188522e-03 -5.562143400311470032e-03
4.408364892005920410e-01 -1.877848058938980103e-01 -1.260069664567708969e-03 2.867580950260162354e-01
4.370808005332946777e-01 7.355089765042066574e-03 4.475092049688100815e-03 -6.321982480585575104e-03
4.372279047966003418e-01 2.024125754833221436e-01 4.348652437329292297e-03 -2.975896000862121582e-01
4.412761628627777100e-01 7.228906266391277313e-03 -1.603139680810272694e-03 -3.538373159244656563e-03
4.414207339286804199e-01 -1.878700107336044312e-01 -1.673907157965004444e-03 2.886383235454559326e-01
4.376633167266845703e-01 7.275764364749193192e-03 4.098859149962663651e-03 -4.572077654302120209e-03
4.378088414669036865e-01 2.023386955261230469e-01 4.007417708635330200e-03 -2.959589660167694092e-01
4.418556094169616699e-01 7.159842178225517273e-03 -1.911761472001671791e-03 -2.014848170801997185e-03
4.419988095760345459e-01 -1.879346370697021484e-01 -1.952058519236743450e-03 2.900642752647399902e-01
4.382401108741760254e-01 7.215092424303293228e-03 3.849227214232087135e-03 -3.233662806451320648e-03
4.383844137191772461e-01 2.022816240787506104e-01 3.784553846344351768e-03 -2.946996390819549561e-01
4.424300491809844971e-01 7.105927448719739914e-03 -2.109438646584749222e-03 -8.255185093730688095e-04
4.425721764564514160e-01 -1.879857033491134644e-01 -2.125949133187532425e-03 2.911911010742187500e-01
4.388124644756317139e-01 7.166492287069559097e-03 3.697873093187808990e-03 -2.161558018997311592e-03
4.389557838439941406e-01 2.022352218627929688e-01 3.654642030596733093e-03 -2.936754822731018066e-01
4.430004954338073730e-01 7.061350159347057343e-03 -2.218867419287562370e-03 1.578346273163333535e-04
4.431417286396026611e-01 -1.880287081003189087e-01 -2.215710701420903206e-03 2.921398580074310303e-01
4.393811523914337158e-01 7.124763913452625275e-03 3.627086291089653969e-03 -1.241052872501313686e-03
4.395236372947692871e-01 2.021945118904113770e-01 3.602265380322933197e-03 -2.927773892879486084e-01
4.435675442218780518e-01 7.021384313702583313e-03 -2.253282349556684494e-03 1.039466820657253265e-03
4.437079727649688721e-01 -1.880681812763214111e-01 -2.232493134215474129e-03 2.930105924606323242e-01
4.399465918540954590e-01 7.085531018674373627e-03 3.627718891948461533e-03 -3.755834768526256084e-04
4.400883018970489502e-01 2.021552622318267822e-01 3.620207309722900391e-03 -2.919117212295532227e-01
4.441314041614532471e-01 6.981886457651853561e-03 -2.218026900663971901e-03 1.910776132717728615e-03
4.442710578441619873e-01 2.021355777978897095e-01 -2.179811475798487663e-03 -2.914711534976959229e-01
4.483137726783752441e-01 7.044774480164051056e-03 -8.009234443306922913e-03 5.235053249634802341e-04
4.484546482563018799e-01 -1.879613995552062988e-01 -7.998764514923095703e-03 2.906686961650848389e-01
4.446954429149627686e-01 7.273684721440076828e-03 -2.185390098020434380e-03 -4.526175092905759811e-03
4.448409080505371094e-01 -1.878168582916259766e-01 -2.275913720950484276e-03 2.874664366245269775e-01
4.410845637321472168e-01 7.337477058172225952e-03 3.473415039479732513e-03 -5.933425854891538620e-03
4.412313103675842285e-01 2.024094462394714355e-01 3.354746382683515549e-03 -2.975184321403503418e-01
4.452795088291168213e-01 7.239830214530229568e-03 -2.595622092485427856e-03 -3.779362654313445091e-03
4.454242885112762451e-01 -1.878447979688644409e-01 -2.671209396794438362e-03 2.880834937095642090e-01
4.416674077510833740e-01 7.315142080187797546e-03 3.090460319072008133e-03 -5.440718028694391251e-03
4.418137073516845703e-01 2.023926377296447754e-01 2.981645986437797546e-03 -2.971469759941101074e-01
4.458615481853485107e-01 7.228306960314512253e-03 -2.961293328553438187e-03 -3.525173291563987732e-03
4.460061192512512207e-01 -1.878510564565658569e-01 -3.031796775758266449e-03 2.882219552993774414e-01
4.422491192817687988e-01 7.314004469662904739e-03 2.732642460614442825e-03 -5.415622610598802567e-03
4.423953890800476074e-01 2.023966610431671143e-01 2.624329878017306328e-03 -2.972351312637329102e-01
4.464433193206787109e-01 7.237395737320184708e-03 -3.320372430607676506e-03 -3.725677728652954102e-03
4.465880692005157471e-01 -1.878367811441421509e-01 -3.394885919988155365e-03 2.879077792167663574e-01
4.428313374519348145e-01 7.333420217037200928e-03 2.363269682973623276e-03 -5.843922030180692673e-03
4.429779946804046631e-01 2.024213969707489014e-01 2.246391260996460915e-03 -2.977802753448486328e-01
4.470264315605163574e-01 7.267497945576906204e-03 -3.709214041009545326e-03 -4.389720968902111053e-03
4.471717774868011475e-01 -1.878010630607604980e-01 -3.797008423134684563e-03 2.871206104755401611e-01
4.434157609939575195e-01 7.374831940978765488e-03 1.945403404533863068e-03 -6.757448893040418625e-03
4.435632526874542236e-01 2.024688273668289185e-01 1.810254529118537903e-03 -2.988259494304656982e-01
4.476126432418823242e-01 7.321121171116828918e-03 -4.166264552623033524e-03 -5.572645459324121475e-03
4.477590620517730713e-01 -1.877408325672149658e-01 -4.277717322111129761e-03 2.857928574085235596e-01
4.440042376518249512e-01 7.441863883286714554e-03 1.438140054233372211e-03 -8.236143738031387329e-03
4.441530704498291016e-01 2.025431543588638306e-01 1.273417146876454353e-03 -3.004649877548217773e-01
4.482039511203765869e-01 7.403082214295864105e-03 -4.735882394015789032e-03 -7.380708586424589157e-03
4.483520090579986572e-01 -1.876506358385086060e-01 -4.883496556431055069e-03 2.838042378425598145e-01
4.445989727973937988e-01 7.540631573647260666e-03 7.925882819108664989e-04 -1.041490864008665085e-02
4.447498023509979248e-01 -1.875926703214645386e-01 5.842900718562304974e-04 2.825179696083068848e-01
4.409979581832885742e-01 7.520935032516717911e-03 6.234649568796157837e-03 -9.980603121221065521e-03
4.411483705043792725e-01 2.025529146194458008e-01 6.035037804394960403e-03 -3.006899058818817139e-01
4.451994299888610840e-01 7.345472462475299835e-03 2.123929334629792720e-05 -6.109790876507759094e-03
4.453463256359100342e-01 2.024671137332916260e-01 -1.009565239655785263e-04 -2.987860143184661865e-01
4.493956863880157471e-01 7.346607279032468796e-03 -6.076676771044731140e-03 -6.134930998086929321e-03
4.495426118373870850e-01 -1.876876652240753174e-01 -6.199375260621309280e-03 2.846245467662811279e-01
4.457888603210449219e-01 7.522147148847579956e-03 -5.068844184279441833e-04 -1.000715233385562897e-02
4.459393024444580078e-01 -1.875925362110137939e-01 -7.070274441502988338e-04 2.825157940387725830e-01
4.421874582767486572e-01 7.539497688412666321e-03 4.943288397043943405e-03 -1.039003301411867142e-02
4.423382282257080078e-01 2.025902122259140015e-01 4.735487978905439377e-03 -3.015092015266418457e-01
4.463900327682495117e-01 7.401084061712026596e-03 -1.294696121476590633e-03 -7.336571346968412399e-03
4.465380609035491943e-01 -1.877022683620452881e-01 -1.441427506506443024e-03 2.849375903606414795e-01
4.427840113639831543e-01 7.440204266458749771e-03 4.257324151694774628e-03 -8.199612610042095184e-03
4.429328143596649170e-01 2.025008350610733032e-01 4.093331750482320786e-03 -2.995362579822540283e-01
4.469828307628631592e-01 7.320784032344818115e-03 -1.897393492981791496e-03 -5.565197672694921494e-03
4.471292495727539062e-01 -1.877738982439041138e-01 -2.008697483688592911e-03 2.865184843540191650e-01
4.433737695217132568e-01 7.376635912805795670e-03 3.721672110259532928e-03 -6.797301582992076874e-03
4.435213208198547363e-01 2.024450153112411499e-01 3.585726022720336914e-03 -2.983036637306213379e-01
