1.698236167430877686e-02 -1.792320050299167633e-02 4.628215730190277100e-02 -1.990511640906333923e-02
1.662389747798442841e-02 1.765055060386657715e-01 4.588405415415763855e-02 -2.976337969303131104e-01
2.015400864183902740e-02 -1.923946477472782135e-02 3.993137925863265991e-02 9.159827604889869690e-03
1.976921968162059784e-02 1.752877384424209595e-01 4.011457785964012146e-02 -2.706616818904876709e-01
2.327497303485870361e-02 -2.038300409913063049e-02 3.470134362578392029e-02 3.439884632825851440e-02
2.286731451749801636e-02 1.742245852947235107e-01 3.538931906223297119e-02 -2.471366375684738159e-01
2.635180577635765076e-02 -2.138445712625980377e-02 3.044658713042736053e-02 5.649548396468162537e-02
2.592411637306213379e-02 1.732880026102066040e-01 3.157649561762809753e-02 -2.264279723167419434e-01
2.938987687230110168e-02 -2.227065153419971466e-02 2.704793773591518402e-02 7.604574412107467651e-02
2.894446253776550293e-02 1.724533140659332275e-01 2.856885269284248352e-02 -2.079822421073913574e-01
3.239353001117706299e-02 -2.306525595486164093e-02 2.440920658409595490e-02 9.357403218746185303e-02
3.193222358822822571e-02 1.716984957456588745e-01 2.628068812191486359e-02 -1.913089603185653687e-01
3.536619246006011963e-02 -2.378937602043151855e-02 2.245450951159000397e-02 1.095472127199172974e-01
3.489040583372116089e-02 1.710037291049957275e-01 2.464545331895351410e-02 -1.759677231311798096e-01
3.831048309803009033e-02 -2.446210011839866638e-02 2.112609893083572388e-02 1.243870183825492859e-01
3.782124072313308716e-02 1.703509241342544556e-01 2.361383847892284393e-02 -1.615566909313201904e-01
4.122825711965560913e-02 -2.510098740458488464e-02 2.038270607590675354e-02 1.384812593460083008e-01
4.072623699903488159e-02 1.697231829166412354e-01 2.315233089029788971e-02 -1.477022022008895874e-01
4.412070289254188538e-02 -2.572252787649631500e-02 2.019828557968139648e-02 1.521939784288406372e-01
4.360625147819519043e-02 1.691044718027114868e-01 2.324216626584529877e-02 -1.340490132570266724e-01
4.698834195733070374e-02 -2.634255588054656982e-02 2.056118473410606384e-02 1.658749282360076904e-01
4.646148905158042908e-02 1.684791296720504761e-01 2.387868426740169525e-02 -1.202512681484222412e-01
4.983107373118400574e-02 -2.697665803134441376e-02 2.147365920245647430e-02 1.798684895038604736e-01
4.929153993725776672e-02 1.678315252065658569e-01 2.507102862000465393e-02 -1.059636473655700684e-01
5.264816805720329285e-02 -2.764056436717510223e-02 2.295175567269325256e-02 1.945224553346633911e-01
5.209535732865333557e-02 1.671456843614578247e-01 2.684220485389232635e-02 -9.083273261785507202e-02
5.543827265501022339e-02 -2.835052087903022766e-02 2.502555027604103088e-02 2.101965993642807007e-01
5.487126111984252930e-02 1.664048284292221069e-01 2.922948263585567474e-02 -7.448821514844894409e-02
5.819935724139213562e-02 3.610958158969879150e-01 2.773971669375896454e-02 -3.578077256679534912e-01
6.542127579450607300e-02 1.655907183885574341e-01 2.058356255292892456e-02 -5.650844424962997437e-02
6.873308867216110229e-02 -2.982023172080516815e-02 1.945339515805244446e-02 2.425970286130905151e-01
6.813668459653854370e-02 1.650185286998748779e-01 2.430533431470394135e-02 -4.388687387108802795e-02
7.143705338239669800e-02 3.597836792469024658e-01 2.342759817838668823e-02 -3.288032412528991699e-01
7.863272726535797119e-02 1.643361747264862061e-01 1.685153320431709290e-02 -2.882535569369792938e-02
8.191945403814315796e-02 3.592124581336975098e-01 1.627502590417861938e-02 -3.161441683769226074e-01
8.910369873046875000e-02 1.638625115156173706e-01 9.952141903340816498e-03 -1.837340928614139557e-02
9.238094836473464966e-02 -3.140074014663696289e-02 9.584673680365085602e-03 2.774328589439392090e-01
9.175293892621994019e-02 1.635831743478775024e-01 1.513333059847354889e-02 -1.221173442900180817e-02
9.502460062503814697e-02 3.584848642349243164e-01 1.488909590989351273e-02 -3.000817596912384033e-01
1.021942943334579468e-01 1.631538867950439453e-01 8.887461386620998383e-03 -2.740539843216538429e-03
1.054573729634284973e-01 3.581472635269165039e-01 8.832650259137153625e-03 -2.926061749458312988e-01
1.126203164458274841e-01 1.629004925489425659e-01 2.980527002364397049e-03 2.849322278052568436e-03
1.158783286809921265e-01 3.579795658588409424e-01 3.037513466551899910e-03 -2.888917326927185059e-01
1.230379194021224976e-01 1.628144383430480957e-01 -2.740321215242147446e-03 4.747654777020215988e-03
1.262942105531692505e-01 -3.226811066269874573e-02 -2.645367989316582680e-03 2.965647280216217041e-01
1.256488412618637085e-01 1.628914475440979004e-01 3.285926301032304764e-03 3.048661863431334496e-03
1.289066821336746216e-01 3.579661250114440918e-01 3.346899524331092834e-03 -2.885957062244415283e-01
1.360660046339035034e-01 1.627966016530990601e-01 -2.425014507025480270e-03 5.140917841345071793e-03
1.393219232559204102e-01 -3.229048475623130798e-02 -2.322196261957287788e-03 2.970577478408813477e-01
1.386761218309402466e-01 1.628644913434982300e-01 3.618958638980984688e-03 3.643335308879613876e-03
1.419334113597869873e-01 3.579343557357788086e-01 3.691825317218899727e-03 -2.878955602645874023e-01
1.490920931100845337e-01 1.627599596977233887e-01 -2.066086046397686005e-03 5.949432030320167542e-03
1.523472964763641357e-01 3.579114675521850586e-01 -1.947097480297088623e-03 -2.873846590518951416e-01
1.595055311918258667e-01 1.628173440694808960e-01 -7.694790605455636978e-03 4.683540668338537216e-03
1.627618670463562012e-01 -3.219341114163398743e-02 -7.601119577884674072e-03 2.949287593364715576e-01
1.621180027723312378e-01 1.630360782146453857e-01 -1.702544395811855793e-03 -1.417105959262698889e-04
1.653787195682525635e-01 3.581824004650115967e-01 -1.705378643237054348e-03 -2.933613359928131104e-01
1.725423783063888550e-01 1.630848050117492676e-01 -7.572605274617671967e-03 -1.216737902723252773e-03
1.758040636777877808e-01 -3.192772716283798218e-02 -7.596939802169799805e-03 2.890673577785491943e-01
1.751655191183090210e-01 1.633017212152481079e-01 -1.815592753700911999e-03 -6.001857575029134750e-03
1.784315556287765503e-01 3.584496676921844482e-01 -1.935629872605204582e-03 -2.992570698261260986e-01
1.856005489826202393e-01 1.633553653955459595e-01 -7.920771837234497070e-03 -7.185234688222408295e-03
1.888676583766937256e-01 -3.165210410952568054e-02 -8.064475841820240021e-03 2.829881012439727783e-01
1.882346123456954956e-01 1.635839343070983887e-01 -2.404714003205299377e-03 -1.222736667841672897e-02
1.915062814950942993e-01 3.587402999401092529e-01 -2.649261383339762688e-03 -3.056680262088775635e-01
1.986811012029647827e-01 1.636562049388885498e-01 -8.762622252106666565e-03 -1.382180023938417435e-02
2.019542157649993896e-01 -3.133899718523025513e-02 -9.039058350026607513e-03 2.760835886001586914e-01
2.013274431228637695e-01 1.639107465744018555e-01 -3.517386270686984062e-03 -1.943650469183921814e-02
2.046056538820266724e-01 3.590829670429229736e-01 -3.906116355210542679e-03 -3.132271170616149902e-01
2.117873132228851318e-01 1.640168726444244385e-01 -1.017065905034542084e-02 -2.177862264215946198e-02
2.150676548480987549e-01 -3.095775842666625977e-02 -1.060623116791248322e-02 2.676780819892883301e-01
2.144484966993331909e-01 1.643139421939849854e-01 -5.252670031040906906e-03 -2.833117917180061340e-02
2.177347689867019653e-01 -3.073229081928730011e-02 -5.819293670356273651e-03 2.626898586750030518e-01
2.171201258897781372e-01 1.644722372293472290e-01 -5.654965061694383621e-04 -3.182284533977508545e-02
2.204095721244812012e-01 3.596023023128509521e-01 -1.201953506097197533e-03 -3.246841430664062500e-01
2.276016175746917725e-01 1.644974797964096069e-01 -7.695636246353387833e-03 -3.238049894571304321e-02
2.308915704488754272e-01 -3.051327168941497803e-02 -8.343245834112167358e-03 2.578644752502441406e-01
2.302813082933425903e-01 1.647267937660217285e-01 -3.185956738889217377e-03 -3.743831813335418701e-02
2.335758358240127563e-01 3.598942756652832031e-01 -3.934723325073719025e-03 -3.311247527599334717e-01
2.407737225294113159e-01 1.648285686969757080e-01 -1.055721845477819443e-02 -3.968523070216178894e-02
2.440702915191650391e-01 -3.014041855931282043e-02 -1.135092228651046753e-02 2.496481835842132568e-01
2.434674799442291260e-01 1.651417762041091919e-01 -6.357959005981683731e-03 -4.659333825111389160e-02
2.467703223228454590e-01 -2.988843247294425964e-02 -7.289825938642024994e-03 2.440768331289291382e-01
2.461725473403930664e-01 1.653368771076202393e-01 -2.408289117738604546e-03 -5.089654400944709778e-02
2.494792938232421875e-01 3.604932725429534912e-01 -3.426220035180449486e-03 -3.443383276462554932e-01
2.566891610622406006e-01 1.654202342033386230e-01 -1.031298656016588211e-02 -5.273779109120368958e-02
2.599975466728210449e-01 -2.955233305692672729e-02 -1.136774290353059769e-02 2.366735488176345825e-01
2.594065070152282715e-01 1.657301634550094604e-01 -6.634271703660488129e-03 -5.957332253456115723e-02
2.627211213111877441e-01 -2.929603680968284607e-02 -7.825737819075584412e-03 2.310090810060501099e-01
2.621352076530456543e-01 1.659368574619293213e-01 -3.205556189641356468e-03 -6.413203477859497070e-02
2.654539346694946289e-01 -2.913898415863513947e-02 -4.488197155296802521e-03 2.275377959012985229e-01
2.648711502552032471e-01 1.660468131303787231e-01 6.255890184547752142e-05 -6.655748933553695679e-02
2.681920826435089111e-01 3.611678779125213623e-01 -1.268590800464153290e-03 -3.592206835746765137e-01
2.754154503345489502e-01 1.660639792680740356e-01 -8.453004062175750732e-03 -6.693803519010543823e-02
2.787367403507232666e-01 -2.893576771020889282e-02 -9.791765362024307251e-03 2.230659872293472290e-01
2.781580090522766113e-01 1.663247644901275635e-01 -5.330445244908332825e-03 -7.268949598073959351e-02
2.814845144748687744e-01 -2.872037142515182495e-02 -6.784235127270221710e-03 2.183068990707397461e-01
2.809101045131683350e-01 1.664979010820388794e-01 -2.418097341433167458e-03 -7.650832086801528931e-02
2.842400670051574707e-01 -2.858930267393589020e-02 -3.948263823986053467e-03 2.154107093811035156e-01
2.836682796478271484e-01 1.665888726711273193e-01 3.599502379074692726e-04 -7.851506024599075317e-02
2.870000600814819336e-01 3.617056608200073242e-01 -1.210351008921861649e-03 -3.710843920707702637e-01
2.942341566085815430e-01 1.666009277105331421e-01 -8.632038719952106476e-03 -7.878335565328598022e-02
2.975661754608154297e-01 -2.839622460305690765e-02 -1.020770613104104996e-02 2.111636847257614136e-01
2.969982624053955078e-01 1.668701767921447754e-01 -5.984432529658079147e-03 -8.472166955471038818e-02
3.003356754779815674e-01 -2.816548198461532593e-02 -7.678865920752286911e-03 2.060671597719192505e-01
2.997723519802093506e-01 1.670654267072677612e-01 -3.557522315531969070e-03 -8.902813494205474854e-02
3.031136691570281982e-01 -2.800534665584564209e-02 -5.338084883987903595e-03 2.025302797555923462e-01
3.025535643100738525e-01 1.671925336122512817e-01 -1.287479535676538944e-03 -9.183177351951599121e-02
3.058974146842956543e-01 -2.791093662381172180e-02 -3.124115057289600372e-03 2.004446834325790405e-01
3.053391873836517334e-01 1.672555506229400635e-01 8.847785065881907940e-04 -9.322212636470794678e-02
3.086842894554138184e-01 3.623648285865783691e-01 -9.796639205887913704e-04 -3.856257796287536621e-01
3.159315884113311768e-01 1.672567874193191528e-01 -8.692179806530475616e-03 -9.325189143419265747e-02
3.192767202854156494e-01 -2.773950807750225067e-02 -1.055721752345561981e-02 1.966760307550430298e-01
3.187219500541687012e-01 1.675318479537963867e-01 -6.623696535825729370e-03 -9.931843727827072144e-02
3.220725655555725098e-01 -2.749455161392688751e-02 -8.610065095126628876e-03 1.912673860788345337e-01
3.215226829051971436e-01 1.677495092153549194e-01 -4.784717224538326263e-03 -1.041191741824150085e-01
3.248776793479919434e-01 -2.730354852974414825e-02 -6.867100950330495834e-03 1.870503574609756470e-01
3.243316113948822021e-01 1.679159700870513916e-01 -3.126093652099370956e-03 -1.077909320592880249e-01
3.276899158954620361e-01 -2.716103941202163696e-02 -5.281912162899971008e-03 1.839040964841842651e-01
3.271467089653015137e-01 1.680360883474349976e-01 -1.603830489329993725e-03 -1.104403957724571228e-01
3.305074274539947510e-01 -2.706284448504447937e-02 -3.812638344243168831e-03 1.817360967397689819e-01
3.299661576747894287e-01 1.681134551763534546e-01 -1.779162266757339239e-04 -1.121471300721168518e-01
3.333284258842468262e-01 -2.700594626367092133e-02 -2.420858712866902351e-03 1.804796606302261353e-01
3.327883183956146240e-01 1.681505590677261353e-01 1.188734429888427258e-03 -1.129659786820411682e-01
3.361513316631317139e-01 -2.698840200901031494e-02 -1.070585218258202076e-03 1.800917536020278931e-01
3.356115520000457764e-01 1.681488603353500366e-01 2.531249774619936943e-03 -1.129287183284759521e-01
3.389745354652404785e-01 3.632344305515289307e-01 2.726755337789654732e-04 -4.048119783401489258e-01
3.462392389774322510e-01 1.681086272001266479e-01 -7.823564112186431885e-03 -1.120430976152420044e-01
3.496013879776000977e-01 -2.690035104751586914e-02 -1.006442587822675705e-02 1.781613081693649292e-01
3.490633964538574219e-01 1.683641672134399414e-01 -6.501199677586555481e-03 -1.176795214414596558e-01
3.524306714534759521e-01 -2.666403166949748993e-02 -8.854789659380912781e-03 1.729452610015869141e-01
3.518973886966705322e-01 1.685835272073745728e-01 -5.395885091274976730e-03 -1.225178688764572144e-01
3.552690744400024414e-01 -2.646070532500743866e-02 -7.846242748200893402e-03 1.684578359127044678e-01
3.547398447990417480e-01 1.687726676464080811e-01 -4.477085545659065247e-03 -1.266899853944778442e-01
3.581153154373168945e-01 -2.628485858440399170e-02 -7.010885514318943024e-03 1.645771116018295288e-01
3.575896024703979492e-01 1.689367443323135376e-01 -3.719343338161706924e-03 -1.303092837333679199e-01
3.609683513641357422e-01 -2.613172680139541626e-02 -6.325528956949710846e-03 1.611979156732559204e-01
3.604457080364227295e-01 1.690802127122879028e-01 -3.101570531725883484e-03 -1.334738135337829590e-01
3.638273179531097412e-01 -2.599717862904071808e-02 -5.771046970039606094e-03 1.582289934158325195e-01
3.633073568344116211e-01 1.692069172859191895e-01 -2.606466878205537796e-03 -1.362689584493637085e-01
3.666914999485015869e-01 -2.587760239839553833e-02 -5.331845954060554504e-03 1.555905342102050781e-01
3.661739528179168701e-01 1.693202853202819824e-01 -2.220035297796130180e-03 -1.387696862220764160e-01
3.695603609085083008e-01 -2.576980181038379669e-02 -4.995428957045078278e-03 1.532120257616043091e-01
3.690449595451354980e-01 1.694233119487762451e-01 -1.931188395246863365e-03 -1.410426497459411621e-01
3.724334239959716797e-01 -2.567091956734657288e-02 -4.752041306346654892e-03 1.510303914546966553e-01
3.719200193881988525e-01 1.695187538862228394e-01 -1.731433439999818802e-03 -1.431479007005691528e-01
3.753103911876678467e-01 -2.557835914194583893e-02 -4.594391677528619766e-03 1.489882916212081909e-01
3.747988343238830566e-01 1.696090847253799438e-01 -1.614625798538327217e-03 -1.451405286788940430e-01
3.781909942626953125e-01 -2.548971027135848999e-02 -4.517436493188142776e-03 1.470325738191604614e-01
3.776811957359313965e-01 1.696966439485549927e-01 -1.576784881763160229e-03 -1.470720916986465454e-01
3.810751438140869141e-01 -2.540269494056701660e-02 -4.518226720392704010e-03 1.451129764318466187e-01
3.805670738220214844e-01 1.697836667299270630e-01 -1.615967019461095333e-03 -1.489919275045394897e-01
3.839627504348754883e-01 -2.531510591506958008e-02 -4.595805425196886063e-03 1.431807577610015869e-01
3.834564685821533203e-01 1.698723584413528442e-01 -1.732190605252981186e-03 -1.509485244750976562e-01
3.868539035320281982e-01 -2.522474341094493866e-02 -4.751160740852355957e-03 1.411874294281005859e-01
3.863494098186492920e-01 1.699649244546890259e-01 -1.927412231452763081e-03 -1.529906094074249268e-01
3.897487223148345947e-01 -2.512936852872371674e-02 -4.987224470824003220e-03 1.390836387872695923e-01
3.892461359500885010e-01 1.700636595487594604e-01 -2.205551601946353912e-03 -1.551684886217117310e-01
3.926473855972290039e-01 -2.502664737403392792e-02 -5.308921448886394501e-03 1.368178129196166992e-01
3.921468555927276611e-01 1.701709479093551636e-01 -2.572565106675028801e-03 -1.575352549552917480e-01
3.955502808094024658e-01 -2.491408400237560272e-02 -5.723270121961832047e-03 1.343349814414978027e-01
3.950519859790802002e-01 1.702893823385238647e-01 -3.036570269614458084e-03 -1.601480394601821899e-01
3.984577953815460205e-01 -2.478897012770175934e-02 -6.239531096071004868e-03 1.315753757953643799e-01
3.979620039463043213e-01 1.704217940568923950e-01 -3.608023747801780701e-03 -1.630694866180419922e-01
4.013704359531402588e-01 -2.464831434190273285e-02 -6.869413424283266068e-03 1.284730136394500732e-01
4.008774757385253906e-01 1.705713719129562378e-01 -4.299953114241361618e-03 -1.663691848516464233e-01
4.042889177799224854e-01 -2.448876947164535522e-02 -7.627336774021387100e-03 1.249541342258453369e-01
4.037991166114807129e-01 1.707416176795959473e-01 -5.128254182636737823e-03 -1.701253503561019897e-01
4.072139561176300049e-01 -2.430655807256698608e-02 -8.530761115252971649e-03 1.209353730082511902e-01
4.067278206348419189e-01 1.709365695714950562e-01 -6.112053524702787399e-03 -1.744266748428344727e-01
4.101465642452239990e-01 -2.409737557172775269e-02 -9.600587189197540283e-03 1.163218468427658081e-01
4.096646010875701904e-01 1.711608022451400757e-01 -7.274150382727384567e-03 -1.793744713068008423e-01
4.130878150463104248e-01 -2.385629713535308838e-02 -1.086163986474275589e-02 1.110048741102218628e-01
4.126107096672058105e-01 1.714195907115936279e-01 -8.641541935503482819e-03 -1.850849539041519165e-01
4.160391092300415039e-01 -2.357765100896358490e-02 -1.234324090182781219e-02 1.048594191670417786e-01
4.155675470829010010e-01 1.717189997434616089e-01 -1.024605240672826767e-02 -1.916920542716979980e-01
4.190019369125366211e-01 -2.325489372014999390e-02 -1.407989393919706345e-02 9.774114191532135010e-02
4.185368120670318604e-01 1.720659881830215454e-01 -1.212507113814353943e-02 -1.993504911661148071e-01
4.219781458377838135e-01 -2.288045734167098999e-02 -1.611207984387874603e-02 8.948300033807754517e-02
4.215205311775207520e-01 -2.177678048610687256e-01 -1.432242058217525482e-02 3.770393133163452148e-01
4.171651899814605713e-01 -2.244539372622966766e-02 -6.781633943319320679e-03 7.987511157989501953e-02
4.167162775993347168e-01 1.727731078863143921e-01 -5.184131674468517303e-03 -2.149396985769271851e-01
4.201717376708984375e-01 -2.227433957159519196e-02 -9.482925757765769958e-03 7.610341906547546387e-02
4.197262525558471680e-01 1.729822605848312378e-01 -7.960857823491096497e-03 -2.195562571287155151e-01
4.231858849525451660e-01 -2.202499285340309143e-02 -1.235198229551315308e-02 7.060489803552627563e-02
4.227454066276550293e-01 -2.169677019119262695e-01 -1.093988493084907532e-02 3.593652546405792236e-01
4.184060394763946533e-01 -2.169195562601089478e-02 -3.752579446882009506e-03 6.325291097164154053e-02
4.179722070693969727e-01 1.734835952520370483e-01 -2.487521152943372726e-03 -2.306116074323654175e-01
4.214418828487396240e-01 -2.160272002220153809e-02 -7.099753711372613907e-03 6.128562614321708679e-02
4.210098087787628174e-01 1.736202985048294067e-01 -5.874041002243757248e-03 -2.336288392543792725e-01
4.244822263717651367e-01 -2.141722850501537323e-02 -1.054661814123392105e-02 5.719545483589172363e-02
4.240538775920867920e-01 -2.163863778114318848e-01 -9.402709081768989563e-03 3.465322852134704590e-01
4.197261631488800049e-01 -2.113195694983005524e-02 -2.472063293680548668e-03 5.089922249317169189e-02
4.193035066127777100e-01 1.740253567695617676e-01 -1.454078825190663338e-03 -2.425626367330551147e-01
4.227840304374694824e-01 -2.107579819858074188e-02 -6.305331364274024963e-03 4.966128617525100708e-02
4.223625063896179199e-01 -2.161067724227905273e-01 -5.312105640769004822e-03 3.403481841087341309e-01
4.180403649806976318e-01 -2.090964093804359436e-02 1.494857715442776680e-03 4.599485918879508972e-02
4.176221787929534912e-01 1.741908490657806396e-01 2.414754824712872505e-03 -2.462160587310791016e-01
4.211059808731079102e-01 -2.096551284193992615e-02 -2.509566023945808411e-03 4.722756519913673401e-02
4.206866919994354248e-01 1.741923391819000244e-01 -1.565014827065169811e-03 -2.462460994720458984e-01
4.241705238819122314e-01 -2.090723067522048950e-02 -6.489936728030443192e-03 4.594277963042259216e-02
4.237523972988128662e-01 -2.159355282783508301e-01 -5.571080837398767471e-03 3.365710377693176270e-01
4.194336831569671631e-01 -2.073473483324050903e-02 1.160339568741619587e-03 4.213650152087211609e-02
4.190189838409423828e-01 1.743705570697784424e-01 2.003069501370191574e-03 -2.501800954341888428e-01
4.225063920021057129e-01 -2.077993936836719513e-02 -3.000532509759068489e-03 4.313395917415618896e-02
4.220907986164093018e-01 1.743849068880081177e-01 -2.137853298336267471e-03 -2.504941523075103760e-01
4.255784749984741211e-01 -2.070644684135913849e-02 -7.147736381739377975e-03 4.151368886232376099e-02
4.251643717288970947e-01 -2.157251834869384766e-01 -6.317462772130966187e-03 3.319329023361206055e-01
4.208498597145080566e-01 -2.051387540996074677e-02 3.211952862329781055e-04 3.726446256041526794e-02
4.204395711421966553e-01 1.746034622192382812e-01 1.066484488546848297e-03 -2.553171217441558838e-01
4.239316582679748535e-01 -2.053369395434856415e-02 -4.039857536554336548e-03 3.770201653242111206e-02
4.235209822654724121e-01 -2.155974805355072021e-01 -3.285817336291074753e-03 3.291075825691223145e-01
4.192090332508087158e-01 -2.042890712618827820e-02 3.296334529295563698e-03 3.539028391242027283e-02
4.188004434108734131e-01 1.746456176042556763e-01 4.004140384495258331e-03 -2.562507987022399902e-01
4.222933650016784668e-01 -2.053327113389968872e-02 -1.120875589549541473e-03 3.769240900874137878e-02
4.218826889991760254e-01 1.746047288179397583e-01 -3.670274745672941208e-04 -2.553439438343048096e-01
4.253747761249542236e-01 -2.051197364926338196e-02 -5.473906639963388443e-03 3.722318261861801147e-02
4.249645471572875977e-01 -2.155549973249435425e-01 -4.729442764073610306e-03 3.281740248203277588e-01
4.206534624099731445e-01 -2.036604098975658417e-02 1.834037597291171551e-03 3.400340303778648376e-02
4.202461242675781250e-01 1.747295558452606201e-01 2.514105755835771561e-03 -2.581003010272979736e-01
4.237407147884368896e-01 -2.042819187045097351e-02 -2.647900255396962166e-03 3.537455201148986816e-02
4.233321547508239746e-01 -2.155120670795440674e-01 -1.940409303642809391e-03 3.272208571434020996e-01
4.190219044685363770e-01 -2.036254853010177612e-02 4.604008048772811890e-03 3.392665088176727295e-02
4.186146557331085205e-01 1.746930778026580811e-01 5.282540805637836456e-03 -2.573001086711883545e-01
4.221085309982299805e-01 -2.050389163196086884e-02 1.365386124234646559e-04 3.704431280493736267e-02
4.216984510421752930e-01 1.746160984039306641e-01 8.774248417466878891e-04 -2.555955350399017334e-01
4.251907765865325928e-01 -2.051836624741554260e-02 -4.234485793858766556e-03 3.736402094364166260e-02
4.247803986072540283e-01 -2.155793458223342896e-01 -3.487205365672707558e-03 3.287079334259033203e-01
4.204688072204589844e-01 -2.040791884064674377e-02 3.086953191086649895e-03 3.492733463644981384e-02
4.200606644153594971e-01 1.746696233749389648e-01 3.785499837249517441e-03 -2.567800283432006836e-01
4.235540330410003662e-01 -2.050616405904293060e-02 -1.350100850686430931e-03 3.709449246525764465e-02
4.231439232826232910e-01 1.746351271867752075e-01 -6.082109757699072361e-04 -2.560141086578369141e-01
4.266366362571716309e-01 -2.047814056277275085e-02 -5.728492978960275650e-03 3.647692874073982239e-02
4.262270629405975342e-01 -2.155174762010574341e-01 -4.998954478651285172e-03 3.273469507694244385e-01
4.219167232513427734e-01 -2.032471448183059692e-02 1.547984895296394825e-03 3.309179469943046570e-02
4.215102195739746094e-01 1.747750043869018555e-01 2.209820784628391266e-03 -2.591023147106170654e-01
4.250057339668273926e-01 -2.037842385470867157e-02 -2.972225658595561981e-03 3.427678719162940979e-02
4.245981574058532715e-01 -2.154576331377029419e-01 -2.286690054461359978e-03 3.260204792022705078e-01
4.202890098094940186e-01 -2.030319347977638245e-02 4.233719315379858017e-03 3.261729702353477478e-02
4.198829233646392822e-01 1.747577935457229614e-01 4.886065144091844559e-03 -2.587268352508544922e-01
4.233780801296234131e-01 -2.043357305228710175e-02 -2.884716377593576908e-04 3.549320250749588013e-02
4.229694306850433350e-01 1.746925115585327148e-01 4.213923821225762367e-04 -2.572807371616363525e-01
4.264632761478424072e-01 -2.043545246124267578e-02 -4.724222235381603241e-03 3.553508222103118896e-02
4.260545670986175537e-01 -2.154893428087234497e-01 -4.013520665466785431e-03 3.267237246036529541e-01
4.217447638511657715e-01 -2.031047642230987549e-02 2.520954236388206482e-03 3.277782723307609558e-02
4.213385581970214844e-01 1.747752279043197632e-01 3.176510566845536232e-03 -2.591086626052856445e-01
4.248340725898742676e-01 -2.039192244410514832e-02 -2.005662303417921066e-03 3.457449749112129211e-02
4.244262278079986572e-01 -2.154850512742996216e-01 -1.314172404818236828e-03 3.266239464282989502e-01
4.201165437698364258e-01 -2.034441754221916199e-02 5.218306556344032288e-03 3.352687507867813110e-02
4.197096526622772217e-01 1.747023165225982666e-01 5.888843908905982971e-03 -2.575050592422485352e-01
4.232036769390106201e-01 -2.050321362912654877e-02 7.387427613139152527e-04 3.702946007251739502e-02
4.227936267852783203e-01 1.746081411838531494e-01 1.479331986047327518e-03 -2.554202973842620850e-01
4.262857735157012939e-01 -2.053490467369556427e-02 -3.629073966294527054e-03 3.772887215018272400e-02
4.258750975131988525e-01 -2.156046330928802490e-01 -2.874496392905712128e-03 3.292645812034606934e-01
4.215629994869232178e-01 -2.044187486171722412e-02 3.710795193910598755e-03 3.567656129598617554e-02
4.211541712284088135e-01 1.746266633272171021e-01 4.424326587468385696e-03 -2.558332681655883789e-01
4.246467053890228271e-01 -2.055817283689975739e-02 -6.923388573341071606e-04 3.824187815189361572e-02
4.242355227470397949e-01 1.745737046003341675e-01 7.249866757774725556e-05 -2.546594142913818359e-01
4.277270138263702393e-01 -2.054928615689277649e-02 -5.020689684897661209e-03 3.804638236761093140e-02
4.273160099983215332e-01 -2.155988812446594238e-01 -4.259761888533830643e-03 3.291410207748413086e-01
4.230040311813354492e-01 -2.041655033826828003e-02 2.323058433830738068e-03 3.511780500411987305e-02
4.225957095623016357e-01 1.746720075607299805e-01 3.025414422154426575e-03 -2.568312585353851318e-01
4.260891377925872803e-01 -2.049300260841846466e-02 -2.111210720613598824e-03 3.680438548326492310e-02
4.256792962551116943e-01 1.746591627597808838e-01 -1.375123159959912300e-03 -2.565439045429229736e-01
4.291724562644958496e-01 -2.044313214719295502e-02 -6.506001111119985580e-03 3.570497035980224609e-02
4.287635982036590576e-01 -2.154711782932281494e-01 -5.791901610791683197e-03 3.263280987739562988e-01
4.244541823863983154e-01 -2.026725187897682190e-02 7.346603670157492161e-04 3.182430937886238098e-02
4.240488409996032715e-01 1.748441606760025024e-01 1.371146528981626034e-03 -2.606267333030700684e-01
4.275457262992858887e-01 -2.029734104871749878e-02 -3.841388039290904999e-03 3.248835355043411255e-02
4.271397888660430908e-01 -2.153639942407608032e-01 -3.191621042788028717e-03 3.239568173885345459e-01
4.228324890136718750e-01 -2.019674330949783325e-02 3.287515137344598770e-03 3.026909194886684418e-02
4.224285483360290527e-01 1.748779118061065674e-01 3.892897162586450577e-03 -2.613747715950012207e-01
4.259261190891265869e-01 -2.029939554631710052e-02 -1.334598520770668983e-03 3.253347054123878479e-02
4.255201220512390137e-01 -2.154021859169006348e-01 -6.839291309006512165e-04 3.247950077056884766e-01
4.212120771408081055e-01 -2.027050033211708069e-02 5.811971146613359451e-03 3.189648687839508057e-02
4.208066761493682861e-01 1.747676283121109009e-01 6.449901033192873001e-03 -2.589470446109771729e-01
4.243020415306091309e-01 -2.044580876827239990e-02 1.270959968678653240e-03 3.576326742768287659e-02
4.238931238651275635e-01 1.746578961610794067e-01 1.986225368455052376e-03 -2.565183937549591064e-01
4.273862838745117188e-01 -2.049235999584197998e-02 -3.144142450764775276e-03 3.679036349058151245e-02
4.269764125347137451e-01 -2.155690789222717285e-01 -2.408335218206048012e-03 3.284796178340911865e-01
4.226650297641754150e-01 -2.041292935609817505e-02 4.161257296800613403e-03 3.503819555044174194e-02
4.222567975521087646e-01 1.746491044759750366e-01 4.862021189182996750e-03 -2.563289105892181396e-01
4.257497787475585938e-01 -2.054192684590816498e-02 -2.645569620653986931e-04 3.788359835743904114e-02
4.253389239311218262e-01 1.745838224887847900e-01 4.931149887852370739e-04 -2.548827826976776123e-01
4.288305938243865967e-01 -2.054517157375812531e-02 -4.604540765285491943e-03 3.795563802123069763e-02
4.284197092056274414e-01 -2.156007885932922363e-01 -3.845427883788943291e-03 3.291822373867034912e-01
4.241076707839965820e-01 -2.042431011795997620e-02 2.738216659054160118e-03 3.528912365436553955e-02
4.236992001533508301e-01 1.746582686901092529e-01 3.443999215960502625e-03 -2.565286159515380859e-01
4.271923601627349854e-01 -2.051268331706523895e-02 -1.686573028564453125e-03 3.723861649632453918e-02
4.267821013927459717e-01 1.746334135532379150e-01 -9.418007684871554375e-04 -2.559759616851806641e-01
4.302747845649719238e-01 -2.047508023679256439e-02 -6.061320193111896515e-03 3.640975430607795715e-02
4.298652708530426025e-01 -2.155095934867858887e-01 -5.333125125616788864e-03 3.271741271018981934e-01
4.255550801753997803e-01 -2.031211741268634796e-02 1.210357528179883957e-03 3.281414881348609924e-02
4.251488447189331055e-01 1.747924536466598511e-01 1.866640523076057434e-03 -2.594866454601287842e-01
4.286446869373321533e-01 -2.035609260201454163e-02 -3.323092591017484665e-03 3.378445655107498169e-02
4.282375574111938477e-01 -2.154302299022674561e-01 -2.647403394803404808e-03 3.254170715808868408e-01
4.239289760589599609e-01 -2.027068659663200378e-02 3.860937897115945816e-03 3.190043568611145020e-02
4.235235452651977539e-01 1.747956871986389160e-01 4.498946480453014374e-03 -2.595618367195129395e-01
4.270194768905639648e-01 -2.039020322263240814e-02 -6.922900211066007614e-04 3.453672304749488831e-02
4.266116619110107422e-01 1.747416704893112183e-01 -1.555538347020046785e-06 -2.583645582199096680e-01
4.301064908504486084e-01 -2.038026042282581329e-02 -5.168846342712640762e-03 3.431788831949234009e-02
4.296988844871520996e-01 -2.154277116060256958e-01 -4.482488613575696945e-03 3.253655135631561279e-01
4.253903329372406006e-01 -2.024222351610660553e-02 2.024821704253554344e-03 3.127238526940345764e-02
4.249854981899261475e-01 1.748506277799606323e-01 2.650269540026783943e-03 -2.607710063457489014e-01
4.284825026988983154e-01 -2.030904963612556458e-02 -2.565150614827871323e-03 3.274667263031005859e-02
4.280763268470764160e-01 -2.153941243886947632e-01 -1.910217106342315674e-03 3.246191740036010742e-01
4.237684309482574463e-01 -2.024502493441104889e-02 4.582166206091642380e-03 3.133444860577583313e-02
4.233635365962982178e-01 1.748109161853790283e-01 5.208855029195547104e-03 -2.598992288112640381e-01
4.268597662448883057e-01 -2.038500458002090454e-02 1.087041891878470778e-05 3.442206606268882751e-02
4.264520704746246338e-01 1.747367978096008301e-01 6.993117858655750751e-04 -2.582574188709259033e-01
4.299467802047729492e-01 -2.039513736963272095e-02 -4.465837031602859497e-03 3.464598953723907471e-02
4.295389056205749512e-01 -2.154527604579925537e-01 -3.772916970774531364e-03 3.259165585041046143e-01
4.252298474311828613e-01 -2.027729712426662445e-02 2.745414152741432190e-03 3.204621002078056335e-02
4.248242974281311035e-01 1.748051792383193970e-01 3.386338241398334503e-03 -2.597692608833312988e-01
4.283204078674316406e-01 -2.036495320498943329e-02 -1.809046603739261627e-03 3.397984802722930908e-02
4.279130995273590088e-01 1.747828871011734009e-01 -1.129449694417417049e-03 -2.592732906341552734e-01
4.314087629318237305e-01 -2.032291516661643982e-02 -6.314915604889392853e-03 3.305316716432571411e-02
4.310022890567779541e-01 -2.153537422418594360e-01 -5.653852596879005432e-03 3.237369954586029053e-01
4.266952276229858398e-01 -2.015174180269241333e-02 8.208876242861151695e-04 2.927645854651927948e-02
4.262921810150146484e-01 1.749584227800369263e-01 1.406416762620210648e-03 -2.631473541259765625e-01
4.297913610935211182e-01 -2.018357068300247192e-02 -3.856530413031578064e-03 2.997883595526218414e-02
4.293876886367797852e-01 -2.152500003576278687e-01 -3.256953554227948189e-03 3.214424848556518555e-01
4.250826835632324219e-01 -2.008182555437088013e-02 3.171896329149603844e-03 2.773423492908477783e-02
4.246810376644134521e-01 1.749944984912872314e-01 3.726581111550331116e-03 -2.639462351799011230e-01
4.281809329986572266e-01 -2.018044888973236084e-02 -1.552343717776238918e-03 2.990975603461265564e-02
4.277773201465606689e-01 -2.152801007032394409e-01 -9.541486506350338459e-04 3.221024870872497559e-01
4.234717190265655518e-01 -2.014457806944847107e-02 5.487901158630847931e-03 2.911882288753986359e-02
4.230688214302062988e-01 1.748982518911361694e-01 6.070277653634548187e-03 -2.618275582790374756e-01
4.265668094158172607e-01 -2.030982822179794312e-02 8.337264298461377621e-04 3.276379406452178955e-02
4.261606037616729736e-01 1.748001575469970703e-01 1.489002374000847340e-03 -2.596559524536132812e-01
4.296565949916839600e-01 -2.034301869571208954e-02 -3.704116912558674812e-03 3.349624201655387878e-02
4.292497336864471436e-01 -2.154116630554199219e-01 -3.034192137420177460e-03 3.250081837177276611e-01
4.249415099620819092e-01 -2.024663425981998444e-02 3.465971443802118301e-03 3.136994689702987671e-02
4.245365858078002930e-01 1.748254448175430298e-01 4.093370400369167328e-03 -2.602174282073974609e-01
4.280330836772918701e-01 -2.035470493137836456e-02 -1.110977958887815475e-03 3.375379741191864014e-02
4.276259839534759521e-01 1.747831553220748901e-01 -4.359020094852894545e-04 -2.592794597148895264e-01
4.311216473579406738e-01 -2.033256366848945618e-02 -5.621491000056266785e-03 3.326595574617385864e-02
4.307149946689605713e-01 -2.153734564781188965e-01 -4.956171847879886627e-03 3.241699635982513428e-01
4.264075458049774170e-01 -2.018128149211406708e-02 1.527227228507399559e-03 2.992818877100944519e-02
4.260039031505584717e-01 1.749187409877777100e-01 2.125791041180491447e-03 -2.622724771499633789e-01
4.295022785663604736e-01 -2.023349702358245850e-02 -3.119658678770065308e-03 3.108017705380916595e-02
4.290976226329803467e-01 -2.153105735778808594e-01 -2.498055342584848404e-03 3.227771818637847900e-01
4.247913956642150879e-01 -2.015313692390918732e-02 3.957488574087619781e-03 2.930752187967300415e-02
4.243883490562438965e-01 1.749118417501449585e-01 4.543638788163661957e-03 -2.621241509914398193e-01
4.278865754604339600e-01 -2.027467638254165649e-02 -6.988440873101353645e-04 3.198842331767082214e-02
4.274810850620269775e-01 1.748572885990142822e-01 -5.907564627705141902e-05 -2.609149217605590820e-01
4.309782385826110840e-01 -2.026381716132164001e-02 -5.277373827993869781e-03 3.174937888979911804e-02
4.305729568004608154e-01 -2.153096944093704224e-01 -4.642386455088853836e-03 3.227625787258148193e-01
4.262667596340179443e-01 -2.012194320559501648e-02 1.812865142710506916e-03 2.861925028264522552e-02
4.258643090724945068e-01 1.749739646911621094e-01 2.385250059887766838e-03 -2.634911537170410156e-01
4.293637871742248535e-01 -2.018195390701293945e-02 -2.884572837501764297e-03 2.994315698742866516e-02
4.289601743221282959e-01 -2.152624130249023438e-01 -2.285709837451577187e-03 3.217145800590515137e-01
4.246549010276794434e-01 -2.010799385607242584e-02 4.148581996560096741e-03 2.831170335412025452e-02
4.242527484893798828e-01 1.749542206525802612e-01 4.714815877377986908e-03 -2.630594074726104736e-01
4.277518391609191895e-01 -2.023471146821975708e-02 -5.463725537993013859e-04 3.110687620937824249e-02
4.273471534252166748e-01 1.748950630426406860e-01 7.576497591799125075e-05 -2.617483735084533691e-01
4.308450520038604736e-01 -2.022796310484409332e-02 -5.159202963113784790e-03 3.095843456685543060e-02
4.304404854774475098e-01 -2.152755558490753174e-01 -4.540034104138612747e-03 3.220091164112091064e-01
4.261349737644195557e-01 -2.008924260735511780e-02 1.900148345157504082e-03 2.789791487157344818e-02
4.257331788539886475e-01 1.750054061412811279e-01 2.458106726408004761e-03 -2.641848921775817871e-01
4.292332828044891357e-01 -2.015154249966144562e-02 -2.825591014698147774e-03 2.927233465015888214e-02
4.288302659988403320e-01 -2.152328640222549438e-01 -2.240144414827227592e-03 3.210624158382415771e-01
4.245256185531616211e-01 -2.007907815277576447e-02 4.181103780865669250e-03 2.767387963831424713e-02
4.241240322589874268e-01 1.749826669692993164e-01 4.734581336379051208e-03 -2.636869251728057861e-01
4.276236891746520996e-01 -2.020654454827308655e-02 -5.391572485677897930e-04 3.048555925488471985e-02
4.272195398807525635e-01 1.749231368303298950e-01 7.055394235067069530e-05 -2.623674273490905762e-01
4.307180047035217285e-01 -2.019982412457466125e-02 -5.176794715225696564e-03 3.033775091171264648e-02
4.303140044212341309e-01 -2.152471542358398438e-01 -4.570039454847574234e-03 3.213828504085540771e-01
4.260090589523315430e-01 -2.006042376160621643e-02 1.857617520727217197e-03 2.726222760975360870e-02
4.256078600883483887e-01 1.750348359346389771e-01 2.402862068265676498e-03 -2.648340165615081787e-01
4.291085600852966309e-01 -2.012132667005062103e-02 -2.893818309530615807e-03 2.860582247376441956e-02
4.287061393260955811e-01 -2.152016609907150269e-01 -2.321701962500810623e-03 3.203743100166320801e-01
4.244020879268646240e-01 -2.004672028124332428e-02 4.085784312337636948e-03 2.696011587977409363e-02
4.240011572837829590e-01 1.750164031982421875e-01 4.624986555427312851e-03 -2.644309103488922119e-01
4.275014996528625488e-01 -2.017125859856605530e-02 -6.636314210481941700e-04 2.970719151198863983e-02
4.270980656147003174e-01 -2.152836918830871582e-01 -6.948758527869358659e-05 3.221806585788726807e-01
4.227924048900604248e-01 -2.016074582934379578e-02 6.374125834554433823e-03 2.947582304477691650e-02
4.223891794681549072e-01 1.748692244291305542e-01 6.963642314076423645e-03 -2.611891925334930420e-01
4.258865714073181152e-01 -2.035144157707691193e-02 1.739858067594468594e-03 3.368198499083518982e-02
4.254795312881469727e-01 1.747455149888992310e-01 2.413497772067785263e-03 -2.584514915943145752e-01
4.289744496345520020e-01 -2.041080780327320099e-02 -2.755532041192054749e-03 3.499170765280723572e-02
4.285662174224853516e-01 -2.154931426048278809e-01 -2.055697841569781303e-03 3.268039524555206299e-01
4.242563545703887939e-01 -2.034197747707366943e-02 4.480381496250629425e-03 3.347346931695938110e-02
4.238495230674743652e-01 1.747154444456100464e-01 5.149850621819496155e-03 -2.577925026416778564e-01
4.273438453674316406e-01 -2.047965489327907562e-02 -5.999013865221058950e-06 3.651031851768493652e-02
4.269342422485351562e-01 1.746423840522766113e-01 7.242073770612478256e-04 -2.561745047569274902e-01
4.304271042346954346e-01 -2.048990130424499512e-02 -4.399282857775688171e-03 3.673676401376724243e-02
4.300172924995422363e-01 -2.155484855175018311e-01 -3.664547344669699669e-03 3.280284404754638672e-01
4.257063269615173340e-01 -2.037456259131431580e-02 2.896021353080868721e-03 3.419212996959686279e-02
4.252988398075103760e-01 1.747057437896728516e-01 3.579863812774419785e-03 -2.575756609439849854e-01
4.287929534912109375e-01 -2.046713605523109436e-02 -1.571649452671408653e-03 3.623424842953681946e-02
4.283836185932159424e-01 1.746773123741149902e-01 -8.469644235447049141e-04 -2.569441199302673340e-01
4.318771362304687500e-01 -2.043253183364868164e-02 -5.985847208648920059e-03 3.547152876853942871e-02
4.314684867858886719e-01 -2.154681384563446045e-01 -5.276416428387165070e-03 3.262598514556884766e-01
4.271591305732727051e-01 -2.027145959436893463e-02 1.248780754394829273e-03 3.191766515374183655e-02
4.267536997795104980e-01 1.748325675725936890e-01 1.887134043499827385e-03 -2.603709995746612549e-01
4.302503466606140137e-01 -2.031627856194972992e-02 -3.320285817608237267e-03 3.290655836462974548e-02
4.298440217971801758e-01 -2.153904587030410767e-01 -2.662154613062739372e-03 3.245400488376617432e-01
4.255362153053283691e-01 -2.023070305585861206e-02 3.828646382316946983e-03 3.101878613233566284e-02
4.251316189765930176e-01 1.748361289501190186e-01 4.449022002518177032e-03 -2.604537010192871094e-01
4.286283254623413086e-01 -2.034904435276985168e-02 -7.600520038977265358e-04 3.362917155027389526e-02
4.282213449478149414e-01 1.747837960720062256e-01 -8.746858657104894519e-05 -2.592934668064117432e-01
4.317170381546020508e-01 -2.033690363168716431e-02 -5.273337941616773605e-03 3.336187452077865601e-02
4.313102960586547852e-01 -2.153828442096710205e-01 -4.606100264936685562e-03 3.243763446807861328e-01
4.270026385784149170e-01 -2.019560523331165314e-02 1.881426665931940079e-03 3.024442121386528015e-02
4.265987277030944824e-01 1.748993098735809326e-01 2.486315090209245682e-03 -2.618443071842193604e-01
4.300967156887054443e-01 -2.025803923606872559e-02 -2.750570885837078094e-03 3.162179887294769287e-02
4.296915531158447266e-01 -2.153404355049133301e-01 -2.118134871125221252e-03 3.234356343746185303e-01
4.253847301006317139e-01 -2.018838934600353241e-02 4.350577481091022491e-03 3.008547797799110413e-02
4.249809682369232178e-01 1.748709082603454590e-01 4.952287301421165466e-03 -2.612216174602508545e-01
4.284783899784088135e-01 -2.032139152288436890e-02 -2.721452910918742418e-04 3.301919251680374146e-02
4.280719757080078125e-01 1.748044639825820923e-01 3.882385208271443844e-04 -2.597495913505554199e-01
4.315680563449859619e-01 -2.032303065061569214e-02 -4.806753247976303101e-03 3.305576741695404053e-02
4.311615824699401855e-01 -2.153757214546203613e-01 -4.145638085901737213e-03 3.242182433605194092e-01
4.268540740013122559e-01 -2.019498683512210846e-02 2.338727004826068878e-03 3.023084625601768494e-02
4.264501631259918213e-01 1.748933494091033936e-01 2.943343948572874069e-03 -2.617132663726806641e-01
4.299480319023132324e-01 -2.027049474418163300e-02 -2.290921285748481750e-03 3.189656883478164673e-02
4.295426309108734131e-01 -2.153595238924026489e-01 -1.652990002185106277e-03 3.238558173179626465e-01
4.252354502677917480e-01 -2.021406963467597961e-02 4.824126139283180237e-03 3.065205179154872894e-02
4.248311519622802734e-01 1.748383641242980957e-01 5.437166895717382431e-03 -2.605049014091491699e-01
4.283279180526733398e-01 -2.036077342927455902e-02 2.270688128191977739e-04 3.388799354434013367e-02
4.279206991195678711e-01 1.747579276561737061e-01 9.048286592587828636e-04 -2.587232887744903564e-01
4.314158856868743896e-01 -2.037693746387958527e-02 -4.269637167453765869e-03 3.424490243196487427e-02
4.310083389282226562e-01 -2.154373973608016968e-01 -3.584739053621888161e-03 3.255776762962341309e-01
4.266995787620544434e-01 -2.026459388434886932e-02 2.926814369857311249e-03 3.176642209291458130e-02
4.262942969799041748e-01 1.748152673244476318e-01 3.562142606824636459e-03 -2.599916160106658936e-01
4.297905862331390381e-01 -2.035735733807086945e-02 -1.637689885683357716e-03 3.381271287798881531e-02
4.293834567070007324e-01 1.747880429029464722e-01 -9.614356094971299171e-04 -2.593864798545837402e-01
4.328792095184326172e-01 -2.032017149031162262e-02 -6.149164866656064987e-03 3.299304842948913574e-02
4.324727952480316162e-01 -2.153533995151519775e-01 -5.489304196089506149e-03 3.237295150756835938e-01
4.281657338142395020e-01 -2.015372179448604584e-02 9.852864313870668411e-04 2.932056412100791931e-02
4.277626574039459229e-01 1.749540865421295166e-01 1.571697765029966831e-03 -2.630513310432434082e-01
4.312617480754852295e-01 -2.019026502966880798e-02 -3.689328907057642937e-03 3.012691065669059753e-02
4.308579564094543457e-01 -2.152591198682785034e-01 -3.086790675297379494e-03 3.216435313224792480e-01
4.265527725219726562e-01 -2.009334228932857513e-02 3.346079960465431213e-03 2.798875607550144196e-02
4.261508882045745850e-01 1.749804615974426270e-01 3.905855119228363037e-03 -2.636365592479705811e-01
4.296505153179168701e-01 -2.019701898097991943e-02 -1.366876298561692238e-03 3.027574159204959869e-02
4.292465746402740479e-01 -2.152993381023406982e-01 -7.613614434376358986e-04 3.225270807743072510e-01
4.249405860900878906e-01 -2.016655728220939636e-02 5.689180456101894379e-03 2.960415743291378021e-02
4.245372414588928223e-01 1.748733520507812500e-01 6.281263660639524460e-03 -2.612783610820770264e-01
4.280347228050231934e-01 -2.033770270645618439e-02 1.055696397088468075e-03 3.337912261486053467e-02
4.276279509067535400e-01 1.747690886259078979e-01 1.723278895951807499e-03 -2.589705288410186768e-01
4.311233460903167725e-01 -2.037741616368293762e-02 -3.456131787970662117e-03 3.425544127821922302e-02
4.307157993316650391e-01 -2.154496312141418457e-01 -2.771022962406277657e-03 3.258459270000457764e-01
4.264068007469177246e-01 -2.028834074735641479e-02 3.745895344763994217e-03 3.229042142629623413e-02
4.260010421276092529e-01 1.747796982526779175e-01 4.391703754663467407e-03 -2.592082917690277100e-01
4.294966161251068115e-01 -2.040467783808708191e-02 -7.924617966637015343e-04 3.485660627484321594e-02
4.290885329246520996e-01 1.747286319732666016e-01 -9.532967669656500220e-05 -2.580762505531311035e-01
4.325830936431884766e-01 -2.039196155965328217e-02 -5.256854463368654251e-03 3.457660973072052002e-02
4.321752786636352539e-01 -2.154381275177001953e-01 -4.565322306007146835e-03 3.255963325500488281e-01
4.278664886951446533e-01 -2.025148086249828339e-02 1.946603995747864246e-03 3.147719055414199829e-02
4.274614751338958740e-01 1.748425066471099854e-01 2.576147904619574547e-03 -2.605909407138824463e-01
4.309583306312561035e-01 -2.031612955033779144e-02 -2.635670825839042664e-03 3.290343657135963440e-02
4.305520057678222656e-01 -2.154001891613006592e-01 -1.977602019906044006e-03 3.247536122798919678e-01
4.262439906597137451e-01 -2.025013230741024017e-02 4.517470486462116241e-03 3.144769370555877686e-02
4.258390069007873535e-01 1.748067438602447510e-01 5.146424286067485809e-03 -2.598065137863159180e-01
4.293351173400878906e-01 -2.038829401135444641e-02 -4.970595909981057048e-05 3.449521958827972412e-02
4.289273619651794434e-01 1.747343689203262329e-01 6.401984137482941151e-04 -2.582033872604370117e-01
4.324220418930053711e-01 -2.039671503007411957e-02 -4.523869603872299194e-03 3.468139469623565674e-02
4.320141077041625977e-01 -2.154535055160522461e-01 -3.830241505056619644e-03 3.259335756301879883e-01
4.277050495147705078e-01 -2.027722634375095367e-02 2.688429784029722214e-03 3.204521536827087402e-02
4.272994995117187500e-01 1.748060733079910278e-01 3.329334082081913948e-03 -2.597882747650146484e-01
4.307956099510192871e-01 -2.036325260996818542e-02 -1.866431324742734432e-03 3.394290804862976074e-02
4.303883612155914307e-01 1.747854202985763550e-01 -1.187573187053203583e-03 -2.593283057212829590e-01
4.338840544223785400e-01 -2.031956240534782410e-02 -6.374139338731765747e-03 3.297980129718780518e-02
4.334776699542999268e-01 -2.153495252132415771e-01 -5.714543629437685013e-03 3.236448168754577637e-01
4.291706979274749756e-01 -2.014667540788650513e-02 7.583529804833233356e-04 2.916525490581989288e-02
4.287677407264709473e-01 1.749643981456756592e-01 1.341658062301576138e-03 -2.632783055305480957e-01
4.322670400142669678e-01 -2.017668262124061584e-02 -3.923907876014709473e-03 2.982749231159687042e-02
4.318635165691375732e-01 -2.152421474456787109e-01 -3.327358281239867210e-03 3.212698101997375488e-01
4.275586605072021484e-01 -2.007296681404113770e-02 3.098038025200366974e-03 2.753941901028156281e-02
4.271571934223175049e-01 1.750044226646423340e-01 3.648826386779546738e-03 -2.641644477844238281e-01
4.306572973728179932e-01 -2.016942203044891357e-02 -1.634462387301027775e-03 2.966713160276412964e-02
4.302538931369781494e-01 -2.152678966522216797e-01 -1.041119801811873913e-03 3.218339085578918457e-01
4.259485304355621338e-01 -2.013113535940647125e-02 5.395558662712574005e-03 2.882284671068191528e-02
4.255459308624267578e-01 1.749130338430404663e-01 5.972015671432018280e-03 -2.621528506278991699e-01
4.290441870689392090e-01 -2.029366046190261841e-02 7.289585191756486893e-04 3.240771964192390442e-02
4.286383092403411865e-01 1.748178303241729736e-01 1.377112930640578270e-03 -2.600451111793518066e-01
4.321346580982208252e-01 -2.032375335693359375e-02 -3.823789535090327263e-03 3.307184576988220215e-02
4.317281842231750488e-01 -2.153906673192977905e-01 -3.162352601066231728e-03 3.245458900928497314e-01
4.274203777313232422e-01 -2.022382616996765137e-02 3.328564809635281563e-03 3.086735680699348450e-02
4.270159006118774414e-01 1.748502403497695923e-01 3.945911768823862076e-03 -2.607635259628295898e-01
4.305129051208496094e-01 -2.032782323658466339e-02 -1.269358326680958271e-03 3.316138312220573425e-02
4.301063418388366699e-01 1.748123019933700562e-01 -6.061306339688599110e-04 -2.599217593669891357e-01
4.336026012897491455e-01 -2.030098438262939453e-02 -5.804566200822591782e-03 3.256991505622863770e-02
4.331965744495391846e-01 -2.153392136096954346e-01 -5.153167527168989182e-03 3.234158158302307129e-01
4.288897812366485596e-01 -2.014426700770854950e-02 1.315148314461112022e-03 2.911224216222763062e-02
4.284869134426116943e-01 1.749587953090667725e-01 1.897393260151147842e-03 -2.631554603576660156e-01
4.319860935211181641e-01 -2.019018493592739105e-02 -3.365715732797980309e-03 3.012533113360404968e-02
4.315822720527648926e-01 -2.152637094259262085e-01 -2.763209166005253792e-03 3.217444419860839844e-01
4.272769987583160400e-01 -2.010251581668853760e-02 3.671679645776748657e-03 2.819138765335083008e-02
4.268749654293060303e-01 1.749665886163711548e-01 4.235507454723119736e-03 -2.633308172225952148e-01
4.303742945194244385e-01 -2.021556347608566284e-02 -1.031109131872653961e-03 3.068500943481922150e-02
4.299699664115905762e-01 1.749211549758911133e-01 -4.174089699517935514e-04 -2.623230516910552979e-01
4.334684014320373535e-01 -2.019483037292957306e-02 -5.663870368152856827e-03 3.022817708551883698e-02
4.330644905567169189e-01 -2.152350991964340210e-01 -5.059306509792804718e-03 3.211187124252319336e-01
4.287597835063934326e-01 -2.004146948456764221e-02 1.363067771308124065e-03 2.684459090232849121e-02
4.283589720726013184e-01 1.750609129667282104e-01 1.899959635920822620e-03 -2.654079496860504150e-01
4.318601787090301514e-01 -2.008811011910438538e-02 -3.408199641853570938e-03 2.787362411618232727e-02
4.314584136009216309e-01 -2.151610255241394043e-01 -2.850727178156375885e-03 3.194792866706848145e-01
