4.692971333861351013e-02 2.506901696324348450e-02 1.322532631456851959e-02 -3.988642618060112000e-02
4.743109270930290222e-02 -1.702400594949722290e-01 1.242759823799133301e-02 2.569397091865539551e-01
4.402629286050796509e-02 2.470227517187595367e-02 1.756639219820499420e-02 -3.179759904742240906e-02
4.452033713459968567e-02 -1.706671267747879028e-01 1.693044044077396393e-02 2.663755416870117188e-01
4.110699519515037537e-02 2.420915104448795319e-02 2.225795015692710876e-02 -2.091966941952705383e-02
4.159117862582206726e-02 -1.712248176336288452e-01 2.183955721557140350e-02 2.787019610404968262e-01
3.816667944192886353e-02 2.357888408005237579e-02 2.741359733045101166e-02 -7.013581693172454834e-03
3.863826021552085876e-02 2.182971835136413574e-01 2.727332524955272675e-02 -2.909227013587951660e-01
4.300420358777046204e-02 2.279717102646827698e-02 2.145487070083618164e-02 1.023562438786029816e-02
4.346014559268951416e-02 2.176049649715423584e-01 2.165958285331726074e-02 -2.756015658378601074e-01
4.781224578619003296e-02 2.218079194426536560e-02 1.614755205810070038e-02 2.383335307240486145e-02
4.825586080551147461e-02 -1.731689572334289551e-01 1.662421971559524536e-02 3.215669691562652588e-01
4.479248076677322388e-02 2.171235345304012299e-02 2.305555902421474457e-02 3.417267277836799622e-02
4.522673040628433228e-02 2.164962291717529297e-01 2.373901195824146271e-02 -2.511477470397949219e-01
4.955665394663810730e-02 2.104346640408039093e-02 1.871605776250362396e-02 4.892739653587341309e-02
4.997752234339714050e-02 2.158921211957931519e-01 1.969460584223270416e-02 -2.377921938896179199e-01
5.429536476731300354e-02 2.049441821873188019e-02 1.493876148015260696e-02 6.103735789656639099e-02
5.470525473356246948e-02 2.153990268707275391e-01 1.615950837731361389e-02 -2.268951088190078735e-01
5.901323258876800537e-02 2.004991099238395691e-02 1.162160653620958328e-02 7.084099948406219482e-02
5.941423028707504272e-02 2.150033414363861084e-01 1.303842663764953613e-02 -2.181527167558670044e-01
6.371429562568664551e-02 1.969745196402072906e-02 8.675372228026390076e-03 7.861439883708953857e-02
6.410824507474899292e-02 -1.755477786064147949e-01 1.024765986949205399e-02 3.740217685699462891e-01
6.059729307889938354e-02 1.942711137235164642e-02 1.772809587419033051e-02 8.458753675222396851e-02
6.098583340644836426e-02 2.142905145883560181e-01 1.941984519362449646e-02 -2.024498432874679565e-01
6.527164578437805176e-02 1.889628916978836060e-02 1.537084951996803284e-02 9.629529714584350586e-02
6.564956903457641602e-02 2.137946039438247681e-01 1.729675568640232086e-02 -1.914987862110137939e-01
6.992546468973159790e-02 1.842953823506832123e-02 1.346677914261817932e-02 1.065899655222892761e-01
7.029405236244201660e-02 2.133559435606002808e-01 1.559857837855815887e-02 -1.818140149116516113e-01
7.456117123365402222e-02 1.801430061459541321e-02 1.196229830384254456e-02 1.157485991716384888e-01
7.492145895957946777e-02 2.129628211259841919e-01 1.427727006375789642e-02 -1.731364428997039795e-01
7.918071746826171875e-02 1.763947680592536926e-02 1.081454101949930191e-02 1.240160986781120300e-01
7.953350245952606201e-02 2.126048356294631958e-01 1.329486351460218430e-02 -1.652354300022125244e-01
8.378560096025466919e-02 1.729512214660644531e-02 9.990154765546321869e-03 1.316118389368057251e-01
8.413150161504745483e-02 2.122725546360015869e-01 1.262239180505275726e-02 -1.579026579856872559e-01
8.837695419788360596e-02 1.697218231856822968e-02 9.464338421821594238e-03 1.387354433536529541e-01
8.871639519929885864e-02 2.119573056697845459e-01 1.223904732614755630e-02 -1.509466767311096191e-01
9.295554459095001221e-02 1.666226238012313843e-02 9.220113046467304230e-03 1.455721408128738403e-01
9.328878670930862427e-02 2.116509675979614258e-01 1.213155593723058701e-02 -1.441878080368041992e-01
9.752181172370910645e-02 1.635739952325820923e-02 9.247800335288047791e-03 1.522975713014602661e-01
9.784895926713943481e-02 2.113457173109054565e-01 1.229375135153532028e-02 -1.374535858631134033e-01
1.020758748054504395e-01 1.604986190795898438e-02 9.544679895043373108e-03 1.590823382139205933e-01
1.023968681693077087e-01 2.110338658094406128e-01 1.272632647305727005e-02 -1.305742561817169189e-01
1.066175475716590881e-01 1.573195308446884155e-02 1.011484209448099136e-02 1.660963296890258789e-01
1.069321855902671814e-01 2.107076644897460938e-01 1.343676820397377014e-02 -1.233785599470138550e-01
1.111463382840156555e-01 1.539581455290317535e-02 1.096919737756252289e-02 1.735130548477172852e-01
1.114542558789253235e-01 2.103590667247772217e-01 1.443945802748203278e-02 -1.156893447041511536e-01
1.156614348292350769e-01 1.503323204815387726e-02 1.212567184120416641e-02 1.815139204263687134e-01
1.159621030092239380e-01 2.099795937538146973e-01 1.575594954192638397e-02 -1.073192656040191650e-01
1.201616898179054260e-01 1.463544089347124100e-02 1.360956486314535141e-02 1.902926564216613770e-01
1.204544007778167725e-01 2.095600813627243042e-01 1.741541735827922821e-02 -9.806613624095916748e-02
1.246456056833267212e-01 4.044281542301177979e-01 1.545409485697746277e-02 -3.852040469646453857e-01
1.327341645956039429e-01 2.090902477502822876e-01 7.750013843178749084e-03 -8.768887072801589966e-02
1.369159668684005737e-01 1.385807618498802185e-02 5.996236111968755722e-03 2.074290812015533447e-01
1.371931284666061401e-01 2.088937759399414062e-01 1.014481764286756516e-02 -8.335632085800170898e-02
1.413710117340087891e-01 1.362787932157516479e-02 8.477691560983657837e-03 2.125099748373031616e-01
1.416435688734054565e-01 2.086275964975357056e-01 1.272789109498262405e-02 -7.748668640851974487e-02
1.458161175251007080e-01 4.035648107528686523e-01 1.117815729230642319e-02 -3.661268949508666992e-01
1.538874208927154541e-01 2.082857936620712280e-01 3.855619346722960472e-03 -6.994038820266723633e-02
1.580531299114227295e-01 1.310878340154886246e-02 2.456811489537358284e-03 2.239565104246139526e-01
1.583153009414672852e-01 2.081955373287200928e-01 6.935941521078348160e-03 -6.795043498277664185e-02
1.624792218208312988e-01 4.032173752784729004e-01 5.576932802796363831e-03 -3.584370017051696777e-01
1.705435663461685181e-01 2.080165743827819824e-01 -1.591806765645742416e-03 -6.400074809789657593e-02
1.747038960456848145e-01 1.291748136281967163e-02 -2.871821867302060127e-03 2.281795293092727661e-01
1.749622374773025513e-01 2.080803513526916504e-01 1.691768644377589226e-03 -6.540789455175399780e-02
1.791238486766815186e-01 4.031780064105987549e-01 3.836108662653714418e-04 -3.575565814971923828e-01
1.871874183416366577e-01 2.080506086349487305e-01 -6.767520681023597717e-03 -6.475271284580230713e-02
1.913484185934066772e-01 1.302633527666330338e-02 -8.062575012445449829e-03 2.257873564958572388e-01
1.916089504957199097e-01 2.082625776529312134e-01 -3.546827705577015877e-03 -6.942786276340484619e-02
1.957741975784301758e-01 1.319165900349617004e-02 -4.935384728014469147e-03 2.221339195966720581e-01
1.960380375385284424e-01 2.083837985992431641e-01 -4.927064292132854462e-04 -7.210173457860946655e-02
2.002057135105133057e-01 4.035128057003021240e-01 -1.934741041623055935e-03 -3.649400770664215088e-01
2.082759737968444824e-01 2.084184139966964722e-01 -9.233542717993259430e-03 -7.286782562732696533e-02
2.124443352222442627e-01 1.343004591763019562e-02 -1.069089863449335098e-02 2.168876379728317261e-01
2.127129435539245605e-01 2.087031900882720947e-01 -6.353146396577358246e-03 -7.914839684963226318e-02
2.168869972229003906e-01 1.367288175970315933e-02 -7.936114445328712463e-03 2.115233391523361206e-01
2.171604633331298828e-01 2.089073956012725830e-01 -3.705647541210055351e-03 -8.365240693092346191e-02
2.213385999202728271e-01 1.383876055479049683e-02 -5.378695670515298843e-03 2.078590840101242065e-01
2.216153740882873535e-01 2.090372145175933838e-01 -1.221513957716524601e-03 -8.651568740606307983e-02
2.257961183786392212e-01 1.393278874456882477e-02 -2.951827598735690117e-03 2.057816088199615479e-01
2.260747849941253662e-01 2.090968191623687744e-01 1.163804437965154648e-03 -8.783101290464401245e-02
2.302567213773727417e-01 4.042020738124847412e-01 -5.928158061578869820e-04 -3.801465332508087158e-01
2.383407652378082275e-01 2.090885490179061890e-01 -8.195746690034866333e-03 -8.765058219432830811e-02
2.425225228071212769e-01 1.408502832055091858e-02 -9.948758408427238464e-03 2.024353593587875366e-01
2.428042292594909668e-01 2.093478441238403320e-01 -5.900050979107618332e-03 -9.336925297975540161e-02
2.469911873340606689e-01 1.431094668805599213e-02 -7.767436094582080841e-03 1.974463909864425659e-01
2.472774088382720947e-01 2.095431387424468994e-01 -3.818508237600326538e-03 -9.767665714025497437e-02
2.514682710170745850e-01 1.447611581534147263e-02 -5.772041622549295425e-03 1.937990933656692505e-01
2.517578005790710449e-01 2.096801549196243286e-01 -1.896059606224298477e-03 -1.006990596652030945e-01
2.559514045715332031e-01 1.458543166518211365e-02 -3.910040948539972305e-03 1.913850605487823486e-01
2.562431097030639648e-01 2.097630947828292847e-01 -8.233961852965876460e-05 -1.025287508964538574e-01
2.604383528232574463e-01 4.048862159252166748e-01 -2.132914727553725243e-03 -3.952376544475555420e-01
2.685360908508300781e-01 2.097946107387542725e-01 -1.003766804933547974e-02 -1.032279655337333679e-01
2.727319896221160889e-01 1.481793541461229324e-02 -1.210222672671079636e-02 1.862712800502777100e-01
2.730283439159393311e-01 2.101109325885772705e-01 -8.376801386475563049e-03 -1.102047264575958252e-01
2.772305607795715332e-01 1.511001121252775192e-02 -1.058089546859264374e-02 1.798236370086669922e-01
2.775327563285827637e-01 2.103817611932754517e-01 -6.984422914683818817e-03 -1.161783114075660706e-01
2.817403972148895264e-01 1.536057982593774796e-02 -9.307988919317722321e-03 1.742929220199584961e-01
2.820475995540618896e-01 2.106145024299621582e-01 -5.822130944579839706e-03 -1.213117837905883789e-01
2.862598896026611328e-01 1.557644549757242203e-02 -8.248366415500640869e-03 1.695286482572555542e-01
2.865714132785797119e-01 2.108154743909835815e-01 -4.857793450355529785e-03 -1.257449388504028320e-01
2.907877266407012939e-01 1.576345786452293396e-02 -7.372692227363586426e-03 1.654014587402343750e-01
2.911030054092407227e-01 2.109901607036590576e-01 -4.064663313329219818e-03 -1.295982003211975098e-01
2.953228056430816650e-01 1.592667959630489349e-02 -6.656627170741558075e-03 1.617996096611022949e-01
2.956413328647613525e-01 2.111432850360870361e-01 -3.420634893700480461e-03 -1.329758465290069580e-01
2.998642027378082275e-01 1.607050374150276184e-02 -6.080152001231908798e-03 1.586259454488754272e-01
3.001856207847595215e-01 2.112789750099182129e-01 -2.907633082941174507e-03 -1.359688937664031982e-01
3.044112026691436768e-01 1.619878970086574554e-02 -5.627010948956012726e-03 1.557953059673309326e-01
3.047351837158203125e-01 2.114008516073226929e-01 -2.511105034500360489e-03 -1.386574953794479370e-01
3.089631795883178711e-01 1.631495729088783264e-02 -5.284254904836416245e-03 1.532321572303771973e-01
3.092894852161407471e-01 2.115121781826019287e-01 -2.219611546024680138e-03 -1.411131322383880615e-01
3.135197460651397705e-01 1.642207987606525421e-02 -5.041874013841152191e-03 1.508687138557434082e-01
3.138481676578521729e-01 2.116158604621887207e-01 -2.024499699473381042e-03 -1.434005349874496460e-01
3.180804848670959473e-01 1.652296446263790131e-02 -4.892510361969470978e-03 1.486430019140243530e-01
3.184109628200531006e-01 2.117146253585815430e-01 -1.919650356285274029e-03 -1.455793827772140503e-01
3.226452469825744629e-01 1.662022434175014496e-02 -4.831238184124231339e-03 1.464973092079162598e-01
3.229776322841644287e-01 2.118110209703445435e-01 -1.901291776448488235e-03 -1.477058529853820801e-01
3.272138535976409912e-01 1.671635359525680542e-02 -4.855408798903226852e-03 1.443766504526138306e-01
3.275482058525085449e-01 2.119075059890747070e-01 -1.967875985428690910e-03 -1.498341113328933716e-01
3.317863345146179199e-01 1.681378670036792755e-02 -4.964557942003011703e-03 1.422273516654968262e-01
3.321226239204406738e-01 2.120064795017242432e-01 -2.120011253282427788e-03 -1.520176678895950317e-01
3.363627493381500244e-01 1.691495440900325775e-02 -5.160364322364330292e-03 1.399956941604614258e-01
3.367010354995727539e-01 2.121104300022125244e-01 -2.360450802370905876e-03 -1.543107777833938599e-01
3.409432470798492432e-01 1.702235825359821320e-02 -5.446666385978460312e-03 1.376265585422515869e-01
3.412837088108062744e-01 2.122218906879425049e-01 -2.694135298952460289e-03 -1.567697227001190186e-01
3.455281555652618408e-01 1.713862083852291107e-02 -5.829529836773872375e-03 1.350620537996292114e-01
3.458709120750427246e-01 2.123435884714126587e-01 -3.128288779407739639e-03 -1.594542860984802246e-01
3.501177728176116943e-01 1.726656034588813782e-02 -6.317374762147665024e-03 1.322401016950607300e-01
3.504631221294403076e-01 2.124784290790557861e-01 -3.672572551295161247e-03 -1.624291688203811646e-01
3.547126948833465576e-01 1.740924827754497528e-02 -6.921155843883752823e-03 1.290929019451141357e-01
3.550608754158020020e-01 2.126296609640121460e-01 -4.339297767728567123e-03 -1.657654941082000732e-01
3.593134582042694092e-01 1.757009141147136688e-02 -7.654607761651277542e-03 1.255453526973724365e-01
3.596648573875427246e-01 2.128008604049682617e-01 -5.143700633198022842e-03 -1.695426553487777710e-01
3.639208972454071045e-01 1.775291189551353455e-02 -8.534554392099380493e-03 1.215131506323814392e-01
3.642759323120117188e-01 2.129960954189300537e-01 -6.104290951043367386e-03 -1.738500744104385376e-01
3.685358762741088867e-01 1.796203292906284332e-02 -9.581292048096656799e-03 1.169009059667587280e-01
3.688951134681701660e-01 2.132199406623840332e-01 -7.243274245411157608e-03 -1.787893772125244141e-01
3.731594979763031006e-01 1.820239424705505371e-02 -1.081906165927648544e-02 1.115997731685638428e-01
3.735235631465911865e-01 2.134776860475540161e-01 -8.587066084146499634e-03 -1.844767630100250244e-01
3.777931034564971924e-01 1.847965084016323090e-02 -1.227660197764635086e-02 1.054849401116371155e-01
3.781627118587493896e-01 2.137753665447235107e-01 -1.016690302640199661e-02 -1.910457760095596313e-01
3.824382126331329346e-01 1.880032196640968323e-02 -1.398781873285770416e-02 9.841264784336090088e-02
3.828141987323760986e-01 2.141199260950088501e-01 -1.201956532895565033e-02 -1.986503750085830688e-01
3.870966136455535889e-01 1.917193271219730377e-02 -1.599257253110408783e-02 9.021681547164916992e-02
3.874800503253936768e-01 2.145194262266159058e-01 -1.418823748826980591e-02 -2.074685543775558472e-01
3.917704522609710693e-01 1.960319653153419495e-02 -1.833760738372802734e-02 8.070514351129531860e-02
3.921625018119812012e-01 2.149831503629684448e-01 -1.672350615262985229e-02 -2.177064716815948486e-01
3.964621722698211670e-01 2.010421082377433777e-02 -2.107763476669788361e-02 6.965458393096923828e-02
3.968642354011535645e-01 -1.747093200683593750e-01 -1.968454383313655853e-02 3.556135892868041992e-01
3.933700621128082275e-01 2.068690210580825806e-02 -1.257227081805467606e-02 5.678917467594146729e-02
3.937838077545166016e-01 2.159868478775024414e-01 -1.143648754805326462e-02 -2.398337274789810181e-01
3.981035351753234863e-01 2.103011496365070343e-02 -1.623316295444965363e-02 4.921997711062431335e-02
3.985241353511810303e-01 -1.738553494215011597e-01 -1.524876244366168976e-02 3.367373049259185791e-01
3.950470387935638428e-01 2.148024737834930420e-02 -8.514016866683959961e-03 3.928502649068832397e-02
3.954766392707824707e-01 2.167232483625411987e-01 -7.728315889835357666e-03 -2.560719549655914307e-01
3.998110890388488770e-01 2.171248383820056915e-02 -1.284975465387105942e-02 3.416335582733154297e-02
4.002453386783599854e-01 -1.732228696346282959e-01 -1.216648798435926437e-02 3.227645158767700195e-01
3.967809081077575684e-01 2.207020483911037445e-02 -5.711197387427091599e-03 2.626973204314708710e-02
3.972223103046417236e-01 2.172735929489135742e-01 -5.185802932828664780e-03 -2.682096660137176514e-01
4.015677571296691895e-01 2.222603186964988708e-02 -1.054999604821205139e-02 2.283313125371932983e-02
4.020122885704040527e-01 -1.727430522441864014e-01 -1.009333319962024689e-02 3.121688365936279297e-01
3.985574245452880859e-01 2.252123318612575531e-02 -3.849956672638654709e-03 1.631994172930717468e-02
3.990078568458557129e-01 2.176981866359710693e-01 -3.523557912558317184e-03 -2.775751948356628418e-01
4.033618271350860596e-01 2.262667939066886902e-02 -9.075062349438667297e-03 1.399431843310594559e-02
4.038143455982208252e-01 -1.723639518022537231e-01 -8.795175701379776001e-03 3.038001954555511475e-01
4.003670811653137207e-01 2.288222685456275940e-02 -2.719171578064560890e-03 8.356500416994094849e-03
4.008247256278991699e-01 -1.722006201744079590e-01 -2.552041551098227501e-03 3.001802563667297363e-01
3.973807096481323242e-01 2.295761182904243469e-02 3.451563417911529541e-03 6.693560164421796799e-03
3.978398442268371582e-01 2.180298864841461182e-01 3.585434751585125923e-03 -2.848983705043792725e-01
4.022004604339599609e-01 2.285698801279067993e-02 -2.112532500177621841e-03 8.913228288292884827e-03
4.026575982570648193e-01 2.180091738700866699e-01 -1.934267929755151272e-03 -2.844354808330535889e-01
4.070177674293518066e-01 2.291486226022243500e-02 -7.622977718710899353e-03 7.636765018105506897e-03
4.074760675430297852e-01 -1.720969378948211670e-01 -7.470242213457822800e-03 2.979048490524291992e-01
4.040341377258300781e-01 2.313069812953472137e-02 -1.512145507149398327e-03 2.875318983569741249e-03
4.044967591762542725e-01 -1.719695329666137695e-01 -1.454639132134616375e-03 2.950807511806488037e-01
4.010573625564575195e-01 2.317312546074390411e-02 4.446975886821746826e-03 1.939419540576636791e-03
4.015208184719085693e-01 2.182310223579406738e-01 4.485764540731906891e-03 -2.893371284008026123e-01
4.058854579925537109e-01 2.304538898169994354e-02 -1.300977892242372036e-03 4.757186863571405411e-03
4.063463509082794189e-01 2.181859761476516724e-01 -1.205834210850298405e-03 -2.883359193801879883e-01
4.107100665569305420e-01 2.308123931288719177e-02 -6.972552742809057236e-03 3.966444171965122223e-03
4.111717045307159424e-01 -1.719400286674499512e-01 -6.893224082887172699e-03 2.944413125514984131e-01
4.077329039573669434e-01 2.327951975166797638e-02 -1.004397636279463768e-03 -4.076367767993360758e-04
4.081984758377075195e-01 2.184158563613891602e-01 -1.012550317682325840e-03 -2.934072911739349365e-01
4.125668108463287354e-01 2.330836094915866852e-02 -6.880696397274732590e-03 -1.043883501552045345e-03
4.130329787731170654e-01 -1.717142313718795776e-01 -6.901573855429887772e-03 2.894601821899414062e-01
4.095986783504486084e-01 2.350544370710849762e-02 -1.112370286136865616e-03 -5.391413811594247818e-03
4.100687801837921143e-01 -1.716005355119705200e-01 -1.220198464579880238e-03 2.869403362274169922e-01
4.066367745399475098e-01 2.353879436850547791e-02 4.518608096987009048e-03 -6.127178203314542770e-03
4.071075618267059326e-01 2.185956537723541260e-01 4.396064672619104385e-03 -2.973810136318206787e-01
4.114794731140136719e-01 2.341131120920181274e-02 -1.551555469632148743e-03 -3.314889501780271530e-03
4.119476974010467529e-01 -1.716883480548858643e-01 -1.617853296920657158e-03 2.888781130313873291e-01
4.085139334201812744e-01 2.345663122832775116e-02 4.159708507359027863e-03 -4.314642865210771561e-03
4.089830517768859863e-01 2.185186743736267090e-01 4.073415882885456085e-03 -2.956822216510772705e-01
4.133534431457519531e-01 2.333889529109001160e-02 -1.840228796936571598e-03 -1.717404578812420368e-03
4.138202071189880371e-01 -1.717566102743148804e-01 -1.874576904810965061e-03 2.903843522071838379e-01
4.103850722312927246e-01 2.339201420545578003e-02 3.933109808713197708e-03 -2.889217343181371689e-03
4.108529090881347656e-01 2.184573411941528320e-01 3.875325433909893036e-03 -2.943286001682281494e-01
4.152220785617828369e-01 2.328035235404968262e-02 -2.011246746405959129e-03 -4.259854322299361229e-04
4.156876802444458008e-01 2.184310853481292725e-01 -2.019766485318541527e-03 -2.937428057193756104e-01
4.200563132762908936e-01 2.333799377083778381e-02 -7.894622161984443665e-03 -1.697568688541650772e-03
4.205230474472045898e-01 -1.716698557138442993e-01 -7.928573526442050934e-03 2.884840965270996094e-01
4.170896708965301514e-01 2.356425859034061432e-02 -2.158892108127474785e-03 -6.688849534839391708e-03
4.175609350204467773e-01 -1.715266704559326172e-01 -2.292669145390391350e-03 2.853121459484100342e-01
4.141304194927215576e-01 2.362790890038013458e-02 3.413573838770389557e-03 -8.092996664345264435e-03
4.146029651165008545e-01 2.187007367610931396e-01 3.251713700592517853e-03 -2.996969521045684814e-01
4.189769923686981201e-01 2.353258989751338959e-02 -2.742225071415305138e-03 -5.990269128233194351e-03
4.194476306438446045e-01 -1.715499311685562134e-01 -2.862030640244483948e-03 2.858262062072753906e-01
4.160166382789611816e-01 2.361272461712360382e-02 2.854493213817477226e-03 -7.758021820336580276e-03
4.164888858795166016e-01 2.186936289072036743e-01 2.699332777410745621e-03 -2.995389699935913086e-01
4.208627641201019287e-01 2.353329956531524658e-02 -3.291446249932050705e-03 -6.005935370922088623e-03
4.213334321975708008e-01 -1.715412884950637817e-01 -3.411564975976943970e-03 2.856366932392120361e-01
4.179026186466217041e-01 2.362914755940437317e-02 2.301168628036975861e-03 -8.120268583297729492e-03
4.183751940727233887e-01 2.187180221080780029e-01 2.138763433322310448e-03 -3.000762760639190674e-01
4.227495491504669189e-01 2.356564998626708984e-02 -3.862761892378330231e-03 -6.719578988850116730e-03
4.232208728790283203e-01 -1.715006977319717407e-01 -3.997153602540493011e-03 2.847420871257781982e-01
4.197908639907836914e-01 2.367804013192653656e-02 1.697688596323132515e-03 -9.198817424476146698e-03
4.202644228935241699e-01 2.187756001949310303e-01 1.513712224550545216e-03 -3.013456165790557861e-01
4.246399104595184326e-01 2.363210916519165039e-02 -4.513200372457504272e-03 -8.185683749616146088e-03
4.251125752925872803e-01 -1.714248210191726685e-01 -4.676913842558860779e-03 2.830698490142822266e-01
4.216840565204620361e-01 2.376352064311504364e-02 9.844833984971046448e-04 -1.108446158468723297e-02
4.221593439579010010e-01 2.188713401556015015e-01 7.627941668033599854e-04 -3.034566044807434082e-01
4.265367686748504639e-01 2.373852394521236420e-02 -5.306337960064411163e-03 -1.053321175277233124e-02
4.270115494728088379e-01 -1.713069230318069458e-01 -5.517002195119857788e-03 2.804707884788513184e-01
4.235853850841522217e-01 2.389328740537166595e-02 9.241352381650358438e-05 -1.394706498831510544e-02
4.240632653236389160e-01 -1.712299883365631104e-01 -1.865277881734073162e-04 2.787650227546691895e-01
4.206386506557464600e-01 2.389462292194366455e-02 5.388772580772638321e-03 -1.397673413157463074e-02
4.211165606975555420e-01 2.189388722181320190e-01 5.109237972646951675e-03 -3.049545884132385254e-01
4.254953265190124512e-01 2.374449186027050018e-02 -9.898536372929811478e-04 -1.066470984369516373e-02
4.259702265262603760e-01 -1.713632494211196899e-01 -1.203147927299141884e-03 2.817057371139526367e-01
4.225429594516754150e-01 2.377584204077720642e-02 4.430966917425394058e-03 -1.135641057044267654e-02
4.230184853076934814e-01 2.188339680433273315e-01 4.203838761895895004e-03 -3.026380240917205811e-01
4.273951649665832520e-01 2.365235611796379089e-02 -1.848921761848032475e-03 -8.632271550595760345e-03
4.278681874275207520e-01 -1.714430302381515503e-01 -2.021567197516560555e-03 2.834667265415191650e-01
4.244393408298492432e-01 2.370769716799259186e-02 3.647767240181565285e-03 -9.853106923401355743e-03
4.249134957790374756e-01 2.187771499156951904e-01 3.450705204159021378e-03 -3.013828992843627930e-01
4.292890429496765137e-01 2.360618114471435547e-02 -2.576952567324042320e-03 -7.613683585077524185e-03
4.297611713409423828e-01 -1.714787185192108154e-01 -2.729226369410753250e-03 2.842550575733184814e-01
4.263315796852111816e-01 2.368205226957798004e-02 2.955875126644968987e-03 -9.287386201322078705e-03
4.268052279949188232e-01 2.187614887952804565e-01 2.770127262920141220e-03 -3.010362386703491211e-01
4.311804473400115967e-01 2.360016293823719025e-02 -3.250597277656197548e-03 -7.480955682694911957e-03
4.316524565219879150e-01 -1.714750230312347412e-01 -3.400216344743967056e-03 2.841745913028717041e-01
4.282229542732238770e-01 2.369526214897632599e-02 2.283275593072175980e-03 -9.578794240951538086e-03
4.286968708038330078e-01 2.187843918800354004e-01 2.091699745506048203e-03 -3.015404343605041504e-01
4.330725669860839844e-01 2.363269403576850891e-02 -3.939109388738870621e-03 -8.198575116693973541e-03
4.335452020168304443e-01 -1.714325398206710815e-01 -4.103080835193395615e-03 2.832389175891876221e-01
4.301165640354156494e-01 2.374768815934658051e-02 1.561697572469711304e-03 -1.073527149856090546e-02
4.305915236473083496e-01 2.188472151756286621e-01 1.346992095932364464e-03 -3.029250502586364746e-01
4.349684417247772217e-01 2.370608597993850708e-02 -4.711508750915527344e-03 -9.817620739340782166e-03
4.354425668716430664e-01 -1.713479757308959961e-01 -4.907861351966857910e-03 2.813750505447387695e-01
4.320156276226043701e-01 2.384363301098346710e-02 7.196396472863852978e-04 -1.285174675285816193e-02
4.324924945831298828e-01 2.189552485942840576e-01 4.626046866178512573e-04 -3.053075373172760010e-01
4.368715882301330566e-01 2.382671460509300232e-02 -5.643546115607023239e-03 -1.247874647378921509e-02
4.373481273651123047e-01 -1.712138503789901733e-01 -5.893121007829904556e-03 2.784182429313659668e-01
4.339238405227661133e-01 2.399167604744434357e-02 -3.247559652663767338e-04 -1.611752435564994812e-02
4.344036877155303955e-01 2.191182821989059448e-01 -6.471064407378435135e-04 -3.089028894901275635e-01
4.387860596179962158e-01 2.400555834174156189e-02 -6.825164426118135452e-03 -1.642411947250366211e-02
4.392661750316619873e-01 -1.710178554058074951e-01 -7.153647020459175110e-03 2.740975916385650635e-01
4.358457922935485840e-01 2.420543506741523743e-02 -1.671694917604327202e-03 -2.083299495279788971e-02
4.363299012184143066e-01 -1.708925068378448486e-01 -2.088354667648673058e-03 2.713220119476318359e-01
4.329120516777038574e-01 2.425918728113174438e-02 3.338085720315575600e-03 -2.201884612441062927e-02
4.333972334861755371e-01 2.193331122398376465e-01 2.897708909586071968e-03 -3.136467039585113525e-01
4.377838969230651855e-01 2.416999824345111847e-02 -3.375225234776735306e-03 -2.005133964121341705e-02
4.382673203945159912e-01 -1.709033846855163574e-01 -3.776252036914229393e-03 2.715647518634796143e-01
4.348492324352264404e-01 2.427224628627300262e-02 1.655043102800846100e-03 -2.230682037770748138e-02
4.353346824645996094e-01 2.193704247474670410e-01 1.208906644023954868e-03 -3.144671022891998291e-01
4.397220909595489502e-01 2.423127181828022003e-02 -5.080435425043106079e-03 -2.140317298471927643e-02
4.402067065238952637e-01 -1.708174496889114380e-01 -5.508498754352331161e-03 2.696725130081176758e-01
4.367903769016265869e-01 2.438267134130001068e-02 -1.150488897110335529e-04 -2.474273741245269775e-02
4.372780323028564453e-01 -1.707376241683959961e-01 -6.099036545492708683e-04 2.679038941860198975e-01
4.338632822036743164e-01 2.439302019774913788e-02 4.748173989355564117e-03 -2.497134543955326080e-02
4.343511462211608887e-01 2.194465547800064087e-01 4.248747136443853378e-03 -3.161523938179016113e-01
4.387400746345520020e-01 2.426434680819511414e-02 -2.074300777167081833e-03 -2.213259227573871613e-02
4.392253458499908447e-01 -1.708277910947799683e-01 -2.516952576115727425e-03 2.698951363563537598e-01
4.358088076114654541e-01 2.432998269796371460e-02 2.880950458347797394e-03 -2.358057536184787750e-02
4.362953901290893555e-01 2.194104939699172974e-01 2.409338951110839844e-03 -3.153531253337860107e-01
4.406836032867431641e-01 2.425431273877620697e-02 -3.897723741829395294e-03 -2.191136218607425690e-02
4.411686956882476807e-01 -1.708115190267562866e-01 -4.335951060056686401e-03 2.695392370223999023e-01
4.377524554729461670e-01 2.437203377485275269e-02 1.054833759553730488e-03 -2.450810745358467102e-02
4.382399022579193115e-01 -1.707650274038314819e-01 5.646716454066336155e-04 2.685074508190155029e-01
4.348246157169342041e-01 2.434885874390602112e-02 5.934820510447025299e-03 -2.399732731282711029e-02
4.353115856647491455e-01 2.193851917982101440e-01 5.454874131828546524e-03 -3.148018717765808105e-01
4.396992921829223633e-01 2.418597042560577393e-02 -8.411632152274250984e-04 -2.040364779531955719e-02
4.401830136775970459e-01 -1.709239035844802856e-01 -1.249236171133816242e-03 2.720137536525726318e-01
4.367645084857940674e-01 2.421584725379943848e-02 4.191039130091667175e-03 -2.106291428208351135e-02
4.372488260269165039e-01 2.192774415016174316e-01 3.769780742004513741e-03 -3.124205768108367920e-01
4.416343867778778076e-01 2.410199120640754700e-02 -2.478630747646093369e-03 -1.855116710066795349e-02
4.421164393424987793e-01 -1.709843277931213379e-01 -2.849654061719775200e-03 2.733486890792846680e-01
4.386967420578002930e-01 2.417816966772079468e-02 2.617319812998175621e-03 -2.023165859282016754e-02
4.391803145408630371e-01 2.192624956369400024e-01 2.212686697021126747e-03 -3.120876550674438477e-01
4.435655474662780762e-01 2.410908415913581848e-02 -4.029066301882266998e-03 -1.870772428810596466e-02
4.440477490425109863e-01 -1.709548532962799072e-01 -4.403220489621162415e-03 2.727012634277343750e-01
4.406286478042602539e-01 2.422964759171009064e-02 1.050804625265300274e-03 -2.136719040572643280e-02
4.411132335662841797e-01 2.193365097045898438e-01 6.234608008526265621e-04 -3.137183785438537598e-01
4.454999566078186035e-01 2.420568652451038361e-02 -5.650906823575496674e-03 -2.083891071379184723e-02
4.459840655326843262e-01 -1.708347648382186890e-01 -6.067685317248106003e-03 2.700557410717010498e-01
4.425673782825469971e-01 2.437324076890945435e-02 -6.665703258477151394e-04 -2.453476749360561371e-02
4.430548548698425293e-01 -1.707391440868377686e-01 -1.157265622168779373e-03 2.679377794265747070e-01
4.396400749683380127e-01 2.439930289983749390e-02 4.201489966362714767e-03 -2.510993927717208862e-02
4.401280581951141357e-01 2.194607555866241455e-01 3.699291031807661057e-03 -3.164643049240112305e-01
4.445172548294067383e-01 2.428630180656909943e-02 -2.629994880408048630e-03 -2.261703647673130035e-02
4.450030028820037842e-01 -1.707978397607803345e-01 -3.082335460931062698e-03 2.692349255084991455e-01
4.415870308876037598e-01 2.436796948313713074e-02 2.302363282069563866e-03 -2.441857941448688507e-02
4.420743882656097412e-01 2.194568216800689697e-01 1.813991693779826164e-03 -3.163741827011108398e-01
4.464635252952575684e-01 2.430908381938934326e-02 -4.513492342084646225e-03 -2.311975136399269104e-02
4.469497203826904297e-01 -1.707478463649749756e-01 -4.975887481123209000e-03 2.681356966495513916e-01
4.435347616672515869e-01 2.444475889205932617e-02 3.868268686346709728e-04 -2.611248753964900970e-02
4.440236389636993408e-01 -1.706827431917190552e-01 -1.354228734271600842e-04 2.666924595832824707e-01
4.406099915504455566e-01 2.444114722311496735e-02 5.198426544666290283e-03 -2.603317424654960632e-02
4.410988092422485352e-01 2.194881588220596313e-01 4.677762743085622787e-03 -3.170714080333709717e-01
4.454885721206665039e-01 2.429989911615848541e-02 -1.663665403611958027e-03 -2.291696518659591675e-02
4.459745883941650391e-01 -1.707981526851654053e-01 -2.122004749253392220e-03 2.692405879497528076e-01
4.425586163997650146e-01 2.435401640832424164e-02 3.262807149440050125e-03 -2.411087229847908020e-02
4.430457055568695068e-01 2.194290161132812500e-01 2.780589740723371506e-03 -3.157625496387481689e-01
4.474342763423919678e-01 2.426757477223873138e-02 -3.534661605954170227e-03 -2.220403030514717102e-02
4.479196369647979736e-01 -1.708035022020339966e-01 -3.978742286562919617e-03 2.693615853786468506e-01
4.445035457611083984e-01 2.437499724328517914e-02 1.408489421010017395e-03 -2.457360737025737762e-02
4.449910521507263184e-01 2.194767147302627563e-01 9.170172852464020252e-04 -3.168118000030517578e-01
4.493806064128875732e-01 2.434171922504901886e-02 -5.419218912720680237e-03 -2.383982576429843903e-02
4.498674273490905762e-01 -1.707020998001098633e-01 -5.896015558391809464e-03 2.671283483505249023e-01
4.464533925056457520e-01 2.450350299477577209e-02 -5.534481606446206570e-04 -2.740836702287197113e-02
4.469434618949890137e-01 -1.706105023622512817e-01 -1.101615489460527897e-03 2.650998830795288086e-01
4.435312449932098389e-01 2.452714927494525909e-02 4.200382158160209656e-03 -2.793029509484767914e-02
4.440217912197113037e-01 2.195886075496673584e-01 3.641776274889707565e-03 -3.192850053310394287e-01
4.484135508537292480e-01 2.441498637199401855e-02 -2.743923570960760117e-03 -2.545581944286823273e-02
4.489018619060516357e-01 -1.706675142049789429e-01 -3.253040136769413948e-03 2.663601040840148926e-01
4.454885125160217285e-01 2.450072020292282104e-02 2.074162010103464127e-03 -2.734707854688167572e-02
4.459785223007202148e-01 2.195928692817687988e-01 1.527220476418733597e-03 -3.193748593330383301e-01
4.503703713417053223e-01 2.444919571280479431e-02 -4.860276822000741959e-03 -2.621069923043251038e-02
4.508593678474426270e-01 -1.706027239561080933e-01 -5.384490825235843658e-03 2.649348080158233643e-01
4.474472999572753906e-01 2.459567040205001831e-02 -8.579472341807559133e-05 -2.944156900048255920e-02
4.479392170906066895e-01 -1.705250442028045654e-01 -6.746260914951562881e-04 2.632142901420593262e-01
4.445287287235260010e-01 2.460652403533458710e-02 4.589659627526998520e-03 -2.968134731054306030e-02
4.450208544731140137e-01 2.196623533964157104e-01 3.996032755821943283e-03 -3.209126591682434082e-01
4.494141042232513428e-01 2.448372542858123779e-02 -2.422220539301633835e-03 -2.697222121059894562e-02
4.499037861824035645e-01 -1.706034094095230103e-01 -2.961664926260709763e-03 2.649454772472381592e-01
4.464917182922363281e-01 2.456069178879261017e-02 2.337244804948568344e-03 -2.867010608315467834e-02
4.469829201698303223e-01 2.196490466594696045e-01 1.763842650689184666e-03 -3.206146955490112305e-01
4.513759016990661621e-01 2.450202219188213348e-02 -4.648451227694749832e-03 -2.737603895366191864e-02
4.518659412860870361e-01 -1.705529540777206421e-01 -5.195972044020891190e-03 2.638366222381591797e-01
4.484548866748809814e-01 2.464276924729347229e-02 8.076065569184720516e-05 -3.048061765730381012e-02
4.489477276802062988e-01 -1.704803407192230225e-01 -5.288516986183822155e-04 2.622278034687042236e-01
4.455381333827972412e-01 2.464915625751018524e-02 4.715703893452882767e-03 -3.062189742922782898e-02
4.460311233997344971e-01 2.197031676769256592e-01 4.103266168385744095e-03 -3.218132555484771729e-01
4.504251778125762939e-01 2.452302351593971252e-02 -2.332998672500252724e-03 -2.783913910388946533e-02
4.509156346321105957e-01 -1.705653965473175049e-01 -2.889781491830945015e-03 2.641067802906036377e-01
4.475043416023254395e-01 2.459768578410148621e-02 2.392354188486933708e-03 -2.948620170354843140e-02
4.479962885379791260e-01 2.196852415800094604e-01 1.802630256861448288e-03 -3.214133679866790771e-01
4.523899853229522705e-01 2.453767135739326477e-02 -4.625637084245681763e-03 -2.816249430179595947e-02
4.528807401657104492e-01 -1.705176383256912231e-01 -5.188887007534503937e-03 2.630574107170104980e-01
4.494704008102416992e-01 2.467799186706542969e-02 7.226139132399111986e-05 -3.125762194395065308e-02
4.499639570713043213e-01 -1.704449951648712158e-01 -5.528910551220178604e-04 2.614481151103973389e-01
4.465550482273101807e-01 2.468484267592430115e-02 4.676070995628833771e-03 -3.140915930271148682e-02
4.470487534999847412e-01 2.197394222021102905e-01 4.047887865453958511e-03 -3.226130902767181396e-01
4.514435231685638428e-01 2.456006780266761780e-02 -2.404373604804277420e-03 -2.865636162459850311e-02
4.519347250461578369e-01 -1.705273240804672241e-01 -2.977500902488827705e-03 2.632669806480407715e-01
4.485241770744323730e-01 2.463700436055660248e-02 2.287838840857148170e-03 -3.035358339548110962e-02
4.490169286727905273e-01 2.197260707616806030e-01 1.680767280049622059e-03 -3.223137855529785156e-01
4.534114599227905273e-01 2.458022721111774445e-02 -4.765508696436882019e-03 -2.910129539668560028e-02
4.539030492305755615e-01 -1.704730540513992310e-01 -5.347534548491239548e-03 2.620742619037628174e-01
4.504936039447784424e-01 2.472481317818164825e-02 -1.060492941178381443e-04 -3.229053318500518799e-02
4.509880840778350830e-01 -1.703956127166748047e-01 -7.518599159084260464e-04 2.603589296340942383e-01
4.475801885128021240e-01 2.473706007003784180e-02 4.455318674445152283e-03 -3.256104514002799988e-02
4.480749070644378662e-01 2.197948396205902100e-01 3.804097883403301239e-03 -3.238349556922912598e-01
4.524708092212677002e-01 2.461892552673816681e-02 -2.672601258382201195e-03 -2.995479851961135864e-02
4.529632031917572021e-01 -1.704645901918411255e-01 -3.271697089076042175e-03 2.618837058544158936e-01
4.495539069175720215e-01 2.470390312373638153e-02 1.965976785868406296e-03 -3.182936459779739380e-02
4.500479698181152344e-01 2.197976112365722656e-01 1.329389517195522785e-03 -3.238913416862487793e-01
4.544439315795898438e-01 2.465675026178359985e-02 -5.148437805473804474e-03 -3.078949078917503357e-02
4.549370706081390381e-01 -1.703909933567047119e-01 -5.764227360486984253e-03 2.602646052837371826e-01
4.515292644500732422e-01 2.481276914477348328e-02 -5.589352222159504890e-04 -3.423083946108818054e-02
4.520255029201507568e-01 -1.703011691570281982e-01 -1.243551960214972496e-03 2.582756876945495605e-01
4.486194849014282227e-01 2.483852021396160126e-02 3.921961877495050430e-03 -3.479921817779541016e-02
4.491162598133087158e-01 2.199040055274963379e-01 3.225977299734950066e-03 -3.262421488761901855e-01
4.535143375396728516e-01 2.473627775907516479e-02 -3.298865631222724915e-03 -3.254363685846328735e-02
4.540090560913085938e-01 -1.703382134437561035e-01 -3.949738107621669769e-03 2.590966522693634033e-01
4.506022930145263672e-01 2.483990415930747986e-02 1.232194481417536736e-03 -3.482946753501892090e-02
4.510990977287292480e-01 -1.702996939420700073e-01 5.356051260605454445e-04 2.582419812679290771e-01
4.476931095123291016e-01 2.481460385024547577e-02 5.700444802641868591e-03 -3.427196666598320007e-02
4.481893777847290039e-01 2.198543548583984375e-01 5.015005357563495636e-03 -3.251509070396423340e-01
4.525864720344543457e-01 2.466135099530220032e-02 -1.488012843765318394e-03 -3.089068830013275146e-02
4.530797004699707031e-01 -1.704392284154891968e-01 -2.105826511979103088e-03 2.613223791122436523e-01
4.496709108352661133e-01 2.471271902322769165e-02 3.120621200650930405e-03 -3.202400356531143188e-02
4.501651823520660400e-01 2.197897732257843018e-01 2.480141120031476021e-03 -3.237207233905792236e-01
4.545609652996063232e-01 2.463260106742382050e-02 -3.994273021817207336e-03 -3.025668114423751831e-02
4.550536274909973145e-01 -1.704318374395370483e-01 -4.599406849592924118e-03 2.611633241176605225e-01
4.516449868679046631e-01 2.475546114146709442e-02 6.238600471988320351e-04 -3.296674415469169617e-02
4.521400928497314453e-01 -1.703754365444183350e-01 -3.547482265275903046e-05 2.599129676818847656e-01
4.487325847148895264e-01 2.474702708423137665e-02 5.162784364074468613e-03 -3.278116136789321899e-02
4.492275118827819824e-01 2.197945564985275269e-01 4.507161211222410202e-03 -3.238307237625122070e-01
4.536234140396118164e-01 2.460872568190097809e-02 -1.969453180208802223e-03 -2.972983010113239288e-02
4.541155993938446045e-01 -1.704849302768707275e-01 -2.564049791544675827e-03 2.623310685157775879e-01
4.507058858871459961e-01 2.467352896928787231e-02 2.682571299374103546e-03 -3.115949034690856934e-02
4.511993527412414551e-01 2.197569012641906738e-01 2.059381455183029175e-03 -3.229948282241821289e-01
4.555945098400115967e-01 2.460569329559803009e-02 -4.400514997541904449e-03 -2.966317161917686462e-02
4.560866057872772217e-01 -1.704528778791427612e-01 -4.993778653442859650e-03 2.616280913352966309e-01
4.526775479316711426e-01 2.474000118672847748e-02 2.387835411354899406e-04 -3.262572735548019409e-02
4.531723558902740479e-01 -1.703853756189346313e-01 -4.137310315854847431e-04 2.601325213909149170e-01
4.497646391391754150e-01 2.474248223006725311e-02 4.788919351994991302e-03 -3.268086910247802734e-02
4.502595067024230957e-01 2.197954356670379639e-01 4.135302267968654633e-03 -3.238489925861358643e-01
4.546554088592529297e-01 2.461484260857105255e-02 -2.341677900403738022e-03 -2.986484393477439880e-02
4.551477134227752686e-01 -1.704734563827514648e-01 -2.938974648714065552e-03 2.620783448219299316e-01
4.517382383346557617e-01 2.469033002853393555e-02 2.302592154592275620e-03 -3.153012320399284363e-02
4.522320330142974854e-01 2.197791785001754761e-01 1.671989564783871174e-03 -3.234856724739074707e-01
4.566276371479034424e-01 2.463346719741821289e-02 -4.797723609954118729e-03 -3.027593530714511871e-02
4.571202993392944336e-01 -1.704193502664566040e-01 -5.403242539614439011e-03 2.608894109725952148e-01
4.537118971347808838e-01 2.477930858731269836e-02 -1.854543952504172921e-04 -3.349286317825317383e-02
4.542075097560882568e-01 -1.703399866819381714e-01 -8.553116349503397942e-04 2.591315507888793945e-01
4.508006870746612549e-01 2.479416877031326294e-02 4.327319096773862839e-03 -3.382103517651557922e-02
4.512965679168701172e-01 2.198538035154342651e-01 3.650898579508066177e-03 -3.251354992389678955e-01
4.556936621665954590e-01 2.468005567789077759e-02 -2.851811703294515610e-03 -3.130348771810531616e-02
4.561872482299804688e-01 -1.704008877277374268e-01 -3.477881429716944695e-03 2.604782879352569580e-01
4.527792334556579590e-01 2.477054297924041748e-02 1.731684547848999500e-03 -3.329956531524658203e-02
4.532746374607086182e-01 2.198676168918609619e-01 1.065693213604390621e-03 -3.254356086254119873e-01
4.576719999313354492e-01 2.473050914704799652e-02 -5.443019326776266098e-03 -3.241681307554244995e-02
4.581665992736816406e-01 -1.703129708766937256e-01 -6.091355346143245697e-03 2.585438191890716553e-01
4.547603428363800049e-01 2.489541471004486084e-02 -9.204790112562477589e-04 -3.605416044592857361e-02
4.552582502365112305e-01 -1.702133268117904663e-01 -1.641562208533287048e-03 2.563382089138031006e-01
4.518539905548095703e-01 2.493202500045299530e-02 3.485201857984066010e-03 -3.686204552650451660e-02
4.523526430130004883e-01 2.200038284063339233e-01 2.747960854321718216e-03 -3.284433186054229736e-01
4.567527174949645996e-01 2.484286203980445862e-02 -3.820905461907386780e-03 -3.489508107304573059e-02
4.572495818138122559e-01 -1.702240854501724243e-01 -4.518806934356689453e-03 2.565798759460449219e-01
4.538450837135314941e-01 2.496208623051643372e-02 6.127901724539697170e-04 -3.752493485808372498e-02
4.543443322181701660e-01 -1.701686531305313110e-01 -1.377084990963339806e-04 2.553512752056121826e-01
4.509409666061401367e-01 2.495527081191539764e-02 4.969317000359296799e-03 -3.737508878111839294e-02
4.514400660991668701e-01 2.200056165456771851e-01 4.221815150231122971e-03 -3.284860253334045410e-01
4.558401703834533691e-01 2.482381090521812439e-02 -2.347904955968260765e-03 -3.447471186518669128e-02
4.563366472721099854e-01 -1.702643930912017822e-01 -3.037399146705865860e-03 2.574664950370788574e-01
4.529313743114471436e-01 2.490079216659069061e-02 2.111930865794420242e-03 -3.617291525006294250e-02
4.534293711185455322e-01 2.199923992156982422e-01 1.388472504913806915e-03 -3.281887471675872803e-01
4.578292369842529297e-01 2.485070377588272095e-02 -5.175302736461162567e-03 -3.506829589605331421e-02
4.583262503147125244e-01 -1.701966524124145508e-01 -5.876668728888034821e-03 2.559772729873657227e-01
4.549223184585571289e-01 2.500870823860168457e-02 -7.571229361928999424e-04 -3.855342790484428406e-02
4.554224908351898193e-01 -1.701023727655410767e-01 -1.528191496618092060e-03 2.538905143737792969e-01
4.520204365253448486e-01 2.504136040806770325e-02 3.549618879333138466e-03 -3.927402943372726440e-02
4.525212645530700684e-01 2.201122343540191650e-01 2.764138393104076385e-03 -3.308348953723907471e-01
4.569235146045684814e-01 2.495104260742664337e-02 -3.852559719234704971e-03 -3.728158771991729736e-02
4.574225246906280518e-01 -1.701154559850692749e-01 -4.598191473633050919e-03 2.541833221912384033e-01
4.540202021598815918e-01 2.507185190916061401e-02 4.854750877711921930e-04 -3.994639217853546143e-02
4.545216560363769531e-01 -1.700570583343505859e-01 -3.134527360089123249e-04 2.528896629810333252e-01
4.511205255985260010e-01 2.506936900317668915e-02 4.744340665638446808e-03 -3.989211097359657288e-02
4.516218900680541992e-01 2.201229631900787354e-01 3.946498502045869827e-03 -3.310743868350982666e-01
4.560243487358093262e-01 2.494506165385246277e-02 -2.674989169463515282e-03 -3.714953735470771790e-02
4.565232694149017334e-01 -1.701384335756301880e-01 -3.417979925870895386e-03 2.546882033348083496e-01
4.531204998493194580e-01 2.503215894103050232e-02 1.675784005783498287e-03 -3.907085210084915161e-02
4.536211490631103516e-01 -1.701137870550155640e-01 8.943669963628053665e-04 2.541403174400329590e-01
4.502188563346862793e-01 2.499538660049438477e-02 5.977173801511526108e-03 -3.826036304235458374e-02
4.507187604904174805e-01 2.200311124324798584e-01 5.211966577917337418e-03 -3.290514647960662842e-01
4.551194012165069580e-01 2.483535744249820709e-02 -1.369062694720923901e-03 -3.472948074340820312e-02
4.556160867214202881e-01 -1.702669262886047363e-01 -2.063652267679572105e-03 2.575211822986602783e-01
4.522107541561126709e-01 2.488441951572895050e-02 3.086771117523312569e-03 -3.581194207072257996e-02
4.527084529399871826e-01 2.199619710445404053e-01 2.370532369241118431e-03 -3.275193572044372559e-01
4.571076929569244385e-01 2.480635046958923340e-02 -4.179854877293109894e-03 -3.408982232213020325e-02
4.576038122177124023e-01 -1.702554076910018921e-01 -4.861651454120874405e-03 2.572713792324066162e-01
4.541987180709838867e-01 2.493560872972011566e-02 2.837764623109251261e-04 -3.694099932909011841e-02
4.546974301338195801e-01 -1.701904088258743286e-01 -4.550435405690222979e-04 2.558314502239227295e-01
4.512936174869537354e-01 2.493803575634956360e-02 4.661585204303264618e-03 -3.699497506022453308e-02
4.517923593521118164e-01 2.199928313493728638e-01 3.921685740351676941e-03 -3.282034993171691895e-01
4.561922252178192139e-01 2.481526881456375122e-02 -2.642383798956871033e-03 -3.428642079234123230e-02
4.566885232925415039e-01 -1.702686846256256104e-01 -3.328112186864018440e-03 2.575616240501403809e-01
4.532831609249114990e-01 2.490061707794666290e-02 1.823120517656207085e-03 -3.616916760802268982e-02
4.537811577320098877e-01 2.199963778257369995e-01 1.099737244658172131e-03 -3.282763361930847168e-01
4.581810832023620605e-01 2.485878579318523407e-02 -5.465789232403039932e-03 -3.524679318070411682e-02
4.586782753467559814e-01 -1.701843589544296265e-01 -6.170724984258413315e-03 2.557066082954406738e-01
4.552745819091796875e-01 2.502514980733394623e-02 -1.056592678651213646e-03 -3.891624882817268372e-02
4.557750821113586426e-01 -1.700816303491592407e-01 -1.834917580708861351e-03 2.534331381320953369e-01
4.523734450340270996e-01 2.506646886467933655e-02 3.233744995668530464e-03 -3.982800245285034180e-02
4.528747797012329102e-01 2.201419025659561157e-01 2.437185030430555344e-03 -3.314889073371887207e-01
4.572776257991790771e-01 2.498534135520458221e-02 -4.192593041807413101e-03 -3.803839907050132751e-02
4.577773213386535645e-01 -1.700762361288070679e-01 -4.953361116349697113e-03 2.533187866210937500e-01
4.543758034706115723e-01 2.511608973145484924e-02 1.130145537899807096e-04 -4.092240333557128906e-02
4.548781216144561768e-01 -1.700074821710586548e-01 -7.054334855638444424e-04 2.517961859703063965e-01
4.514779746532440186e-01 2.512453682720661163e-02 4.330490250140428543e-03 -4.110917076468467712e-02
4.519804716110229492e-01 2.201841175556182861e-01 3.508306574076414108e-03 -3.324226438999176025e-01
4.563841521739959717e-01 2.501241117715835571e-02 -3.140146378427743912e-03 -3.863544389605522156e-02
4.568844139575958252e-01 -1.700643748044967651e-01 -3.912854939699172974e-03 2.530550956726074219e-01
4.534831047058105469e-01 2.511323429644107819e-02 1.148246577940881252e-03 -4.085945710539817810e-02
4.539853632450103760e-01 -1.700251698493957520e-01 3.310574102215468884e-04 2.521855235099792480e-01
4.505848586559295654e-01 2.509205788373947144e-02 5.374768283218145370e-03 -4.039295390248298645e-02
4.510866999626159668e-01 2.201365232467651367e-01 4.566908814013004303e-03 -3.313752412796020508e-01
4.554894566535949707e-01 2.494986541569232941e-02 -2.060596132650971413e-03 -3.725565224885940552e-02
4.559884369373321533e-01 -1.701424717903137207e-01 -2.805709140375256538e-03 2.547764182090759277e-01
4.525855779647827148e-01 2.501942217350006104e-02 2.289819298312067986e-03 -3.879014775156974792e-02
4.530859887599945068e-01 -1.701352894306182861e-01 1.514016417786478996e-03 2.546143531799316406e-01
4.496832787990570068e-01 2.496501244604587555e-02 6.606303621083498001e-03 -3.759063780307769775e-02
4.501825869083404541e-01 2.199916094541549683e-01 5.854490678757429123e-03 -3.281819224357604980e-01
4.545823931694030762e-01 2.478680200874805450e-02 -7.091473671607673168e-04 -3.365850821137428284e-02
4.550781548023223877e-01 -1.703249663114547729e-01 -1.382317510433495045e-03 2.588005959987640381e-01
4.516716301441192627e-01 2.481668442487716675e-02 3.793694311752915382e-03 -3.431801497936248779e-02
4.521679878234863281e-01 2.198840230703353882e-01 3.107334021478891373e-03 -3.258015811443328857e-01
4.565656483173370361e-01 2.471797354519367218e-02 -3.408697666600346565e-03 -3.214035928249359131e-02
4.570600092411041260e-01 -1.703549325466156006e-01 -4.051504656672477722e-03 2.594651281833648682e-01
4.536529183387756348e-01 2.482462488114833832e-02 1.137798069976270199e-03 -3.449292480945587158e-02
4.541494250297546387e-01 -1.703136265277862549e-01 4.479394992813467979e-04 2.585487663745880127e-01
4.507431387901306152e-01 2.480192855000495911e-02 5.618914961814880371e-03 -3.399283811450004578e-02
4.512391686439514160e-01 2.198428511619567871e-01 4.939058329910039902e-03 -3.248976469039916992e-01
4.556360244750976562e-01 2.465092763304710388e-02 -1.558894873596727848e-03 -3.066125884652137756e-02
4.561290442943572998e-01 -1.704486310482025146e-01 -2.172120148316025734e-03 2.615294158458709717e-01
4.527200758457183838e-01 2.470425702631473541e-02 3.058468224480748177e-03 -3.183783590793609619e-02
4.532141685485839844e-01 2.197822183370590210e-01 2.421711571514606476e-03 -3.235542178153991699e-01
4.576098024845123291e-01 2.462586387991905212e-02 -4.049372859299182892e-03 -3.010856360197067261e-02
4.581023156642913818e-01 -1.704377830028533936e-01 -4.651544149965047836e-03 2.612940073013305664e-01
