2.944857068359851837e-02 -2.328478917479515076e-02 -1.519589032977819443e-02 -2.495389431715011597e-02
2.898287400603294373e-02 -2.181855589151382446e-01 -1.569496840238571167e-02 2.628960907459259033e-01
2.461916394531726837e-02 -4.130800068378448486e-01 -1.043704710900783539e-02 5.505875945091247559e-01
1.635756343603134155e-02 -2.178130298852920532e-01 5.747055402025580406e-04 2.546346783638000488e-01
1.200130302459001541e-02 -2.269928343594074249e-02 5.667398683726787567e-03 -3.786693513393402100e-02
1.154731772840023041e-02 -2.179020494222640991e-01 4.910060204565525055e-03 2.565987110137939453e-01
7.189276628196239471e-03 -2.285053767263889313e-02 1.004203408956527710e-02 -3.453147038817405701e-02
6.732265464961528778e-03 -2.181150466203689575e-01 9.351405315101146698e-03 2.613028287887573242e-01
2.369964728131890297e-03 -2.312782406806945801e-02 1.457746140658855438e-02 -2.841593883931636810e-02
1.907408353872597218e-03 -2.184557616710662842e-01 1.400914322584867477e-02 2.688304483890533447e-01
-2.461706753820180893e-03 -2.353650331497192383e-02 1.938575133681297302e-02 -1.940118335187435150e-02
-2.932436997070908546e-03 1.713021397590637207e-01 1.899772882461547852e-02 -3.059051930904388428e-01
4.936059704050421715e-04 -2.408530004322528839e-02 1.287962403148412704e-02 -7.291910704225301743e-03
1.189998147310689092e-05 -2.193895727396011353e-01 1.273378636687994003e-02 2.894267141819000244e-01
-4.375891294330358505e-03 -2.445149421691894531e-02 1.852232031524181366e-02 7.869263063184916973e-04
-4.864921327680349350e-03 1.703999936580657959e-01 1.853805966675281525e-02 -2.859949171543121338e-01
-1.456921570934355259e-03 -2.498137205839157104e-02 1.281816046684980392e-02 1.247664913535118103e-02
-1.956549007445573807e-03 1.699544191360473633e-01 1.306769344955682755e-02 -2.761345803737640381e-01
1.442539505660533905e-03 -2.535150200128555298e-02 7.545001804828643799e-03 2.064107917249202728e-02
9.355094516649842262e-04 -2.205808311700820923e-01 7.957823574542999268e-03 3.156949579715728760e-01
-3.476107260212302208e-03 -2.557314001023769379e-02 1.427172217518091202e-02 2.553224749863147736e-02
-3.987570293247699738e-03 1.693412661552429199e-01 1.478236727416515350e-02 -2.626138329505920410e-01
-6.007447955198585987e-04 -2.598853595554828644e-02 9.530090726912021637e-03 3.469470888376235962e-02
-1.120515516959130764e-03 1.689954698085784912e-01 1.022398471832275391e-02 -2.549661993980407715e-01
2.259393688291311264e-03 -2.627096325159072876e-02 5.124660674482584000e-03 4.092392325401306152e-02
1.733974437229335308e-03 -2.214660197496414185e-01 5.943139083683490753e-03 3.352193236351013184e-01
-2.695346018299460411e-03 -2.642915770411491394e-02 1.264752540737390518e-02 4.441645368933677673e-02
-3.223929088562726974e-03 1.685091704130172729e-01 1.353585440665483475e-02 -2.442493736743927002e-01
1.462542713852599263e-04 -2.680347301065921783e-02 8.650867268443107605e-03 5.267217010259628296e-02
-3.898152208421379328e-04 1.681933701038360596e-01 9.704310446977615356e-03 -2.372688353061676025e-01
2.974052214995026588e-03 -2.706586383283138275e-02 4.958933684974908829e-03 5.845925584435462952e-02
2.432734938338398933e-03 1.679846346378326416e-01 6.128118839114904404e-03 -2.326549738645553589e-01
5.792427808046340942e-03 -2.722433954477310181e-02 1.475019147619605064e-03 6.195464357733726501e-02
5.247940775007009506e-03 -2.223674058914184570e-01 2.714111935347318649e-03 3.551025688648223877e-01
8.005927084013819695e-04 -2.728415280580520630e-02 9.816164150834083557e-03 6.327672302722930908e-02
2.549096243456006050e-04 1.676956862211227417e-01 1.108169835060834885e-02 -2.262930423021316528e-01
3.608823521062731743e-03 -2.758286520838737488e-02 6.555837113410234451e-03 6.986475735902786255e-02
3.057166235521435738e-03 1.674444824457168579e-01 7.953132502734661102e-03 -2.207425832748413086e-01
6.406055763363838196e-03 -2.779023721814155579e-02 3.538280725479125977e-03 7.443843781948089600e-02
5.850251298397779465e-03 1.672808080911636353e-01 5.027049686759710312e-03 -2.171260416507720947e-01
9.195866994559764862e-03 -2.791264280676841736e-02 6.845286116003990173e-04 7.713837921619415283e-02
8.637614548206329346e-03 -2.230443954467773438e-01 2.227296121418476105e-03 3.700371980667114258e-01
4.176726564764976501e-03 -2.795416489243507385e-02 9.628039784729480743e-03 7.805739343166351318e-02
3.617643145844340324e-03 1.670284420251846313e-01 1.118918787688016891e-02 -2.115723639726638794e-01
6.958212237805128098e-03 -2.825168147683143616e-02 6.957740522921085358e-03 8.461903780698776245e-02
6.393178366124629974e-03 1.667698472738265991e-01 8.650121279060840607e-03 -2.058606147766113281e-01
9.728575125336647034e-03 -2.847472578287124634e-02 4.532909020781517029e-03 8.953839540481567383e-02
9.159080684185028076e-03 1.665819585323333740e-01 6.323677022010087967e-03 -2.017109543085098267e-01
1.249072048813104630e-02 -2.862985804677009583e-02 2.289457945153117180e-03 9.296006709337234497e-02
1.191812288016080856e-02 1.664592027664184570e-01 4.148659296333789825e-03 -1.989996582269668579e-01
1.524730678647756577e-02 -2.872183918952941895e-02 1.686660980340093374e-04 9.498908370733261108e-02
1.467287074774503708e-02 1.663976907730102539e-01 2.068447880446910858e-03 -1.976406276226043701e-01
1.800082437694072723e-02 -2.875378169119358063e-02 -1.884364639408886433e-03 9.569408744573593140e-02
1.742574945092201233e-02 -2.238486707210540771e-01 2.951710121124051511e-05 3.877819180488586426e-01
1.294877473264932632e-02 -2.872714214026927948e-02 7.785154972225427628e-03 9.510828554630279541e-02
1.237423252314329147e-02 1.662823706865310669e-01 9.687321260571479797e-03 -1.951083093881607056e-01
1.569988019764423370e-02 -2.897680550813674927e-02 5.785154644399881363e-03 1.006147414445877075e-01
1.512034330517053604e-02 1.660617589950561523e-01 7.797449827194213867e-03 -1.902373880147933960e-01
1.844157837331295013e-02 -2.917086891829967499e-02 3.992701880633831024e-03 1.048950850963592529e-01
1.785816065967082977e-02 1.658936291933059692e-01 6.090603768825531006e-03 -1.865254938602447510e-01
2.117603458464145660e-02 -2.931492403149604797e-02 2.360093872994184494e-03 1.080725416541099548e-01
2.058973535895347595e-02 1.657731235027313232e-01 4.521544557064771652e-03 -1.838648468255996704e-01
2.390519902110099792e-02 -2.941322699189186096e-02 8.442477555945515633e-04 1.102410182356834412e-01
2.331693284213542938e-02 1.656966209411621094e-01 3.049068152904510498e-03 -1.821754276752471924e-01
2.663086540997028351e-02 -2.946883253753185272e-02 -5.944404983893036842e-04 1.114678010344505310e-01
2.604148909449577332e-02 1.656616330146789551e-01 1.634915475733578205e-03 -1.814026087522506714e-01
2.935472130775451660e-02 -2.948367595672607422e-02 -1.993136713281273842e-03 1.117956265807151794e-01
2.876504883170127869e-02 -2.245770096778869629e-01 2.427759172860532999e-04 4.038490653038024902e-01
2.427350729703903198e-02 -2.945850230753421783e-02 8.319756947457790375e-03 1.112426891922950745e-01
2.368433773517608643e-02 1.655432432889938354e-01 1.054461114108562469e-02 -1.788038313388824463e-01
2.699520252645015717e-02 -2.972799725830554962e-02 6.968534551560878754e-03 1.171868145465850830e-01
2.640064246952533722e-02 1.652934104204177856e-01 9.312270209193229675e-03 -1.732894778251647949e-01
2.970651164650917053e-02 -2.996056526899337769e-02 5.846480838954448700e-03 1.223165690898895264e-01
2.910730056464672089e-02 1.650771349668502808e-01 8.292811922729015350e-03 -1.685161292552947998e-01
3.240884467959403992e-02 -3.016252629458904266e-02 4.922489635646343231e-03 1.267713457345962524e-01
3.180559352040290833e-02 1.648885607719421387e-01 7.457916624844074249e-03 -1.643545329570770264e-01
3.510336205363273621e-02 -3.033935278654098511e-02 4.170826170593500137e-03 1.306717991828918457e-01
3.449657559394836426e-02 1.647226065397262573e-01 6.784262135624885559e-03 -1.606923639774322510e-01
3.779102861881256104e-02 -3.049581125378608704e-02 3.570414846763014793e-03 1.341230720281600952e-01
3.718111291527748108e-02 1.645748168230056763e-01 6.252876482903957367e-03 -1.574313044548034668e-01
4.047260805964469910e-02 -3.063609823584556580e-02 3.104250412434339523e-03 1.372176855802536011e-01
3.985988721251487732e-02 1.644412577152252197e-01 5.848604254424571991e-03 -1.544842869043350220e-01
4.314871132373809814e-02 -3.076394833624362946e-02 2.758918330073356628e-03 1.400379836559295654e-01
4.253343120217323303e-02 1.643183827400207520e-01 5.559678189456462860e-03 -1.517732739448547363e-01
4.581980034708976746e-02 -3.088273666799068451e-02 2.524212701246142387e-03 1.426584124565124512e-01
4.520214721560478210e-02 1.642029732465744019e-01 5.377381108701229095e-03 -1.492270976305007935e-01
4.848620668053627014e-02 -3.099556639790534973e-02 2.392839174717664719e-03 1.451474130153656006e-01
4.786629229784011841e-02 1.640920341014862061e-01 5.295787472277879715e-03 -1.467796564102172852e-01
5.114813521504402161e-02 -3.110535256564617157e-02 2.360194455832242966e-03 1.475692838430404663e-01
5.052602663636207581e-02 1.639827191829681396e-01 5.311579909175634384e-03 -1.443681269884109497e-01
5.380568280816078186e-02 -3.121489286422729492e-02 2.424217527732253075e-03 1.499857753515243530e-01
5.318138375878334045e-02 1.638722568750381470e-01 5.423932801932096481e-03 -1.419313848018646240e-01
5.645883083343505859e-02 -3.132694959640502930e-02 2.585305366665124893e-03 1.524577587842941284e-01
5.583228915929794312e-02 1.637578904628753662e-01 5.634460598230361938e-03 -1.394084393978118896e-01
5.910744890570640564e-02 -3.144430741667747498e-02 2.846291521564126015e-03 1.550467163324356079e-01
5.847856029868125916e-02 1.636367738246917725e-01 5.947226192802190781e-03 -1.367369145154953003e-01
6.175129860639572144e-02 -3.156985342502593994e-02 3.212487790733575821e-03 1.578163355588912964e-01
6.111989915370941162e-02 1.635059565305709839e-01 6.368814501911401749e-03 -1.338514089584350586e-01
6.439001858234405518e-02 -3.170663863420486450e-02 3.691786434501409531e-03 1.608339697122573853e-01
6.375588476657867432e-02 1.633622646331787109e-01 6.908465642482042313e-03 -1.306820064783096313e-01
6.702312827110290527e-02 -3.185796365141868591e-02 4.294825252145528793e-03 1.641724109649658203e-01
6.638596951961517334e-02 1.632022410631179810e-01 7.578273769468069077e-03 -1.271525174379348755e-01
6.965001672506332397e-02 -3.202744573354721069e-02 5.035223439335823059e-03 1.679115891456604004e-01
6.900946795940399170e-02 1.630220711231231689e-01 8.393455296754837036e-03 -1.231786236166954041e-01
7.226990908384323120e-02 -3.221911936998367310e-02 5.929882638156414032e-03 1.721404939889907837e-01
7.162553071975708008e-02 1.628174632787704468e-01 9.372692555189132690e-03 -1.186658591032028198e-01
7.488187402486801147e-02 -3.243751823902130127e-02 6.999375764280557632e-03 1.769592761993408203e-01
7.423312962055206299e-02 1.625835746526718140e-01 1.053856126964092255e-02 -1.135073900222778320e-01
7.748480141162872314e-02 -3.268778696656227112e-02 8.268413133919239044e-03 1.824816614389419556e-01
7.683104276657104492e-02 1.623148769140243530e-01 1.191804651170969009e-02 -1.075814515352249146e-01
8.007734268903732300e-02 -3.297581151127815247e-02 9.766417555510997772e-03 1.888376027345657349e-01
7.941782474517822266e-02 1.620050668716430664e-01 1.354316994547843933e-02 -1.007484793663024902e-01
8.265792578458786011e-02 -3.330833837389945984e-02 1.152820046991109848e-02 1.961763203144073486e-01
8.199175447225570679e-02 1.616468280553817749e-01 1.545172650367021561e-02 -9.284778684377670288e-02
8.522469550371170044e-02 -3.369314223527908325e-02 1.359477080404758453e-02 2.046698182821273804e-01
8.455083519220352173e-02 1.612317860126495361e-01 1.768816821277141571e-02 -8.369380235671997070e-02
8.777546882629394531e-02 -3.413919359445571899e-02 1.601429097354412079e-02 2.145168781280517578e-01
8.709268271923065186e-02 1.607501953840255737e-01 2.030462957918643951e-02 -7.307171821594238281e-02
9.030769020318984985e-02 -3.465687856078147888e-02 1.884319446980953217e-02 2.259476184844970703e-01
8.961454778909683228e-02 1.601907759904861450e-01 2.336214669048786163e-02 -6.073240563273429871e-02
9.281836450099945068e-02 -3.525821492075920105e-02 2.214749902486801147e-02 2.392289191484451294e-01
9.211320430040359497e-02 1.595404595136642456e-01 2.693207748234272003e-02 -4.638659581542015076e-02
9.530401229858398438e-02 3.542660772800445557e-01 2.600434422492980957e-02 -3.304520249366760254e-01
1.023893281817436218e-01 1.587837934494018555e-01 1.939530484378337860e-02 -2.968331985175609589e-02
1.055650040507316589e-01 3.536223173141479492e-01 1.880163885653018951e-02 -3.161842823028564453e-01
1.126374527812004089e-01 1.582376658916473389e-01 1.247795298695564270e-02 -1.763174682855606079e-02
1.158022060990333557e-01 3.531784713268280029e-01 1.212531793862581253e-02 -3.063517510890960693e-01
1.228657737374305725e-01 1.578858494758605957e-01 5.998282693326473236e-03 -9.869611822068691254e-03
1.260234862565994263e-01 3.529212772846221924e-01 5.800890270620584488e-03 -3.006539940834045410e-01
1.330819129943847656e-01 1.577171087265014648e-01 -2.121894067386165261e-04 -6.147237028926610947e-03
1.362362653017044067e-01 -3.740179166197776794e-02 -3.351341583766043186e-04 2.864687442779541016e-01
1.354882270097732544e-01 1.577249318361282349e-01 5.394240375608205795e-03 -6.319872569292783737e-03
1.386427283287048340e-01 3.527691066265106201e-01 5.267843138426542282e-03 -2.972959876060485840e-01
1.456981003284454346e-01 1.575724631547927856e-01 -6.780765834264457226e-04 -2.956333803012967110e-03
1.488495618104934692e-01 -3.753975406289100647e-02 -7.372032268904149532e-04 2.895125746726989746e-01
1.480987668037414551e-01 1.575926989316940308e-01 5.053048487752676010e-03 -3.402767237275838852e-03
1.512506157159805298e-01 3.526418209075927734e-01 4.984993021935224533e-03 -2.944871187210083008e-01
1.583034545183181763e-01 1.574491560459136963e-01 -9.047495550476014614e-04 -2.361801889492198825e-04
1.614524275064468384e-01 3.525840640068054199e-01 -9.094731649383902550e-04 -2.932044267654418945e-01
1.685041189193725586e-01 1.574750989675521851e-01 -6.773561704903841019e-03 -8.084764704108238220e-04
1.716536134481430054e-01 -3.754905983805656433e-02 -6.789731327444314957e-03 2.897296249866485596e-01
1.709026396274566650e-01 1.576690524816513062e-01 -9.951385436579585075e-04 -5.086942575871944427e-03
1.740560233592987061e-01 3.528052568435668945e-01 -1.096877385862171650e-03 -2.980836927890777588e-01
1.811121255159378052e-01 1.576989591121673584e-01 -7.058551069349050522e-03 -5.746892187744379044e-03
1.842661052942276001e-01 -3.732105344533920288e-02 -7.173488847911357880e-03 2.847006320953369141e-01
1.835196763277053833e-01 1.579024642705917358e-01 -1.479475991800427437e-03 -1.023609377443790436e-02
1.866777241230010986e-01 3.530456125736236572e-01 -1.684197806753218174e-03 -3.033854365348815918e-01
1.937386393547058105e-01 1.579477041959762573e-01 -7.751906756311655045e-03 -1.123415306210517883e-02
1.968975961208343506e-01 -3.706222772598266602e-02 -7.976589724421501160e-03 2.789929211139678955e-01
1.961563527584075928e-01 1.581726074218750000e-01 -2.396731637418270111e-03 -1.619510911405086517e-02
1.993198096752166748e-01 3.533288538455963135e-01 -2.720633754506707191e-03 -3.096332550048828125e-01
2.063863873481750488e-01 1.582457572221755981e-01 -8.913299068808555603e-03 -1.780959218740463257e-02
2.095512896776199341e-01 -3.674723580479621887e-02 -9.269490838050842285e-03 2.720478177070617676e-01
2.088163495063781738e-01 1.585057526826858521e-01 -3.828534856438636780e-03 -2.354427613317966461e-02
2.119864672422409058e-01 -3.656109049916267395e-02 -4.299420397728681564e-03 2.679282426834106445e-01
2.112552374601364136e-01 1.586219519376754761e-01 1.059144618920981884e-03 -2.610763907432556152e-02
2.144276797771453857e-01 3.537287116050720215e-01 5.369918071664869785e-04 -3.184562027454376221e-01
2.215022593736648560e-01 1.585991084575653076e-01 -5.832132417708635330e-03 -2.560397982597351074e-02
2.246742397546768188e-01 -3.643872588872909546e-02 -6.344211753457784653e-03 2.652331590652465820e-01
2.239454686641693115e-01 1.587731987237930298e-01 -1.039548777043819427e-03 -2.944402582943439484e-02
2.271209359169006348e-01 3.539100289344787598e-01 -1.628429279662668705e-03 -3.224547505378723145e-01
2.341991364955902100e-01 1.588113158941268921e-01 -8.077524602413177490e-03 -3.028581850230693817e-02
2.373753488063812256e-01 -3.619387000799179077e-02 -8.683240972459316254e-03 2.598376572132110596e-01
2.366514801979064941e-01 1.590509563684463501e-01 -3.486487781628966331e-03 -3.557138517498970032e-02
2.398324906826019287e-01 3.542227447032928467e-01 -4.197915550321340561e-03 -3.293522894382476807e-01
2.469169497489929199e-01 1.591607928276062012e-01 -1.078496128320693970e-02 -3.799614310264587402e-02
2.501001656055450439e-01 -3.580485656857490540e-02 -1.154488418251276016e-02 2.512646019458770752e-01
2.493840754032135010e-01 1.594800353050231934e-01 -6.519591901451349258e-03 -4.503733292222023010e-02
2.525736689567565918e-01 -3.554782643914222717e-02 -7.420338690280914307e-03 2.455814927816390991e-01
2.518627047538757324e-01 1.596793234348297119e-01 -2.508708741515874863e-03 -4.943271726369857788e-02
2.550562918186187744e-01 -3.540657088160514832e-02 -3.497363300994038582e-03 2.424576282501220703e-01
2.543481588363647461e-01 1.597651541233062744e-01 1.351789454929530621e-03 -5.132639780640602112e-02
2.575434744358062744e-01 3.548676967620849609e-01 3.252614988014101982e-04 -3.435825109481811523e-01
2.646408379077911377e-01 1.597411334514617920e-01 -6.546388845890760422e-03 -5.079704150557518005e-02
2.678356468677520752e-01 -3.528634831309318542e-02 -7.562329526990652084e-03 2.398132830858230591e-01
2.671299278736114502e-01 1.599428057670593262e-01 -2.766064135357737541e-03 -5.524539202451705933e-02
2.703287899494171143e-01 3.551043272018432617e-01 -3.870971966534852982e-03 -3.487997353076934814e-01
2.774308621883392334e-01 1.600376367568969727e-01 -1.084696687757968903e-02 -5.733998119831085205e-02
2.806316316127777100e-01 -3.492712602019309998e-02 -1.199376676231622696e-02 2.319010049104690552e-01
2.799330651760101318e-01 1.603641360998153687e-01 -7.355746347457170486e-03 -6.454089283943176270e-02
2.831403613090515137e-01 -3.465158864855766296e-02 -8.646564558148384094e-03 2.258121967315673828e-01
2.824473381042480469e-01 1.605928689241409302e-01 -4.130320157855749130e-03 -6.958558410406112671e-02
2.856591939926147461e-01 -3.446963056921958923e-02 -5.522031802684068680e-03 2.217913419008255005e-01
2.849697768688201904e-01 1.607308089733123779e-01 -1.086205011233687401e-03 -7.262831926345825195e-02
2.881844043731689453e-01 -3.437554836273193359e-02 -2.538771368563175201e-03 2.197117060422897339e-01
2.874968945980072021e-01 1.607826054096221924e-01 1.855462673120200634e-03 -7.377097010612487793e-02
2.907125353813171387e-01 3.558779060840606689e-01 3.800432023126631975e-04 -3.658679127693176270e-01
2.978301048278808594e-01 1.607505530118942261e-01 -6.937315221875905991e-03 -7.306517660617828369e-02
3.010451197624206543e-01 -3.427125886082649231e-02 -8.398618549108505249e-03 2.174209505319595337e-01
3.003596961498260498e-01 1.609697341918945312e-01 -4.050199873745441437e-03 -7.789938896894454956e-02
3.035790920257568359e-01 -3.409391641616821289e-02 -5.608187522739171982e-03 2.135029435157775879e-01
3.028972148895263672e-01 1.611077636480331421e-01 -1.338128815405070782e-03 -8.094377815723419189e-02
3.061193525791168213e-01 -3.399498015642166138e-02 -2.957004355266690254e-03 2.113166749477386475e-01
3.054394721984863281e-01 1.611691266298294067e-01 1.269328990019857883e-03 -8.229757100343704224e-02
3.086628615856170654e-01 3.562728464603424072e-01 -3.766223962884396315e-04 -3.745797574520111084e-01
3.157882988452911377e-01 1.611562520265579224e-01 -7.868217304348945618e-03 -8.201559633016586304e-02
3.190114200115203857e-01 -3.385202214121818542e-02 -9.508529677987098694e-03 2.081745415925979614e-01
3.183344006538391113e-01 1.614045947790145874e-01 -5.345038603991270065e-03 -8.749260753393173218e-02
3.215624690055847168e-01 -3.364033624529838562e-02 -7.094890810549259186e-03 2.034991681575775146e-01
3.208896815776824951e-01 1.615823507308959961e-01 -3.024907317012548447e-03 -9.141337871551513672e-02
3.241213262081146240e-01 -3.349610790610313416e-02 -4.853175021708011627e-03 2.003136575222015381e-01
3.234513998031616211e-01 1.616949141025543213e-01 -8.469016756862401962e-04 -9.389626234769821167e-02
3.266853094100952148e-01 -3.341488540172576904e-02 -2.724826801568269730e-03 1.985193490982055664e-01
3.260169923305511475e-01 1.617459356784820557e-01 1.245560124516487122e-03 -9.502188861370086670e-02
3.292519152164459229e-01 3.568499982357025146e-01 -6.548776291310787201e-04 -3.873115777969360352e-01
3.363889157772064209e-01 1.617373675107955933e-01 -8.401108905673027039e-03 -9.483520686626434326e-02
3.396236598491668701e-01 -3.326317667961120605e-02 -1.029781345278024673e-02 1.951853781938552856e-01
3.389584124088287354e-01 1.620045453310012817e-01 -6.394105963408946991e-03 -1.007281839847564697e-01
3.421984910964965820e-01 -3.302518278360366821e-02 -8.408669382333755493e-03 1.899305880069732666e-01
3.415379822254180908e-01 1.622160524129867554e-01 -4.610057920217514038e-03 -1.053930297493934631e-01
3.447823226451873779e-01 -3.283953294157981873e-02 -6.717918440699577332e-03 1.858318746089935303e-01
3.441255092620849609e-01 1.623778939247131348e-01 -3.001280827447772026e-03 -1.089626997709274292e-01
3.473730683326721191e-01 -3.270092606544494629e-02 -5.180534906685352325e-03 1.827718317508697510e-01
3.467190563678741455e-01 1.624947637319564819e-01 -1.525098108686506748e-03 -1.115408465266227722e-01
3.499689400196075439e-01 -3.260529786348342896e-02 -3.755914978682994843e-03 1.806605309247970581e-01
3.493168354034423828e-01 1.625701934099197388e-01 -1.427045208401978016e-04 -1.132048889994621277e-01
3.525682389736175537e-01 -3.254970908164978027e-02 -2.406802261248230934e-03 1.794330179691314697e-01
3.519172668457031250e-01 1.626065969467163086e-01 1.181858009658753872e-03 -1.140082031488418579e-01
3.551693856716156006e-01 3.577116131782531738e-01 -1.098306034691631794e-03 -4.063180387020111084e-01
3.623236119747161865e-01 1.626052409410476685e-01 -9.224666282534599304e-03 -1.139815673232078552e-01
3.655757308006286621e-01 -3.238332644104957581e-02 -1.150429807603359222e-02 1.757768243551254272e-01
3.649280667304992676e-01 1.629013568162918091e-01 -7.988761179149150848e-03 -1.205130070447921753e-01
3.681860864162445068e-01 -3.210522979497909546e-02 -1.039902120828628540e-02 1.696388721466064453e-01
3.675439953804016113e-01 1.631640046834945679e-01 -7.006244268268346786e-03 -1.263064146041870117e-01
3.708072602748870850e-01 -3.185687214136123657e-02 -9.532372467219829559e-03 1.641579121351242065e-01
3.701701164245605469e-01 1.634002327919006348e-01 -6.249214056879281998e-03 -1.315169036388397217e-01
3.734381198883056641e-01 -3.163164854049682617e-02 -8.879552595317363739e-03 1.591879427433013916e-01
3.728055059909820557e-01 1.636162996292114258e-01 -5.695793312042951584e-03 -1.362829804420471191e-01
3.760778307914733887e-01 -3.142360970377922058e-02 -8.421452715992927551e-03 1.545975804328918457e-01
3.754493594169616699e-01 1.638178974390029907e-01 -5.329501349478960037e-03 -1.407301872968673706e-01
3.787257075309753418e-01 -3.122731670737266541e-02 -8.144104853272438049e-03 1.502666175365447998e-01
3.781011700630187988e-01 1.640103012323379517e-01 -5.138773005455732346e-03 -1.449744403362274170e-01
3.813813626766204834e-01 -3.103768266737461090e-02 -8.038261905312538147e-03 1.460828930139541626e-01
3.807606101036071777e-01 1.641984581947326660e-01 -5.116603802889585495e-03 -1.491250842809677124e-01
3.840445876121520996e-01 -3.084985539317131042e-02 -8.099105209112167358e-03 1.419392824172973633e-01
3.834275901317596436e-01 1.643871515989303589e-01 -5.260319914668798447e-03 -1.532877236604690552e-01
3.867153227329254150e-01 -3.065909072756767273e-02 -8.326074108481407166e-03 1.377310454845428467e-01
3.861021399497985840e-01 1.645811200141906738e-01 -5.571453366428613663e-03 -1.575669497251510620e-01
3.893937766551971436e-01 -3.046062402427196503e-02 -8.722792379558086395e-03 1.333531290292739868e-01
3.887845575809478760e-01 1.647851765155792236e-01 -6.055729929357767105e-03 -1.620689034461975098e-01
3.920802474021911621e-01 -3.024955652654170990e-02 -9.297108277678489685e-03 1.286974549293518066e-01
3.914752602577209473e-01 1.650043427944183350e-01 -6.723158992826938629e-03 -1.669040322303771973e-01
3.947753608226776123e-01 -3.002073615789413452e-02 -1.006123982369899750e-02 1.236503720283508301e-01
3.941749334335327148e-01 1.652439087629318237e-01 -7.588231936097145081e-03 -1.721897125244140625e-01
3.974798321723937988e-01 -2.976862527430057526e-02 -1.103202626109123230e-02 1.180897355079650879e-01
3.968844413757324219e-01 1.655096411705017090e-01 -8.670231327414512634e-03 -1.780531853437423706e-01
4.001946449279785156e-01 -2.948716841638088226e-02 -1.223129592835903168e-02 1.118820160627365112e-01
3.996048867702484131e-01 1.658078879117965698e-01 -9.993655607104301453e-03 -1.846345812082290649e-01
4.029210507869720459e-01 -2.916965261101722717e-02 -1.368634682148694992e-02 1.048790514469146729e-01
4.023376703262329102e-01 1.661457270383834839e-01 -1.158876530826091766e-02 -1.920902431011199951e-01
4.056605696678161621e-01 -2.880853414535522461e-02 -1.543057058006525040e-02 9.691449254751205444e-02
4.050844013690948486e-01 -2.237059772014617920e-01 -1.349228061735630035e-02 3.846894502639770508e-01
4.006102979183197021e-01 -2.839509211480617523e-02 -5.798492114990949631e-03 8.778318017721176147e-02
4.000423848628997803e-01 1.668094843626022339e-01 -4.042828455567359924e-03 -2.067235261201858521e-01
4.033785760402679443e-01 -2.825441583991050720e-02 -8.177299052476882935e-03 8.468135446310043335e-02
4.028134942054748535e-01 1.669837981462478638e-01 -6.483671721071004868e-03 -2.105702608823776245e-01
4.061531722545623779e-01 -2.804485708475112915e-02 -1.069507747888565063e-02 8.006037771701812744e-02
4.055922627449035645e-01 -2.230118662118911743e-01 -9.093869477510452271e-03 3.693498671054840088e-01
4.011320173740386963e-01 -2.776190079748630524e-02 -1.706872135400772095e-03 7.381346821784973145e-02
4.005768001079559326e-01 1.673844754695892334e-01 -2.306026872247457504e-04 -2.194074988365173340e-01
4.039244651794433594e-01 -2.773417532444000244e-02 -4.618752747774124146e-03 7.320268452167510986e-02
4.033697843551635742e-01 1.674536913633346558e-01 -3.154698759317398071e-03 -2.209338992834091187e-01
4.067188799381256104e-01 -2.762302942574024200e-02 -7.573376875370740891e-03 7.075224816799163818e-02
4.061664044857025146e-01 -2.226355969905853271e-01 -6.158331874758005142e-03 3.610361516475677490e-01
4.017136991024017334e-01 -2.742664702236652374e-02 1.062391093000769615e-03 6.641774624586105347e-02
4.011651575565338135e-01 1.676800549030303955e-01 2.390746027231216431e-03 -2.259297966957092285e-01
4.045187532901763916e-01 -2.747598104178905487e-02 -2.127849962562322617e-03 6.750629842281341553e-02
4.039692580699920654e-01 1.676764190196990967e-01 -7.777240825816988945e-04 -2.258472144603729248e-01
4.073227643966674805e-01 -2.743441425263881683e-02 -5.294668488204479218e-03 6.659028679132461548e-02
4.067740738391876221e-01 1.677630394697189331e-01 -3.962862771004438400e-03 -2.277584224939346313e-01
4.101293385028839111e-01 -2.730205096304416656e-02 -8.518031798303127289e-03 6.367184221744537354e-02
4.095833003520965576e-01 -2.223008424043655396e-01 -7.244594395160675049e-03 3.536551594734191895e-01
4.051373004913330078e-01 -2.707663178443908691e-02 -1.714915997581556439e-04 5.869662389159202576e-02
4.045957624912261963e-01 1.680477708578109741e-01 1.002440811134874821e-03 -2.340404093265533447e-01
4.079567193984985352e-01 -2.708848193287849426e-02 -3.678367240354418755e-03 5.895855277776718140e-02
4.074149429798126221e-01 1.680860221385955811e-01 -2.499196212738752365e-03 -2.348826527595520020e-01
4.107766747474670410e-01 -2.700013853609561920e-02 -7.196849212050437927e-03 5.701090395450592041e-02
4.102366566658020020e-01 -2.220181673765182495e-01 -6.056630983948707581e-03 3.474145233631134033e-01
4.057962894439697266e-01 -2.681059204041957855e-02 8.916591177694499493e-04 5.282788351178169250e-02
4.052600860595703125e-01 1.682985574007034302e-01 1.948216813616454601e-03 -2.395735830068588257e-01
4.086260497570037842e-01 -2.685116417706012726e-02 -2.843254944309592247e-03 5.372322723269462585e-02
4.080890417098999023e-01 1.683114320039749146e-01 -1.768790301866829395e-03 -2.398554086685180664e-01
4.114552736282348633e-01 -2.678520046174526215e-02 -6.565898656845092773e-03 5.226906761527061462e-02
4.109195470809936523e-01 -2.218123972415924072e-01 -5.520517006516456604e-03 3.428731858730316162e-01
4.064833223819732666e-01 -2.661233767867088318e-02 1.336946617811918259e-03 4.845454543828964233e-02
4.059510529041290283e-01 1.684904098510742188e-01 2.306037582457065582e-03 -2.438062578439712524e-01
4.093208611011505127e-01 -2.666439674794673920e-02 -2.570087788626551628e-03 4.960315302014350891e-02
4.087875783443450928e-01 -2.217493951320648193e-01 -1.578024704940617085e-03 3.414740860462188721e-01
4.043526053428649902e-01 -2.660503424704074860e-02 5.251456983387470245e-03 4.829396307468414307e-02
4.038204848766326904e-01 1.684412211179733276e-01 6.217336282134056091e-03 -2.427274733781814575e-01
4.071893095970153809e-01 -2.676898054778575897e-02 1.362786977551877499e-03 5.191006511449813843e-02
4.066539406776428223e-01 1.683333963155746460e-01 2.400988247245550156e-03 -2.403425723314285278e-01
4.100206196308135986e-01 -2.682276442646980286e-02 -2.405863255262374878e-03 5.309671536087989807e-02
4.094841480255126953e-01 1.683336049318313599e-01 -1.343928975984454155e-03 -2.403443008661270142e-01
4.128508269786834717e-01 -2.676912583410739899e-02 -6.150815170258283615e-03 5.191440507769584656e-02
4.123154282569885254e-01 -2.218023389577865601e-01 -5.112526938319206238e-03 3.426503837108612061e-01
4.078793823719024658e-01 -2.660803310573101044e-02 1.740480307489633560e-03 4.835965111851692200e-02
4.073472321033477783e-01 1.684889197349548340e-01 2.707673469558358192e-03 -2.437736243009567261e-01
4.107170104980468750e-01 -2.667160332202911377e-02 -2.167799277231097221e-03 4.976213350892066956e-02
4.101835787296295166e-01 -2.217624038457870483e-01 -1.172556541860103607e-03 3.417603075504302979e-01
4.057483375072479248e-01 -2.662378922104835510e-02 5.662649869918823242e-03 4.870786145329475403e-02
4.052158594131469727e-01 1.684165149927139282e-01 6.636806763708591461e-03 -2.421830892562866211e-01
4.085841774940490723e-01 -2.679961174726486206e-02 1.793145202100276947e-03 5.258585512638092041e-02
4.080481827259063721e-01 1.682965755462646484e-01 2.844862407073378563e-03 -2.395307868719100952e-01
4.114141166210174561e-01 -2.686589397490024567e-02 -1.945753232575953007e-03 5.404813587665557861e-02
4.108768105506896973e-01 1.682839095592498779e-01 -8.647905196994543076e-04 -2.392480522394180298e-01
4.142424762248992920e-01 -2.682568319141864777e-02 -5.649751517921686172e-03 5.316196754574775696e-02
4.137059748172760010e-01 -2.218661755323410034e-01 -4.586512222886085510e-03 3.440570235252380371e-01
4.092686474323272705e-01 -2.667927369475364685e-02 2.294627949595451355e-03 4.993131384253501892e-02
4.087350666522979736e-01 1.684097051620483398e-01 3.293254179880023003e-03 -2.420267611742019653e-01
4.121032655239105225e-01 -2.675913833081722260e-02 -1.547280931845307350e-03 5.169312655925750732e-02
4.115680754184722900e-01 1.683849692344665527e-01 -5.134184029884636402e-04 -2.414775788784027100e-01
4.149357676506042480e-01 -2.672964893281459808e-02 -5.342970136553049088e-03 5.104336142539978027e-02
4.144011735916137695e-01 -2.217745780944824219e-01 -4.322102759033441544e-03 3.420357704162597656e-01
4.099656939506530762e-01 -2.659140527248382568e-02 2.518612425774335861e-03 4.799303412437438965e-02
4.094338715076446533e-01 1.684943437576293945e-01 3.478473052382469177e-03 -2.438941895961761475e-01
4.128037393093109131e-01 -2.667712233960628510e-02 -1.399410539306700230e-03 4.988390579819679260e-02
4.122702181339263916e-01 1.684648692607879639e-01 -4.017324536107480526e-04 -2.432402223348617554e-01
4.156394898891448975e-01 -2.665134333074092865e-02 -5.266536958515644073e-03 4.931596666574478149e-02
4.151064753532409668e-01 -2.216973751783370972e-01 -4.280217457562685013e-03 3.403326272964477539e-01
4.106725156307220459e-01 -2.651479281485080719e-02 2.526434836909174919e-03 4.630303010344505310e-02
4.101422429084777832e-01 1.685708463191986084e-01 3.452495438978075981e-03 -2.455817162990570068e-01
4.135136604309082031e-01 -2.660025097429752350e-02 -1.459138933569192886e-03 4.818820953369140625e-02
4.129816591739654541e-01 1.685425937175750732e-01 -4.953747265972197056e-04 -2.449547350406646729e-01
4.163525104522705078e-01 -2.657227963209152222e-02 -5.394469480961561203e-03 4.757190123200416565e-02
4.158210456371307373e-01 -2.216164618730545044e-01 -4.443031270056962967e-03 3.385479450225830078e-01
4.113887250423431396e-01 -2.643157355487346649e-02 2.327927853912115097e-03 4.446726292371749878e-02
4.108600914478302002e-01 1.686569154262542725e-01 3.217272926121950150e-03 -2.474802732467651367e-01
4.142332375049591064e-01 -2.651083283126354218e-02 -1.732332515530288219e-03 4.621571302413940430e-02
4.137030243873596191e-01 -2.216078937053680420e-01 -8.080182014964520931e-04 3.383515775203704834e-01
4.092708528041839600e-01 -2.647446095943450928e-02 5.959013011306524277e-03 4.541394859552383423e-02
4.087413549423217773e-01 1.685615330934524536e-01 6.867292337119579315e-03 -2.453829199075698853e-01
4.121125936508178711e-01 -2.665782161056995392e-02 1.959634013473987579e-03 4.945818707346916199e-02
4.115794301033020020e-01 1.684359759092330933e-01 2.948797773569822311e-03 -2.426058202981948853e-01
4.149481654167175293e-01 -2.672797068953514099e-02 -1.903318567201495171e-03 5.100578069686889648e-02
4.144136011600494385e-01 1.684212237596511841e-01 -8.832030580379068851e-04 -2.422770559787750244e-01
4.177820384502410889e-01 -2.668810449540615082e-02 -5.728743970394134521e-03 5.012715980410575867e-02
4.172482490539550781e-01 -2.217274457216262817e-01 -4.726200830191373825e-03 3.409971296787261963e-01
4.128137230873107910e-01 -2.653856948018074036e-02 2.093741670250892639e-03 4.682758450508117676e-02
4.122829437255859375e-01 1.685532927513122559e-01 3.030293388292193413e-03 -2.451940178871154785e-01
4.156540036201477051e-01 -2.661180496215820312e-02 -1.873586908914148808e-03 4.844319820404052734e-02
4.151217639446258545e-01 1.685369610786437988e-01 -9.047229541465640068e-04 -2.448302656412124634e-01
4.184924960136413574e-01 -2.657205425202846527e-02 -5.801328457891941071e-03 4.756714776158332825e-02
4.179610610008239746e-01 -2.216103374958038330e-01 -4.849985241889953613e-03 3.384140729904174805e-01
4.135288596153259277e-01 -2.641971223056316376e-02 1.918295980431139469e-03 4.420568421483039856e-02
4.130004644393920898e-01 1.686746776103973389e-01 2.802409697324037552e-03 -2.478713840246200562e-01
4.163739681243896484e-01 -2.648718282580375671e-02 -2.155018039047718048e-03 4.569416120648384094e-02
4.158442318439483643e-01 -2.215781658887863159e-01 -1.241134828887879848e-03 3.376963734626770020e-01
4.114126563072204590e-01 -2.643857523798942566e-02 5.512792617082595825e-03 4.462232813239097595e-02
4.108838737010955811e-01 1.686038970947265625e-01 6.405239459127187729e-03 -2.463161796331405640e-01
4.142559468746185303e-01 -2.660895138978958130e-02 1.478915917687118053e-03 4.838021099567413330e-02
4.137237966060638428e-01 1.684917658567428589e-01 2.446520142257213593e-03 -2.438357323408126831e-01
4.170936048030853271e-01 -2.666504867374897003e-02 -2.430194523185491562e-03 4.961787909269332886e-02
4.165603220462799072e-01 1.684916615486145020e-01 -1.437837025150656700e-03 -2.438308000564575195e-01
4.199301600456237793e-01 -2.660971879959106445e-02 -6.314453203231096268e-03 4.839824512600898743e-02
4.193979501724243164e-01 -2.216405570507049561e-01 -5.346488207578659058e-03 3.390822410583496094e-01
4.149651527404785156e-01 -2.644294127821922302e-02 1.435156562365591526e-03 4.471813514828681946e-02
4.144362807273864746e-01 1.686584055423736572e-01 2.329519251361489296e-03 -2.475116401910781860e-01
4.178094565868377686e-01 -2.649674192070960999e-02 -2.620713552460074425e-03 4.590515792369842529e-02
4.172795116901397705e-01 -2.215810120105743408e-01 -1.702610403299331665e-03 3.377600610256195068e-01
4.128479063510894775e-01 -2.643487788736820221e-02 5.052591208368539810e-03 4.454072564840316772e-02
4.123192131519317627e-01 1.686142534017562866e-01 5.943405441939830780e-03 -2.465437948703765869e-01
4.156914949417114258e-01 -2.659207023680210114e-02 1.012529828585684299e-03 4.800788313150405884e-02
4.151596426963806152e-01 1.685153543949127197e-01 1.972687430679798126e-03 -2.443554103374481201e-01
4.185299575328826904e-01 -2.663472481071949005e-02 -2.914420794695615768e-03 4.894910007715225220e-02
4.179972708225250244e-01 1.685288995504379272e-01 -1.935438718646764755e-03 -2.446519285440444946e-01
4.213678240776062012e-01 -2.656535804271697998e-02 -6.828477140516042709e-03 4.741988703608512878e-02
4.208365380764007568e-01 -2.215887308120727539e-01 -5.880079697817564011e-03 3.379405736923217773e-01
4.164047539234161377e-01 -2.638360299170017242e-02 8.787318947724997997e-04 4.340920597314834595e-02
4.158770740032196045e-01 1.687257438898086548e-01 1.746915979310870171e-03 -2.489963471889495850e-01
4.192515909671783447e-01 -2.642111852765083313e-02 -3.233010880649089813e-03 4.423708468675613403e-02
4.187231659889221191e-01 -2.214965671300888062e-01 -2.348269103094935417e-03 3.358982205390930176e-01
4.142932295799255371e-01 -2.634126879274845123e-02 4.369695205241441727e-03 4.247569665312767029e-02
4.137664139270782471e-01 1.687177568674087524e-01 5.219209007918834686e-03 -2.488253563642501831e-01
4.171407818794250488e-01 -2.647834643721580505e-02 2.427020226605236530e-04 4.549924284219741821e-02
4.166111946105957031e-01 1.686401218175888062e-01 1.152686891146004200e-03 -2.471071034669876099e-01
4.199840128421783447e-01 -2.649827115237712860e-02 -3.789455164223909378e-03 4.593918845057487488e-02
4.194540381431579590e-01 -2.215656787157058716e-01 -2.870671218261122704e-03 3.374240994453430176e-01
4.150227308273315430e-01 -2.640299499034881592e-02 3.877810901030898094e-03 4.383730888366699219e-02
4.144946634769439697e-01 1.686631292104721069e-01 4.754556808620691299e-03 -2.476196140050888062e-01
4.178679287433624268e-01 -2.652639523148536682e-02 -1.978353393496945500e-04 4.655920714139938354e-02
4.173374176025390625e-01 1.685983985662460327e-01 7.333487737923860550e-04 -2.461861371994018555e-01
4.207093715667724609e-01 -2.653402462601661682e-02 -4.190373700112104416e-03 4.672801867127418518e-02
4.201786816120147705e-01 -2.215956449508666992e-01 -3.255813615396618843e-03 3.380858898162841797e-01
4.157467782497406006e-01 -2.642750926315784454e-02 3.505904460325837135e-03 4.437805339694023132e-02
4.152182340621948242e-01 1.686439961194992065e-01 4.393465816974639893e-03 -2.471966743469238281e-01
4.185911118984222412e-01 -2.654042840003967285e-02 -5.504677537828683853e-04 4.686881229281425476e-02
4.180603027343750000e-01 1.685894131660461426e-01 3.869085048791021109e-04 -2.459877431392669678e-01
4.214320778846740723e-01 -2.653806284070014954e-02 -4.532846156507730484e-03 4.681720212101936340e-02
4.209013283252716064e-01 -2.215947210788726807e-01 -3.596502356231212616e-03 3.380665481090545654e-01
4.164694249629974365e-01 -2.642177976667881012e-02 3.164828289300203323e-03 4.425164312124252319e-02
4.159409999847412109e-01 1.686546504497528076e-01 4.049861337989568710e-03 -2.474310696125030518e-01
4.193140864372253418e-01 -2.652490884065628052e-02 -8.987602195702493191e-04 4.652651399374008179e-02
4.187836050987243652e-01 1.686099171638488770e-01 3.177005055476911366e-05 -2.464398443698883057e-01
4.221557974815368652e-01 -2.651248686015605927e-02 -4.897026810795068741e-03 4.625310376286506653e-02
4.216255247592926025e-01 -2.215638756752014160e-01 -3.971964586526155472e-03 3.373869657516479492e-01
4.171942472457885742e-01 -2.638562768697738647e-02 2.775774337351322174e-03 4.345414415001869202e-02
4.166665375232696533e-01 1.686964035034179688e-01 3.644857322797179222e-03 -2.483517080545425415e-01
4.200404882431030273e-01 -2.647740393877029419e-02 -1.322176889516413212e-03 4.547865316271781921e-02
4.195109307765960693e-01 1.686634868383407593e-01 -4.126038402318954468e-04 -2.476211339235305786e-01
4.228841960430145264e-01 -2.645257487893104553e-02 -5.365026649087667465e-03 4.493161290884017944e-02
4.223551452159881592e-01 -2.214971780776977539e-01 -4.466394428163766861e-03 3.359169960021972656e-01
4.179252088069915771e-01 -2.631195634603500366e-02 2.251945901662111282e-03 4.182897135615348816e-02
4.173989593982696533e-01 1.687776297330856323e-01 3.088525263592600822e-03 -2.501426041126251221e-01
4.207745194435119629e-01 -2.638829126954078674e-02 -1.914326683618128300e-03 4.351291432976722717e-02
4.202467501163482666e-01 -2.214827388525009155e-01 -1.044068485498428345e-03 3.355912268161773682e-01
4.158170819282531738e-01 -2.634594403207302094e-02 5.667756311595439911e-03 4.257924854755401611e-02
4.152901768684387207e-01 1.686942726373672485e-01 6.519341375678777695e-03 -2.483100742101669312e-01
4.186640679836273193e-01 -2.652017027139663696e-02 1.553139882162213326e-03 4.642204940319061279e-02
4.181336462497711182e-01 1.685794740915298462e-01 2.481580944731831551e-03 -2.457704395055770874e-01
4.215052425861358643e-01 -2.657783031463623047e-02 -2.433828078210353851e-03 4.769419878721237183e-02
4.209736883640289307e-01 1.685789376497268677e-01 -1.479944097809493542e-03 -2.457556277513504028e-01
4.243452847003936768e-01 -2.652184665203094482e-02 -6.395056843757629395e-03 4.646012187004089355e-02
4.238148331642150879e-01 -2.215515226125717163e-01 -5.465854424983263016e-03 3.371185064315795898e-01
4.193837940692901611e-01 -2.635221183300018311e-02 1.276516006328165531e-03 4.271697252988815308e-02
4.188567698001861572e-01 1.687514185905456543e-01 2.130855340510606766e-03 -2.495629340410232544e-01
4.222317934036254883e-01 -2.640090510249137878e-02 -2.860403154045343399e-03 4.379135370254516602e-02
4.217037558555603027e-01 -2.214817255735397339e-01 -1.984576229006052017e-03 3.355704247951507568e-01
4.172741472721099854e-01 -2.633158303797245026e-02 4.726832266896963120e-03 4.226232692599296570e-02
4.167475104331970215e-01 1.687222719192504883e-01 5.572078749537467957e-03 -2.489254921674728394e-01
4.201219379901885986e-01 -2.647881209850311279e-02 5.935689550824463367e-04 4.550975933670997620e-02
4.195923805236816406e-01 1.686346232891082764e-01 1.503764186054468155e-03 -2.469858229160308838e-01
4.229650795459747314e-01 -2.650877274572849274e-02 -3.435952356085181236e-03 4.617103934288024902e-02
4.224348962306976318e-01 -2.215812802314758301e-01 -2.512531587854027748e-03 3.377678990364074707e-01
4.180032610893249512e-01 -2.642367221415042877e-02 4.242826718837022781e-03 4.429373145103454590e-02
4.174747765064239502e-01 1.686371862888336182e-01 5.128701217472553253e-03 -2.470475286245346069e-01
4.208475351333618164e-01 -2.655763924121856689e-02 1.877506874734535813e-04 4.724868386983871460e-02
4.203163683414459229e-01 1.685616225004196167e-01 1.132724341005086899e-03 -2.453749924898147583e-01
4.236876070499420166e-01 -2.657649293541908264e-02 -3.774775657802820206e-03 4.766499996185302734e-02
4.231560826301574707e-01 -2.216441184282302856e-01 -2.821475500240921974e-03 3.391545712947845459e-01
4.187231957912445068e-01 -2.648212760686874390e-02 3.961615730077028275e-03 4.558324068784713745e-02
4.181935489177703857e-01 1.685827970504760742e-01 4.873280413448810577e-03 -2.458471357822418213e-01
4.215652048587799072e-01 -2.660842239856719971e-02 -4.366205757833085954e-05 4.836894944310188293e-02
4.210330545902252197e-01 1.685141623020172119e-01 9.237169870175421238e-04 -2.443277537822723389e-01
4.244033396244049072e-01 -2.662097662687301636e-02 -3.962838090956211090e-03 4.864639416337013245e-02
4.238709211349487305e-01 -2.216858863830566406e-01 -2.989910077303647995e-03 3.400763869285583496e-01
4.194371998310089111e-01 -2.652151510119438171e-02 3.811617614701390266e-03 4.645211249589920044e-02
4.189067482948303223e-01 1.685455739498138428e-01 4.740659613162279129e-03 -2.450257837772369385e-01
4.222776591777801514e-01 -2.664376609027385712e-02 -1.598559174453839660e-04 4.914868623018264771e-02
4.217447936534881592e-01 1.684804707765579224e-01 8.231177926063537598e-04 -2.435846775770187378e-01
4.251143932342529297e-01 -2.665322273969650269e-02 -4.048575647175312042e-03 4.935777187347412109e-02
4.245813488960266113e-01 -2.217168807983398438e-01 -3.061420284211635590e-03 3.407605886459350586e-01
4.201470017433166504e-01 -2.655151113867759705e-02 3.753791563212871552e-03 4.711384698748588562e-02
4.196159839630126953e-01 1.685164123773574829e-01 4.696068353950977325e-03 -2.443823665380477905e-01
4.229862987995147705e-01 -2.667229808866977692e-02 -1.915788016049191356e-04 4.977811127901077271e-02
4.224528670310974121e-01 1.684523969888687134e-01 8.039833628572523594e-04 -2.429652512073516846e-01
4.258219003677368164e-01 -2.668102644383907318e-02 -4.055321682244539261e-03 4.997115954756736755e-02
4.252882897853851318e-01 1.684988439083099365e-01 -3.055898472666740417e-03 -2.439884990453720093e-01
4.286582767963409424e-01 -2.657932974398136139e-02 -7.935668341815471649e-03 4.772896319627761841e-02
4.281266629695892334e-01 -2.215865999460220337e-01 -6.981089245527982712e-03 3.378975987434387207e-01
4.236949384212493896e-01 -2.636600285768508911e-02 -2.231373218819499016e-04 4.302141070365905762e-02
4.231676161289215088e-01 1.687591522932052612e-01 6.372909410856664181e-04 -2.497319132089614868e-01
4.265428185462951660e-01 -2.637189999222755432e-02 -4.357347264885902405e-03 4.315196350216865540e-02
4.260153770446777344e-01 -2.214310914278030396e-01 -3.494307864457368851e-03 3.344569206237792969e-01
4.215867519378662109e-01 -2.625958994030952454e-02 3.194830613210797310e-03 4.067412763833999634e-02
4.210615456104278564e-01 1.688164025545120239e-01 4.008313175290822983e-03 -2.509990930557250977e-01
4.244378805160522461e-01 -2.636255696415901184e-02 -1.011668588034808636e-03 4.294544085860252380e-02
4.239106178283691406e-01 1.687738895416259766e-01 -1.527597196400165558e-04 -2.500565052032470703e-01
4.272861182689666748e-01 -2.634588256478309631e-02 -5.153889767825603485e-03 4.257823526859283447e-02
4.267591834068298340e-01 -2.213935554027557373e-01 -4.302325192838907242e-03 3.336306214332580566e-01
4.223313331604003906e-01 -2.621063031256198883e-02 2.370287198573350906e-03 3.959406167268753052e-02
4.218071103096008301e-01 1.688772439956665039e-01 3.162168432027101517e-03 -2.523400783538818359e-01
4.251846671104431152e-01 -2.628971077501773834e-02 -1.884633093141019344e-03 4.133858159184455872e-02
4.246588647365570068e-01 -2.213845849037170410e-01 -1.057861372828483582e-03 3.334262967109680176e-01
4.202311635017395020e-01 -2.624759450554847717e-02 5.610664375126361847e-03 4.040995985269546509e-02
4.197062253952026367e-01 1.687934547662734985e-01 6.418863777071237564e-03 -2.504974901676177979e-01
4.230820834636688232e-01 -2.641956880688667297e-02 1.408913987688720226e-03 4.420315474271774292e-02
4.225536882877349854e-01 1.686821430921554565e-01 2.292977180331945419e-03 -2.480349093675613403e-01
4.259273409843444824e-01 -2.647247351706027985e-02 -2.667721128091216087e-03 4.537038505077362061e-02
4.253978729248046875e-01 1.686876267194747925e-01 -1.760313520208001137e-03 -2.481530308723449707e-01
4.287716448307037354e-01 -2.640913799405097961e-02 -6.723374128341674805e-03 4.397412762045860291e-02
4.282434582710266113e-01 -2.214340418577194214e-01 -5.843891762197017670e-03 3.345282077789306641e-01
4.238147735595703125e-01 -2.622940205037593842e-02 8.466724539175629616e-04 4.000816494226455688e-02
4.232901930809020996e-01 1.688804030418395996e-01 1.646835706196725368e-03 -2.524075210094451904e-01
4.266678094863891602e-01 -2.626503072679042816e-02 -3.401314374059438705e-03 4.079440608620643616e-02
4.261424839496612549e-01 -2.213380485773086548e-01 -2.585426438599824905e-03 3.324022591114044189e-01
4.217157363891601562e-01 -2.617938816547393799e-02 4.062618594616651535e-03 3.890512511134147644e-02
4.211921393871307373e-01 1.688840687274932861e-01 4.840720910578966141e-03 -2.524932324886322021e-01
4.245698153972625732e-01 -2.630666643381118774e-02 -2.091437199851498008e-04 4.171260073781013489e-02
4.240436851978302002e-01 1.688182801008224487e-01 6.251083104871213436e-04 -2.510363161563873291e-01
4.274200499057769775e-01 -2.631258964538574219e-02 -4.395617637783288956e-03 4.184372723102569580e-02
4.268938004970550537e-01 -2.213712334632873535e-01 -3.558743279427289963e-03 3.331365585327148438e-01
4.224663972854614258e-01 -2.619880996644496918e-02 3.103988012298941612e-03 3.933351486921310425e-02
4.219424128532409668e-01 1.688784956932067871e-01 3.890658263117074966e-03 -2.523684501647949219e-01
4.253199696540832520e-01 -2.629879862070083618e-02 -1.156710903160274029e-03 4.153911024332046509e-02
4.247939884662628174e-01 1.688397228717803955e-01 -3.259287332184612751e-04 -2.515085339546203613e-01
4.281708002090454102e-01 -2.627757564187049866e-02 -5.356099456548690796e-03 4.107156023383140564e-02
4.276452362537384033e-01 -2.213223129510879517e-01 -4.534668289124965668e-03 3.320597708225250244e-01
4.232187867164611816e-01 -2.613610960543155670e-02 2.106527099385857582e-03 3.795029968023300171e-02
4.226960837841033936e-01 1.689555644989013672e-01 2.865533111616969109e-03 -2.540672421455383301e-01
4.260751903057098389e-01 -2.620717883110046387e-02 -2.215811749920248985e-03 3.951813653111457825e-02
4.255510568618774414e-01 -2.212972790002822876e-01 -1.425449037924408913e-03 3.315011262893676758e-01
4.211250841617584229e-01 -2.615507319569587708e-02 5.204573739320039749e-03 3.836902603507041931e-02
4.206019937992095947e-01 1.688918620347976685e-01 5.971954204142093658e-03 -2.526672780513763428e-01
4.239798188209533691e-01 -2.631485462188720703e-02 9.186086244881153107e-04 4.189332202076911926e-02
4.234535396099090576e-01 1.687939167022705078e-01 1.756475074216723442e-03 -2.504996359348297119e-01
4.268294274806976318e-01 -2.635307796299457550e-02 -3.253517672419548035e-03 4.273680597543716431e-02
4.263023436069488525e-01 -2.214282304048538208e-01 -2.398781478404998779e-03 3.343914449214935303e-01
4.218737781047821045e-01 -2.627221494913101196e-02 4.289047326892614365e-03 4.095302894711494446e-02
4.213483333587646484e-01 1.687879711389541626e-01 5.108107812702655792e-03 -2.503735721111297607e-01
