8.993343450129032135e-03 -2.675642631947994232e-02 2.981663495302200317e-02 1.414224877953529358e-02
8.458215743303298950e-03 1.679255068302154541e-01 3.009947948157787323e-02 -2.689860761165618896e-01
1.181672513484954834e-02 -2.761276811361312866e-02 2.471975795924663544e-02 3.303641080856323242e-02
1.126447040587663651e-02 1.671461313962936401e-01 2.538048662245273590e-02 -2.517458200454711914e-01
1.460739225149154663e-02 -2.832887880504131317e-02 2.034557051956653595e-02 4.883332177996635437e-02
1.404081471264362335e-02 1.664955168962478638e-01 2.132223732769489288e-02 -2.373615950345993042e-01
1.737072505056858063e-02 -2.892446331679821014e-02 1.657500490546226501e-02 6.196999922394752502e-02
1.679223589599132538e-02 1.659559607505798340e-01 1.781440526247024536e-02 -2.254376709461212158e-01
2.011135593056678772e-02 -2.941599674522876740e-02 1.330565102398395538e-02 7.281094044446945190e-02
1.952303573489189148e-02 1.655126959085464478e-01 1.476186979562044144e-02 -2.156444787979125977e-01
2.283328957855701447e-02 -2.981714345514774323e-02 1.044898014515638351e-02 8.165819942951202393e-02
2.223694697022438049e-02 1.651534736156463623e-01 1.208214461803436279e-02 -2.077098190784454346e-01
2.554001659154891968e-02 -3.013914078474044800e-02 7.927947677671909332e-03 8.875978738069534302e-02
2.493723295629024506e-02 1.648682802915573120e-01 9.703143499791622162e-03 -2.014113664627075195e-01
2.823459915816783905e-02 -3.039108961820602417e-02 5.674916319549083710e-03 9.431658685207366943e-02
2.762677706778049469e-02 1.646490693092346191e-01 7.561248261481523514e-03 -1.965705156326293945e-01
3.091975860297679901e-02 -3.058021888136863708e-02 3.629837650805711746e-03 9.848801791667938232e-02
3.030815348029136658e-02 1.644895225763320923e-01 5.599597934633493423e-03 -1.930474936962127686e-01
3.359794616699218750e-02 -3.071208298206329346e-02 1.738648163154721260e-03 1.013965979218482971e-01
3.298370167613029480e-02 -2.258589118719100952e-01 3.766580019146203995e-03 3.946275413036346436e-01
2.846652455627918243e-02 -3.079060465097427368e-02 1.165913138538599014e-02 1.031345427036285400e-01
2.785071358084678650e-02 1.641623377799987793e-01 1.372182182967662811e-02 -1.858472824096679688e-01
3.113395906984806061e-02 -3.115322999656200409e-02 1.000487618148326874e-02 1.111325770616531372e-01
3.051089495420455933e-02 1.638239324092864990e-01 1.222752779722213745e-02 -1.783771514892578125e-01
3.378737345337867737e-02 -3.147083893418312073e-02 8.659984916448593140e-03 1.181379184126853943e-01
3.315795585513114929e-02 1.635259687900543213e-01 1.102274283766746521e-02 -1.718003302812576294e-01
3.642847761511802673e-02 -3.175199776887893677e-02 7.586736697703599930e-03 1.243394538760185242e-01
3.579343482851982117e-02 1.632604449987411499e-01 1.007352583110332489e-02 -1.659403145313262939e-01
3.905864432454109192e-02 -3.200424462556838989e-02 6.754719186574220657e-03 1.299034208059310913e-01
3.841856122016906738e-02 1.630202978849411011e-01 9.352787397801876068e-03 -1.606408357620239258e-01
4.167896509170532227e-02 -3.223429247736930847e-02 6.139970850199460983e-03 1.349779069423675537e-01
4.103428125381469727e-02 1.627991795539855957e-01 8.839529007673263550e-03 -1.557616293430328369e-01
4.429026320576667786e-02 -3.244821727275848389e-02 5.724296439439058304e-03 1.396967917680740356e-01
4.364129900932312012e-02 1.625912785530090332e-01 8.518232032656669617e-03 -1.511747241020202637e-01
4.689312353730201721e-02 -3.265159949660301208e-02 5.494737997651100159e-03 1.441833078861236572e-01
4.624009504914283752e-02 1.623912304639816284e-01 8.378404192626476288e-03 -1.467610746622085571e-01
4.948791861534118652e-02 -3.284969553351402283e-02 5.443182308226823807e-03 1.485532522201538086e-01
4.883092269301414490e-02 1.621938943862915039e-01 8.414247073233127594e-03 -1.424075067043304443e-01
5.207480117678642273e-02 -3.304754942655563354e-02 5.566097330302000046e-03 1.529180556535720825e-01
5.141384899616241455e-02 1.619942635297775269e-01 8.624457754194736481e-03 -1.380037069320678711e-01
5.465373769402503967e-02 -3.325014933943748474e-02 5.864383652806282043e-03 1.573875695466995239e-01
5.398873239755630493e-02 1.617873460054397583e-01 9.012135677039623260e-03 -1.334395259618759155e-01
5.722447857260704041e-02 -3.346252068877220154e-02 6.343344692140817642e-03 1.620729118585586548e-01
5.655523017048835754e-02 1.615680456161499023e-01 9.584803134202957153e-03 -1.286021173000335693e-01
5.978659167885780334e-02 -3.368989005684852600e-02 7.012760732322931290e-03 1.670892238616943359e-01
5.911279097199440002e-02 1.613309830427169800e-01 1.035454496741294861e-02 -1.233731582760810852e-01
6.233941391110420227e-02 -3.393777087330818176e-02 7.887082174420356750e-03 1.725584566593170166e-01
6.166065856814384460e-02 1.610704064369201660e-01 1.133825071156024933e-02 -1.176259443163871765e-01
6.488206237554550171e-02 -3.421214222908020020e-02 8.985731750726699829e-03 1.786124259233474731e-01
6.419782340526580811e-02 1.607800722122192383e-01 1.255798060446977615e-02 -1.112223193049430847e-01
6.741342693567276001e-02 -3.451955318450927734e-02 1.033353433012962341e-02 1.853959709405899048e-01
6.672303378582000732e-02 1.604530364274978638e-01 1.404145359992980957e-02 -1.040092855691909790e-01
6.993209570646286011e-02 -3.486729785799980164e-02 1.196126826107501984e-02 1.930703818798065186e-01
6.923475116491317749e-02 1.600815206766128540e-01 1.582267507910728455e-02 -9.581539779901504517e-02
7.243637740612030029e-02 -3.526359423995018005e-02 1.390636712312698364e-02 2.018172591924667358e-01
7.173110544681549072e-02 1.596567481756210327e-01 1.794271357357501984e-02 -8.644662797451019287e-02
7.492423802614212036e-02 -3.571774810552597046e-02 1.621378026902675629e-02 2.118428051471710205e-01
7.420988380908966064e-02 1.591686755418777466e-01 2.045063674449920654e-02 -7.568176090717315674e-02
7.739325612783432007e-02 -3.624039143323898315e-02 1.893700100481510162e-02 2.233826220035552979e-01
7.666844874620437622e-02 1.586058437824249268e-01 2.340465411543846130e-02 -6.326719373464584351e-02
7.984057068824768066e-02 -3.684370964765548706e-02 2.213930897414684296e-02 2.367071956396102905e-01
7.910369336605072021e-02 1.579550653696060181e-01 2.687345258891582489e-02 -4.891093075275421143e-02
8.226279914379119873e-02 3.526815772056579590e-01 2.589523419737815857e-02 -3.329953849315643311e-01
8.931642770767211914e-02 1.572007983922958374e-01 1.923532783985137939e-02 -3.226018324494361877e-02
9.246044605970382690e-02 3.520416915416717529e-01 1.859012432396411896e-02 -3.188126385211944580e-01
9.950127452611923218e-02 1.566599756479263306e-01 1.221387088298797607e-02 -2.032551728188991547e-02
1.026344746351242065e-01 -3.863498196005821228e-02 1.180736068636178970e-02 2.761858701705932617e-01
1.018617749214172363e-01 1.563165485858917236e-01 1.733107864856719971e-02 -1.274975109845399857e-02
1.049881055951118469e-01 3.511857092380523682e-01 1.707608252763748169e-02 -2.999145090579986572e-01
1.120118200778961182e-01 1.558245718479156494e-01 1.107779238373041153e-02 -1.895422930829226971e-03
1.151283159852027893e-01 3.507859110832214355e-01 1.103988382965326309e-02 -2.910626828670501709e-01
1.221440285444259644e-01 1.555083096027374268e-01 5.218630190938711166e-03 5.081540904939174652e-03
1.252541989088058472e-01 3.505550324916839600e-01 5.320261232554912567e-03 -2.859502732753753662e-01
1.322652995586395264e-01 1.553575992584228516e-01 -3.987447125837206841e-04 8.405851200222969055e-03
1.353724449872970581e-01 3.504852652549743652e-01 -2.306277019670233130e-04 -2.844028472900390625e-01
1.423821598291397095e-01 1.553666144609451294e-01 -5.918684881180524826e-03 8.207321166992187500e-03
1.454894840717315674e-01 -3.966996073722839355e-02 -5.754538346081972122e-03 2.990169823169708252e-01
1.446960866451263428e-01 1.555335372686386108e-01 2.258009917568415403e-04 4.524739459156990051e-03
1.478067636489868164e-01 3.506522476673126221e-01 3.162957727909088135e-04 -2.880869209766387939e-01
1.548198014497756958e-01 1.555257886648178101e-01 -5.445443093776702881e-03 4.695730749517679214e-03
1.579303145408630371e-01 -3.951763734221458435e-02 -5.351528525352478027e-03 2.956555783748626709e-01
1.571399718523025513e-01 1.556801944971084595e-01 5.615834961645305157e-04 1.289693289436399937e-03
1.602535694837570190e-01 3.507940769195556641e-01 5.873774061910808086e-04 -2.912159860134124756e-01
1.672694534063339233e-01 1.556637585163116455e-01 -5.236942321062088013e-03 1.652126549743115902e-03
1.703827232122421265e-01 -3.938268870115280151e-02 -5.203899927437305450e-03 2.926781475543975830e-01
1.695950776338577271e-01 1.558130681514739990e-01 6.496629212051630020e-04 -1.641470589675009251e-03
1.727113425731658936e-01 3.509256839752197266e-01 6.168335094116628170e-04 -2.941193580627441406e-01
1.797298491001129150e-01 1.557949632406234741e-01 -5.265553481876850128e-03 -1.241946709342300892e-03
1.828457564115524292e-01 -3.925108164548873901e-02 -5.290392320603132248e-03 2.897749841213226318e-01
1.820607334375381470e-01 1.559459120035171509e-01 5.051074549555778503e-04 -4.571760073304176331e-03
1.851796507835388184e-01 3.510605990886688232e-01 4.136722418479621410e-04 -2.970952689647674561e-01
1.922008544206619263e-01 1.559327691793441772e-01 -5.528233479708433151e-03 -4.281913395971059799e-03
1.953195184469223022e-01 3.511335551738739014e-01 -5.613871384412050247e-03 -2.987039387226104736e-01
2.023421823978424072e-01 1.560920774936676025e-01 -1.158795040100812912e-02 -7.796783931553363800e-03
2.054640203714370728e-01 -3.886178508400917053e-02 -1.174388546496629715e-02 2.812075912952423096e-01
2.046867907047271729e-01 1.564256995916366577e-01 -6.119733676314353943e-03 -1.515605207532644272e-02
2.078153043985366821e-01 -3.860795497894287109e-02 -6.422854959964752197e-03 2.755897641181945801e-01
2.070431411266326904e-01 1.566050350666046143e-01 -9.110596147365868092e-04 -1.911200024187564850e-02
2.101752460002899170e-01 3.517400324344635010e-01 -1.293299603275954723e-03 -3.120822310447692871e-01
2.172100543975830078e-01 1.566365361213684082e-01 -7.534944452345371246e-03 -1.980745978653430939e-02
2.203427851200103760e-01 -3.837654367089271545e-02 -7.931093685328960419e-03 2.704886198043823242e-01
2.195752412080764771e-01 1.568576842546463013e-01 -2.521321410313248634e-03 -2.468523196876049042e-02
2.227123975753784180e-01 3.520157039165496826e-01 -3.015025984495878220e-03 -3.181625902652740479e-01
2.297527194023132324e-01 1.569368243217468262e-01 -9.378277696669101715e-03 -2.643202245235443115e-02
2.328914552927017212e-01 -3.804939240217208862e-02 -9.906918741762638092e-03 2.632772624492645264e-01
2.321304678916931152e-01 1.572125554084777832e-01 -4.641373176127672195e-03 -3.251387551426887512e-02
2.352747172117233276e-01 -3.784252703189849854e-02 -5.291650537401437759e-03 2.587010264396667480e-01
2.345178574323654175e-01 1.573545634746551514e-01 -1.176298464997671545e-04 -3.564623743295669556e-02
2.376649528741836548e-01 3.524782061576843262e-01 -8.305546361953020096e-04 -3.283662796020507812e-01
2.447145134210586548e-01 1.573680937290191650e-01 -7.397880312055349350e-03 -3.594538569450378418e-02
2.478618770837783813e-01 -3.764699772000312805e-02 -8.116788230836391449e-03 2.543942928314208984e-01
2.471089363098144531e-01 1.575898975133895874e-01 -3.028902225196361542e-03 -4.083772748708724976e-02
2.502607405185699463e-01 3.527551591396331787e-01 -3.845656756311655045e-03 -3.344747722148895264e-01
2.573158442974090576e-01 1.576881408691406250e-01 -1.053515169769525528e-02 -4.300703108310699463e-02
2.604696154594421387e-01 -3.728116303682327271e-02 -1.139529235661029816e-02 2.463334202766418457e-01
2.597239911556243896e-01 1.580016762018203735e-01 -6.468624342232942581e-03 -4.992195218801498413e-02
2.628840208053588867e-01 -3.702693432569503784e-02 -7.467063143849372864e-03 2.407130748033523560e-01
2.621434628963470459e-01 1.582008898258209229e-01 -2.652801806107163429e-03 -5.431578680872917175e-02
2.653074860572814941e-01 -3.688292950391769409e-02 -3.739117411896586418e-03 2.375289797782897949e-01
2.645698487758636475e-01 1.582922339439392090e-01 1.011462183669209480e-03 -5.633102357387542725e-02
2.677356898784637451e-01 3.533996641635894775e-01 -1.151583564933389425e-04 -3.486946523189544678e-01
2.748036682605743408e-01 1.582793593406677246e-01 -7.089051418006420135e-03 -5.604804679751396179e-02
2.779692709445953369e-01 -3.674023225903511047e-02 -8.210012689232826233e-03 2.343898266553878784e-01
2.772344648838043213e-01 1.584980487823486328e-01 -3.522215876728296280e-03 -6.087144836783409119e-02
2.804044187068939209e-01 -3.657321631908416748e-02 -4.739644937217235565e-03 2.306981235742568970e-01
2.796729505062103271e-01 1.586161404848098755e-01 -1.256824180018156767e-04 -6.347607821226119995e-02
2.828452885150909424e-01 3.537398874759674072e-01 -1.395203988067805767e-03 -3.561986684799194336e-01
2.899200618267059326e-01 1.586378067731857300e-01 -8.519177325069904327e-03 -6.395599991083145142e-02
2.930928170680999756e-01 -3.636097162961959839e-02 -9.798296727240085602e-03 2.260269373655319214e-01
2.923656105995178223e-01 1.588996350765228271e-01 -5.277758464217185974e-03 -6.973055750131607056e-02
2.955436110496520996e-01 -3.614625707268714905e-02 -6.672369316220283508e-03 2.212825566530227661e-01
2.948206663131713867e-01 1.590704321861267090e-01 -2.246718388050794601e-03 -7.349762320518493652e-02
2.980020940303802490e-01 -3.601924329996109009e-02 -3.716670908033847809e-03 2.184756100177764893e-01
2.972817122936248779e-01 1.591556370258331299e-01 6.528414087370038033e-04 -7.537738978862762451e-02
3.004648089408874512e-01 3.542682230472564697e-01 -8.547063916921615601e-04 -3.678542673587799072e-01
3.075501918792724609e-01 1.591584235429763794e-01 -8.211791515350341797e-03 -7.544096559286117554e-02
3.107333481311798096e-01 -3.584484010934829712e-02 -9.720611386001110077e-03 2.146398425102233887e-01
3.100164532661437988e-01 1.594147235155105591e-01 -5.427814554423093796e-03 -8.109349012374877930e-02
3.132047355175018311e-01 -3.562900051474571228e-02 -7.049684412777423859e-03 2.098720222711563110e-01
3.124921619892120361e-01 1.595930308103561401e-01 -2.852243836969137192e-03 -8.502634614706039429e-02
3.156840205192565918e-01 -3.548791259527206421e-02 -4.552770871669054031e-03 2.067553251981735229e-01
3.149742782115936279e-01 1.596988439559936523e-01 -4.176643269602209330e-04 -8.736028522253036499e-02
3.181682527065277100e-01 -3.541711717844009399e-02 -2.164870034903287888e-03 2.051908373832702637e-01
3.174599111080169678e-01 1.597357243299484253e-01 1.938946777954697609e-03 -8.817420899868011475e-02
3.206546306610107422e-01 3.548298180103302002e-01 1.754625118337571621e-04 -3.802447617053985596e-01
3.277512192726135254e-01 1.597053855657577515e-01 -7.429433055222034454e-03 -8.750652521848678589e-02
3.309453129768371582e-01 -3.530928865075111389e-02 -9.179563261568546295e-03 2.028231769800186157e-01
3.302391469478607178e-01 1.599427312612533569e-01 -5.123099777847528458e-03 -9.274126589298248291e-02
3.334379792213439941e-01 -3.510541468858718872e-02 -6.977925077080726624e-03 1.983209401369094849e-01
3.327358961105346680e-01 1.601156443357467651e-01 -3.011506283655762672e-03 -9.655501693487167358e-02
3.359381854534149170e-01 -3.496301546692848206e-02 -4.942606668919324875e-03 1.951762586832046509e-01
3.352389335632324219e-01 1.602292805910110474e-01 -1.039081253111362457e-03 -9.906173497438430786e-02
3.384435176849365234e-01 -3.487775847315788269e-02 -3.020315896719694138e-03 1.932931840419769287e-01
3.377459645271301270e-01 1.602872610092163086e-01 8.455478237010538578e-04 -1.003409922122955322e-01
3.409517109394073486e-01 3.553970754146575928e-01 -1.161271939054131508e-03 -3.927570283412933350e-01
3.480596542358398438e-01 1.602916419506072998e-01 -9.016412310302257538e-03 -1.004404574632644653e-01
3.512654900550842285e-01 -3.469993919134140015e-02 -1.102522201836109161e-02 1.893842220306396484e-01
3.505714833736419678e-01 1.605779975652694702e-01 -7.237537298351526260e-03 -1.067562177777290344e-01
3.537830412387847900e-01 -3.443949669599533081e-02 -9.372661821544170380e-03 1.836345344781875610e-01
3.530942499637603760e-01 1.608152985572814941e-01 -5.699970759451389313e-03 -1.119903177022933960e-01
3.563105762004852295e-01 -3.422451391816139221e-02 -7.939777337014675140e-03 1.788888722658157349e-01
3.556260764598846436e-01 1.610101461410522461e-01 -4.361999686807394028e-03 -1.162881702184677124e-01
3.588462769985198975e-01 -3.404902666807174683e-02 -6.687763147056102753e-03 1.750153899192810059e-01
3.581652939319610596e-01 1.611679941415786743e-01 -3.187455004081130028e-03 -1.197697743773460388e-01
3.613886535167694092e-01 -3.390814363956451416e-02 -5.582850426435470581e-03 1.719058305025100708e-01
3.607105016708374023e-01 1.612932682037353516e-01 -2.144733909517526627e-03 -1.225330680608749390e-01
3.639363646507263184e-01 -3.379789367318153381e-02 -4.595395177602767944e-03 1.694724410772323608e-01
3.632603883743286133e-01 1.613895297050476074e-01 -1.205946318805217743e-03 -1.246566399931907654e-01
3.664881885051727295e-01 -3.371512144804000854e-02 -3.699079155921936035e-03 1.676455736160278320e-01
3.658138811588287354e-01 1.614595800638198853e-01 -3.461676242295652628e-04 -1.262020021677017212e-01
3.690430819988250732e-01 -3.365740925073623657e-02 -2.870207652449607849e-03 1.663716882467269897e-01
3.683699369430541992e-01 1.615055054426193237e-01 4.572262114379554987e-04 -1.272153258323669434e-01
3.716000318527221680e-01 -3.362298756837844849e-02 -2.087080152705311775e-03 1.656118184328079224e-01
3.709275722503662109e-01 1.615287810564041138e-01 1.225156243890523911e-03 -1.277287900447845459e-01
3.741581439971923828e-01 -3.361070528626441956e-02 -1.329419435933232307e-03 1.653404086828231812e-01
3.734859526157379150e-01 1.615302562713623047e-01 1.977388747036457062e-03 -1.277616173028945923e-01
3.767165541648864746e-01 -3.361997008323669434e-02 -5.778436316177248955e-04 1.655444949865341187e-01
3.760441541671752930e-01 1.615102440118789673e-01 2.733046421781182289e-03 -1.273206621408462524e-01
3.792743384838104248e-01 3.565929532051086426e-01 1.866329839685931802e-04 -4.191401004791259766e-01
3.864062130451202393e-01 1.614683419466018677e-01 -8.196168579161167145e-03 -1.263983398675918579e-01
3.896355926990509033e-01 -3.353523463010787964e-02 -1.072413567453622818e-02 1.636875569820404053e-01
3.889648616313934326e-01 1.617385745048522949e-01 -7.450384553521871567e-03 -1.323591619729995728e-01
3.921996355056762695e-01 -3.327586129307746887e-02 -1.009756792336702347e-02 1.579639911651611328e-01
3.915341198444366455e-01 1.619891971349716187e-01 -6.938287988305091858e-03 -1.378872841596603394e-01
3.947739005088806152e-01 -3.303270041942596436e-02 -9.696033783257007599e-03 1.525986641645431519e-01
3.941132724285125732e-01 1.622267365455627441e-01 -6.644060369580984116e-03 -1.431273072957992554e-01
3.973577916622161865e-01 -3.279943764209747314e-02 -9.506606496870517731e-03 1.474521607160568237e-01
3.967018127441406250e-01 1.624573469161987305e-01 -6.557563319802284241e-03 -1.482146978378295898e-01
3.999509513378143311e-01 -3.257008269429206848e-02 -9.521856904029846191e-03 1.423922628164291382e-01
3.992995619773864746e-01 1.626869291067123413e-01 -6.674011703580617905e-03 -1.532793641090393066e-01
4.025532901287078857e-01 -3.233882412314414978e-02 -9.739599190652370453e-03 1.372905969619750977e-01
4.019065201282501221e-01 1.629212647676467896e-01 -6.993787363171577454e-03 -1.584490388631820679e-01
4.051649272441864014e-01 -3.209986165165901184e-02 -1.016276795417070389e-02 1.320193409919738770e-01
4.045229256153106689e-01 1.631661802530288696e-01 -7.522380910813808441e-03 -1.638523936271667480e-01
4.077862501144409180e-01 -3.184728324413299561e-02 -1.079942937940359116e-02 1.264479607343673706e-01
4.071493148803710938e-01 1.634276956319808960e-01 -8.270469494163990021e-03 -1.696224063634872437e-01
4.104178845882415771e-01 -3.157490119338035583e-02 -1.166291721165180206e-02 1.204400062561035156e-01
4.097863733768463135e-01 1.637121886014938354e-01 -9.254117496311664581e-03 -1.758995205163955688e-01
4.130606055259704590e-01 -3.127611055970191956e-02 -1.277210842818021774e-02 1.138497292995452881e-01
4.124350845813751221e-01 1.640264987945556641e-01 -1.049511320888996124e-02 -1.828351914882659912e-01
4.157156348228454590e-01 -3.094371780753135681e-02 -1.415181718766689301e-02 1.065185219049453735e-01
4.150967597961425781e-01 1.643781512975692749e-01 -1.202144660055637360e-02 -1.905954331159591675e-01
4.183843135833740234e-01 -3.056978248059749603e-02 -1.583335548639297485e-02 9.827110916376113892e-02
4.177729189395904541e-01 1.647754758596420288e-01 -1.386793330311775208e-02 -1.993648558855056763e-01
4.210684299468994141e-01 -3.014541231095790863e-02 -1.785523071885108948e-02 8.891131728887557983e-02
4.204655289649963379e-01 -2.250069379806518555e-01 -1.607700437307357788e-02 3.759078681468963623e-01
4.159653782844543457e-01 -2.966037206351757050e-02 -8.558847010135650635e-03 7.819943875074386597e-02
4.153721630573272705e-01 1.655832231044769287e-01 -6.994857918471097946e-03 -2.171714901924133301e-01
4.186838269233703613e-01 -2.943803928792476654e-02 -1.133828796446323395e-02 7.329677045345306396e-02
4.180950820446014404e-01 -2.243956178426742554e-01 -9.872352704405784607e-03 3.623809516429901123e-01
4.136071503162384033e-01 -2.913475409150123596e-02 -2.624733373522758484e-03 6.660150736570358276e-02
4.130244553089141846e-01 1.660247296094894409e-01 -1.292703207582235336e-03 -2.269083857536315918e-01
4.163449704647064209e-01 -2.907872386276721954e-02 -5.830870941281318665e-03 6.536649912595748901e-02
4.157633781433105469e-01 1.661263406276702881e-01 -4.523540847003459930e-03 -2.291503846645355225e-01
4.190859198570251465e-01 -2.893067710101604462e-02 -9.106548503041267395e-03 6.210223212838172913e-02
4.185073077678680420e-01 -2.239208817481994629e-01 -7.864504121243953705e-03 3.518981337547302246e-01
4.140288829803466797e-01 -2.868798561394214630e-02 -8.265413925983011723e-04 5.674569308757781982e-02
4.134551286697387695e-01 1.664458066225051880e-01 3.083724586758762598e-04 -2.361979037523269653e-01
4.167840480804443359e-01 -2.868054807186126709e-02 -4.415585659444332123e-03 5.658227950334548950e-02
4.162104427814483643e-01 -2.237389087677001953e-01 -3.283939789980649948e-03 3.478688001632690430e-01
4.117356538772583008e-01 -2.857040427625179291e-02 3.673435887321829796e-03 5.415213853120803833e-02
4.111642539501190186e-01 1.664986908435821533e-01 4.756478592753410339e-03 -2.373695373535156250e-01
4.144942164421081543e-01 -2.869089692831039429e-02 9.088054866879247129e-06 5.680992454290390015e-02
4.139204025268554688e-01 1.664309203624725342e-01 1.145286601968109608e-03 -2.358701378107070923e-01
4.172490239143371582e-01 -2.870737202465534210e-02 -3.572116140276193619e-03 5.717383325099945068e-02
4.166748821735382080e-01 1.664656102657318115e-01 -2.428639447316527367e-03 -2.366339862346649170e-01
4.200041890144348145e-01 -2.862155437469482422e-02 -7.161319255828857422e-03 5.528189241886138916e-02
4.194317460060119629e-01 -2.236400991678237915e-01 -6.055681034922599792e-03 3.456968069076538086e-01
4.149589538574218750e-01 -2.843252755701541901e-02 8.582546142861247063e-04 5.111045017838478088e-02
4.143902957439422607e-01 1.666771024465560913e-01 1.880463678389787674e-03 -2.413015663623809814e-01
4.177238345146179199e-01 -2.847165614366531372e-02 -2.945567714050412178e-03 5.197391659021377563e-02
4.171544015407562256e-01 1.666924059391021729e-01 -1.906089251860976219e-03 -2.416369020938873291e-01
4.204882681369781494e-01 -2.840226516127586365e-02 -6.738827563822269440e-03 5.044418200850486755e-02
4.199202060699462891e-01 -2.234269380569458008e-01 -5.729943513870239258e-03 3.409933447837829590e-01
4.154516756534576416e-01 -2.822393737733364105e-02 1.089923433028161526e-03 4.650906100869178772e-02
4.148871898651123047e-01 1.668823659420013428e-01 2.020104788243770599e-03 -2.458297908306121826e-01
4.182248413562774658e-01 -2.826837636530399323e-02 -2.896490972489118576e-03 4.748964309692382812e-02
4.176594614982604980e-01 -2.233486771583557129e-01 -1.946698175743222237e-03 3.392572999000549316e-01
4.131925106048583984e-01 -2.819907851517200470e-02 4.838448017835617065e-03 4.596112668514251709e-02
4.126285314559936523e-01 1.668531596660614014e-01 5.757670383900403976e-03 -2.451913058757781982e-01
4.159655869007110596e-01 -2.835055254399776459e-02 8.538442198187112808e-04 4.930215328931808472e-02
4.153985679149627686e-01 1.667591482400894165e-01 1.839887234382331371e-03 -2.431112527847290039e-01
4.187337458133697510e-01 -2.838903851807117462e-02 -3.022337798029184341e-03 5.015144869685173035e-02
4.181659817695617676e-01 -2.234675288200378418e-01 -2.019308740273118019e-03 3.418792784214019775e-01
4.136966168880462646e-01 -2.831690013408660889e-02 4.818276502192020416e-03 4.856026172637939453e-02
4.131302833557128906e-01 1.667356342077255249e-01 5.789482034742832184e-03 -2.425985783338546753e-01
4.164649844169616699e-01 -2.846853621304035187e-02 9.375103982165455818e-04 5.190487205982208252e-02
4.158956408500671387e-01 1.666399538516998291e-01 1.975607825443148613e-03 -2.404821217060089111e-01
4.192284345626831055e-01 -2.851015701889991760e-02 -2.834034617990255356e-03 5.282331630587577820e-02
4.186582267284393311e-01 1.666523218154907227e-01 -1.777568133547902107e-03 -2.407524287700653076e-01
4.219912588596343994e-01 -2.844419889152050018e-02 -6.592616438865661621e-03 5.136927962303161621e-02
4.214223921298980713e-01 -2.234710007905960083e-01 -5.565231200307607651e-03 3.419649004936218262e-01
4.169529676437377930e-01 -2.827031537890434265e-02 1.274067210033535957e-03 4.753224924206733704e-02
4.163875579833984375e-01 1.668333411216735840e-01 2.224712166935205460e-03 -2.447484284639358521e-01
4.197242259979248047e-01 -2.832031250000000000e-02 -2.670256188139319420e-03 4.863539710640907288e-02
4.191578328609466553e-01 -2.234038710594177246e-01 -1.697548315860331059e-03 3.404746353626251221e-01
4.146897494792938232e-01 -2.825780957937240601e-02 5.111944396048784256e-03 4.725689068436622620e-02
4.141245782375335693e-01 1.667904704809188843e-01 6.057082209736108780e-03 -2.438088059425354004e-01
4.174603819847106934e-01 -2.841747365891933441e-02 1.180906314402818680e-03 5.077851191163063049e-02
4.168920516967773438e-01 1.666875183582305908e-01 2.196476561948657036e-03 -2.415315955877304077e-01
4.202257990837097168e-01 -2.846573293209075928e-02 -2.634155331179499626e-03 5.184334889054298401e-02
4.196564853191375732e-01 1.666938960552215576e-01 -1.597288413904607296e-03 -2.416695058345794678e-01
4.229903519153594971e-01 -2.840520814061164856e-02 -6.430678535252809525e-03 5.050916224718093872e-02
4.224222600460052490e-01 -2.234343588352203369e-01 -5.420495290309190750e-03 3.411562442779541016e-01
4.179535806179046631e-01 -2.823570929467678070e-02 1.402629422955214977e-03 4.676894098520278931e-02
4.173888564109802246e-01 1.668660938739776611e-01 2.338008256629109383e-03 -2.454711049795150757e-01
4.207261800765991211e-01 -2.828916534781455994e-02 -2.571413991972804070e-03 4.794836044311523438e-02
4.201603829860687256e-01 -2.233741432428359985e-01 -1.612446736544370651e-03 3.398188650608062744e-01
4.156928956508636475e-01 -2.822929434478282928e-02 5.183930508792400360e-03 4.662791267037391663e-02
4.151283204555511475e-01 1.668179482221603394e-01 6.116488948464393616e-03 -2.444149404764175415e-01
4.184646904468536377e-01 -2.839083597064018250e-02 1.228190143592655659e-03 5.019098520278930664e-02
4.178968667984008789e-01 1.667134761810302734e-01 2.232009777799248695e-03 -2.421041876077651978e-01
4.212311208248138428e-01 -2.844027988612651825e-02 -2.610073890537023544e-03 5.128194019198417664e-02
4.206623435020446777e-01 1.667190045118331909e-01 -1.584434998221695423e-03 -2.422233372926712036e-01
4.239967167377471924e-01 -2.838028408586978912e-02 -6.428902037441730499e-03 4.995939135551452637e-02
4.234291017055511475e-01 -2.234094589948654175e-01 -5.429713986814022064e-03 3.406070172786712646e-01
4.189608991146087646e-01 -2.821067906916141510e-02 1.382426591590046883e-03 4.621684178709983826e-02
4.183967113494873047e-01 1.668914258480072021e-01 2.306763315573334694e-03 -2.460296005010604858e-01
4.217345416545867920e-01 -2.826339937746524811e-02 -2.613828517496585846e-03 4.738004505634307861e-02
4.211692512035369873e-01 -2.233477681875228882e-01 -1.666227588430047035e-03 3.392371535301208496e-01
4.167023003101348877e-01 -2.820215187966823578e-02 5.118515342473983765e-03 4.602924734354019165e-02
4.161382615566253662e-01 1.668460369110107422e-01 6.039100233465433121e-03 -2.450343519449234009e-01
4.194751977920532227e-01 -2.836165390908718109e-02 1.138412975706160069e-03 4.954731464385986328e-02
4.189079403877258301e-01 1.667439490556716919e-01 2.129359170794487000e-03 -2.427762150764465332e-01
4.222428202629089355e-01 -2.840834669768810272e-02 -2.726165112107992172e-03 5.057760328054428101e-02
4.216746687889099121e-01 1.667525917291641235e-01 -1.714613055810332298e-03 -2.429642081260681152e-01
4.250097274780273438e-01 -2.834483049809932709e-02 -6.573897320777177811e-03 4.917739704251289368e-02
4.244428277015686035e-01 -2.233719080686569214e-01 -5.590348970144987106e-03 3.397789895534515381e-01
4.199753701686859131e-01 -2.817085571587085724e-02 1.205230364575982094e-03 4.533842578530311584e-02
4.194119572639465332e-01 1.669337898492813110e-01 2.111998852342367172e-03 -2.469639927148818970e-01
4.227506518363952637e-01 -2.821826003491878510e-02 -2.827281132340431213e-03 4.638435319066047668e-02
4.221862852573394775e-01 -2.232995480298995972e-01 -1.899593975394964218e-03 3.381738960742950439e-01
4.177202880382537842e-01 -2.815062366425991058e-02 4.863884299993515015e-03 4.489256069064140320e-02
4.171572625637054443e-01 1.669012457132339478e-01 5.761735141277313232e-03 -2.462518066167831421e-01
4.204953014850616455e-01 -2.830252237617969513e-02 8.366992115043103695e-04 4.824292287230491638e-02
4.199292361736297607e-01 1.668074280023574829e-01 1.801557722501456738e-03 -2.441758960485458374e-01
4.232653975486755371e-01 -2.834021486341953278e-02 -3.081960370764136314e-03 4.907473921775817871e-02
4.226985871791839600e-01 1.668257862329483032e-01 -2.100465586408972740e-03 -2.445789724588394165e-01
4.260351061820983887e-01 -2.826609462499618530e-02 -6.992044858634471893e-03 4.744067043066024780e-02
4.254697859287261963e-01 -2.232870906591415405e-01 -6.043231580406427383e-03 3.379093706607818604e-01
4.210040271282196045e-01 -2.807966805994510651e-02 7.149557350203394890e-04 4.332688078284263611e-02
4.204424321651458740e-01 1.670320183038711548e-01 1.581493415869772434e-03 -2.491303831338882446e-01
4.237830936908721924e-01 -2.811247669160366058e-02 -3.401114372536540031e-03 4.405096173286437988e-02
4.232208430767059326e-01 -2.231854945421218872e-01 -2.520095091313123703e-03 3.356588780879974365e-01
4.187571406364440918e-01 -2.802776731550693512e-02 4.193082451820373535e-03 4.218230023980140686e-02
4.181965589523315430e-01 1.670338064432144165e-01 5.036728456616401672e-03 -2.491747289896011353e-01
4.215372502803802490e-01 -2.815970964729785919e-02 5.323378718458116055e-05 4.509262740612030029e-02
4.209740459918975830e-01 1.669614762067794800e-01 9.550863760523498058e-04 -2.475734949111938477e-01
4.243132770061492920e-01 -2.817410044372081757e-02 -3.996383864432573318e-03 4.541052877902984619e-02
4.237498044967651367e-01 -2.232385128736495972e-01 -3.088173223659396172e-03 3.368298709392547607e-01
4.192850291728973389e-01 -2.807275764644145966e-02 3.648424521088600159e-03 4.317471757531166077e-02
4.187235832214355469e-01 1.669966876506805420e-01 4.511918872594833374e-03 -2.483548671007156372e-01
4.220634996891021729e-01 -2.818940766155719757e-02 -4.551784950308501720e-04 4.574779421091079712e-02
4.214997291564941406e-01 1.669390648603439331e-01 4.597773659043014050e-04 -2.470787167549133301e-01
4.248385131359100342e-01 -2.818944677710533142e-02 -4.481796640902757645e-03 4.574920609593391418e-02
4.242747128009796143e-01 -2.232468426227569580e-01 -3.566812723875045776e-03 3.370147347450256348e-01
4.198097884654998779e-01 -2.807431854307651520e-02 3.173481673002243042e-03 4.320915043354034424e-02
4.192482829093933105e-01 1.670019775629043579e-01 4.037664737552404404e-03 -2.484708279371261597e-01
4.225883185863494873e-01 -2.817739918828010559e-02 -9.317517979070544243e-04 4.548292979598045349e-02
4.220247864723205566e-01 1.669578999280929565e-01 -2.209322883572895080e-05 -2.474938333034515381e-01
4.253639280796051025e-01 -2.816373482346534729e-02 -4.971969872713088989e-03 4.518213123083114624e-02
4.248006641864776611e-01 -2.232140451669692993e-01 -4.068327136337757111e-03 3.362922072410583496e-01
4.203363955020904541e-01 -2.803442813456058502e-02 2.657517092302441597e-03 4.232914000749588013e-02
4.197756946086883545e-01 1.670493185520172119e-01 3.504100022837519646e-03 -2.495141327381134033e-01
4.231166839599609375e-01 -2.812250144779682159e-02 -1.486182678490877151e-03 4.427199810743331909e-02
4.225542247295379639e-01 1.670207232236862183e-01 -6.007427582517266273e-04 -2.488794624805450439e-01
4.258946478366851807e-01 -2.809263765811920166e-02 -5.578332114964723587e-03 4.361391812562942505e-02
4.253327846527099609e-01 -2.231341600418090820e-01 -4.706053528934717178e-03 3.345316052436828613e-01
4.208701252937316895e-01 -2.794554270803928375e-02 1.984578790143132210e-03 4.036837071180343628e-02
4.203112125396728516e-01 1.671478897333145142e-01 2.791946055367588997e-03 -2.516877353191375732e-01
4.236541688442230225e-01 -2.801381424069404602e-02 -2.241808688268065453e-03 4.187450930476188660e-02
4.230938851833343506e-01 -2.231035530567169189e-01 -1.404318609274923801e-03 3.338492810726165771e-01
4.186318218708038330e-01 -2.796163782477378845e-02 5.272666923701763153e-03 4.072383418679237366e-02
4.180725812911987305e-01 1.670843064785003662e-01 6.087143905460834503e-03 -2.502908706665039062e-01
4.214142560958862305e-01 -2.812403626739978790e-02 1.081326510757207870e-03 4.430584236979484558e-02
4.208517968654632568e-01 1.669823974370956421e-01 1.967443386092782021e-03 -2.480357140302658081e-01
4.241914451122283936e-01 -2.816760167479515076e-02 -2.993270987644791603e-03 4.526713117957115173e-02
4.236280918121337891e-01 -2.232464998960494995e-01 -2.087928354740142822e-03 3.370041549205780029e-01
4.191631376743316650e-01 -2.809490263462066650e-02 4.652154631912708282e-03 4.366353899240493774e-02
4.186012446880340576e-01 1.669600307941436768e-01 5.525425542145967484e-03 -2.475479692220687866e-01
4.219404458999633789e-01 -2.824039384722709656e-02 5.744661903008818626e-04 4.687267169356346130e-02
4.213756322860717773e-01 1.668733209371566772e-01 1.511919545009732246e-03 -2.456289529800415039e-01
4.247131049633026123e-01 -2.827019803225994110e-02 -3.400659421458840370e-03 4.753048717975616455e-02
4.241476953029632568e-01 -2.233432233333587646e-01 -2.450049854815006256e-03 3.391385376453399658e-01
4.196808338165283203e-01 -2.818649448454380035e-02 4.332721233367919922e-03 4.568400979042053223e-02
4.191171228885650635e-01 1.668730676174163818e-01 5.246401298791170120e-03 -2.456287592649459839e-01
4.224545657634735107e-01 -2.832342870533466339e-02 3.338260285090655088e-04 4.870437830686569214e-02
4.218881130218505859e-01 1.667937338352203369e-01 1.307913567870855331e-03 -2.438732087612152100e-01
4.252239763736724854e-01 -2.834687381982803345e-02 -3.569550346583127975e-03 4.922198504209518433e-02
4.246570467948913574e-01 -2.234174609184265137e-01 -2.585110720247030258e-03 3.407765626907348633e-01
4.201886951923370361e-01 -2.825882099568843842e-02 4.230420105159282684e-03 4.727955535054206848e-02
4.196235239505767822e-01 1.668022125959396362e-01 5.176011472940444946e-03 -2.440656423568725586e-01
4.229595661163330078e-01 -2.839328534901142120e-02 2.946985769085586071e-04 5.024542286992073059e-02
4.223916828632354736e-01 1.667244434356689453e-01 1.299607101827859879e-03 -2.423445135354995728e-01
4.257261753082275391e-01 -2.841605059802532196e-02 -3.547283122316002846e-03 5.074806511402130127e-02
4.251578748226165771e-01 1.667565852403640747e-01 -2.532321726903319359e-03 -2.430519461631774902e-01
4.284929931163787842e-01 -2.832910418510437012e-02 -7.393360603600740433e-03 4.883114993572235107e-02
4.279264211654663086e-01 -2.233442664146423340e-01 -6.416737567633390427e-03 3.391722738742828369e-01
4.234595298767089844e-01 -2.813159860670566559e-02 3.667076234705746174e-04 4.447278752923011780e-02
4.228968918323516846e-01 1.669850945472717285e-01 1.256163348443806171e-03 -2.480944097042083740e-01
4.262365996837615967e-01 -2.815477736294269562e-02 -3.705724840983748436e-03 4.498446732759475708e-02
4.256735146045684814e-01 -2.232233881950378418e-01 -2.806035568937659264e-03 3.364959061145782471e-01
4.212090373039245605e-01 -2.806162275373935699e-02 3.923882264643907547e-03 4.292942583560943604e-02
4.206477999687194824e-01 1.670038402080535889e-01 4.782470874488353729e-03 -2.485128939151763916e-01
4.239878654479980469e-01 -2.818608097732067108e-02 -1.877870236057788134e-04 4.567467793822288513e-02
4.234241545200347900e-01 1.669385582208633423e-01 7.257065153680741787e-04 -2.470674961805343628e-01
4.267629384994506836e-01 -2.819374576210975647e-02 -4.215643275529146194e-03 4.584424942731857300e-02
4.261990487575531006e-01 -2.232549935579299927e-01 -3.298758296296000481e-03 3.371941149234771729e-01
4.217339456081390381e-01 -2.808625623583793640e-02 3.445124253630638123e-03 4.347277805209159851e-02
4.211722314357757568e-01 1.669861227273941040e-01 4.314580000936985016e-03 -2.481211870908737183e-01
4.245119392871856689e-01 -2.819717861711978912e-02 -6.478439900092780590e-04 4.591952264308929443e-02
4.239480197429656982e-01 1.669340580701828003e-01 2.705464139580726624e-04 -2.469677329063415527e-01
4.272866845130920410e-01 -2.819175645709037781e-02 -4.668808076530694962e-03 4.580051451921463013e-02
4.267228543758392334e-01 -2.232464551925659180e-01 -3.752798074856400490e-03 3.370067477226257324e-01
4.222579300403594971e-01 -2.807129546999931335e-02 2.987336833029985428e-03 4.314275085926055908e-02
4.216964840888977051e-01 1.670076847076416016e-01 3.850191831588745117e-03 -2.485961467027664185e-01
4.250366389751434326e-01 -2.816903404891490936e-02 -1.121731009334325790e-03 4.529872164130210876e-02
4.244732856750488281e-01 1.669689863920211792e-01 -2.157566050300374627e-04 -2.477379143238067627e-01
4.278126358985900879e-01 -2.814988419413566589e-02 -5.170514807105064392e-03 4.487695544958114624e-02
4.272496402263641357e-01 -2.231973111629486084e-01 -4.272975493222475052e-03 3.359240591526031494e-01
4.227856993675231934e-01 -2.801481261849403381e-02 2.445505466312170029e-03 4.189673438668251038e-02
4.222254157066345215e-01 1.670719832181930542e-01 3.283440368250012398e-03 -2.500136196613311768e-01
4.255668520927429199e-01 -2.809670008718967438e-02 -1.716831931844353676e-03 4.370317235589027405e-02
4.250049293041229248e-01 1.670498251914978027e-01 -8.427685243077576160e-04 -2.495209425687789917e-01
4.283459186553955078e-01 -2.806007862091064453e-02 -5.833187140524387360e-03 4.289604350924491882e-02
4.277847111225128174e-01 -2.230979055166244507e-01 -4.975266288965940475e-03 3.337328433990478516e-01
4.233227670192718506e-01 -2.790549211204051971e-02 1.699390588328242302e-03 3.948513790965080261e-02
4.227646291255950928e-01 1.671920418739318848e-01 2.489093458279967308e-03 -2.526611387729644775e-01
4.261084794998168945e-01 -2.796535566449165344e-02 -2.564129186794161797e-03 4.080586507916450500e-02
4.255491793155670166e-01 -2.230504453182220459e-01 -1.748011913150548935e-03 3.326786756515502930e-01
4.210881590843200684e-01 -2.790365554392337799e-02 4.905561916530132294e-03 3.944503143429756165e-02
4.205300807952880859e-01 1.671476066112518311e-01 5.694462452083826065e-03 -2.516861259937286377e-01
4.238730370998382568e-01 -2.805519476532936096e-02 6.607401301153004169e-04 4.278750345110893250e-02
4.233119487762451172e-01 1.670572757720947266e-01 1.516490126959979534e-03 -2.496868818998336792e-01
4.266530871391296387e-01 -2.808629907667636871e-02 -3.477247431874275208e-03 4.347399249672889709e-02
4.260913729667663574e-01 -2.231582105159759521e-01 -2.607767470180988312e-03 3.350577950477600098e-01
4.216282069683074951e-01 -2.799924835562705994e-02 4.093388095498085022e-03 4.155365377664566040e-02
4.210682213306427002e-01 1.670637726783752441e-01 4.924461245536804199e-03 -2.498349696397781372e-01
4.244094789028167725e-01 -2.812816202640533447e-02 -7.223797001643106341e-05 4.439716041088104248e-02
4.238469302654266357e-01 1.669948250055313110e-01 8.157052798196673393e-04 -2.483085542917251587e-01
4.271868169307708740e-01 -2.813876606523990631e-02 -4.150466062128543854e-03 4.463155195116996765e-02
4.266240596771240234e-01 -2.232009619474411011e-01 -3.257834818214178085e-03 3.360020816326141357e-01
4.221600294113159180e-01 -2.803279273211956024e-02 3.462206805124878883e-03 4.229358956217765808e-02
4.215993583202362061e-01 1.670393347740173340e-01 4.308078438043594360e-03 -2.492949664592742920e-01
4.249401688575744629e-01 -2.814386785030364990e-02 -6.778207025490701199e-04 4.474369809031486511e-02
4.243772923946380615e-01 1.669877916574478149e-01 2.170532534364610910e-04 -2.481530159711837769e-01
4.277170300483703613e-01 -2.813725359737873077e-02 -4.746006801724433899e-03 4.459837079048156738e-02
4.271543025970458984e-01 -2.231908291578292847e-01 -3.854039590805768967e-03 3.357801139354705811e-01
4.226904809474945068e-01 -2.801424264907836914e-02 2.861562883481383324e-03 4.188432916998863220e-02
4.221301972866058350e-01 1.670665591955184937e-01 3.699249355122447014e-03 -2.498943805694580078e-01
4.254715144634246826e-01 -2.810802496969699860e-02 -1.298638177104294300e-03 4.395307227969169617e-02
4.249093532562255859e-01 1.670325249433517456e-01 -4.195767105557024479e-04 -2.491393089294433594e-01
4.282500147819519043e-01 -2.808343246579170227e-02 -5.402362905442714691e-03 4.341124743223190308e-02
4.276883304119110107e-01 -2.231274992227554321e-01 -4.534137900918722153e-03 3.343847990036010742e-01
4.232257902622222900e-01 -2.794131264090538025e-02 2.153557958081364632e-03 4.027549177408218384e-02
4.226669669151306152e-01 1.671496927738189697e-01 2.959067933261394501e-03 -2.517271935939788818e-01
4.260099530220031738e-01 -2.801438979804515839e-02 -2.075475873425602913e-03 4.188761115074157715e-02
4.254496693611145020e-01 -2.231065183877944946e-01 -1.237723743543028831e-03 3.339149951934814453e-01
4.209875464439392090e-01 -2.796697244048118591e-02 5.440576002001762390e-03 4.084200039505958557e-02
4.204282164573669434e-01 1.670765429735183716e-01 6.257416214793920517e-03 -2.501194179058074951e-01
4.237697422504425049e-01 -2.813420630991458893e-02 1.255027600564062595e-03 4.453064128756523132e-02
4.232070446014404297e-01 1.669697314500808716e-01 2.145640319213271141e-03 -2.477560490369796753e-01
4.265464544296264648e-01 -2.818280272185802460e-02 -2.809480531141161919e-03 4.560288786888122559e-02
4.259828031063079834e-01 -2.232643514871597290e-01 -1.897422829642891884e-03 3.373980820178985596e-01
4.215174913406372070e-01 -2.811545506119728088e-02 4.850538447499275208e-03 4.411740601062774658e-02
4.209551811218261719e-01 1.669366061687469482e-01 5.732886958867311478e-03 -2.470311969518661499e-01
4.242939352989196777e-01 -2.826674841344356537e-02 7.922629592940211296e-04 4.745449125766754150e-02
4.237285852432250977e-01 1.668438315391540527e-01 1.741352840326726437e-03 -2.449783682823181152e-01
4.270654618740081787e-01 -2.830294705927371979e-02 -3.158214502036571503e-03 4.825332015752792358e-02
4.264993965625762939e-01 1.668641418218612671e-01 -2.193148015066981316e-03 -2.454243749380111694e-01
4.298366904258728027e-01 -2.822641097009181976e-02 -7.101635448634624481e-03 4.656597226858139038e-02
4.292721748352050781e-01 -2.232458144426345825e-01 -6.170316133648157120e-03 3.369998335838317871e-01
4.248072504997253418e-01 -2.803659997880458832e-02 5.696806474588811398e-04 4.237753152847290039e-02
4.242465198040008545e-01 1.670771837234497070e-01 1.417231280356645584e-03 -2.501256167888641357e-01
4.275880455970764160e-01 -2.806498296558856964e-02 -3.585280850529670715e-03 4.300400987267494202e-02
4.270267486572265625e-01 -2.231353372335433960e-01 -2.725200727581977844e-03 3.345535993576049805e-01
4.225640594959259033e-01 -2.797470986843109131e-02 3.965871408581733704e-03 4.101252928376197815e-02
4.220045506954193115e-01 1.670901477336883545e-01 4.786121658980846405e-03 -2.504164874553680420e-01
4.253463447093963623e-01 -2.809982188045978546e-02 -2.222080656792968512e-04 4.377222061157226562e-02
4.247843623161315918e-01 1.670253127813339233e-01 6.532363477163016796e-04 -2.489808052778244019e-01
4.281248748302459717e-01 -2.810595929622650146e-02 -4.326379857957363129e-03 4.390809312462806702e-02
4.275627434253692627e-01 -2.231656014919281006e-01 -3.448217874392867088e-03 3.352228701114654541e-01
4.230994284152984619e-01 -2.799475006759166718e-02 3.256239695474505424e-03 4.145455732941627502e-02
4.225395321846008301e-01 1.670803576707839966e-01 4.085330758243799210e-03 -2.501992285251617432e-01
4.258811473846435547e-01 -2.809969522058963776e-02 -9.186535608023405075e-04 4.376950114965438843e-02
4.253191649913787842e-01 1.670354157686233521e-01 -4.326355337980203331e-05 -2.492031306028366089e-01
4.286598563194274902e-01 -2.808591723442077637e-02 -5.027326289564371109e-03 4.346615076065063477e-02
4.280981421470642090e-01 -2.231354117393493652e-01 -4.158003255724906921e-03 3.345586657524108887e-01
4.236354231834411621e-01 -2.795453742146492004e-02 2.533170627430081367e-03 4.056743904948234558e-02
4.230763614177703857e-01 1.671309918165206909e-01 3.344519296661019325e-03 -2.513151764869689941e-01
4.264189600944519043e-01 -2.803855389356613159e-02 -1.681784167885780334e-03 4.242080450057983398e-02
4.258581995964050293e-01 1.671074777841567993e-01 -8.333680452778935432e-04 -2.507922649383544922e-01
4.292003512382507324e-01 -2.800256758928298950e-02 -5.849213339388370514e-03 4.162768274545669556e-02
4.286403059959411621e-01 -2.230401486158370972e-01 -5.016659852117300034e-03 3.324593901634216309e-01
4.241794943809509277e-01 -2.784715965390205383e-02 1.632528263144195080e-03 3.819869831204414368e-02
4.236225485801696777e-01 1.672513484954833984e-01 2.396502299234271049e-03 -2.539687156677246094e-01
4.269675612449645996e-01 -2.790474519133567810e-02 -2.682871883735060692e-03 3.946916013956069946e-02
4.264094829559326172e-01 -2.229881137609481812e-01 -1.893488690257072449e-03 3.313044011592864990e-01
4.219497144222259521e-01 -2.783926762640476227e-02 4.732599481940269470e-03 3.802496939897537231e-02
4.213929176330566406e-01 1.672144979238510132e-01 5.493098869919776917e-03 -2.531610131263732910e-01
4.247372150421142578e-01 -2.798545546829700470e-02 4.298783605918288231e-04 4.124945029616355896e-02
4.241775274276733398e-01 1.671303212642669678e-01 1.254867413081228733e-03 -2.512978017330169678e-01
4.275201261043548584e-01 -2.800951898097991943e-02 -3.771088784560561180e-03 4.178065806627273560e-02
4.269599318504333496e-01 -2.230771929025650024e-01 -2.935475669801235199e-03 3.332713842391967773e-01
4.224983751773834229e-01 -2.791358344256877899e-02 3.729952033609151840e-03 3.966420888900756836e-02
4.219401180744171143e-01 1.671546846628189087e-01 4.523236304521560669e-03 -2.518395483493804932e-01
4.252831935882568359e-01 -2.803156524896621704e-02 -5.135548417456448078e-04 4.226665198802947998e-02
4.247225821018218994e-01 1.670977473258972168e-01 3.317781956866383553e-04 -2.505782544612884521e-01
4.280645251274108887e-01 -2.802894078195095062e-02 -4.679786972701549530e-03 4.220929741859436035e-02
4.275039434432983398e-01 -2.230834662914276123e-01 -3.835601033642888069e-03 3.334120512008666992e-01
4.230422973632812500e-01 -2.790714055299758911e-02 2.832639729604125023e-03 3.952202945947647095e-02
4.224841296672821045e-01 1.671740710735321045e-01 3.623080207034945488e-03 -2.522658407688140869e-01
4.258276224136352539e-01 -2.799942344427108765e-02 -1.422236324287950993e-03 4.155768081545829773e-02
4.252676367759704590e-01 1.671428978443145752e-01 -5.910826730541884899e-04 -2.515736222267150879e-01
4.286105036735534668e-01 -2.797061204910278320e-02 -5.622555501759052277e-03 4.092279449105262756e-02
4.280510842800140381e-01 -2.230114936828613281e-01 -4.804099444299936295e-03 3.318264484405517578e-01
4.235908389091491699e-01 -2.782148495316505432e-02 1.832429785281419754e-03 3.763243556022644043e-02
4.230344295501708984e-01 1.672741472721099854e-01 2.585078589618206024e-03 -2.544717788696289062e-01
4.263798892498016357e-01 -2.788462489843368530e-02 -2.504357136785984039e-03 3.902540728449821472e-02
4.258221983909606934e-01 -2.229705750942230225e-01 -1.723848981782793999e-03 3.309171199798583984e-01
4.213627874851226807e-01 -2.782412618398666382e-02 4.894493613392114639e-03 3.769108653068542480e-02
4.208063185214996338e-01 1.672272980213165283e-01 5.648315418511629105e-03 -2.534435689449310303e-01
4.241508543491363525e-01 -2.797484956681728363e-02 5.794439930468797684e-04 4.101557284593582153e-02
4.235913753509521484e-01 1.671387851238250732e-01 1.399755477905273438e-03 -2.514844834804534912e-01
4.269341528415679932e-01 -2.800312265753746033e-02 -3.629934042692184448e-03 4.163962975144386292e-02
4.263740777969360352e-01 -2.230728268623352051e-01 -2.797141438350081444e-03 3.331750631332397461e-01
4.219126105308532715e-01 -2.791118249297142029e-02 3.866360057145357132e-03 3.961138054728507996e-02
4.213543832302093506e-01 1.671551167964935303e-01 4.658587742596864700e-03 -2.518491744995117188e-01
4.246974885463714600e-01 -2.803304977715015411e-02 -3.783957508858293295e-04 4.229952022433280945e-02
4.241368472576141357e-01 1.670943200588226318e-01 4.675946547649800777e-04 -2.505027651786804199e-01
4.274787306785583496e-01 -2.803430147469043732e-02 -4.542460665106773376e-03 4.232760891318321228e-02
4.269180297851562500e-01 -2.230908274650573730e-01 -3.695908701047301292e-03 3.335738778114318848e-01
4.224562346935272217e-01 -2.791646122932434082e-02 2.975569339469075203e-03 3.972775861620903015e-02
4.218978881835937500e-01 1.671627014875411987e-01 3.770124400034546852e-03 -2.520148754119873047e-01
4.252411425113677979e-01 -2.801288850605487823e-02 -1.270172884687781334e-03 4.185484349727630615e-02
4.246808886528015137e-01 1.671272516250610352e-01 -4.330760566517710686e-04 -2.512285709381103516e-01
4.280234277248382568e-01 -2.798851206898689270e-02 -5.457647144794464111e-03 4.131773114204406738e-02
4.274636507034301758e-01 -2.230317741632461548e-01 -4.631292540580034256e-03 3.322737216949462891e-01
4.230030179023742676e-01 -2.784421294927597046e-02 2.014181809499859810e-03 3.813393041491508484e-02
4.224461317062377930e-01 1.672488003969192505e-01 2.776860492303967476e-03 -2.539128363132476807e-01
