1.630526036024093628e-02 3.766494989395141602e-02 -4.142941161990165710e-02 6.797460373491048813e-03
1.705855876207351685e-02 -1.568391174077987671e-01 -4.129346087574958801e-02 2.861264348030090332e-01
1.392177678644657135e-02 -3.513485789299011230e-01 -3.557093441486358643e-02 5.655050873756408691e-01
6.894805002957582474e-03 -1.557461023330688477e-01 -2.426083199679851532e-02 2.618313431739807129e-01
3.779882797971367836e-03 3.971360623836517334e-02 -1.902420446276664734e-02 -3.840393200516700745e-02
4.574154969304800034e-03 -1.551304459571838379e-01 -1.979228295385837555e-02 2.482164800167083740e-01
1.471546012908220291e-03 4.026849195361137390e-02 -1.482795365154743195e-02 -5.064307153224945068e-02
2.276915824040770531e-03 -1.546377390623092651e-01 -1.584081538021564484e-02 2.373248785734176636e-01
-8.158388664014637470e-04 4.070689901709556580e-02 -1.109431777149438858e-02 -6.031232327222824097e-02
-1.700871735010878183e-06 -1.542542427778244019e-01 -1.230056397616863251e-02 2.288497239351272583e-01
-3.086785553023219109e-03 4.104131087660789490e-02 -7.723569404333829880e-03 -6.768771260976791382e-02
-2.265959512442350388e-03 -1.539690643548965454e-01 -9.077323600649833679e-03 2.225484102964401245e-01
-5.345340818166732788e-03 4.128145053982734680e-02 -4.626355599611997604e-03 -7.298398762941360474e-02
-4.519711714237928391e-03 -1.537738740444183350e-01 -6.086035631597042084e-03 2.182357162237167358e-01
-7.595188915729522705e-03 4.143454879522323608e-02 -1.721321023069322109e-03 -7.636076956987380981e-02
-6.766498088836669922e-03 -1.536626815795898438e-01 -3.248536260798573494e-03 2.157785743474960327e-01
-9.839751757681369781e-03 4.150555655360221863e-02 1.067035249434411526e-03 -7.792730629444122314e-02
-9.009640663862228394e-03 -1.536316722631454468e-01 -4.915108438581228256e-04 2.150920778512954712e-01
-1.208227407187223434e-02 4.149730131030082703e-02 3.810330759733915329e-03 -7.774584740400314331e-02
-1.125232782214879990e-02 -1.536790728569030762e-01 2.255413914099335670e-03 2.161368131637573242e-01
-1.432590931653976440e-02 4.141056910157203674e-02 6.578150205314159393e-03 -7.583380490541458130e-02
-1.349769812077283859e-02 -1.538050621747970581e-01 5.061473697423934937e-03 2.189172655344009399e-01
-1.657379977405071259e-02 4.124416783452033997e-02 9.439819492399692535e-03 -7.216476649045944214e-02
-1.574891619384288788e-02 -1.540118306875228882e-01 7.996523752808570862e-03 2.234814614057540894e-01
-1.882915198802947998e-02 4.099491983652114868e-02 1.246615312993526459e-02 -6.666836887598037720e-02
-1.800925470888614655e-02 -1.543035209178924561e-01 1.113278605043888092e-02 2.299214899539947510e-01
-2.109532430768013000e-02 4.065758734941482544e-02 1.573121547698974609e-02 -5.922908708453178406e-02
-2.028217352926731110e-02 2.355504930019378662e-01 1.454663369804620743e-02 -3.469074964523315430e-01
-1.557116303592920303e-02 4.022468253970146179e-02 7.608484011143445969e-03 -4.967321082949638367e-02
-1.476666983217000961e-02 -1.550055295228958130e-01 6.615019869059324265e-03 2.454005181789398193e-01
-1.786678098142147064e-02 4.002131149172782898e-02 1.152302976697683334e-02 -4.518855735659599304e-02
-1.706635393202304840e-02 -1.552639603614807129e-01 1.061925943940877914e-02 2.511076033115386963e-01
-2.017163299024105072e-02 3.970475122332572937e-02 1.564141176640987396e-02 -3.820697218179702759e-02
-1.937753893435001373e-02 2.345989495515823364e-01 1.487727183848619461e-02 -3.259141147136688232e-01
-1.468555908650159836e-02 3.926837444305419922e-02 8.358988910913467407e-03 -2.857692725956439972e-02
-1.390019152313470840e-02 -1.559724509716033936e-01 7.787450682371854782e-03 2.667315900325775146e-01
-1.701964065432548523e-02 3.903750330209732056e-02 1.312208268791437149e-02 -2.348497696220874786e-02
-1.623889058828353882e-02 2.339688390493392944e-01 1.265238318592309952e-02 -3.119990229606628418e-01
-1.155951432883739471e-02 3.866893798112869263e-02 6.412402261048555374e-03 -1.535292621701955795e-02
-1.078613474965095520e-02 -1.565443873405456543e-01 6.105343811213970184e-03 2.793462574481964111e-01
-1.391702238470315933e-02 3.848994150757789612e-02 1.169226877391338348e-02 -1.140480581670999527e-02
-1.314722374081611633e-02 2.334422767162322998e-01 1.146417297422885895e-02 -3.003758788108825684e-01
-8.478378877043724060e-03 3.815881535410881042e-02 5.456655751913785934e-03 -4.099530633538961411e-03
-7.715201936662197113e-03 -1.570409685373306274e-01 5.374664906412363052e-03 2.903000414371490479e-01
-1.085602119565010071e-02 3.800393640995025635e-02 1.118066534399986267e-02 -6.829528138041496277e-04
-1.009594276547431946e-02 2.329637706279754639e-01 1.116700656712055206e-02 -2.898173928260803223e-01
-5.436667241156101227e-03 3.768437728285789490e-02 5.370658822357654572e-03 6.366477813571691513e-03
-4.682980012148618698e-03 2.327288985252380371e-01 5.497988779097795486e-03 -2.846171259880065918e-01
-2.840199886122718453e-05 3.752896189689636230e-02 -1.943536917679011822e-04 9.794760495424270630e-03
7.221772684715688229e-04 -1.575901955366134644e-01 1.541515871394949500e-06 3.024163544178009033e-01
-2.429626882076263428e-03 3.753172978758811951e-02 6.049868650734424591e-03 9.733919054269790649e-03
-1.678992179222404957e-03 2.325664013624191284e-01 6.244547199457883835e-03 -2.810340821743011475e-01
2.972335787490010262e-03 3.735592961311340332e-02 6.238655187189579010e-04 1.361179817467927933e-02
3.719454165548086166e-03 -1.577749699354171753e-01 8.961014682427048683e-04 3.064914941787719727e-01
5.639549926854670048e-04 3.733420744538307190e-02 7.025931496173143387e-03 1.409131195396184921e-02
1.310639083385467529e-03 2.323547005653381348e-01 7.307757623493671417e-03 -2.763665914535522461e-01
5.957732908427715302e-03 3.712925314903259277e-02 1.780425780452787876e-03 1.861221343278884888e-02
6.700318306684494019e-03 -1.580181866884231567e-01 2.152669942006468773e-03 3.118563592433929443e-01
3.539954312145709991e-03 3.707303106784820557e-02 8.389797061681747437e-03 1.985309086740016937e-02
4.281415138393640518e-03 2.320736646652221680e-01 8.786858990788459778e-03 -2.701709866523742676e-01
8.922887966036796570e-03 3.682743012905120850e-02 3.383439034223556519e-03 2.527035214006900787e-02
9.659436531364917755e-03 -1.583428829908370972e-01 3.888846142217516899e-03 3.190188705921173096e-01
6.492579355835914612e-03 3.672347217798233032e-02 1.026922371238470078e-02 2.756487205624580383e-02
7.227048743516206741e-03 2.316966652870178223e-01 1.082052104175090790e-02 -2.618604004383087158e-01
1.186098158359527588e-02 3.642193600535392761e-02 5.583312828093767166e-03 3.421571850776672363e-02
1.258942112326622009e-02 2.314633727073669434e-01 6.267627235502004623e-03 -2.567003965377807617e-01
1.721868850290775299e-02 3.625250607728958130e-02 1.133619458414614201e-03 3.795282915234565735e-02
1.794373802840709686e-02 -1.588856875896453857e-01 1.892675994895398617e-03 3.309932053089141846e-01
1.476602442562580109e-02 3.620927780866622925e-02 8.512539789080619812e-03 3.890774026513099670e-02
1.549021061509847641e-02 2.312081307172775269e-01 9.290695190429687500e-03 -2.510772943496704102e-01
2.011437341570854187e-02 3.595474734902381897e-02 4.269149154424667358e-03 4.452157020568847656e-02
2.083346806466579437e-02 2.310152202844619751e-01 5.159580614417791367e-03 -2.468113452196121216e-01
2.545377239584922791e-02 3.581996262073516846e-02 2.233538107248023152e-04 4.749455302953720093e-02
2.617017179727554321e-02 -1.593051850795745850e-01 1.173244905658066273e-03 3.402479290962219238e-01
2.298406884074211121e-02 3.580005094408988953e-02 7.978203706443309784e-03 4.793522134423255920e-02
2.370006963610649109e-02 2.308066934347152710e-01 8.936908096075057983e-03 -2.422198802232742310e-01
2.831620350480079651e-02 3.555823490023612976e-02 4.092510789632797241e-03 5.326853692531585693e-02
2.902736701071262360e-02 -1.596221625804901123e-01 5.157881416380405426e-03 3.472398817539215088e-01
2.583492361009120941e-02 3.542605042457580566e-02 1.210267841815948486e-02 5.618786066770553589e-02
2.654344588518142700e-02 2.303723990917205811e-01 1.322643645107746124e-02 -2.326521426439285278e-01
3.115089423954486847e-02 3.506397828459739685e-02 8.573393337428569794e-03 6.417331844568252563e-02
3.185217455029487610e-02 2.300619632005691528e-01 9.856859222054481506e-03 -2.257923632860183716e-01
3.645341098308563232e-02 3.480054065585136414e-02 5.341012030839920044e-03 6.998340785503387451e-02
3.714942187070846558e-02 2.298455089330673218e-01 6.740680430084466934e-03 -2.210096269845962524e-01
4.174633324146270752e-02 3.462786599993705750e-02 2.320487983524799347e-03 7.379194349050521851e-02
4.243889078497886658e-02 -1.605272740125656128e-01 3.796326695010066032e-03 3.672060966491699219e-01
3.922834619879722595e-02 3.454052656888961792e-02 1.114044804126024246e-02 7.572261244058609009e-02
3.991915658116340637e-02 2.295010089874267578e-01 1.265490055084228516e-02 -2.134247422218322754e-01
4.450917616486549377e-02 3.420044109225273132e-02 8.386406116187572479e-03 8.322309702634811401e-02
4.519318416714668274e-02 2.292011827230453491e-01 1.005086768418550491e-02 -2.068021446466445923e-01
4.977720975875854492e-02 3.393695503473281860e-02 5.914824549108743668e-03 8.903429657220840454e-02
5.045594647526741028e-02 2.289736270904541016e-01 7.695510517805814743e-03 -2.017766535282135010e-01
5.503541976213455200e-02 3.374246507883071899e-02 3.659977810457348824e-03 9.332387894392013550e-02
5.571027100086212158e-02 2.288117706775665283e-01 5.526455119252204895e-03 -1.982020884752273560e-01
6.028650328516960144e-02 3.361120820045471191e-02 1.562413759529590607e-03 9.621905535459518433e-02
6.095872819423675537e-02 2.287107259035110474e-01 3.486794885247945786e-03 -1.959705203771591187e-01
6.553294509649276733e-02 3.353907912969589233e-02 -4.326156631577759981e-04 9.781029075384140015e-02
6.620372831821441650e-02 -1.615766733884811401e-01 1.523590181022882462e-03 3.903566896915435791e-01
6.297219544649124146e-02 3.352362662553787231e-02 9.330724366009235382e-03 9.815452992916107178e-02
6.364266574382781982e-02 2.285106182098388672e-01 1.129381451755762100e-02 -1.915700286626815796e-01
6.821287423372268677e-02 3.322893381118774414e-02 7.462413981556892395e-03 1.046541258692741394e-01
6.887745857238769531e-02 2.282431572675704956e-01 9.555496275424957275e-03 -1.856651306152343750e-01
7.344231754541397095e-02 3.298579528927803040e-02 5.842193961143493652e-03 1.100168079137802124e-01
7.410203665494918823e-02 2.280235439538955688e-01 8.042530156672000885e-03 -1.808172315359115601e-01
7.866250723600387573e-02 3.278743848204612732e-02 4.426185507327318192e-03 1.143919378519058228e-01
7.931825518608093262e-02 2.278456836938858032e-01 6.714024581015110016e-03 -1.768912822008132935e-01
8.387516438961029053e-02 3.262830153107643127e-02 3.176199039444327354e-03 1.179021149873733521e-01
8.452773094177246094e-02 2.277045994997024536e-01 5.534241441637277603e-03 -1.737770587205886841e-01
8.908182382583618164e-02 3.250388056039810181e-02 2.058700192719697952e-03 1.206465959548950195e-01
8.973190188407897949e-02 2.275962829589843750e-01 4.471632186323404312e-03 -1.713861227035522461e-01
9.428382664918899536e-02 3.241061046719551086e-02 1.043909694999456406e-03 1.227041110396385193e-01
9.493204206228256226e-02 2.275175899267196655e-01 3.497991710901260376e-03 -1.696492880582809448e-01
9.948239475488662720e-02 3.234574571251869202e-02 1.050059363478794694e-04 1.241350919008255005e-01
1.001293063163757324e-01 2.274661958217620850e-01 2.587707713246345520e-03 -1.685147136449813843e-01
1.046786308288574219e-01 3.230729699134826660e-02 -7.825864013284444809e-04 1.249834373593330383e-01
1.053247749805450439e-01 2.274404466152191162e-01 1.717082457616925240e-03 -1.679462790489196777e-01
1.098735854029655457e-01 3.229396417737007141e-02 -1.641843235120177269e-03 1.252778470516204834e-01
1.105194687843322754e-01 2.274394035339355469e-01 8.637136197648942471e-04 -1.679226160049438477e-01
1.150682568550109863e-01 3.230509534478187561e-02 -2.494738670065999031e-03 1.250326633453369141e-01
1.157143563032150269e-01 -1.627810299396514893e-01 5.914456323807826266e-06 4.169274866580963135e-01
1.124587357044219971e-01 3.234083950519561768e-02 8.344464004039764404e-03 1.242464184761047363e-01
1.131055504083633423e-01 2.273422628641128540e-01 1.082939282059669495e-02 -1.657922863960266113e-01
1.176523938775062561e-01 3.206697478890419006e-02 7.513546850532293320e-03 1.302872449159622192e-01
1.182937398552894592e-01 2.270804941654205322e-01 1.011929195374250412e-02 -1.600158065557479858e-01
1.228353455662727356e-01 3.181514143943786621e-02 6.918975617736577988e-03 1.358422338962554932e-01
1.234716475009918213e-01 2.268373072147369385e-01 9.635820053517818451e-03 -1.546498537063598633e-01
1.280083954334259033e-01 3.157872706651687622e-02 6.542823277413845062e-03 1.410573124885559082e-01
1.286399662494659424e-01 2.266063690185546875e-01 9.363969787955284119e-03 -1.495542973279953003e-01
1.331720948219299316e-01 3.135158494114875793e-02 6.372883915901184082e-03 1.460679918527603149e-01
1.337991356849670410e-01 2.263816893100738525e-01 9.294243529438972473e-03 -1.445976197719573975e-01
1.383267641067504883e-01 3.112788125872612000e-02 6.402291357517242432e-03 1.510029286146163940e-01
1.389493197202682495e-01 2.261575758457183838e-01 9.422349743545055389e-03 -1.396533548831939697e-01
1.434724777936935425e-01 3.090194799005985260e-02 6.629282608628273010e-03 1.559872031211853027e-01
1.440905183553695679e-01 2.259283661842346191e-01 9.749026969075202942e-03 -1.345969885587692261e-01
1.486090719699859619e-01 3.066813200712203979e-02 7.057087495923042297e-03 1.611456125974655151e-01
1.492224335670471191e-01 2.256883382797241211e-01 1.027999911457300186e-02 -1.293026655912399292e-01
1.537362039089202881e-01 3.042065165936946869e-02 7.693946361541748047e-03 1.666056662797927856e-01
1.543446183204650879e-01 2.254316359758377075e-01 1.102605927735567093e-02 -1.236401423811912537e-01
1.588532477617263794e-01 3.015346266329288483e-02 8.553256280720233917e-03 1.725008934736251831e-01
1.594563275575637817e-01 2.251519560813903809e-01 1.200327463448047638e-02 -1.174715161323547363e-01
1.639593690633773804e-01 2.986009791493415833e-02 9.653843939304351807e-03 1.789740473031997681e-01
1.645565629005432129e-01 2.248425781726837158e-01 1.323332544416189194e-02 -1.106478646397590637e-01
1.690534204244613647e-01 4.197724163532257080e-01 1.102036796510219574e-02 -3.991265594959259033e-01
1.774488687515258789e-01 2.244958877563476562e-01 3.037837101146578789e-03 -1.029896065592765808e-01
1.819387823343276978e-01 2.933053486049175262e-02 9.780449327081441879e-04 1.906501948833465576e-01
1.825253963470458984e-01 2.244384735822677612e-01 4.791048821061849594e-03 -1.017240360379219055e-01
1.870141625404357910e-01 4.194914400577545166e-01 2.756568137556314468e-03 -3.928915560245513916e-01
1.954039931297302246e-01 2.243304848670959473e-01 -5.101263057440519333e-03 -9.934079647064208984e-02
1.998905986547470093e-01 2.928201295435428619e-02 -7.088079117238521576e-03 1.917283385992050171e-01
2.004762440919876099e-01 2.245046347379684448e-01 -3.253512317314743996e-03 -1.031821295619010925e-01
2.049663364887237549e-01 2.942946739494800568e-02 -5.317154806107282639e-03 1.884725540876388550e-01
2.055549174547195435e-01 2.246270775794982910e-01 -1.547703868709504604e-03 -1.058829724788665771e-01
2.100474685430526733e-01 2.952734753489494324e-02 -3.665363183245062828e-03 1.863112598657608032e-01
2.106380164623260498e-01 2.247015535831451416e-01 6.086191933718509972e-05 -1.075256913900375366e-01
2.151320427656173706e-01 2.957872487604618073e-02 -2.089651999995112419e-03 1.851764321327209473e-01
2.157236188650131226e-01 2.247305065393447876e-01 1.613876898773014545e-03 -1.081649586558341980e-01
2.202182263135910034e-01 2.958547137677669525e-02 -5.494224024005234241e-04 1.850266903638839722e-01
2.208099365234375000e-01 2.247152775526046753e-01 3.151111537590622902e-03 -1.078295037150382996e-01
2.253042459487915039e-01 4.197919368743896484e-01 9.945215424522757530e-04 -3.995166122913360596e-01
2.337000817060470581e-01 2.246558815240859985e-01 -6.995810661464929581e-03 -1.065202876925468445e-01
2.381931990385055542e-01 2.963488548994064331e-02 -9.126216173171997070e-03 1.839473098516464233e-01
2.387858927249908447e-01 2.248862236738204956e-01 -5.447270348668098450e-03 -1.116005778312683105e-01
2.432836145162582397e-01 2.984274737536907196e-02 -7.679281756281852722e-03 1.793588101863861084e-01
2.438804805278778076e-01 2.250737398862838745e-01 -4.092105664312839508e-03 -1.157367378473281860e-01
2.483819574117660522e-01 3.001066297292709351e-02 -6.406840402632951736e-03 1.756523549556732178e-01
2.489821612834930420e-01 2.252237200736999512e-01 -2.893793396651744843e-03 -1.190448105335235596e-01
2.534866333007812500e-01 3.014334663748741150e-02 -5.274689756333827972e-03 1.727237403392791748e-01
2.540895044803619385e-01 2.253403961658477783e-01 -1.820214674808084965e-03 -1.216185018420219421e-01
2.585963010787963867e-01 3.024456650018692017e-02 -4.252584651112556458e-03 1.704896092414855957e-01
2.592011988162994385e-01 2.254271209239959717e-01 -8.427926804870367050e-04 -1.235318407416343689e-01
2.637097537517547607e-01 3.031725995242595673e-02 -3.313429420813918114e-03 1.688850671052932739e-01
2.643160820007324219e-01 2.254864871501922607e-01 6.427199696190655231e-05 -1.248412951827049255e-01
2.688258290290832520e-01 4.206075072288513184e-01 -2.432554028928279877e-03 -4.175039529800415039e-01
2.772379815578460693e-01 2.255201190710067749e-01 -1.078263297677040100e-02 -1.255888938903808594e-01
2.817483842372894287e-01 3.055428527295589447e-02 -1.329441089183092117e-02 1.636728197336196899e-01
2.823594510555267334e-01 2.258640080690383911e-01 -1.002095453441143036e-02 -1.331743001937866211e-01
2.868767380714416504e-01 3.088701516389846802e-02 -1.268444024026393890e-02 1.563303768634796143e-01
2.874944806098937988e-01 2.261882573366165161e-01 -9.557832963764667511e-03 -1.403270512819290161e-01
2.920182347297668457e-01 3.120449185371398926e-02 -1.236437354236841202e-02 1.493252813816070557e-01
2.926423251628875732e-01 2.265013009309768677e-01 -9.377867914736270905e-03 -1.472325623035430908e-01
2.971723675727844238e-01 3.151488676667213440e-02 -1.232251897454261780e-02 1.424771398305892944e-01
2.978026568889617920e-01 2.268111258745193481e-01 -9.472976438701152802e-03 -1.540677100419998169e-01
3.023388683795928955e-01 3.182608634233474731e-02 -1.255433075129985809e-02 1.356117129325866699e-01
3.029754161834716797e-01 2.271255850791931152e-01 -9.842095896601676941e-03 -1.610053330659866333e-01
3.075179159641265869e-01 3.214590996503829956e-02 -1.306220237165689468e-02 1.285564899444580078e-01
3.081608414649963379e-01 2.274525165557861328e-01 -1.049107313156127930e-02 -1.682186126708984375e-01
3.127098977565765381e-01 3.248229995369911194e-02 -1.385544519871473312e-02 1.211363151669502258e-01
3.133595287799835205e-01 2.277999967336654663e-01 -1.143271848559379578e-02 -1.758854687213897705e-01
3.179155290126800537e-01 3.284350410103797913e-02 -1.495042815804481506e-02 1.131689995527267456e-01
3.185724020004272461e-01 2.281764596700668335e-01 -1.268704794347286224e-02 -1.841929405927658081e-01
3.231359422206878662e-01 3.323831036686897278e-02 -1.637090742588043213e-02 1.044608429074287415e-01
3.238006830215454102e-01 2.285909950733184814e-01 -1.428169012069702148e-02 -1.933417469263076782e-01
3.283725082874298096e-01 3.367622569203376770e-02 -1.814852468669414520e-02 9.480191767215728760e-02
3.290460407733917236e-01 2.290535271167755127e-01 -1.625248603522777557e-02 -2.035511583089828491e-01
3.336271047592163086e-01 3.416773304343223572e-02 -2.032350935041904449e-02 8.396092057228088379e-02
3.343104720115661621e-01 -1.606570780277252197e-01 -1.864429190754890442e-02 3.701630830764770508e-01
3.310973346233367920e-01 3.472473099827766418e-02 -1.124102994799613953e-02 7.166019827127456665e-02
3.317918181419372559e-01 2.300060242414474487e-01 -9.807826019823551178e-03 -2.245480269193649292e-01
3.363919258117675781e-01 3.502560779452323914e-02 -1.429878640919923782e-02 6.502507627010345459e-02
3.370924592018127441e-01 -1.598884463310241699e-01 -1.299828477203845978e-02 3.531625866889953613e-01
3.338946700096130371e-01 3.541589900851249695e-02 -5.935033317655324936e-03 5.640941113233566284e-02
3.346030116081237793e-01 2.306224405765533447e-01 -4.806844983249902725e-03 -2.381401360034942627e-01
3.392154574394226074e-01 3.556949272751808167e-02 -9.569647721946239471e-03 5.302270129323005676e-02
3.399268388748168945e-01 2.308273464441299438e-01 -8.509193547070026398e-03 -2.426640987396240234e-01
3.445433974266052246e-01 3.582796454429626465e-02 -1.336247567087411880e-02 4.732270911335945129e-02
3.452599346637725830e-01 -1.590998470783233643e-01 -1.241602189838886261e-02 3.357598781585693359e-01
3.420779407024383545e-01 3.619657456874847412e-02 -5.700823850929737091e-03 3.918760269880294800e-02
3.428018689155578613e-01 2.313998043537139893e-01 -4.917071666568517685e-03 -2.552885115146636963e-01
3.474298715591430664e-01 3.634840995073318481e-02 -1.002284232527017593e-02 3.583942726254463196e-02
3.481568396091461182e-01 -1.586283892393112183e-01 -9.306053631007671356e-03 3.253432810306549072e-01
3.449842631816864014e-01 3.662481904029846191e-02 -2.799188485369086266e-03 2.974019758403301239e-02
3.457167744636535645e-01 2.317868024110794067e-01 -2.204384421929717064e-03 -2.638245820999145508e-01
3.503524959087371826e-01 3.669638186693191528e-02 -7.480876054614782333e-03 2.816223911941051483e-02
3.510864377021789551e-01 -1.583174914121627808e-01 -6.917631253600120544e-03 3.184755146503448486e-01
3.479200899600982666e-01 3.690229356288909912e-02 -5.481212283484637737e-04 2.361906692385673523e-02
3.486581444740295410e-01 2.320321053266525269e-01 -7.573991024401038885e-05 -2.692367434501647949e-01
3.532987833023071289e-01 3.691123053431510925e-02 -5.460475105792284012e-03 2.342228777706623077e-02
3.540369868278503418e-01 -1.581319868564605713e-01 -4.992029163986444473e-03 3.143773972988128662e-01
3.508743643760681152e-01 3.706071898341178894e-02 1.295518595725297928e-03 2.012432180345058441e-02
3.516155779361724854e-01 2.321640700101852417e-01 1.698005013167858124e-03 -2.721495628356933594e-01
3.562588393688201904e-01 3.701792657375335693e-02 -3.744986373931169510e-03 2.106842771172523499e-02
3.569992184638977051e-01 -1.580501198768615723e-01 -3.323617856949567795e-03 3.125674128532409668e-01
3.538382053375244141e-01 3.711902350187301636e-02 2.927730558440089226e-03 1.883818209171295166e-02
3.545805811882019043e-01 2.321988642215728760e-01 3.304494312033057213e-03 -2.729195654392242432e-01
3.592245578765869141e-01 3.702992200851440430e-02 -2.153897425159811974e-03 2.080376446247100830e-02
3.599651753902435303e-01 2.321826964616775513e-01 -1.737821963615715504e-03 -2.725579738616943359e-01
3.646088242530822754e-01 3.708558529615402222e-02 -7.188981398940086365e-03 1.957634277641773224e-02
3.653505444526672363e-01 -1.579325348138809204e-01 -6.797454319894313812e-03 3.099824190139770508e-01
3.621918857097625732e-01 3.728559985756874084e-02 -5.978059489279985428e-04 1.516354549676179886e-02
3.629375994205474854e-01 2.324161231517791748e-01 -2.945350715890526772e-04 -2.777079343795776367e-01
3.675859272480010986e-01 3.729837387800216675e-02 -5.848693661391735077e-03 1.488207932561635971e-02
3.683318793773651123e-01 -1.577392220497131348e-01 -5.551052279770374298e-03 3.057139515876770020e-01
3.651770949363708496e-01 3.746140003204345703e-02 5.632268148474395275e-04 1.128554064780473709e-02
3.659263253211975098e-01 2.325752675533294678e-01 7.889376138336956501e-04 -2.812196314334869385e-01
3.705778419971466064e-01 3.744207322597503662e-02 -4.835454747080802917e-03 1.171202212572097778e-02
3.713266849517822266e-01 -1.576101928949356079e-01 -4.601214546710252762e-03 3.028653860092163086e-01
3.681744635105133057e-01 3.757702559232711792e-02 1.456093275919556618e-03 8.734901435673236847e-03
3.689260184764862061e-01 2.326780557632446289e-01 1.630791346542537212e-03 -2.834882438182830811e-01
3.735795617103576660e-01 3.753288835287094116e-02 -4.038973711431026459e-03 9.708568453788757324e-03
3.743302226066589355e-01 -1.575309038162231445e-01 -3.844802267849445343e-03 3.011144101619720459e-01
3.711796104907989502e-01 3.764563426375389099e-02 2.177485963329672813e-03 7.221404463052749634e-03
3.719325363636016846e-01 2.327362895011901855e-01 2.321914071217179298e-03 -2.847737073898315430e-01
3.765872418880462646e-01 3.758129850029945374e-02 -3.373560030013322830e-03 8.640632964670658112e-03
3.773388862609863281e-01 -1.574921011924743652e-01 -3.200747305527329445e-03 3.002572655677795410e-01
3.741890192031860352e-01 3.767531737685203552e-02 2.804397838190197945e-03 6.566596683114767075e-03
3.749425411224365234e-01 2.327569425106048584e-01 2.935729688033461571e-03 -2.852301895618438721e-01
3.795976638793945312e-01 3.759324178099632263e-02 -2.768874168395996094e-03 8.377197198569774628e-03
3.803495466709136963e-01 2.327547967433929443e-01 -2.601330168545246124e-03 -2.851780652999877930e-01
3.850046396255493164e-01 3.767003864049911499e-02 -8.304891176521778107e-03 6.683296058326959610e-03
3.857580423355102539e-01 -1.573318243026733398e-01 -8.171224966645240784e-03 2.967343926429748535e-01
3.826113939285278320e-01 3.790564835071563721e-02 -2.236537402495741844e-03 1.485648914240300655e-03
3.833695054054260254e-01 -1.571841537952423096e-01 -2.206824254244565964e-03 2.934620678424835205e-01
3.802258372306823730e-01 3.796918690204620361e-02 3.662417409941554070e-03 8.397179044550284743e-05
3.809852302074432373e-01 2.330384254455566406e-01 3.664096817374229431e-03 -2.914411723613739014e-01
3.856459856033325195e-01 3.786442056298255920e-02 -2.164726611226797104e-03 2.395111368969082832e-03
3.864032626152038574e-01 2.330173552036285400e-01 -2.116824500262737274e-03 -2.909700274467468262e-01
3.910636305809020996e-01 3.792564570903778076e-02 -7.936225272715091705e-03 1.044527976773679256e-03
3.918221294879913330e-01 -1.570815891027450562e-01 -7.915334776043891907e-03 2.912129461765289307e-01
3.886804878711700439e-01 3.815231844782829285e-02 -2.091075293719768524e-03 -3.955830354243516922e-03
3.894435465335845947e-01 -1.569395810365676880e-01 -2.170192077755928040e-03 2.880665957927703857e-01
3.863047659397125244e-01 3.821324929594993591e-02 3.591140033677220345e-03 -5.299990531057119370e-03
3.870690166950225830e-01 2.332835197448730469e-01 3.485140390694141388e-03 -2.968477010726928711e-01
3.917346894741058350e-01 3.811205551028251648e-02 -2.451813779771327972e-03 -3.067668061703443527e-03
3.924969434738159180e-01 -1.569746434688568115e-01 -2.513167215511202812e-03 2.888406813144683838e-01
3.893574476242065430e-01 3.818305209279060364e-02 3.263646271079778671e-03 -4.633819684386253357e-03
3.901211023330688477e-01 2.332580536603927612e-01 3.170969896018505096e-03 -2.962852418422698975e-01
3.947862684726715088e-01 3.809103369712829590e-02 -2.754735061898827553e-03 -2.603932516649365425e-03
3.955480754375457764e-01 -1.569913029670715332e-01 -2.806813688948750496e-03 2.892085611820220947e-01
3.924082517623901367e-01 3.817056119441986084e-02 2.977357711642980576e-03 -4.358273465186357498e-03
3.931716680526733398e-01 2.332496941089630127e-01 2.890192205086350441e-03 -2.961003184318542480e-01
3.978366553783416748e-01 3.808665275573730469e-02 -3.031814238056540489e-03 -2.507278928533196449e-03
3.985984027385711670e-01 2.332519590854644775e-01 -3.081959672272205353e-03 -2.961452305316925049e-01
4.032634198665618896e-01 3.817407414317131042e-02 -9.004864841699600220e-03 -4.435900598764419556e-03
4.040269255638122559e-01 -1.568175852298736572e-01 -9.093582630157470703e-03 2.853923439979553223e-01
4.008905589580535889e-01 3.843287006020545959e-02 -3.385735675692558289e-03 -1.014471612870693207e-02
4.016592204570770264e-01 -1.566403657197952271e-01 -3.588630119338631630e-03 2.814680635929107666e-01
3.985264003276824951e-01 3.853259235620498657e-02 2.040731022134423256e-03 -1.234455313533544540e-02
3.992970585823059082e-01 2.336252182722091675e-01 1.793839852325618267e-03 -3.043829202651977539e-01
4.039695560932159424e-01 3.847774863243103027e-02 -4.293818492442369461e-03 -1.113478466868400574e-02
4.047391116619110107e-01 -1.565823554992675781e-01 -4.516514018177986145e-03 2.801902890205383301e-01
4.016074836254119873e-01 3.860372677445411682e-02 1.087292097508907318e-03 -1.391369011253118515e-02
4.023795425891876221e-01 2.337100654840469360e-01 8.090183255262672901e-04 -3.062533736228942871e-01
4.070537388324737549e-01 3.857659548521041870e-02 -5.316048860549926758e-03 -1.331540476530790329e-02
4.078252911567687988e-01 -1.564687192440032959e-01 -5.582357291132211685e-03 2.776855230331420898e-01
4.046958982944488525e-01 3.873243182897567749e-02 -2.864677298930473626e-05 -1.675284095108509064e-02
4.054705500602722168e-01 2.338547855615615845e-01 -3.637036134023219347e-04 -3.094448149204254150e-01
4.101476669311523438e-01 3.873802721500396729e-02 -6.552599836140871048e-03 -1.687660440802574158e-02
4.109224081039428711e-01 -1.562893390655517578e-01 -6.890131626278162003e-03 2.737317085266113281e-01
4.077966213226318359e-01 3.893023729324340820e-02 -1.415497390553355217e-03 -2.111638523638248444e-02
4.085752367973327637e-01 -1.561713814735412598e-01 -1.837825169786810875e-03 2.711195945739746094e-01
4.054518043994903564e-01 3.897674381732940674e-02 3.584566991776227951e-03 -2.214241772890090942e-02
4.062313437461853027e-01 2.340470999479293823e-01 3.141718450933694839e-03 -3.136922121047973633e-01
4.109122753143310547e-01 3.888053819537162781e-02 -3.132125828415155411e-03 -2.002015337347984314e-02
4.116899073123931885e-01 -1.561963558197021484e-01 -3.532528877258300781e-03 2.716729044914245605e-01
4.085659682750701904e-01 3.897582739591598511e-02 1.900929259136319160e-03 -2.212209627032279968e-02
4.093454778194427490e-01 2.340704649686813354e-01 1.458487240597605705e-03 -3.142046630382537842e-01
4.140268862247467041e-01 3.892776742577552795e-02 -4.825605545192956924e-03 -2.106212265789508820e-02
4.148054420948028564e-01 -1.561246514320373535e-01 -5.246848333626985550e-03 2.700943648815155029e-01
4.116829633712768555e-01 3.907178342342376709e-02 1.550391752971336246e-04 -2.423881180584430695e-02
4.124643802642822266e-01 -1.560523957014083862e-01 -3.297370276413857937e-04 2.684930264949798584e-01
4.093433320522308350e-01 3.907426446676254272e-02 5.040123593062162399e-03 -2.429388090968132019e-02
4.101248383522033691e-01 2.341235727071762085e-01 4.554246086627244949e-03 -3.153823316097259521e-01
4.148072898387908936e-01 3.893704712390899658e-02 -1.753400894813239574e-03 -2.126664295792579651e-02
4.155860543251037598e-01 -1.561597138643264771e-01 -2.178733702749013901e-03 2.708625495433807373e-01
4.124628603458404541e-01 3.899325802922248840e-02 3.238517325371503830e-03 -2.250676229596138000e-02
4.132426977157592773e-01 2.340686172246932983e-01 2.788382116705179214e-03 -3.141661286354064941e-01
4.179240763187408447e-01 3.890705481171607971e-02 -3.494940930977463722e-03 -2.060515619814395905e-02
4.187022149562835693e-01 -1.561646014451980591e-01 -3.907043952494859695e-03 2.709730267524719238e-01
4.155789315700531006e-01 3.901288658380508423e-02 1.512416638433933258e-03 -2.293963171541690826e-02
4.163591861724853516e-01 2.341131120920181274e-01 1.053623971529304981e-03 -3.151449859142303467e-01
4.210414588451385498e-01 3.897617012262344360e-02 -5.249275825917720795e-03 -2.212997153401374817e-02
4.218209683895111084e-01 -1.560701131820678711e-01 -5.691875237971544266e-03 2.688921391963958740e-01
4.186995625495910645e-01 3.913260623812675476e-02 -3.140325134154409170e-04 -2.558059431612491608e-02
4.194822311401367188e-01 -1.559848338365554810e-01 -8.256444125436246395e-04 2.670032382011413574e-01
4.163625240325927734e-01 3.914888575673103333e-02 4.514420405030250549e-03 -2.593999169766902924e-02
4.171455204486846924e-01 2.342058122158050537e-01 3.995620645582675934e-03 -3.171951472759246826e-01
4.218296110630035400e-01 3.902717307209968567e-02 -2.348282607272267342e-03 -2.325483411550521851e-02
4.226101636886596680e-01 -1.560610234737396240e-01 -2.813379513099789619e-03 2.686862647533416748e-01
4.194889366626739502e-01 3.910096362233161926e-02 2.560345688834786415e-03 -2.488269843161106110e-02
4.202709794044494629e-01 2.341860979795455933e-01 2.062691841274499893e-03 -3.167566955089569092e-01
4.249546825885772705e-01 3.903483226895332336e-02 -4.272442311048507690e-03 -2.342399396002292633e-02
4.257353842258453369e-01 -1.560255885124206543e-01 -4.740922246128320694e-03 2.679078578948974609e-01
4.226148724555969238e-01 3.916370123624801636e-02 6.172352004796266556e-04 -2.626659721136093140e-02
4.233981370925903320e-01 2.342768013477325439e-01 9.190323908114805818e-05 -3.187547028064727783e-01
4.280836880207061768e-01 3.915353491902351379e-02 -6.283191032707691193e-03 -2.604280784726142883e-02
4.288667440414428711e-01 -1.558777540922164917e-01 -6.804047152400016785e-03 2.646510899066925049e-01
4.257492125034332275e-01 3.934065252542495728e-02 -1.511025242507457733e-03 -3.017009980976581573e-02
4.265360236167907715e-01 -1.557596027851104736e-01 -2.114427275955677032e-03 2.620356976985931396e-01
4.234208166599273682e-01 3.939247503876686096e-02 3.126286668702960014e-03 -3.131339326500892639e-02
4.242086708545684814e-01 2.344694584608078003e-01 2.500018803402781487e-03 -3.230082988739013672e-01
4.288980662822723389e-01 3.931199014186859131e-02 -3.960147034376859665e-03 -2.953802235424518585e-02
4.296843111515045166e-01 -1.557529419660568237e-01 -4.550907760858535767e-03 2.618927955627441406e-01
4.265692532062530518e-01 3.943367302417755127e-02 6.869484786875545979e-04 -3.222204744815826416e-02
4.273579120635986328e-01 -1.556981205940246582e-01 4.250753045198507607e-05 2.606775462627410889e-01
4.242439568042755127e-01 3.942321985960006714e-02 5.256058182567358017e-03 -3.199198096990585327e-02
4.250324070453643799e-01 2.344693988561630249e-01 4.616218619048595428e-03 -3.230119347572326660e-01
4.297218024730682373e-01 3.928202390670776367e-02 -1.844020094722509384e-03 -2.887682616710662842e-02
4.305074512958526611e-01 -1.558134406805038452e-01 -2.421556506305932999e-03 2.632237076759338379e-01
4.273911714553833008e-01 3.934299945831298828e-02 2.842917805537581444e-03 -3.022200614213943481e-02
4.281780421733856201e-01 2.344240695238113403e-01 2.238477813079953194e-03 -3.220066130161285400e-01
4.328665137290954590e-01 3.927030786871910095e-02 -4.201654344797134399e-03 -2.861859463155269623e-02
4.336519241333007812e-01 -1.557911336421966553e-01 -4.774026107043027878e-03 2.627356946468353271e-01
4.305360913276672363e-01 3.939863294363021851e-02 4.806878278031945229e-04 -3.144916892051696777e-02
4.313240647315979004e-01 2.345136851072311401e-01 -1.482955412939190865e-04 -3.239803910255432129e-01
4.360143542289733887e-01 3.939384967088699341e-02 -6.627903319895267487e-03 -3.134423866868019104e-02
4.368022084236145020e-01 -1.556324362754821777e-01 -7.254788186401128769e-03 2.592401802539825439e-01
4.336895644664764404e-01 3.959233313798904419e-02 -2.069984795525670052e-03 -3.572216257452964783e-02
4.344814121723175049e-01 -1.554998755455017090e-01 -2.784427953884005547e-03 2.563069462776184082e-01
4.313714206218719482e-01 3.966172412037849426e-02 2.341710962355136871e-03 -3.725293278694152832e-02
4.321646690368652344e-01 2.347500175237655640e-01 1.596652204170823097e-03 -3.291960954666137695e-01
4.368596673011779785e-01 3.960537165403366089e-02 -4.987270105630159378e-03 -3.601009771227836609e-02
4.376517534255981445e-01 -1.554447114467620850e-01 -5.707472097128629684e-03 2.550951242446899414e-01
4.345428645610809326e-01 3.975826874375343323e-02 -6.055692792870104313e-04 -3.938255086541175842e-02
4.353380501270294189e-01 -1.553549915552139282e-01 -1.393220270983874798e-03 2.531092464923858643e-01
4.322309494018554688e-01 3.978682309389114380e-02 3.668964607641100883e-03 -4.001279547810554504e-02
4.330266714096069336e-01 2.348559647798538208e-01 2.868708688765764236e-03 -3.315358757972717285e-01
4.377237856388092041e-01 3.969330340623855591e-02 -3.762008855119347572e-03 -3.794968128204345703e-02
4.385176599025726318e-01 -1.553744971752166748e-01 -4.521002527326345444e-03 2.535439133644104004e-01
4.354101717472076416e-01 3.981171175837516785e-02 5.498761893250048161e-04 -4.056157171726226807e-02
4.362064003944396973e-01 -1.553181260824203491e-01 -2.613552496768534184e-04 2.522948086261749268e-01
4.331000447273254395e-01 3.980756178498268127e-02 4.784540738910436630e-03 -4.047055542469024658e-02
4.338961839675903320e-01 2.348605841398239136e-01 3.975129686295986176e-03 -3.316400945186614990e-01
4.385934174060821533e-01 3.968226909637451172e-02 -2.657672157511115074e-03 -3.770624846220016479e-02
4.393870532512664795e-01 -1.554014682769775391e-01 -3.411797108128666878e-03 2.541369795799255371e-01
4.362790286540985107e-01 3.976903110742568970e-02 1.670942408964037895e-03 -3.962013870477676392e-02
4.370743930339813232e-01 2.348669767379760742e-01 8.785396348685026169e-04 -3.317753970623016357e-01
4.417717456817626953e-01 3.973253443837165833e-02 -5.756968166679143906e-03 -3.881555423140525818e-02
4.425663948059082031e-01 -1.553063839673995972e-01 -6.533279549330472946e-03 2.520454525947570801e-01
4.394602477550506592e-01 3.990824148058891296e-02 -1.492370502091944218e-03 -4.269102215766906738e-02
4.402584135532379150e-01 -1.551922708749771118e-01 -2.346190856769680977e-03 2.495206743478775024e-01
4.371545910835266113e-01 3.996310010552406311e-02 2.644222695380449295e-03 -4.390136525034904480e-02
4.379538297653198242e-01 2.350470274686813354e-01 1.766195287927985191e-03 -3.357488512992858887e-01
4.426547884941101074e-01 3.989999368786811829e-02 -4.948781337589025497e-03 -4.250947386026382446e-02
4.434527754783630371e-01 -1.551506519317626953e-01 -5.798970814794301987e-03 2.486079633235931396e-01
4.403497576713562012e-01 4.005363956093788147e-02 -8.268117089755833149e-04 -4.589842632412910461e-02
4.411508440971374512e-01 -1.550564467906951904e-01 -1.744780340231955051e-03 2.465235143899917603e-01
4.380497038364410400e-01 4.009037837386131287e-02 3.185690147802233696e-03 -4.670924320816993713e-02
4.388515353202819824e-01 -1.550770998001098633e-01 2.251505153253674507e-03 2.469770908355712891e-01
4.357499778270721436e-01 4.001261666417121887e-02 7.191047072410583496e-03 -4.499480873346328735e-02
4.365502297878265381e-01 2.350307106971740723e-01 6.291151046752929688e-03 -3.354002535343170166e-01
4.412508606910705566e-01 3.981979936361312866e-02 -4.168539308011531830e-04 -4.074007645249366760e-02
4.420472383499145508e-01 -1.552961766719818115e-01 -1.231655478477478027e-03 2.518112957477569580e-01
4.389413297176361084e-01 3.984334692358970642e-02 3.804570529609918594e-03 -4.125986248254776001e-02
4.397381842136383057e-01 2.349105328321456909e-01 2.979373326525092125e-03 -3.327399790287017822e-01
4.444364011287689209e-01 3.974630311131477356e-02 -3.675426589325070381e-03 -3.911900520324707031e-02
4.452313184738159180e-01 -1.553227454423904419e-01 -4.457806702703237534e-03 2.524020373821258545e-01
4.421248733997344971e-01 3.986256942152976990e-02 5.902339471504092216e-04 -4.168363660573959351e-02
4.429221153259277344e-01 -1.552678346633911133e-01 -2.434387715766206384e-04 2.511854469776153564e-01
4.398167729377746582e-01 3.985758870840072632e-02 4.780270159244537354e-03 -4.157424718141555786e-02
4.406139254570007324e-01 2.349106669425964355e-01 3.948785364627838135e-03 -3.327451348304748535e-01
4.453121423721313477e-01 3.973273187875747681e-02 -2.706116996705532074e-03 -3.881957009434700012e-02
4.461067914962768555e-01 -1.553503125905990601e-01 -3.482508473098278046e-03 2.530083358287811279e-01
4.429997801780700684e-01 3.982119634747505188e-02 1.577657996676862240e-03 -4.077101498842239380e-02
4.437961876392364502e-01 2.349204868078231812e-01 7.622377015650272369e-04 -3.329557478427886963e-01
4.484946131706237793e-01 3.978769481182098389e-02 -5.896877497434616089e-03 -4.003255441784858704e-02
4.492903649806976318e-01 -1.552491933107376099e-01 -6.697528529912233353e-03 2.507840394973754883e-01
4.461853802204132080e-01 3.996774926781654358e-02 -1.681847963482141495e-03 -4.400388523936271667e-02
4.469847381114959717e-01 -1.551300436258316040e-01 -2.561925677582621574e-03 2.481479346752166748e-01
4.438821375370025635e-01 4.002840071916580200e-02 2.401032950729131699e-03 -4.534198343753814697e-02
4.446826875209808350e-01 2.351158410310745239e-01 1.494193333201110363e-03 -3.372663855552673340e-01
4.493850171566009521e-01 3.997265920042991638e-02 -5.251134745776653290e-03 -4.411265626549720764e-02
4.501844644546508789e-01 -1.550735980272293091e-01 -6.133387796580791473e-03 2.469088733196258545e-01
4.470829963684082031e-01 4.013540595769882202e-02 -1.195210264995694160e-03 -4.770233482122421265e-02
4.478857219219207764e-01 -1.549693793058395386e-01 -2.149256877601146698e-03 2.446032464504241943e-01
4.447863101959228516e-01 4.018319770693778992e-02 2.742808079347014427e-03 -4.875682666897773743e-02
4.455899894237518311e-01 2.352657169103622437e-01 1.767671434208750725e-03 -3.405731022357940674e-01
4.502952992916107178e-01 4.011865332722663879e-02 -5.043790675699710846e-03 -4.733328893780708313e-02
4.510976672172546387e-01 -1.549306064844131470e-01 -5.990456789731979370e-03 2.437540143728256226e-01
4.479990601539611816e-01 4.027638956904411316e-02 -1.115376246161758900e-03 -5.081241577863693237e-02
4.488045871257781982e-01 -1.548295468091964722e-01 -2.131624612957239151e-03 2.415183931589126587e-01
4.457080066204071045e-01 4.032278433442115784e-02 2.698743250221014023e-03 -5.183614417910575867e-02
4.465144574642181396e-01 -1.548377573490142822e-01 1.662020455114543438e-03 2.416970431804656982e-01
4.434176981449127197e-01 4.026041179895401001e-02 6.495960988104343414e-03 -5.046118050813674927e-02
4.442228972911834717e-01 2.352886199951171875e-01 5.486737471073865891e-03 -3.410875201225280762e-01
4.489286839962005615e-01 4.008903354406356812e-02 -1.335012842901051044e-03 -4.667945578694343567e-02
4.497304558753967285e-01 -1.550137549638748169e-01 -2.268601907417178154e-03 2.455819696187973022e-01
4.466301798820495605e-01 4.014053195714950562e-02 2.643037354573607445e-03 -4.781566932797431946e-02
4.474329948425292969e-01 2.352244853973388672e-01 1.686723902821540833e-03 -3.396635353565216064e-01
4.521374702453613281e-01 4.007857292890548706e-02 -5.106546450406312943e-03 -4.644918069243431091e-02
4.529390633106231689e-01 -1.549697816371917725e-01 -6.035530008375644684e-03 2.446182221174240112e-01
4.498396515846252441e-01 4.023785144090652466e-02 -1.143165747635066509e-03 -4.996233433485031128e-02
4.506444036960601807e-01 -1.548676937818527222e-01 -2.142412355169653893e-03 2.423596978187561035e-01
4.475470483303070068e-01 4.028479754924774170e-02 2.704781480133533478e-03 -5.099823325872421265e-02
4.483527541160583496e-01 2.353678643703460693e-01 1.684816787019371986e-03 -3.428265452384948730e-01
4.530601203441619873e-01 4.022198170423507690e-02 -5.171714350581169128e-03 -4.961281269788742065e-02
4.538645446300506592e-01 -1.548254340887069702e-01 -6.163970567286014557e-03 2.414339184761047363e-01
4.507680535316467285e-01 4.038402438163757324e-02 -1.335292123258113861e-03 -5.318689718842506409e-02
4.515757262706756592e-01 -1.547187566757202148e-01 -2.399030141532421112e-03 2.390744388103485107e-01
4.484813511371612549e-01 4.043738543987274170e-02 2.382458653301000595e-03 -5.436424911022186279e-02
4.492900967597961426e-01 -1.547186523675918579e-01 1.295173657126724720e-03 2.390694022178649902e-01
4.461957216262817383e-01 4.038478061556816101e-02 6.076561752706766129e-03 -5.320470035076141357e-02
4.470034241676330566e-01 2.354190796613693237e-01 5.012467969208955765e-03 -3.439642488956451416e-01
4.517118036746978760e-01 4.022617638111114502e-02 -1.866817241534590721e-03 -4.970491677522659302e-02
4.525163173675537109e-01 -1.548689603805541992e-01 -2.860915614292025566e-03 2.423884272575378418e-01
4.494189620018005371e-01 4.029374569654464722e-02 1.986853079870343208e-03 -5.119553208351135254e-02
4.502248167991638184e-01 -1.548566371202468872e-01 9.629423730075359344e-04 2.421136051416397095e-01
4.471276998519897461e-01 4.025154188275337219e-02 5.805214401334524155e-03 -5.026543140411376953e-02
4.479327201843261719e-01 2.352897673845291138e-01 4.799905698746442795e-03 -3.411111235618591309e-01
4.526385068893432617e-01 4.009985923767089844e-02 -2.022316912189126015e-03 -4.691846296191215515e-02
4.534405171871185303e-01 -1.549930274486541748e-01 -2.960686106234788895e-03 2.451257258653640747e-01
4.503406584262847900e-01 4.017107933759689331e-02 1.941828290000557899e-03 -4.848960787057876587e-02
4.511440694332122803e-01 2.352651357650756836e-01 9.720362140797078609e-04 -3.405592441558837891e-01
4.558493793010711670e-01 4.012936353683471680e-02 -5.839148536324501038e-03 -4.756994545459747314e-02
4.566519558429718018e-01 -1.549083739519119263e-01 -6.790547631680965424e-03 2.432649731636047363e-01
4.535537958145141602e-01 4.030990973114967346e-02 -1.925247954204678535e-03 -5.155210569500923157e-02
4.543600082397460938e-01 -1.547843813896179199e-01 -2.956290030851960182e-03 2.405227720737457275e-01
4.512643218040466309e-01 4.037967324256896973e-02 1.854165340773761272e-03 -5.309118703007698059e-02
4.520719051361083984e-01 -1.547688096761703491e-01 7.923415978439152241e-04 2.401761710643768311e-01
4.489765167236328125e-01 4.034180939197540283e-02 5.595864728093147278e-03 -5.225672572851181030e-02
4.497833549976348877e-01 2.353830784559249878e-01 4.550730343908071518e-03 -3.431688845157623291e-01
4.544910192489624023e-01 4.019668325781822205e-02 -2.312647178769111633e-03 -4.905439913272857666e-02
4.552949666976928711e-01 -1.548920273780822754e-01 -3.293735207989811897e-03 2.428979724645614624e-01
4.521971046924591064e-01 4.027681052684783936e-02 1.564224250614643097e-03 -5.082206428050994873e-02
4.530026614665985107e-01 -1.548675298690795898e-01 5.477830418385565281e-04 2.423539757728576660e-01
4.499053061008453369e-01 4.024658724665641785e-02 5.394862499088048935e-03 -5.015611276030540466e-02
4.507102370262145996e-01 2.352907657623291016e-01 4.391740541905164719e-03 -3.411320447921752930e-01
4.554160535335540771e-01 4.010660946369171143e-02 -2.430900465697050095e-03 -4.706745967268943787e-02
4.562181830406188965e-01 -1.549804061651229858e-01 -3.372249659150838852e-03 2.448475062847137451e-01
4.531185626983642578e-01 4.018955305218696594e-02 1.524700317531824112e-03 -4.889719933271408081e-02
4.539223611354827881e-01 2.352896034717559814e-01 5.467563169077038765e-04 -3.410986959934234619e-01
4.586281478404998779e-01 4.015988111495971680e-02 -6.275217514485120773e-03 -4.824338853359222412e-02
4.594313502311706543e-01 -1.548715233802795410e-01 -7.240084931254386902e-03 2.424530684947967529e-01
4.563339352607727051e-01 4.035308957099914551e-02 -2.391023794189095497e-03 -5.250475183129310608e-02
4.571409821510314941e-01 -1.547344923019409180e-01 -3.441118868067860603e-03 2.394228279590606689e-01
4.540463089942932129e-01 4.043644294142723083e-02 1.347337733022868633e-03 -5.434353649616241455e-02
4.548550248146057129e-01 -1.547047942876815796e-01 2.604670007713139057e-04 2.387641817331314087e-01
4.517609179019927979e-01 4.041342809796333313e-02 5.035750567913055420e-03 -5.383657291531562805e-02
4.525691866874694824e-01 2.354628145694732666e-01 3.959019202739000320e-03 -3.449264466762542725e-01
4.572784602642059326e-01 4.028476774692535400e-02 -2.939509460702538490e-03 -5.099771544337272644e-02
4.580841362476348877e-01 -1.547949165105819702e-01 -3.959463909268379211e-03 2.407563179731369019e-01
4.549882411956787109e-01 4.038337618112564087e-02 8.556626271456480026e-04 -5.317289009690284729e-02
4.557959139347076416e-01 -1.547508388757705688e-01 -2.077952085528522730e-04 2.397798746824264526e-01
4.527009129524230957e-01 4.037408530712127686e-02 4.587802570313215256e-03 -5.296858400106430054e-02
4.535083770751953125e-01 2.354299575090408325e-01 3.528430825099349022e-03 -3.442004919052124023e-01
4.582169950008392334e-01 4.025798663496971130e-02 -3.355579217895865440e-03 -5.040701106190681458e-02
4.590221345424652100e-01 -1.548156887292861938e-01 -4.363719373941421509e-03 2.412153184413909912e-01
4.559258222579956055e-01 4.036832228302955627e-02 4.605869180522859097e-04 -5.284084379673004150e-02
4.567331969738006592e-01 -1.547602266073226929e-01 -5.962299765087664127e-04 2.399873584508895874e-01
4.536379873752593994e-01 4.037023335695266724e-02 4.203517455607652664e-03 -5.288356915116310120e-02
4.544453918933868408e-01 2.354316562414169312e-01 3.145845839753746986e-03 -3.442372977733612061e-01
4.591540396213531494e-01 4.026509821414947510e-02 -3.738899948075413704e-03 -5.056402087211608887e-02
4.599593281745910645e-01 -1.548030376434326172e-01 -4.750180523842573166e-03 2.409369051456451416e-01
4.568632543087005615e-01 4.038644209504127502e-02 6.855776155134662986e-05 -5.324055999517440796e-02
4.576709866523742676e-01 -1.547364890575408936e-01 -9.962534531950950623e-04 2.394639998674392700e-01
4.545762538909912109e-01 4.039967805147171021e-02 3.793026553466916084e-03 -5.353301018476486206e-02
4.553842544555664062e-01 2.354670315980911255e-01 2.722366247326135635e-03 -3.450168073177337646e-01
4.600935876369476318e-01 4.030646383762359619e-02 -4.177969880402088165e-03 -5.147664994001388550e-02
4.608997404575347900e-01 -1.547553241252899170e-01 -5.207502748817205429e-03 2.398851662874221802e-01
4.578046202659606934e-01 4.044062271714210510e-02 -4.097994242329150438e-04 -5.443578958511352539e-02
4.586134254932403564e-01 -1.546754539012908936e-01 -1.498515252023935318e-03 2.381178140640258789e-01
4.555199146270751953e-01 4.046787694096565247e-02 3.263841150328516960e-03 -5.503741279244422913e-02
4.563292860984802246e-01 2.355428785085678101e-01 2.163092838600277901e-03 -3.466887772083282471e-01
4.610401391983032227e-01 4.039022698998451233e-02 -4.770683124661445618e-03 -5.332454293966293335e-02
4.618479609489440918e-01 -1.546629965305328369e-01 -5.837173666805028915e-03 2.378493845462799072e-01
4.587546885013580322e-01 4.054185748100280762e-02 -1.080186106264591217e-03 -5.666902661323547363e-02
4.595655202865600586e-01 -1.545645892620086670e-01 -2.213566796854138374e-03 2.356728911399841309e-01
4.564742445945739746e-01 4.058891907334327698e-02 2.499891212210059166e-03 -5.770743638277053833e-02
4.572860002517700195e-01 -1.545687913894653320e-01 1.345742493867874146e-03 2.357631772756576538e-01
4.541946351528167725e-01 4.053391143679618835e-02 6.061005871742963791e-03 -5.649495869874954224e-02
4.550053179264068604e-01 2.355684340000152588e-01 4.931106697767972946e-03 -3.472594320774078369e-01
