1.699447631835937500e-02 -4.743493720889091492e-02 4.080901667475700378e-02 3.840468823909759521e-02
1.604577898979187012e-02 1.470787674188613892e-01 4.157710820436477661e-02 -2.411284297704696655e-01
1.898735389113426208e-02 -4.861167445778846741e-02 3.675454109907150269e-02 6.437370926141738892e-02
1.801512017846107483e-02 1.459645628929138184e-01 3.804201632738113403e-02 -2.164901345968246460e-01
2.093441039323806763e-02 -4.967999458312988281e-02 3.371221199631690979e-02 8.794603496789932251e-02
1.994081214070320129e-02 1.449429094791412354e-01 3.547113388776779175e-02 -1.939129382371902466e-01
2.283966913819313049e-02 -5.066801607608795166e-02 3.159287571907043457e-02 1.097452118992805481e-01
2.182631008327007294e-02 1.439873129129409790e-01 3.378777951002120972e-02 -1.728053092956542969e-01
2.470605634152889252e-02 -5.160152539610862732e-02 3.033167310059070587e-02 1.303422152996063232e-01
2.367402426898479462e-02 1.430730968713760376e-01 3.293851763010025024e-02 -1.526192575693130493e-01
2.653548680245876312e-02 -5.250463262200355530e-02 2.988613210618495941e-02 1.502703726291656494e-01
2.548539452254772186e-02 1.421768963336944580e-01 3.289153799414634705e-02 -1.328363120555877686e-01
2.832893282175064087e-02 -5.340037867426872253e-02 3.023481369018554688e-02 1.700393110513687134e-01
2.726092375814914703e-02 1.412760615348815918e-01 3.363559767603874207e-02 -1.129542067646980286e-01
3.008644655346870422e-02 3.359003067016601562e-01 3.137651458382606506e-02 -3.948384523391723633e-01
3.680445253849029541e-02 1.403475105762481689e-01 2.347974665462970734e-02 -9.243045747280120850e-02
3.961140289902687073e-02 -5.510296672582626343e-02 2.163113653659820557e-02 2.075668722391128540e-01
3.850934281945228577e-02 1.397030949592590332e-01 2.578247524797916412e-02 -7.821481674909591675e-02
4.130340367555618286e-02 3.344461321830749512e-01 2.421817742288112640e-02 -3.626530766487121582e-01
4.799232631921768188e-02 1.389884948730468750e-01 1.696511544287204742e-02 -6.243314221501350403e-02
5.077209696173667908e-02 -5.637253448367118835e-02 1.571645401418209076e-02 2.355537414550781250e-01
4.964464530348777771e-02 1.385213881731033325e-01 2.042752876877784729e-02 -5.213059112429618835e-02
5.241507291793823242e-02 3.333445489406585693e-01 1.938491687178611755e-02 -3.382991254329681396e-01
5.908196419477462769e-02 1.379522085189819336e-01 1.261893380433320999e-02 -3.956683725118637085e-02
6.184101104736328125e-02 -5.734840407967567444e-02 1.182759739458560944e-02 2.570706307888031006e-01
6.069404259324073792e-02 1.376027017831802368e-01 1.696901023387908936e-02 -3.185835480690002441e-02
6.344609707593917847e-02 3.324772417545318604e-01 1.633184216916561127e-02 -3.191394507884979248e-01
7.009564340114593506e-02 1.371265649795532227e-01 9.949053637683391571e-03 -2.135112881660461426e-02
7.283817231655120850e-02 -5.813664942979812622e-02 9.522031061351299286e-03 2.744541466236114502e-01
7.167544215917587280e-02 1.368481516838073730e-01 1.501111406832933426e-02 -1.521035470068454742e-02
7.441240549087524414e-02 3.317516446113586426e-01 1.470690779387950897e-02 -3.031195402145385742e-01
8.104743808507919312e-02 1.364232152700424194e-01 8.644516579806804657e-03 -5.834919400513172150e-03
8.377590030431747437e-02 -5.882163345813751221e-02 8.527818135917186737e-03 2.895628809928894043e-01
8.259946852922439575e-02 1.361776888370513916e-01 1.431907527148723602e-02 -4.183170385658740997e-04
8.532302081584930420e-02 3.310913741588592529e-01 1.431070920079946518e-02 -2.885492146015167236e-01
9.194485098123550415e-02 1.357683092355728149e-01 8.539724163711071014e-03 8.612581528723239899e-03
9.466021507978439331e-02 -5.947506427764892578e-02 8.711975999176502228e-03 3.039776086807250977e-01
9.347071498632431030e-02 1.355216503143310547e-01 1.479152869433164597e-02 1.405492611229419708e-02
9.618114680051803589e-02 3.304283916950225830e-01 1.507262699306011200e-02 -2.739246487617492676e-01
1.027897149324417114e-01 1.350946575403213501e-01 9.594134055078029633e-03 2.347386069595813751e-02
1.054916083812713623e-01 3.300777077674865723e-01 1.006361097097396851e-02 -2.661666274070739746e-01
1.120931580662727356e-01 1.348135918378829956e-01 4.740278702229261398e-03 2.967337518930435181e-02
1.147894337773323059e-01 3.298672437667846680e-01 5.333746317774057388e-03 -2.615101933479309082e-01
1.213867813348770142e-01 1.346695572137832642e-01 1.035425957525148988e-04 3.285029157996177673e-02
1.240801662206649780e-01 3.297900259494781494e-01 7.605483988299965858e-04 -2.597999572753906250e-01
1.306759715080261230e-01 1.346572190523147583e-01 -4.435450769960880280e-03 3.312275186181068420e-02
1.333691179752349854e-01 -6.040083989500999451e-02 -3.772995900362730026e-03 3.244029581546783447e-01
1.321610957384109497e-01 1.347746253013610840e-01 2.715063281357288361e-03 3.053257241845130920e-02
1.348565965890884399e-01 3.298575282096862793e-01 3.325714729726314545e-03 -2.612924873828887939e-01
1.414537429809570312e-01 1.346882730722427368e-01 -1.900135073810815811e-03 3.243755176663398743e-02
1.441475003957748413e-01 3.298374116420745850e-01 -1.251384033821523190e-03 -2.608442902565002441e-01
1.507442593574523926e-01 1.347333490848541260e-01 -6.468269508332014084e-03 3.144368156790733337e-02
1.534389257431030273e-01 -6.029524281620979309e-02 -5.839395802468061447e-03 3.220787942409515381e-01
1.522330194711685181e-01 1.349093765020370483e-01 6.021800800226628780e-04 2.756009623408317566e-02
1.549312025308609009e-01 3.300226926803588867e-01 1.153382007032632828e-03 -2.649327814579010010e-01
1.615316569805145264e-01 1.348842829465866089e-01 -4.145273473113775253e-03 2.811371535062789917e-02
1.642293483018875122e-01 3.300654292106628418e-01 -3.582999110221862793e-03 -2.658742070198059082e-01
1.708306521177291870e-01 1.349948048591613770e-01 -8.900483138859272003e-03 2.567646466195583344e-02
1.735305488109588623e-01 -5.999837443232536316e-02 -8.386953733861446381e-03 3.155379593372344971e-01
1.723305881023406982e-01 1.352420300245285034e-01 -2.076194854453206062e-03 2.022190578281879425e-02
1.750354170799255371e-01 3.303937017917633057e-01 -1.671756734140217304e-03 -2.731153666973114014e-01
1.816432923078536987e-01 1.352956444025039673e-01 -7.134064100682735443e-03 1.903982087969779968e-02
1.843492090702056885e-01 -5.972328037023544312e-02 -6.753267720341682434e-03 3.094633519649505615e-01
1.831547468900680542e-01 1.354942321777343750e-01 -5.640004528686404228e-04 1.465831231325864792e-02
1.858646273612976074e-01 3.306242823600769043e-01 -2.708341635297983885e-04 -2.782025039196014404e-01
1.924771070480346680e-01 1.355061829090118408e-01 -5.834884475916624069e-03 1.439498364925384521e-02
1.951872408390045166e-01 -5.953160300850868225e-02 -5.546984728425741196e-03 3.052312433719635010e-01
1.939966082572937012e-01 1.356689631938934326e-01 5.576401017606258392e-04 1.080410182476043701e-02
1.967099905014038086e-01 3.307829201221466064e-01 7.737221312709152699e-04 -2.817028164863586426e-01
2.033256441354751587e-01 1.356499195098876953e-01 -4.860334564000368118e-03 1.122402492910623550e-02
2.060386389493942261e-01 3.308412432670593262e-01 -4.635854158550500870e-03 -2.829884290695190430e-01
2.126554697751998901e-01 1.357857137918472290e-01 -1.029562205076217651e-02 8.228779770433902740e-03
2.153711766004562378e-01 -5.918707698583602905e-02 -1.013104710727930069e-02 2.976455986499786377e-01
2.141874432563781738e-01 1.360778212547302246e-01 -4.178134724497795105e-03 1.784827793017029762e-03
2.169089913368225098e-01 3.312594294548034668e-01 -4.142438061535358429e-03 -2.922134101390838623e-01
2.235341817140579224e-01 1.361967921257019043e-01 -9.986706078052520752e-03 -8.398360223509371281e-04
2.262581139802932739e-01 -5.878051742911338806e-02 -1.000350341200828552e-02 2.886755168437957764e-01
2.250825166702270508e-01 1.364826411008834839e-01 -4.229993093758821487e-03 -7.145563606172800064e-03
2.278121560811996460e-01 -5.857838690280914307e-02 -4.372904077172279358e-03 2.841997444629669189e-01
2.266405969858169556e-01 1.366056650876998901e-01 1.311090774834156036e-03 -9.859147481620311737e-03
2.293727099895477295e-01 3.317087888717651367e-01 1.113907899707555771e-03 -3.021281063556671143e-01
2.360068857669830322e-01 1.365709751844406128e-01 -4.928654525429010391e-03 -9.094099514186382294e-03
2.387382984161376953e-01 3.317632675170898438e-01 -5.110536701977252960e-03 -3.033279776573181152e-01
2.453735619783401489e-01 1.367145180702209473e-01 -1.117709651589393616e-02 -1.226118486374616623e-02
2.481078654527664185e-01 -5.824537202715873718e-02 -1.142232026904821396e-02 2.768743932247161865e-01
2.469429522752761841e-01 1.370376646518707275e-01 -5.884832236915826797e-03 -1.938914507627487183e-02
2.496837079524993896e-01 -5.799940600991249084e-02 -6.272615399211645126e-03 2.714312672615051270e-01
2.485237121582031250e-01 1.372114866971969604e-01 -8.439902449026703835e-04 -2.322346344590187073e-02
2.512679398059844971e-01 3.323455452919006348e-01 -1.308459555730223656e-03 -3.161725699901580811e-01
2.579148709774017334e-01 1.372422426939010620e-01 -7.631910499185323715e-03 -2.390256337821483612e-02
2.606596946716308594e-01 -5.776943266391754150e-02 -8.109961636364459991e-03 2.663626670837402344e-01
2.595043182373046875e-01 1.374673247337341309e-01 -2.782708499580621719e-03 -2.886713109910488129e-02
2.622536718845367432e-01 3.326290547847747803e-01 -3.360051196068525314e-03 -3.224267363548278809e-01
2.689062356948852539e-01 1.375551223754882812e-01 -9.808585979044437408e-03 -3.080532327294349670e-02
2.716573476791381836e-01 -5.742480233311653137e-02 -1.042469218373298645e-02 2.587668299674987793e-01
2.705088555812835693e-01 1.378444135189056396e-01 -5.249355919659137726e-03 -3.718588501214981079e-02
2.732657492160797119e-01 -5.720187351107597351e-02 -5.993073340505361557e-03 2.538362145423889160e-01
2.721216976642608643e-01 1.380051374435424805e-01 -9.163494105450809002e-04 -4.073100164532661438e-02
2.748818099498748779e-01 3.331402242183685303e-01 -1.730969524942338467e-03 -3.337028920650482178e-01
2.815445959568023682e-01 1.380429416894912720e-01 -8.405027911067008972e-03 -4.156634211540222168e-02
2.843054533004760742e-01 -5.695747956633567810e-02 -9.236354380846023560e-03 2.484529167413711548e-01
2.831663191318511963e-01 1.382951587438583374e-01 -4.267296288162469864e-03 -4.712899401783943176e-02
2.859322130680084229e-01 -5.676534771919250488e-02 -5.209876224398612976e-03 2.442045211791992188e-01
2.847969233989715576e-01 1.384306252002716064e-01 -3.257857752032577991e-04 -5.011717230081558228e-02
2.875655293464660645e-01 3.335572481155395508e-01 -1.328129204921424389e-03 -3.429028689861297607e-01
2.942366600036621094e-01 1.384542137384414673e-01 -8.186186663806438446e-03 -5.063905194401741028e-02
2.970057427883148193e-01 -5.654940009117126465e-02 -9.198967367410659790e-03 2.394498586654663086e-01
2.958747744560241699e-01 1.387027502059936523e-01 -4.409970249980688095e-03 -5.612042173743247986e-02
2.986488044261932373e-01 -5.635569617152214050e-02 -5.532378796488046646e-03 2.351678758859634399e-01
2.975217103958129883e-01 1.388448625802993774e-01 -8.290213881991803646e-04 -5.925499647855758667e-02
3.002986013889312744e-01 -5.626519769430160522e-02 -2.014121273532509804e-03 2.331662476062774658e-01
2.991732954978942871e-01 1.388854831457138062e-01 2.649203874170780182e-03 -6.015131250023841858e-02
3.019510209560394287e-01 3.339693546295166016e-01 1.446177600882947445e-03 -3.519972264766693115e-01
3.086304068565368652e-01 1.388268619775772095e-01 -5.593766923993825912e-03 -5.885861814022064209e-02
3.114069402217864990e-01 -5.621444806456565857e-02 -6.770939100533723831e-03 2.320542037487030029e-01
3.102826476097106934e-01 1.390035897493362427e-01 -2.129855332896113396e-03 -6.275679171085357666e-02
3.130627274513244629e-01 -5.608775466680526733e-02 -3.384991083294153214e-03 2.292533814907073975e-01
3.119409680366516113e-01 1.390824019908905029e-01 1.200076658278703690e-03 -6.449536234140396118e-02
3.147225975990295410e-01 3.341871201992034912e-01 -8.983054431155323982e-05 -3.567994236946105957e-01
3.214063644409179688e-01 1.390664577484130859e-01 -7.225818932056427002e-03 -6.414481252431869507e-02
3.241876661777496338e-01 -5.595115199685096741e-02 -8.508714847266674042e-03 2.262495905160903931e-01
3.230686485767364502e-01 1.392913609743118286e-01 -3.983722999691963196e-03 -6.910511106252670288e-02
3.258544802665710449e-01 -5.577325075864791870e-02 -5.365825258195400238e-03 2.223182767629623413e-01
3.247390091419219971e-01 1.394249796867370605e-01 -9.194598533213138580e-04 -7.205240428447723389e-02
3.275275230407714844e-01 -5.568377301096916199e-02 -2.360507845878601074e-03 2.203402817249298096e-01
3.264138400554656982e-01 1.394718438386917114e-01 2.046297769993543625e-03 -7.308630645275115967e-02
3.292032778263092041e-01 3.345643877983093262e-01 5.845716805197298527e-04 -3.651229143142700195e-01
3.358945548534393311e-01 1.394341439008712769e-01 -6.717886775732040405e-03 -7.225572317838668823e-02
3.386832475662231445e-01 -5.559086054563522339e-02 -8.163001388311386108e-03 2.183001339435577393e-01
3.375714421272277832e-01 1.396468281745910645e-01 -3.796998178586363792e-03 -7.694652676582336426e-02
3.403643667697906494e-01 -5.542048811912536621e-02 -5.335928872227668762e-03 2.145360112190246582e-01
3.392559587955474854e-01 1.397773325443267822e-01 -1.045208540745079517e-03 -7.982531189918518066e-02
3.420515060424804688e-01 -5.532961338758468628e-02 -2.641714876517653465e-03 2.125276625156402588e-01
3.409449160099029541e-01 1.398300081491470337e-01 1.608838560059666634e-03 -8.098740875720977783e-02
3.437415063381195068e-01 3.349288702011108398e-01 -1.090967361960792914e-05 -3.731622993946075439e-01
3.504400849342346191e-01 1.398070603609085083e-01 -7.474155630916357040e-03 -8.048282563686370850e-02
3.532362282276153564e-01 -5.520695075392723083e-02 -9.083812125027179718e-03 2.098326534032821655e-01
3.521320819854736328e-01 1.400436908006668091e-01 -4.887159448117017746e-03 -8.570184558629989624e-02
3.549329638481140137e-01 -5.500786006450653076e-02 -6.601196248084306717e-03 2.054351717233657837e-01
3.538328111171722412e-01 1.402078717947006226e-01 -2.492492785677313805e-03 -8.932276815176010132e-02
3.566369712352752686e-01 -5.487827211618423462e-02 -4.278948064893484116e-03 2.025727331638336182e-01
3.555394113063812256e-01 1.403046101331710815e-01 -2.274935395689681172e-04 -9.145691990852355957e-02
3.583455085754394531e-01 -5.481407791376113892e-02 -2.056631958112120628e-03 2.011542171239852905e-01
3.572492003440856934e-01 1.403372287750244141e-01 1.966452458873391151e-03 -9.217676520347595215e-02
3.600559532642364502e-01 3.354309499263763428e-01 1.229172921739518642e-04 -3.842386305332183838e-01
3.667645752429962158e-01 1.403072476387023926e-01 -7.561855018138885498e-03 -9.151694923639297485e-02
3.695707321166992188e-01 -5.470551177859306335e-02 -9.392194449901580811e-03 1.987706571817398071e-01
3.684765994548797607e-01 1.405495107173919678e-01 -5.416781175881624222e-03 -9.686022251844406128e-02
3.712876141071319580e-01 -5.449439212679862976e-02 -7.353985682129859924e-03 1.941088140010833740e-01
3.701977133750915527e-01 1.407319754362106323e-01 -3.471809206530451775e-03 -1.008848771452903748e-01
3.730123639106750488e-01 -5.434004217386245728e-02 -5.489506758749485016e-03 1.907006800174713135e-01
3.719255626201629639e-01 1.408600062131881714e-01 -1.675493200309574604e-03 -1.037088930606842041e-01
3.747427463531494141e-01 -5.423789098858833313e-02 -3.749670926481485367e-03 1.884449571371078491e-01
3.736580014228820801e-01 1.409375071525573730e-01 1.922802221088204533e-05 -1.054184809327125549e-01
3.764767348766326904e-01 -5.418471992015838623e-02 -2.089141635224223137e-03 1.872705072164535522e-01
3.753930628299713135e-01 1.409670561552047729e-01 1.656268490478396416e-03 -1.060707271099090576e-01
3.782123923301696777e-01 3.360652327537536621e-01 -4.651460039895027876e-04 -3.982306420803070068e-01
3.849337100982666016e-01 1.409498900175094604e-01 -8.429759182035923004e-03 -1.056944057345390320e-01
3.877526819705963135e-01 -5.405025556683540344e-02 -1.054364722222089767e-02 1.843170821666717529e-01
3.866716921329498291e-01 1.412209570407867432e-01 -6.857305299490690231e-03 -1.116732284426689148e-01
3.894961178302764893e-01 -5.380206182599067688e-02 -9.090770035982131958e-03 1.788384020328521729e-01
3.884200751781463623e-01 1.414487957954406738e-01 -5.514001939445734024e-03 -1.166984289884567261e-01
3.912490308284759521e-01 -5.359372124075889587e-02 -7.847970351576805115e-03 1.742397844791412354e-01
3.901771605014801025e-01 1.416396647691726685e-01 -4.363175015896558762e-03 -1.209085583686828613e-01
3.930099606513977051e-01 -5.341950431466102600e-02 -6.781346164643764496e-03 1.703946441411972046e-01
3.919415771961212158e-01 1.417988538742065430e-01 -3.373453160747885704e-03 -1.244198605418205261e-01
3.947775363922119141e-01 -5.327460914850234985e-02 -5.861850455403327942e-03 1.671968698501586914e-01
3.937120437622070312e-01 1.419307589530944824e-01 -2.517912769690155983e-03 -1.273295134305953979e-01
3.965506851673126221e-01 -5.315503478050231934e-02 -5.064503289759159088e-03 1.645579785108566284e-01
3.954875767230987549e-01 1.420390456914901733e-01 -1.773343770764768124e-03 -1.297183483839035034e-01
3.983283638954162598e-01 -5.305745452642440796e-02 -4.367711022496223450e-03 1.624045819044113159e-01
3.972671926021575928e-01 1.421267539262771606e-01 -1.119619235396385193e-03 -1.316530406475067139e-01
4.001097381114959717e-01 -5.297914519906044006e-02 -3.752680029720067978e-03 1.606764495372772217e-01
3.990501463413238525e-01 1.421963274478912354e-01 -5.391509039327502251e-04 -1.331879794597625732e-01
4.018940925598144531e-01 -5.291789770126342773e-02 -3.202910535037517548e-03 1.593247950077056885e-01
4.008357226848602295e-01 1.422497630119323730e-01 -1.641450035094749182e-05 -1.343668401241302490e-01
4.036807119846343994e-01 -5.287195369601249695e-02 -2.703751204535365105e-03 1.583109050989151001e-01
4.026232659816741943e-01 1.422886103391647339e-01 4.624668799806386232e-04 -1.352237612009048462e-01
4.054690599441528320e-01 -5.283996835350990295e-02 -2.242008224129676819e-03 1.576050370931625366e-01
4.044122397899627686e-01 1.423140168190002441e-01 9.100923780351877213e-04 -1.357843428850173950e-01
4.072585403919219971e-01 -5.282096564769744873e-02 -1.805594540201127529e-03 1.571855545043945312e-01
4.062021076679229736e-01 1.423267871141433716e-01 1.338116708211600780e-03 -1.360664367675781250e-01
4.090486466884613037e-01 -5.281430110335350037e-02 -1.383212162181735039e-03 1.570383459329605103e-01
4.079923629760742188e-01 1.423274278640747070e-01 1.757554709911346436e-03 -1.360806375741958618e-01
4.108389019966125488e-01 -5.281965434551239014e-02 -9.640579810366034508e-04 1.571562588214874268e-01
4.097825288772583008e-01 1.423160880804061890e-01 2.179067116230726242e-03 -1.358306556940078735e-01
4.126288294792175293e-01 -5.283701047301292419e-02 -5.375458858907222748e-04 1.575389355421066284e-01
4.115720987319946289e-01 1.422926336526870728e-01 2.613232936710119247e-03 -1.353135257959365845e-01
4.144179522991180420e-01 -5.286664888262748718e-02 -9.303748811362311244e-05 1.581926941871643066e-01
4.133606255054473877e-01 1.422566324472427368e-01 3.070816397666931152e-03 -1.345195770263671875e-01
4.162057638168334961e-01 -5.290916934609413147e-02 3.804248408414423466e-04 1.591305583715438843e-01
4.151475727558135986e-01 1.422073394060134888e-01 3.563035978004336357e-03 -1.334323287010192871e-01
4.179917275905609131e-01 3.372780680656433105e-01 8.943895809352397919e-04 -4.249890446662902832e-01
4.247372746467590332e-01 1.421434581279754639e-01 -7.605391088873147964e-03 -1.320242881774902344e-01
4.275801479816436768e-01 -5.286873131990432739e-02 -1.024587731808423996e-02 1.582495719194412231e-01
4.265227615833282471e-01 1.423984020948410034e-01 -7.080885581672191620e-03 -1.376479864120483398e-01
4.293707311153411865e-01 -5.262141674757003784e-02 -9.833845309913158417e-03 1.527926474809646606e-01
4.283183217048645020e-01 1.426399499177932739e-01 -6.777992937713861465e-03 -1.429763585329055786e-01
4.311711192131042480e-01 -5.238427594304084778e-02 -9.637519717216491699e-03 1.475605517625808716e-01
4.301234185695648193e-01 1.428743451833724976e-01 -6.686308886855840683e-03 -1.481471657752990723e-01
4.329809248447418213e-01 -5.215121805667877197e-02 -9.649252519011497498e-03 1.424188762903213501e-01
4.319378733634948730e-01 1.431075930595397949e-01 -6.800874602049589157e-03 -1.532925367355346680e-01
4.348000288009643555e-01 -5.191632732748985291e-02 -9.866725653409957886e-03 1.372371315956115723e-01
4.337617158889770508e-01 1.433455497026443481e-01 -7.121982518583536148e-03 -1.585421860218048096e-01
4.366286098957061768e-01 -5.167372152209281921e-02 -1.029282622039318085e-02 1.318854540586471558e-01
4.355951547622680664e-01 1.435941457748413086e-01 -7.655117195099592209e-03 -1.640268713235855103e-01
4.384670257568359375e-01 -5.141738802194595337e-02 -1.093565486371517181e-02 1.262312680482864380e-01
4.374386966228485107e-01 1.438595056533813477e-01 -8.411029353737831116e-03 -1.698815673589706421e-01
4.403158724308013916e-01 -5.114105343818664551e-02 -1.180866081267595291e-02 1.201361045241355896e-01
4.392930567264556885e-01 1.441480815410614014e-01 -9.405938908457756042e-03 -1.762488335371017456e-01
4.421760141849517822e-01 -5.083800852298736572e-02 -1.293091569095849991e-02 1.134520545601844788e-01
4.411592483520507812e-01 1.444668173789978027e-01 -1.066187396645545959e-02 -1.832822710275650024e-01
4.440485835075378418e-01 -5.050096660852432251e-02 -1.432751957327127457e-02 1.060182452201843262e-01
4.430385828018188477e-01 1.448233425617218018e-01 -1.220715511590242386e-02 -1.911502927541732788e-01
4.459350407123565674e-01 -5.012186616659164429e-02 -1.603016071021556854e-02 9.765692055225372314e-02
4.449326097965240479e-01 -2.450104504823684692e-01 -1.407702174037694931e-02 3.852395713329315186e-01
4.400323927402496338e-01 -4.969150573015213013e-02 -6.372231058776378632e-03 8.815167844295501709e-02
4.390385746955871582e-01 1.455212086439132690e-01 -4.609197378158569336e-03 -2.065348625183105469e-01
4.419489800930023193e-01 -4.953453689813613892e-02 -8.739894255995750427e-03 8.469053357839584351e-02
4.409582912921905518e-01 1.457116007804870605e-01 -7.046083919703960419e-03 -2.107369750738143921e-01
4.438725411891937256e-01 -4.930889979004859924e-02 -1.126082334667444229e-02 7.971498370170593262e-02
4.428863525390625000e-01 -2.442676275968551636e-01 -9.666523896157741547e-03 3.688239157199859619e-01
4.380010068416595459e-01 -4.900967329740524292e-02 -2.290045376867055893e-03 7.310875505208969116e-02
4.370208084583282471e-01 1.461450308561325073e-01 -8.278702734969556332e-04 -2.202958166599273682e-01
4.399437010288238525e-01 -4.896507412195205688e-02 -5.233786534518003464e-03 7.212585955858230591e-02
4.389643967151641846e-01 1.462315171957015991e-01 -3.791269380599260330e-03 -2.222037464380264282e-01
4.418890178203582764e-01 -4.883604124188423157e-02 -8.235344663262367249e-03 6.928085535764694214e-02
4.409123063087463379e-01 -2.438389658927917480e-01 -6.849727127701044083e-03 3.593541383743286133e-01
4.360355436801910400e-01 -4.862030968070030212e-02 3.373558865860104561e-04 6.451924145221710205e-02
4.350631237030029297e-01 1.464968025684356689e-01 1.627740799449384212e-03 -2.280572205781936646e-01
4.379930496215820312e-01 -4.864837229251861572e-02 -2.933403709903359413e-03 6.513870507478713989e-02
4.370200932025909424e-01 1.465155184268951416e-01 -1.630629645660519600e-03 -2.284682840108871460e-01
4.399504065513610840e-01 -4.858309775590896606e-02 -6.199995521456003189e-03 6.369984149932861328e-02
4.389787316322326660e-01 -2.436156123876571655e-01 -4.925998393446207047e-03 3.544201850891113281e-01
4.341064393520355225e-01 -4.842396453022956848e-02 2.162405289709568024e-03 6.018804386258125305e-02
4.331379532814025879e-01 1.466669142246246338e-01 3.366166260093450546e-03 -2.318118512630462646e-01
4.360712766647338867e-01 -4.850297048687934875e-02 -1.270070788450539112e-03 6.193097680807113647e-02
4.351012408733367920e-01 1.466371715068817139e-01 -3.145119990222156048e-05 -2.311524003744125366e-01
4.380339682102203369e-01 -4.848433658480644226e-02 -4.654499236494302750e-03 6.152061372995376587e-02
4.370642900466918945e-01 -2.435392439365386963e-01 -3.424086840823292732e-03 3.527313768863677979e-01
4.321934878826141357e-01 -4.836877062916755676e-02 3.630540799349546432e-03 5.897071212530136108e-02
4.312261343002319336e-01 1.467009335756301880e-01 4.809955134987831116e-03 -2.325645387172698975e-01
4.341601431369781494e-01 -4.848941043019294739e-02 1.586642465554177761e-04 6.163170933723449707e-02
4.331903457641601562e-01 1.466302722692489624e-01 1.391298486851155758e-03 -2.310011535882949829e-01
4.361229538917541504e-01 -4.851153865456581116e-02 -3.228724701330065727e-03 6.212031096220016479e-02
4.351527392864227295e-01 1.466565579175949097e-01 -1.986318267881870270e-03 -2.315795421600341797e-01
4.380858540534973145e-01 -4.843695461750030518e-02 -6.617909297347068787e-03 6.047616526484489441e-02
4.371171295642852783e-01 -2.434633970260620117e-01 -5.408385768532752991e-03 3.510637581348419189e-01
4.322478473186492920e-01 -4.826495051383972168e-02 1.612889580428600311e-03 5.668032914400100708e-02
4.312825500965118408e-01 1.468338370323181152e-01 2.746496116742491722e-03 -2.354932874441146851e-01
4.342192411422729492e-01 -4.832724481821060181e-02 -1.963369548320770264e-03 5.805470794439315796e-02
4.332526922225952148e-01 -2.434209883213043213e-01 -8.022754336707293987e-04 3.501175343990325928e-01
4.283842742443084717e-01 -4.828764125704765320e-02 6.200075149536132812e-03 5.718172714114189148e-02
4.274185299873352051e-01 1.467448621988296509e-01 7.343709934502840042e-03 -2.335385978221893311e-01
4.303534030914306641e-01 -4.848124086856842041e-02 2.672937698662281036e-03 6.145169585943222046e-02
4.293837845325469971e-01 1.466022878885269165e-01 3.901971736922860146e-03 -2.303867042064666748e-01
4.323158264160156250e-01 -4.857520386576652527e-02 -7.057624752633273602e-04 6.352447718381881714e-02
4.313443303108215332e-01 1.465568542480468750e-01 5.647271173074841499e-04 -2.293810397386550903e-01
4.342754781246185303e-01 -4.857315868139266968e-02 -4.022893495857715607e-03 6.347997486591339111e-02
4.333040118217468262e-01 -2.436372041702270508e-01 -2.753294073045253754e-03 3.548909425735473633e-01
4.284312725067138672e-01 -4.847621172666549683e-02 4.344524815678596497e-03 6.134109571576118469e-02
4.274617433547973633e-01 1.465831845998764038e-01 5.571346729993820190e-03 -2.299679368734359741e-01
4.303933978080749512e-01 -4.861794039607048035e-02 9.719876688905060291e-04 6.446716189384460449e-02
4.294210374355316162e-01 1.464900672435760498e-01 2.261330839246511459e-03 -2.279089391231536865e-01
4.323508441448211670e-01 -4.866413027048110962e-02 -2.296847989782691002e-03 6.548643112182617188e-02
4.313775599002838135e-01 1.464906781911849976e-01 -9.871192742139101028e-04 -2.279202789068222046e-01
4.343073666095733643e-01 -4.861715435981750488e-02 -5.545524880290031433e-03 6.445111334323883057e-02
4.333350360393524170e-01 -2.436591535806655884e-01 -4.256502725183963776e-03 3.553792536258697510e-01
4.284618496894836426e-01 -4.847694933414459229e-02 2.851082477718591690e-03 6.135717406868934631e-02
4.274923205375671387e-01 1.466040015220642090e-01 4.078225698322057724e-03 -2.304248511791229248e-01
4.304243922233581543e-01 -4.857598245143890381e-02 -5.302712670527398586e-04 6.354168802499771118e-02
4.294528663158416748e-01 1.465535759925842285e-01 7.405625074170529842e-04 -2.293085008859634399e-01
4.323839545249938965e-01 -4.857895895838737488e-02 -3.845607396215200424e-03 6.360793858766555786e-02
4.314123690128326416e-01 -2.436455637216567993e-01 -2.573448698967695236e-03 3.550750911235809326e-01
4.265394508838653564e-01 -4.848711565136909485e-02 4.528053104877471924e-03 6.158178299665451050e-02
4.255697131156921387e-01 1.465696245431900024e-01 5.759688559919595718e-03 -2.296690791845321655e-01
4.285010993480682373e-01 -4.863416031002998352e-02 1.166306901723146439e-03 6.482507288455963135e-02
4.275284111499786377e-01 1.464710533618927002e-01 2.462808508425951004e-03 -2.274896502494812012e-01
4.304578304290771484e-01 -4.868600890040397644e-02 -2.086984459310770035e-03 6.596911698579788208e-02
4.294841289520263672e-01 1.464658081531524658e-01 -7.676021778024733067e-04 -2.273715287446975708e-01
4.324134290218353271e-01 -4.864517226815223694e-02 -5.315032787621021271e-03 6.506916880607604980e-02
4.314405322074890137e-01 -2.436905205249786377e-01 -4.013649653643369675e-03 3.560704290866851807e-01
4.265667200088500977e-01 -4.851173236966133118e-02 3.107759403064846992e-03 6.212460994720458984e-02
4.255964756011962891e-01 1.465655267238616943e-01 4.350251518189907074e-03 -2.295761853456497192e-01
4.285278022289276123e-01 -4.861832037568092346e-02 -2.412720350548624992e-04 6.447578966617584229e-02
4.275554418563842773e-01 1.465070843696594238e-01 1.048243721015751362e-03 -2.282832562923431396e-01
4.304855763912200928e-01 -4.862982779741287231e-02 -3.517421195283532143e-03 6.473014503717422485e-02
4.295129776000976562e-01 -2.437011748552322388e-01 -2.222818322479724884e-03 3.563012182712554932e-01
4.246389567852020264e-01 -4.854768887162208557e-02 4.903206136077642441e-03 6.291822344064712524e-02
4.236679971218109131e-01 1.465036273002624512e-01 6.161570549011230469e-03 -2.282136827707290649e-01
4.265980720520019531e-01 -4.870583862066268921e-02 1.597296795807778835e-03 6.640642881393432617e-02
4.256239533424377441e-01 1.463931798934936523e-01 2.925425535067915916e-03 -2.257721126079559326e-01
4.285518229007720947e-01 -4.877046495676040649e-02 -1.590016763657331467e-03 6.783216446638107300e-02
4.275763928890228271e-01 1.463742405176162720e-01 -2.333733864361420274e-04 -2.253519892692565918e-01
4.305039048194885254e-01 -4.874436929821968079e-02 -4.740413278341293335e-03 6.725730746984481812e-02
4.295290112495422363e-01 -2.437980324029922485e-01 -3.395267063751816750e-03 3.584408462047576904e-01
4.246530532836914062e-01 -4.862798005342483521e-02 3.773549804463982582e-03 6.468924880027770996e-02
4.236804842948913574e-01 1.464396566152572632e-01 5.067334976047277451e-03 -2.268007099628448486e-01
4.266092777252197266e-01 -4.875433817505836487e-02 5.313205183483660221e-04 6.747631728649139404e-02
4.256342053413391113e-01 1.463599950075149536e-01 1.880846917629241943e-03 -2.250389307737350464e-01
4.285613894462585449e-01 -4.878878965973854065e-02 -2.619931707158684731e-03 6.823669373989105225e-02
4.275856018066406250e-01 1.463706195354461670e-01 -1.255197799764573574e-03 -2.252716869115829468e-01
4.305130243301391602e-01 -4.873336479067802429e-02 -5.760631524026393890e-03 6.701504439115524292e-02
4.295383691787719727e-01 -2.437722533941268921e-01 -4.420330282300710678e-03 3.578749001026153564e-01
4.246629178524017334e-01 -4.858773946762084961e-02 2.737167757004499435e-03 6.380142271518707275e-02
4.236911535263061523e-01 1.464948654174804688e-01 4.013196099549531937e-03 -2.280166447162628174e-01
4.266210496425628662e-01 -4.868421331048011780e-02 -5.471368203870952129e-04 6.592947244644165039e-02
4.256473779678344727e-01 1.464455723762512207e-01 7.714526727795600891e-04 -2.269260287284851074e-01
4.285762906074523926e-01 -4.868738725781440735e-02 -3.767067799344658852e-03 6.600014865398406982e-02
4.276025295257568359e-01 -2.437551319599151611e-01 -2.447064965963363647e-03 3.574921488761901855e-01
4.227274358272552490e-01 -4.859847202897071838e-02 4.702778533101081848e-03 6.403861939907073975e-02
4.217554628849029541e-01 1.464557349681854248e-01 5.983550567179918289e-03 -2.271568477153778076e-01
4.246845841407775879e-01 -4.875121265649795532e-02 1.440413761883974075e-03 6.740748882293701172e-02
4.237095415592193604e-01 1.463500559329986572e-01 2.788563491776585579e-03 -2.248206287622451782e-01
4.266365468502044678e-01 -4.881163686513900757e-02 -1.707849092781543732e-03 6.874060630798339844e-02
4.256603121757507324e-01 1.463347524404525757e-01 -3.330369072500616312e-04 -2.244806587696075439e-01
4.285870194435119629e-01 -4.878243058919906616e-02 -4.822649993002414703e-03 6.809718906879425049e-02
4.276113808155059814e-01 -2.438349127769470215e-01 -3.460706444457173347e-03 3.592546582221984863e-01
4.227346777915954590e-01 -4.866393283009529114e-02 3.724386682733893394e-03 6.548249721527099609e-02
4.217613935470581055e-01 1.464044153690338135e-01 5.034036468714475632e-03 -2.260230481624603271e-01
4.246894717216491699e-01 -4.878911003470420837e-02 5.135757965035736561e-04 6.824354827404022217e-02
4.237137138843536377e-01 1.463254690170288086e-01 1.878446782939136028e-03 -2.242773026227951050e-01
4.266402125358581543e-01 -4.882327467203140259e-02 -2.607099246233701706e-03 6.899756938219070435e-02
4.256637394428253174e-01 1.463359594345092773e-01 -1.227147760801017284e-03 -2.245067656040191650e-01
4.285904765129089355e-01 -4.876843467354774475e-02 -5.717283114790916443e-03 6.778881698846817017e-02
4.276151061058044434e-01 -2.438079565763473511e-01 -4.361507017165422440e-03 3.586624264717102051e-01
4.227389395236968994e-01 -4.862426966428756714e-02 2.811742015182971954e-03 6.460742652416229248e-02
4.217664599418640137e-01 1.464572548866271973e-01 4.103890620172023773e-03 -2.271870523691177368e-01
4.246955811977386475e-01 -4.872310534119606018e-02 -4.398507007863372564e-04 6.678755581378936768e-02
4.237211346626281738e-01 1.464051455259323120e-01 8.959004189819097519e-04 -2.260341197252273560e-01
4.266492426395416260e-01 -4.872959479689598083e-02 -3.624781733378767967e-03 6.693127751350402832e-02
4.256746470928192139e-01 -2.437993884086608887e-01 -2.286156173795461655e-03 3.584683537483215332e-01
4.207986593246459961e-01 -4.864501208066940308e-02 4.883211106061935425e-03 6.506543606519699097e-02
4.198257625102996826e-01 1.464065909385681152e-01 6.184519734233617783e-03 -2.260728180408477783e-01
4.227539002895355225e-01 -4.880320280790328979e-02 1.663063536398112774e-03 6.855450570583343506e-02
4.217778146266937256e-01 1.462948620319366455e-01 3.034153720363974571e-03 -2.236032485961914062e-01
4.247037172317504883e-01 -4.887031763792037964e-02 -1.437911414541304111e-03 7.003521919250488281e-02
4.237263202667236328e-01 1.462722122669219971e-01 -3.720706808962859213e-05 -2.231010347604751587e-01
4.266517460346221924e-01 -4.884920269250869751e-02 -4.499227739870548248e-03 6.957016140222549438e-02
4.256747663021087646e-01 -2.439063638448715210e-01 -3.107824362814426422e-03 3.608301579952239990e-01
4.207966327667236328e-01 -4.874037206172943115e-02 4.108779132366180420e-03 6.716889888048171997e-02
4.198218286037445068e-01 1.463224291801452637e-01 5.452156998217105865e-03 -2.242148518562316895e-01
4.227482974529266357e-01 -4.887701943516731262e-02 9.678598144091665745e-04 7.018288969993591309e-02
4.217707514762878418e-01 1.462310403585433960e-01 2.371517708525061607e-03 -2.221945077180862427e-01
4.246953725814819336e-01 -4.892472177743911743e-02 -2.072372706606984138e-03 7.123553752899169922e-02
4.237168729305267334e-01 1.462268829345703125e-01 -6.476618000306189060e-04 -2.221005111932754517e-01
4.266414046287536621e-01 -4.888581112027168274e-02 -5.089671816676855087e-03 7.037805020809173584e-02
4.256637096405029297e-01 -2.439344227313995361e-01 -3.682110924273729324e-03 3.614508211612701416e-01
4.207850098609924316e-01 -4.876032844185829163e-02 3.546905471011996269e-03 6.760913133621215820e-02
4.198097884654998779e-01 1.463105827569961548e-01 4.899087827652692795e-03 -2.239526212215423584e-01
4.227360188961029053e-01 -4.888103902339935303e-02 4.200355615466833115e-04 7.027163356542587280e-02
4.217583835124969482e-01 1.462348848581314087e-01 1.825468149036169052e-03 -2.222787439823150635e-01
4.246830940246582031e-01 -4.891310632228851318e-02 -2.620106795802712440e-03 7.097944617271423340e-02
4.237048327922821045e-01 1.462463140487670898e-01 -1.200517755933105946e-03 -2.225289791822433472e-01
4.266297519207000732e-01 -4.885846003890037537e-02 -5.651097279042005539e-03 6.977501511573791504e-02
4.256525933742523193e-01 -2.438989430665969849e-01 -4.255597013980150223e-03 3.606696426868438721e-01
4.207746088504791260e-01 -4.871675744652748108e-02 2.957795979455113411e-03 6.664787977933883667e-02
4.198002815246582031e-01 1.463626623153686523e-01 4.290753509849309921e-03 -2.251003831624984741e-01
4.227275252342224121e-01 -4.882034659385681152e-02 -2.112540387315675616e-04 6.893292069435119629e-02
4.217511117458343506e-01 1.463046371936798096e-01 1.167404348962008953e-03 -2.238166481256484985e-01
4.246772229671478271e-01 -4.883398488163948059e-02 -3.308928571641445160e-03 6.923428922891616821e-02
4.237005412578582764e-01 1.463352441787719727e-01 -1.924242707900702953e-03 -2.244907766580581665e-01
4.266272485256195068e-01 -4.875914752483367920e-02 -6.414058152586221695e-03 6.758454442024230957e-02
4.256520569324493408e-01 -2.437885552644729614e-01 -5.062367301434278488e-03 3.582369089126586914e-01
4.207762777805328369e-01 -4.859500378370285034e-02 2.102371072396636009e-03 6.396201252937316895e-02
4.198043942451477051e-01 1.464967429637908936e-01 3.381611313670873642e-03 -2.280568629503250122e-01
4.227343201637268066e-01 -4.867337271571159363e-02 -1.179525861516594887e-03 6.569083034992218018e-02
4.217608571052551270e-01 1.464654654264450073e-01 1.342907780781388283e-04 -2.273640185594558716e-01
4.246901571750640869e-01 -4.865840077400207520e-02 -4.412989597767591476e-03 6.536126881837844849e-02
4.237169921398162842e-01 -2.437168061733245850e-01 -3.105764044448733330e-03 3.566486239433288574e-01
4.188426434993743896e-01 -4.855083674192428589e-02 4.027208313345909119e-03 6.298798322677612305e-02
4.178716242313385010e-01 1.465131491422653198e-01 5.286967847496271133e-03 -2.284216284751892090e-01
4.208019077777862549e-01 -4.868395999073982239e-02 7.185354479588568211e-04 6.592430174350738525e-02
4.198282063007354736e-01 1.464276760816574097e-01 2.037021564319729805e-03 -2.265318334102630615e-01
4.227567613124847412e-01 -4.872332140803337097e-02 -2.493615262210369110e-03 6.679295003414154053e-02
4.217823147773742676e-01 1.464342921972274780e-01 -1.157756196334958076e-03 -2.266756892204284668e-01
4.247109889984130859e-01 -4.867109283804893494e-02 -5.691269878298044205e-03 6.564182043075561523e-02
4.237375855445861816e-01 -2.437109947204589844e-01 -4.378433339297771454e-03 3.565236926078796387e-01
4.188633561134338379e-01 -4.852706193923950195e-02 2.752040512859821320e-03 6.246335804462432861e-02
4.178928136825561523e-01 1.465553194284439087e-01 4.001307766884565353e-03 -2.293500155210494995e-01
4.208239316940307617e-01 -4.862357676029205322e-02 -5.856926436536014080e-04 6.459237635135650635e-02
4.198514521121978760e-01 1.465067714452743530e-01 7.061548531055450439e-04 -2.282752841711044312e-01
4.227815866470336914e-01 -4.862526804208755493e-02 -3.859350690618157387e-03 6.463030725717544556e-02
4.218090772628784180e-01 -2.436916679143905640e-01 -2.566744573414325714e-03 3.560930788516998291e-01
4.169352352619171143e-01 -4.853332415223121643e-02 4.555117338895797729e-03 6.260190904140472412e-02
4.159645736217498779e-01 1.465230286121368408e-01 5.807155277580022812e-03 -2.286403775215148926e-01
4.188950359821319580e-01 -4.868143051862716675e-02 1.234347815625369549e-03 6.586866080760955811e-02
4.179213941097259521e-01 1.464228034019470215e-01 2.551720943301916122e-03 -2.264245599508285522e-01
4.208498597145080566e-01 -4.873552545905113220e-02 -1.976770348846912384e-03 6.706217676401138306e-02
4.198751449584960938e-01 1.464147120714187622e-01 -6.355267832987010479e-04 -2.262437790632247925e-01
4.228034615516662598e-01 -4.869815334677696228e-02 -5.160402506589889526e-03 6.623861193656921387e-02
4.218294918537139893e-01 -2.437457442283630371e-01 -3.835630137473344803e-03 3.572889566421508789e-01
4.169545769691467285e-01 -4.856946691870689392e-02 3.310148837044835091e-03 6.339901685714721680e-02
4.159831702709197998e-01 1.465048640966415405e-01 4.578129388391971588e-03 -2.282377034425735474e-01
4.189132750034332275e-01 -4.868220537900924683e-02 1.337527919531567022e-05 6.588581204414367676e-02
4.179396331310272217e-01 1.464395523071289062e-01 1.331091509200632572e-03 -2.267929017543792725e-01
4.208684265613555908e-01 -4.870139807462692261e-02 -3.204766428098082542e-03 6.630960851907730103e-02
4.198943972587585449e-01 -2.437772601842880249e-01 -1.878574257716536522e-03 3.579796850681304932e-01
4.150188565254211426e-01 -4.862864688038825989e-02 5.281019490212202072e-03 6.470499932765960693e-02
4.140462875366210938e-01 1.464171856641769409e-01 6.575119681656360626e-03 -2.263070642948150635e-01
4.169746339321136475e-01 -4.879810661077499390e-02 2.048978349193930626e-03 6.844262033700942993e-02
4.159986674785614014e-01 1.462944149971008301e-01 3.417830681428313255e-03 -2.235931307077407837e-01
4.189245402812957764e-01 -4.887622594833374023e-02 -1.054031890816986561e-03 7.016594707965850830e-02
4.179470241069793701e-01 1.462608277797698975e-01 3.492869436740875244e-04 -2.228493541479110718e-01
4.208722412586212158e-01 -4.886612296104431152e-02 -4.107700195163488388e-03 6.994374096393585205e-02
4.198949038982391357e-01 -2.439289391040802002e-01 -2.708825282752513885e-03 3.613278269767761230e-01
4.150163531303405762e-01 -4.876859113574028015e-02 4.517731722444295883e-03 6.779199838638305664e-02
4.140409529209136963e-01 1.462883055210113525e-01 5.873571615666151047e-03 -2.234621495008468628e-01
4.169667363166809082e-01 -4.891710728406906128e-02 1.404328504577279091e-03 7.106773555278778076e-02
4.159883856773376465e-01 1.461846828460693359e-01 2.825683215633034706e-03 -2.211717963218688965e-01
4.189120829105377197e-01 -4.897754266858100891e-02 -1.597752678208053112e-03 7.240112870931625366e-02
4.179325401782989502e-01 1.461672782897949219e-01 -1.497300399933010340e-04 -2.207854688167572021e-01
4.208558797836303711e-01 -4.895253479480743408e-02 -4.565439186990261078e-03 7.185022532939910889e-02
4.198768138885498047e-01 -2.440087348222732544e-01 -3.128434764221310616e-03 3.630892336368560791e-01
4.149966537952423096e-01 -4.884245991706848145e-02 4.133350215852260590e-03 6.942150741815567017e-02
4.140197932720184326e-01 1.462199836969375610e-01 5.521780345588922501e-03 -2.219544649124145508e-01
4.169442057609558105e-01 -4.898045212030410767e-02 1.082690898329019547e-03 7.246512174606323242e-02
4.159646034240722656e-01 1.461259573698043823e-01 2.531993435695767403e-03 -2.198760062456130981e-01
4.188871085643768311e-01 -4.903209209442138672e-02 -1.865526894107460976e-03 7.360453158617019653e-02
4.179064631462097168e-01 1.461165547370910645e-01 -3.934362612199038267e-04 -2.196663916110992432e-01
4.208287894725799561e-01 -4.899977147579193115e-02 -4.786764271557331085e-03 7.289240509271621704e-02
4.198487997055053711e-01 -2.440527677536010742e-01 -3.328915918245911598e-03 3.640612363815307617e-01
4.149677455425262451e-01 -4.888366907835006714e-02 3.952309023588895798e-03 7.033051550388336182e-02
4.139900803565979004e-01 1.461814045906066895e-01 5.358919501304626465e-03 -2.211028188467025757e-01
4.169137179851531982e-01 -4.901674017310142517e-02 9.368629544042050838e-04 7.326569408178329468e-02
4.159333705902099609e-01 1.460917741060256958e-01 2.402176847681403160e-03 -2.191215008497238159e-01
4.188552200794219971e-01 -4.906443879008293152e-02 -1.980253029614686966e-03 7.431820780038833618e-02
4.178739190101623535e-01 1.460858434438705444e-01 -4.938889178447425365e-04 -2.189888358116149902e-01
4.207956492900848389e-01 -4.902904480695724487e-02 -4.873665515333414078e-03 7.353825122117996216e-02
4.198150634765625000e-01 -2.440807819366455078e-01 -3.402900649234652519e-03 3.646795451641082764e-01
4.149334430694580078e-01 -4.891064018011093140e-02 3.890690160915255547e-03 7.092556357383728027e-02
4.139552116394042969e-01 1.461553126573562622e-01 5.309201776981353760e-03 -2.205272912979125977e-01
4.168783426284790039e-01 -4.904212057590484619e-02 8.986556786112487316e-04 7.382563501596450806e-02
4.158974885940551758e-01 1.460669338703155518e-01 2.375168260186910629e-03 -2.185736298561096191e-01
4.188188314437866211e-01 -4.908888787031173706e-02 -1.996304141357541084e-03 7.485757768154144287e-02
4.178370535373687744e-01 1.460616290569305420e-01 -4.991526366211473942e-04 -2.184545248746871948e-01
4.207582771778106689e-01 -4.905318841338157654e-02 -4.868242889642715454e-03 7.407090812921524048e-02
4.197772145271301270e-01 -2.441050112247467041e-01 -3.386824857443571091e-03 3.652139306068420410e-01
4.148951172828674316e-01 -4.893508926033973694e-02 3.917453344911336899e-03 7.146499305963516235e-02
4.139164090156555176e-01 1.461304724216461182e-01 5.346753634512424469e-03 -2.199793905019760132e-01
4.168390333652496338e-01 -4.906748980283737183e-02 9.471657685935497284e-04 7.438532263040542603e-02
4.158576726913452148e-01 1.460408717393875122e-01 2.434872323647141457e-03 -2.179986238479614258e-01
4.187785089015960693e-01 -4.911580309271812439e-02 -1.925100223161280155e-03 7.545137405395507812e-02
4.177961647510528564e-01 1.460336893796920776e-01 -4.160726966802030802e-04 -2.178383022546768188e-01
4.207168519496917725e-01 -4.908230900764465332e-02 -4.772838670760393143e-03 7.471334189176559448e-02
4.197351932525634766e-01 -2.441355139017105103e-01 -3.278571879491209984e-03 3.658865988254547119e-01
4.148524999618530273e-01 -4.896712303161621094e-02 4.039159975945949554e-03 7.217169553041458130e-02
4.138731658458709717e-01 1.460966914892196655e-01 5.482594016939401627e-03 -2.192341238260269165e-01
4.167950749397277832e-01 -4.910320416092872620e-02 1.097911619581282139e-03 7.517319172620773315e-02
4.158130288124084473e-01 1.460029929876327515e-01 2.601375337690114975e-03 -2.171631455421447754e-01
4.187330901622772217e-01 -4.915605112910270691e-02 -1.741887419484555721e-03 7.633923739194869995e-02
4.177499711513519287e-01 1.459908336400985718e-01 -2.151026419596746564e-04 -2.168927490711212158e-01
4.206697940826416016e-01 -4.912804812192916870e-02 -4.552957601845264435e-03 7.572231441736221313e-02
4.196872115135192871e-01 1.460588723421096802e-01 -3.038511378690600395e-03 -2.183936089277267456e-01
4.226084053516387939e-01 -4.901950433850288391e-02 -7.406383752822875977e-03 7.332929968833923340e-02
4.216279983520507812e-01 -2.440344989299774170e-01 -5.939797498285770416e-03 3.636662960052490234e-01
4.167473018169403076e-01 -4.882863536477088928e-02 1.333528663963079453e-03 6.911639124155044556e-02
4.157707393169403076e-01 1.462741792201995850e-01 2.715856302529573441e-03 -2.231454998254776001e-01
4.186962246894836426e-01 -4.888648912310600281e-02 -1.747053698636591434e-03 7.039286941289901733e-02
4.177184998989105225e-01 1.462604701519012451e-01 -3.391962964087724686e-04 -2.228407412767410278e-01
4.206437170505523682e-01 -4.885663837194442749e-02 -4.796011373400688171e-03 6.973516196012496948e-02
4.196665883064270020e-01 -2.439095079898834229e-01 -3.401307854801416397e-03 3.609010875225067139e-01
4.147883951663970947e-01 -4.873936995863914490e-02 3.816713578999042511e-03 6.714758276939392090e-02
4.138135910034179688e-01 1.463276594877243042e-01 5.159665364772081375e-03 -2.243287116289138794e-01
4.167401492595672607e-01 -4.886765778064727783e-02 6.730910972692072392e-04 6.997729837894439697e-02
4.157627820968627930e-01 1.462446302175521851e-01 2.072637202218174934e-03 -2.224931865930557251e-01
4.186877012252807617e-01 -4.890687763690948486e-02 -2.377226715907454491e-03 7.084280997514724731e-02
4.177095592021942139e-01 1.462490707635879517e-01 -9.603704093024134636e-04 -2.225891947746276855e-01
4.206345379352569580e-01 -4.885913804173469543e-02 -5.412154365330934525e-03 6.979063898324966431e-02
4.196573495864868164e-01 -2.439030855894088745e-01 -4.016341641545295715e-03 3.607611060142517090e-01
4.147792756557464600e-01 -4.872427135705947876e-02 3.198880469426512718e-03 6.681444495916366577e-02
4.138047993183135986e-01 1.463516652584075928e-01 4.535169340670108795e-03 -2.248574942350387573e-01
4.167318344116210938e-01 -4.883480072021484375e-02 3.801946513704024255e-05 6.925253570079803467e-02
4.157551527023315430e-01 1.462866067886352539e-01 1.423070207238197327e-03 -2.234183996915817261e-01
4.186808764934539795e-01 -4.885565862059593201e-02 -3.045297693461179733e-03 6.971307843923568726e-02
4.177037477493286133e-01 -2.439338117837905884e-01 -1.651036203838884830e-03 3.614336550235748291e-01
4.128250777721405029e-01 -4.878843575716018677e-02 5.577636882662773132e-03 6.823056936264038086e-02
4.118493199348449707e-01 1.462531089782714844e-01 6.942248437553644180e-03 -2.226873785257339478e-01
4.147743880748748779e-01 -4.896738007664680481e-02 2.488500904291868210e-03 7.217730581760406494e-02
4.137950241565704346e-01 1.461188048124313354e-01 3.932046703994274139e-03 -2.197194546461105347e-01
4.167174100875854492e-01 -4.905913025140762329e-02 -4.623421991709619761e-04 7.420120388269424438e-02
4.157362282276153564e-01 1.460694521665573120e-01 1.021681935526430607e-03 -2.186275571584701538e-01
4.186576008796691895e-01 -4.906709492206573486e-02 -3.350869286805391312e-03 7.437747716903686523e-02
4.176762700080871582e-01 1.461027413606643677e-01 -1.863319659605622292e-03 -2.193607687950134277e-01
4.205983281135559082e-01 -4.899252951145172119e-02 -6.250535137951374054e-03 7.273379713296890259e-02
4.196184873580932617e-01 -2.440243214368820190e-01 -4.795859102159738541e-03 3.634381294250488281e-01
4.147379994392395020e-01 -4.883453249931335449e-02 2.472903346642851830e-03 6.924683600664138794e-02
4.137612879276275635e-01 1.462518721818923950e-01 3.857840085402131081e-03 -2.226548492908477783e-01
4.166863262653350830e-01 -4.892500117421150208e-02 -5.952570936642587185e-04 7.124248892068862915e-02
4.157078266143798828e-01 1.462054848670959473e-01 8.295926963910460472e-04 -2.216281890869140625e-01
4.186319410800933838e-01 -4.892832040786743164e-02 -3.602971090003848076e-03 7.131630927324295044e-02
4.176533818244934082e-01 -2.439984381198883057e-01 -2.176644746214151382e-03 3.628603219985961914e-01
4.127734005451202393e-01 -4.884561523795127869e-02 5.080561619251966476e-03 6.949184089899063110e-02
4.117965102195739746e-01 1.462031304836273193e-01 6.470398046076297760e-03 -2.215838283300399780e-01
4.147205650806427002e-01 -4.901070520281791687e-02 2.038721926510334015e-03 7.313308864831924438e-02
4.137403368949890137e-01 1.460819542407989502e-01 3.501383587718009949e-03 -2.189059257507324219e-01
4.166619777679443359e-01 -4.908986762166023254e-02 -8.767348481342196465e-04 7.487943023443222046e-02
4.156801998615264893e-01 1.460446417331695557e-01 6.208537961356341839e-04 -2.180799841880798340e-01
4.186010658740997314e-01 -4.908617958426475525e-02 -3.740745829418301582e-03 7.479872554540634155e-02
4.176193475723266602e-01 1.460891962051391602e-01 -2.244771225377917290e-03 -2.190620750188827515e-01
