1.762422174215316772e-02 -9.431565995328128338e-04 2.272242121398448944e-02 3.829284012317657471e-02
1.760535873472690582e-02 1.938457041978836060e-01 2.348827943205833435e-02 -2.471352070569992065e-01
2.148227207362651825e-02 -1.603686832822859287e-03 1.854557357728481293e-02 5.286293104290962219e-02
2.145019918680191040e-02 1.932474970817565918e-01 1.960283331573009491e-02 -2.339114993810653687e-01
2.531514875590801239e-02 -2.148970728740096092e-03 1.492460258305072784e-02 6.488975137472152710e-02
2.527217008173465729e-02 1.927558630704879761e-01 1.622239872813224792e-02 -2.230472564697265625e-01
2.912728674709796906e-02 -2.594158053398132324e-03 1.176145300269126892e-02 7.470838725566864014e-02
2.907540276646614075e-02 1.923572272062301636e-01 1.325562037527561188e-02 -2.142406702041625977e-01
3.292254731059074402e-02 -2.951706293970346451e-03 8.970807306468486786e-03 8.259402215480804443e-02
3.286351263523101807e-02 1.920405030250549316e-01 1.062268763780593872e-02 -2.072451561689376831e-01
3.670432418584823608e-02 -3.231718437746167183e-03 6.477784365415573120e-03 8.876967430114746094e-02
3.663969039916992188e-02 1.917967796325683594e-01 8.253177627921104431e-03 -2.018624842166900635e-01
4.047562554478645325e-02 -3.442221786826848984e-03 4.215928260236978531e-03 9.341245889663696289e-02
4.040678218007087708e-02 1.916190534830093384e-01 6.084177643060684204e-03 -1.979373693466186523e-01
4.423916339874267578e-02 -3.589394036680459976e-03 2.125429920852184296e-03 9.665860980749130249e-02
4.416737332940101624e-02 -1.987417489290237427e-01 4.058602266013622284e-03 3.900113403797149658e-01
4.019254073500633240e-02 -3.677630331367254257e-03 1.185882929712533951e-02 9.861081838607788086e-02
4.011898487806320190e-02 1.912723630666732788e-01 1.383104547858238220e-02 -1.903072148561477661e-01
4.394443333148956299e-02 -4.044690635055303574e-03 1.002490147948265076e-02 1.067065596580505371e-01
4.386353865265846252e-02 1.909321695566177368e-01 1.215903274714946747e-02 -1.827967762947082520e-01
4.768218472599983215e-02 -4.361627157777547836e-03 8.503097109496593475e-03 1.136969476938247681e-01
4.759494960308074951e-02 1.906374543905258179e-01 1.077703572809696198e-02 -1.762912273406982422e-01
5.140769854187965393e-02 -4.637052770704030991e-03 7.251211442053318024e-03 1.197719126939773560e-01
5.131495743989944458e-02 1.903802603483200073e-01 9.646649472415447235e-03 -1.706145256757736206e-01
5.512256547808647156e-02 -4.878425970673561096e-03 6.234359461814165115e-03 1.250959485769271851e-01
5.502499639987945557e-02 1.901536583900451660e-01 8.736277930438518524e-03 -1.656136065721511841e-01
5.882806703448295593e-02 -5.092253442853689194e-03 5.424006376415491104e-03 1.298125237226486206e-01
5.872622504830360413e-02 1.899515837430953979e-01 8.020256645977497101e-03 -1.611542701721191406e-01
6.252525746822357178e-02 -5.284266080707311630e-03 4.797170870006084442e-03 1.340479999780654907e-01
6.241957098245620728e-02 1.897686421871185303e-01 7.478130981326103210e-03 -1.571176350116729736e-01
6.621494144201278687e-02 -5.459572188556194305e-03 4.335778299719095230e-03 1.379150599241256714e-01
6.610575318336486816e-02 1.896000057458877563e-01 7.094079628586769104e-03 -1.533968597650527954e-01
6.989774852991104126e-02 -5.622795317322015762e-03 4.026142414659261703e-03 1.415156275033950806e-01
6.978529691696166992e-02 1.894412636756896973e-01 6.856455001980066299e-03 -1.498944014310836792e-01
7.357411831617355347e-02 -5.778194870799779892e-03 3.858566982671618462e-03 1.449436843395233154e-01
7.345855981111526489e-02 1.892882883548736572e-01 6.757440511137247086e-03 -1.465194523334503174e-01
7.724432647228240967e-02 -5.929779727011919022e-03 3.827051492407917976e-03 1.482876390218734741e-01
7.712572813034057617e-02 1.891371607780456543e-01 6.792804226279258728e-03 -1.431854814291000366e-01
8.090846985578536987e-02 -6.081412546336650848e-03 3.929094877094030380e-03 1.516326963901519775e-01
8.078683912754058838e-02 1.889840513467788696e-01 6.961748469620943069e-03 -1.398081034421920776e-01
8.456652611494064331e-02 -6.236906629055738449e-03 4.165586549788713455e-03 1.550629884004592896e-01
8.444178849458694458e-02 1.888251602649688721e-01 7.266846019774675369e-03 -1.363028883934020996e-01
8.821828663349151611e-02 -6.400124169886112213e-03 4.540788475424051285e-03 1.586637347936630249e-01
8.809028565883636475e-02 1.886565238237380981e-01 7.714062929153442383e-03 -1.325832307338714600e-01
9.186341613531112671e-02 -6.575071718543767929e-03 5.062398500740528107e-03 1.625233590602874756e-01
9.173191338777542114e-02 1.884740442037582397e-01 8.312865160405635834e-03 -1.285582333803176880e-01
9.550139307975769043e-02 -6.765999831259250641e-03 5.741700995713472366e-03 1.667356640100479126e-01
9.536607563495635986e-02 1.882732957601547241e-01 9.076414629817008972e-03 -1.241303980350494385e-01
9.913153946399688721e-02 -6.977505516260862350e-03 6.593806203454732895e-03 1.714021712541580200e-01
9.899199008941650391e-02 1.880494505167007446e-01 1.002184953540563583e-02 -1.191933453083038330e-01
1.027529835700988770e-01 -7.214643526822328568e-03 7.637982722371816635e-03 1.766344606876373291e-01
1.026086881756782532e-01 1.877971738576889038e-01 1.117067225277423859e-02 -1.136291846632957458e-01
1.063646301627159119e-01 -7.483046036213636398e-03 8.898088708519935608e-03 1.825569868087768555e-01
1.062149703502655029e-01 1.875104606151580811e-01 1.254922803491353989e-02 -1.073056980967521667e-01
1.099651828408241272e-01 -7.789055351167917252e-03 1.040311437100172043e-02 1.893098801374435425e-01
1.098093986511230469e-01 1.871825307607650757e-01 1.418931130319833755e-02 -1.000732108950614929e-01
1.135530471801757812e-01 -8.139872923493385315e-03 1.218784786760807037e-02 1.970524191856384277e-01
1.133902519941329956e-01 1.868056505918502808e-01 1.612889580428600311e-02 -9.176100045442581177e-02
1.171263679862022400e-01 -8.543725125491619110e-03 1.429367624223232269e-02 2.059666365385055542e-01
1.169554889202117920e-01 1.863709390163421631e-01 1.841300912201404572e-02 -8.217330276966094971e-02
1.206829100847244263e-01 -9.010054171085357666e-03 1.676954329013824463e-02 2.162616252899169922e-01
1.205027103424072266e-01 1.858682036399841309e-01 2.109477482736110687e-02 -7.108463346958160400e-02
1.242200732231140137e-01 3.806814849376678467e-01 1.967308297753334045e-02 -3.570381104946136475e-01
1.318337023258209229e-01 1.852854341268539429e-01 1.253231987357139587e-02 -5.821726471185684204e-02
1.355394124984741211e-01 3.802254796028137207e-01 1.136797480285167694e-02 -3.469199538230895996e-01
1.431439220905303955e-01 1.849436759948730469e-01 4.429575521498918533e-03 -5.067408829927444458e-02
1.468427926301956177e-01 -1.024150475859642029e-02 3.416093997657299042e-03 2.434031069278717041e-01
1.466379612684249878e-01 1.848314851522445679e-01 8.284156210720539093e-03 -4.820033907890319824e-02
1.503345966339111328e-01 3.798336684703826904e-01 7.320149336010217667e-03 -3.382580876350402832e-01
1.579312682151794434e-01 1.846083253622055054e-01 5.549878696911036968e-04 -4.327579215168952942e-02
1.616234332323074341e-01 -1.052157580852508545e-02 -3.105280338786542416e-04 2.495821863412857056e-01
1.614129990339279175e-01 1.846048086881637573e-01 4.681115504354238510e-03 -4.319867119193077087e-02
1.651051044464111328e-01 3.796593248844146729e-01 3.817142220214009285e-03 -3.344009816646575928e-01
1.726982891559600830e-01 1.844832599163055420e-01 -2.870877739042043686e-03 -4.051678627729415894e-02
1.763879507780075073e-01 -1.059741340577602386e-02 -3.681213362142443657e-03 2.512589693069458008e-01
1.761759966611862183e-01 1.845769137144088745e-01 1.343965996056795120e-03 -4.258280619978904724e-02
1.798675358295440674e-01 3.796795606613159180e-01 4.923098604194819927e-04 -3.348414003849029541e-01
1.874611228704452515e-01 1.845506131649017334e-01 -6.204518023878335953e-03 -4.200326278805732727e-02
1.911521404981613159e-01 -1.048182230442762375e-02 -7.044583559036254883e-03 2.487156391143798828e-01
1.909425109624862671e-01 1.847400218248367310e-01 -2.070270478725433350e-03 -4.618094861507415771e-02
1.946372985839843750e-01 -1.035218313336372375e-02 -2.993889618664979935e-03 2.458480745553970337e-01
1.944302618503570557e-01 1.848123967647552490e-01 1.923071802593767643e-03 -4.777769744396209717e-02
1.981265097856521606e-01 3.799067139625549316e-01 9.675179026089608669e-04 -3.398532569408416748e-01
2.057246416807174683e-01 1.847710162401199341e-01 -5.829547066241502762e-03 -4.686538502573966980e-02
2.094200700521469116e-01 -1.026685722172260284e-02 -6.766854785382747650e-03 2.439725846052169800e-01
2.092147320508956909e-01 1.849510967731475830e-01 -1.887403428554534912e-03 -5.083707720041275024e-02
2.129137516021728516e-01 3.801000416278839111e-01 -2.904145047068595886e-03 -3.441148996353149414e-01
2.205157577991485596e-01 1.850195378065109253e-01 -9.786442853510379791e-03 -5.234917625784873962e-02
2.242161482572555542e-01 -9.960730560123920441e-03 -1.083342637866735458e-02 2.372300475835800171e-01
2.240169197320938110e-01 1.853142976760864258e-01 -6.088825408369302750e-03 -5.885027348995208740e-02
2.277232110500335693e-01 -9.719818830490112305e-03 -7.265830878168344498e-03 2.319053858518600464e-01
2.275288105010986328e-01 1.855051964521408081e-01 -2.627723151817917824e-03 -6.306054443120956421e-02
2.312389165163040161e-01 -9.578981436789035797e-03 -3.888934152200818062e-03 2.287921607494354248e-01
2.310473471879959106e-01 1.855983287096023560e-01 6.869090721011161804e-04 -6.511493027210235596e-02
2.347593009471893311e-01 3.807104229927062988e-01 -6.153895519673824310e-04 -3.575810492038726807e-01
2.423735111951828003e-01 1.855972260236740112e-01 -7.767010480165481567e-03 -6.509224325418472290e-02
2.460854649543762207e-01 -9.412510320544242859e-03 -9.068855084478855133e-03 2.251300662755966187e-01
2.458972036838531494e-01 1.858378648757934570e-01 -4.566254094243049622e-03 -7.039967179298400879e-02
2.496139705181121826e-01 -9.218318387866020203e-03 -5.974247585982084274e-03 2.208390831947326660e-01
2.494295984506607056e-01 1.859885156154632568e-01 -1.557465991936624050e-03 -7.372235506772994995e-02
2.531493604183197021e-01 3.811327517032623291e-01 -3.031913191080093384e-03 -3.668962717056274414e-01
2.607720196247100830e-01 1.860540211200714111e-01 -1.036983821541070938e-02 -7.517088204622268677e-02
2.644931077957153320e-01 -8.917742408812046051e-03 -1.187325641512870789e-02 2.142223566770553589e-01
2.643147408962249756e-01 1.863719224929809570e-01 -7.588808890432119370e-03 -8.218214660882949829e-02
2.680421769618988037e-01 -8.640421554446220398e-03 -9.232452139258384705e-03 2.080968618392944336e-01
2.678693830966949463e-01 1.866123229265213013e-01 -5.070514511317014694e-03 -8.748406916856765747e-02
2.716016173362731934e-01 -8.436583913862705231e-03 -6.820196285843849182e-03 2.035948038101196289e-01
2.714329063892364502e-01 1.867822408676147461e-01 -2.748300088569521904e-03 -9.123174101114273071e-02
2.751685380935668945e-01 -8.300215937197208405e-03 -4.572934936732053757e-03 2.005828320980072021e-01
2.750025391578674316e-01 1.868868321180343628e-01 -5.612783133983612061e-04 -9.353912621736526489e-02
2.787402868270874023e-01 -8.227062411606311798e-03 -2.432060893625020981e-03 1.989666670560836792e-01
2.785757482051849365e-01 1.869295835494995117e-01 1.547272433526813984e-03 -9.448247402906417847e-02
2.823143303394317627e-01 3.820293247699737549e-01 -3.423770831432193518e-04 -3.866768479347229004e-01
2.899549007415771484e-01 1.869122385978698730e-01 -8.075913414359092712e-03 -9.410187602043151855e-02
2.936931550502777100e-01 -8.093034848570823669e-03 -9.957951493561267853e-03 1.960221976041793823e-01
2.935312986373901367e-01 1.871699243783950806e-01 -6.037507206201553345e-03 -9.978531301021575928e-02
2.972747087478637695e-01 -7.864976301789283752e-03 -8.033213205635547638e-03 1.909866929054260254e-01
2.971173822879791260e-01 1.873709708452224731e-01 -4.213479813188314438e-03 -1.042195111513137817e-01
3.008648157119750977e-01 -7.690345868468284607e-03 -6.297869607806205750e-03 1.871311068534851074e-01
3.007110059261322021e-01 1.875211447477340698e-01 -2.555247629061341286e-03 -1.075318828225135803e-01
3.044614195823669434e-01 -7.564099039882421494e-03 -4.705885425209999084e-03 1.843437850475311279e-01
3.043101429939270020e-01 1.876248717308044434e-01 -1.019009621813893318e-03 -1.098199486732482910e-01
3.080626428127288818e-01 -7.482465822249650955e-03 -3.215408651158213615e-03 1.825413107872009277e-01
3.079130053520202637e-01 1.876853406429290771e-01 4.354175762273371220e-04 -1.111542209982872009e-01
3.116666972637176514e-01 3.828010559082031250e-01 -1.787666929885745049e-03 -4.036997556686401367e-01
3.193227350711822510e-01 1.877045035362243652e-01 -9.861662052571773529e-03 -1.115809604525566101e-01
3.230768144130706787e-01 -7.274758536368608475e-03 -1.209328137338161469e-02 1.779744327068328857e-01
3.229313194751739502e-01 1.880181431770324707e-01 -8.533792570233345032e-03 -1.184988468885421753e-01
3.266916871070861816e-01 -6.980500183999538422e-03 -1.090376917272806168e-02 1.714795678853988647e-01
3.265520632266998291e-01 1.882957965135574341e-01 -7.474177982658147812e-03 -1.246231198310852051e-01
3.303179740905761719e-01 -6.718277465552091599e-03 -9.966640733182430267e-03 1.656924486160278320e-01
3.301836252212524414e-01 1.885449141263961792e-01 -6.652791518718004227e-03 -1.301179379224777222e-01
3.339545130729675293e-01 -6.481107324361801147e-03 -9.255150333046913147e-03 1.604587137699127197e-01
3.338249027729034424e-01 1.887721121311187744e-01 -6.045975722372531891e-03 -1.351295411586761475e-01
3.376003503799438477e-01 -6.262718699872493744e-03 -8.748566731810569763e-03 1.556398421525955200e-01
3.374750912189483643e-01 1.889833956956863403e-01 -5.635770037770271301e-03 -1.397901624441146851e-01
3.412547409534454346e-01 -6.057388614863157272e-03 -8.431573398411273956e-03 1.511094570159912109e-01
3.411335945129394531e-01 1.891842782497406006e-01 -5.409383680671453476e-03 -1.442214846611022949e-01
3.449172973632812500e-01 -5.859792232513427734e-03 -8.293813094496726990e-03 1.467499881982803345e-01
3.448000848293304443e-01 1.893799453973770142e-01 -5.358813796192407608e-03 -1.485378891229629517e-01
3.485876917839050293e-01 -5.664862692356109619e-03 -8.329571224749088287e-03 1.424496322870254517e-01
3.484743833541870117e-01 1.895753890275955200e-01 -5.480579100549221039e-03 -1.528494507074356079e-01
3.522658944129943848e-01 -5.467664450407028198e-03 -8.537568151950836182e-03 1.380994468927383423e-01
3.521565496921539307e-01 1.897755265235900879e-01 -5.775578785687685013e-03 -1.572646647691726685e-01
3.559520542621612549e-01 -5.263264290988445282e-03 -8.920872583985328674e-03 1.335906237363815308e-01
3.558467924594879150e-01 1.899853199720382690e-01 -6.249059922993183136e-03 -1.618933081626892090e-01
3.596464991569519043e-01 -5.046608857810497284e-03 -9.486925788223743439e-03 1.288116574287414551e-01
3.595455586910247803e-01 1.902099549770355225e-01 -6.910692900419235229e-03 -1.668491065502166748e-01
3.633497655391693115e-01 -4.812399856746196747e-03 -1.024767477065324783e-02 1.236457005143165588e-01
3.632535338401794434e-01 1.904548555612564087e-01 -7.774760946631431580e-03 -1.722525656223297119e-01
3.670626282691955566e-01 -4.554962739348411560e-03 -1.121981255710124969e-02 1.179675683379173279e-01
3.669715225696563721e-01 1.907259374856948853e-01 -8.860461413860321045e-03 -1.782338917255401611e-01
3.707860410213470459e-01 -4.268107470124959946e-03 -1.242513861507177353e-02 1.116407439112663269e-01
3.707006871700286865e-01 1.910296678543090820e-01 -1.019232440739870071e-02 -1.849361956119537354e-01
3.745212852954864502e-01 -3.944983705878257751e-03 -1.389104779809713364e-02 1.045140922069549561e-01
3.744423687458038330e-01 1.913732588291168213e-01 -1.180076599121093750e-02 -1.925188452005386353e-01
3.782698214054107666e-01 -3.577912924811244011e-03 -1.565114222466945648e-02 9.641820937395095825e-02
3.781982660293579102e-01 1.917648166418075562e-01 -1.372277922928333282e-02 -2.011612504720687866e-01
3.820335865020751953e-01 -3.158208215609192848e-03 -1.774600334465503693e-02 8.716139197349548340e-02
3.819704055786132812e-01 -1.980213522911071777e-01 -1.600277610123157501e-02 3.741930425167083740e-01
3.780099749565124512e-01 -2.675781724974513054e-03 -8.518915623426437378e-03 7.650757580995559692e-02
3.779564797878265381e-01 1.925672590732574463e-01 -6.988764274865388870e-03 -2.188508808612823486e-01
3.818078041076660156e-01 -2.454102970659732819e-03 -1.136578153818845749e-02 7.161933183670043945e-02
3.817587196826934814e-01 -1.974112838506698608e-01 -9.933395311236381531e-03 3.606947362422943115e-01
3.778105080127716064e-01 -2.149549778550863266e-03 -2.719500102102756500e-03 6.489622592926025391e-02
3.777675032615661621e-01 1.930112838745117188e-01 -1.421575667336583138e-03 -2.286434769630432129e-01
3.816277384757995605e-01 -2.090321388095617294e-03 -5.994445178657770157e-03 6.359069049358367920e-02
3.815859258174896240e-01 1.931170672178268433e-01 -4.722631536424160004e-03 -2.309774756431579590e-01
3.854482769966125488e-01 -1.937090302817523479e-03 -9.342180564999580383e-03 6.021204218268394470e-02
3.854095339775085449e-01 -1.969238519668579102e-01 -8.137940429151058197e-03 3.499328792095184326e-01
3.814710676670074463e-01 -1.687118900008499622e-03 -1.139282714575529099e-03 5.469492822885513306e-02
3.814373016357421875e-01 1.934511512517929077e-01 -4.538417124422267079e-05 -2.383472323417663574e-01
3.853063285350799561e-01 -1.670153345912694931e-03 -4.812328610569238663e-03 5.432137846946716309e-02
3.852729201316833496e-01 1.935204714536666870e-01 -3.725901246070861816e-03 -2.398759871721267700e-01
3.891433477401733398e-01 -1.548059866763651371e-03 -8.523421362042427063e-03 5.162936449050903320e-02
3.891123831272125244e-01 -1.965467631816864014e-01 -7.490833755582571030e-03 3.416109383106231689e-01
3.851814568042755127e-01 -1.319041941314935684e-03 -6.586148520000278950e-04 4.657528921961784363e-02
3.851550519466400146e-01 1.938123404979705811e-01 2.728909603320062160e-04 -2.463153600692749023e-01
3.890313208103179932e-01 -1.313500455580651760e-03 -4.653416108340024948e-03 4.645362868905067444e-02
3.890050351619720459e-01 1.938748657703399658e-01 -3.724343841895461082e-03 -2.476938515901565552e-01
3.928825259208679199e-01 -1.193696516565978527e-03 -8.678221143782138824e-03 4.381200671195983887e-02
3.928586542606353760e-01 -1.961901336908340454e-01 -7.801980711519718170e-03 3.337442874908447266e-01
3.889348506927490234e-01 -9.580162586644291878e-04 -1.127094845287501812e-03 3.861126303672790527e-02
3.889156877994537354e-01 1.941800862550735474e-01 -3.548696404322981834e-04 -2.544270753860473633e-01
3.927993178367614746e-01 -9.368031169287860394e-04 -5.443410947918891907e-03 3.814391419291496277e-02
3.927805721759796143e-01 -1.959802806377410889e-01 -4.680532496422529221e-03 3.291044235229492188e-01
3.888609707355499268e-01 -7.920057978481054306e-04 1.901556039229035378e-03 3.494916111230850220e-02
3.888451159000396729e-01 1.943026185035705566e-01 2.600539242848753929e-03 -2.571331858634948730e-01
3.927311599254608154e-01 -8.563572191633284092e-04 -2.542124595493078232e-03 3.636884316802024841e-02
3.927140533924102783e-01 1.943019628524780273e-01 -1.814747811295092106e-03 -2.571150660514831543e-01
3.966000974178314209e-01 -7.940391078591346741e-04 -6.957049015909433365e-03 3.499491140246391296e-02
3.965842127799987793e-01 -1.958155333995819092e-01 -6.257150787860155106e-03 3.254747092723846436e-01
3.926678895950317383e-01 -6.050572264939546585e-04 2.523435978218913078e-04 3.082514554262161255e-02
3.926557898521423340e-01 1.945132762193679810e-01 8.688464877195656300e-04 -2.617781460285186768e-01
3.965460658073425293e-01 -6.210685824044048786e-04 -4.366716369986534119e-03 3.117869049310684204e-02
3.965336382389068604e-01 -1.956801265478134155e-01 -3.743142820894718170e-03 3.224806785583496094e-01
3.926200270652770996e-01 -5.050744512118399143e-04 2.706470899283885956e-03 2.861966937780380249e-02
3.926099240779876709e-01 1.945779621601104736e-01 3.278864081948995590e-03 -2.632081210613250732e-01
3.965014815330505371e-01 -5.906396545469760895e-04 -1.985298004001379013e-03 3.050720132887363434e-02
3.964896798133850098e-01 -1.956840604543685913e-01 -1.375154010020196438e-03 3.225630819797515869e-01
3.925760090351104736e-01 -5.425580893643200397e-04 5.076107569038867950e-03 2.944680675864219666e-02
3.925651609897613525e-01 1.945062279701232910e-01 5.665043834596872330e-03 -2.616302371025085449e-01
3.964552581310272217e-01 -6.961256731301546097e-04 4.324390029069036245e-04 3.283411264419555664e-02
3.964413404464721680e-01 1.944196224212646484e-01 1.089121215045452118e-03 -2.597123384475708008e-01
4.003297388553619385e-01 -7.178606465458869934e-04 -4.105125553905963898e-03 3.331390768289566040e-02
4.003153741359710693e-01 -1.957807093858718872e-01 -3.438847605139017105e-03 3.246988058090209961e-01
3.963997662067413330e-01 -6.099566235207021236e-04 3.055128501728177071e-03 3.093339316546916962e-02
3.963875770568847656e-01 1.944680511951446533e-01 3.673796309158205986e-03 -2.607840299606323242e-01
4.002769291400909424e-01 -7.061523501761257648e-04 -1.541884499602019787e-03 3.305537626147270203e-02
4.002628028392791748e-01 1.944378763437271118e-01 -8.807770209386944771e-04 -2.601136267185211182e-01
4.041515588760375977e-01 -6.714905612170696259e-04 -6.083049811422824860e-03 3.229135647416114807e-02
4.041381478309631348e-01 -1.957056820392608643e-01 -5.437222309410572052e-03 3.230488300323486328e-01
4.002240300178527832e-01 -5.067306337878108025e-04 1.023754011839628220e-03 2.865619026124477386e-02
4.002138972282409668e-01 1.946005225181579590e-01 1.596877817064523697e-03 -2.637035548686981201e-01
4.041059017181396484e-01 -5.441836547106504440e-04 -3.677193308249115944e-03 2.948261611163616180e-02
4.040950238704681396e-01 -1.956132054328918457e-01 -3.087540855631232262e-03 3.210030794143676758e-01
4.001827538013458252e-01 -4.474248853512108326e-04 3.332520602270960808e-03 2.734806761145591736e-02
4.001738131046295166e-01 1.946265846490859985e-01 3.879481926560401917e-03 -2.642815411090850830e-01
4.040663242340087891e-01 -5.505314329639077187e-04 -1.406149007380008698e-03 2.962247282266616821e-02
4.040553271770477295e-01 1.945915520191192627e-01 -8.136995602399110794e-04 -2.635037899017333984e-01
4.079471528530120850e-01 -5.187707138247787952e-04 -6.083775311708450317e-03 2.892238833010196686e-02
4.079367816448211670e-01 -1.955529451370239258e-01 -5.505327135324478149e-03 3.196796178817749023e-01
4.040257334709167480e-01 -3.530283283907920122e-04 8.882651454769074917e-04 2.526562102138996124e-02
4.040186703205108643e-01 1.947561800479888916e-01 1.393577549606561661e-03 -2.671369016170501709e-01
4.079137742519378662e-01 -3.856391995213925838e-04 -3.949160687625408173e-03 2.598522976040840149e-02
4.079060852527618408e-01 -1.954507380723953247e-01 -3.429456148296594620e-03 3.174195289611816406e-01
4.039970636367797852e-01 -2.801051014102995396e-04 2.918934682384133339e-03 2.365706115961074829e-02
4.039914608001708984e-01 1.947998702526092529e-01 3.392075886949896812e-03 -2.681034803390502930e-01
4.078874588012695312e-01 -3.703314287122339010e-04 -1.969993812963366508e-03 2.564739622175693512e-02
4.078800380229949951e-01 1.947798132896423340e-01 -1.457045786082744598e-03 -2.676564455032348633e-01
4.117756485939025879e-01 -3.213110030628740788e-04 -6.810174323618412018e-03 2.456657402217388153e-02
4.117692112922668457e-01 -1.953449398279190063e-01 -6.318842992186546326e-03 3.150930702686309814e-01
4.078623056411743164e-01 -1.335516571998596191e-04 -1.698181222309358418e-05 2.042409405112266541e-02
4.078596532344818115e-01 1.949886381626129150e-01 3.915000706911087036e-04 -2.722641825675964355e-01
4.117594063282012939e-01 -1.388923119520768523e-04 -5.053783766925334930e-03 2.054219134151935577e-02
4.117566347122192383e-01 -1.951880007982254028e-01 -4.642940126359462738e-03 3.116263151168823242e-01
4.078528881072998047e-01 -2.146208402109550661e-07 1.589586376212537289e-03 1.748276874423027039e-02
4.078528881072998047e-01 1.950989067554473877e-01 1.939241774380207062e-03 -2.746981978416442871e-01
4.117548465728759766e-01 -5.066220546723343432e-05 -3.554722294211387634e-03 1.859573461115360260e-02
4.117538332939147949e-01 -1.951214522123336792e-01 -3.182807704433798790e-03 3.101549744606018066e-01
4.078513979911804199e-01 4.569888551486656070e-05 3.020292147994041443e-03 1.646999642252922058e-02
4.078523218631744385e-01 1.951242089271545410e-01 3.349692095071077347e-03 -2.752584517002105713e-01
4.117548167705535889e-01 -4.537695713224820793e-05 -2.155477181077003479e-03 1.847907528281211853e-02
4.117538928985595703e-01 -1.951363533735275269e-01 -1.785895670764148235e-03 3.104811310768127441e-01
4.078511893749237061e-01 1.100005010812310502e-05 4.423727281391620636e-03 1.723553426563739777e-02
4.078513979911804199e-01 1.950692385435104370e-01 4.768437705934047699e-03 -2.740483880043029785e-01
4.117527902126312256e-01 -1.204310756293125451e-04 -7.125296979211270809e-04 2.013470046222209930e-02
4.117503762245178223e-01 1.950117349624633789e-01 -3.098356828559190035e-04 -2.727729380130767822e-01
4.156506061553955078e-01 -1.057975168805569410e-04 -5.765294656157493591e-03 1.981223560869693756e-02
4.156484901905059814e-01 -1.951445937156677246e-01 -5.369049962610006332e-03 3.106705844402313232e-01
4.117456078529357910e-01 5.343683005776256323e-05 8.443616679869592190e-04 1.629926264286041260e-02
4.117466807365417480e-01 1.951632648706436157e-01 1.170346862636506557e-03 -2.761171460151672363e-01
4.156499207019805908e-01 2.463963392074219882e-05 -4.351995885372161865e-03 1.693468540906906128e-02
4.156504273414611816e-01 -1.950346231460571289e-01 -4.013302270323038101e-03 3.082413375377655029e-01
4.117497205734252930e-01 1.442759094061329961e-04 2.151524648070335388e-03 1.429542805999517441e-02
4.117526113986968994e-01 1.952353119850158691e-01 2.437432995066046715e-03 -2.777079045772552490e-01
4.156573116779327393e-01 7.866635132813826203e-05 -3.116724779829382896e-03 1.574280299246311188e-02
4.156588912010192871e-01 -1.949984431266784668e-01 -2.801868598908185959e-03 3.074407279491424561e-01
4.117589294910430908e-01 1.633145730011165142e-04 3.346946090459823608e-03 1.387549377977848053e-02
4.117622077465057373e-01 1.952371001243591309e-01 3.624456003308296204e-03 -2.777495682239532471e-01
4.156669378280639648e-01 6.363640568451955914e-05 -1.930535188876092434e-03 1.607431471347808838e-02
4.156682193279266357e-01 -1.950305700302124023e-01 -1.609048806130886078e-03 3.081475198268890381e-01
4.117676019668579102e-01 1.142658002208918333e-04 4.553901497274637222e-03 1.495756767690181732e-02
4.117698967456817627e-01 1.951706111431121826e-01 4.853052552789449692e-03 -2.762850821018218994e-01
4.156732857227325439e-01 -2.023889283009339124e-05 -6.726488354615867138e-04 1.792454533278942108e-02
4.156728982925415039e-01 1.951113492250442505e-01 -3.141579509247094393e-04 -2.749705314636230469e-01
4.195751249790191650e-01 -6.115078122093109414e-06 -5.813568830490112305e-03 1.761328987777233124e-02
4.195750057697296143e-01 -1.950442194938659668e-01 -5.461303051561117172e-03 3.084563016891479492e-01
4.156741201877593994e-01 1.551272725919261575e-04 7.078234339132905006e-04 1.405605394393205643e-02
4.156772196292877197e-01 1.952669173479080200e-01 9.889445500448346138e-04 -2.784034609794616699e-01
4.195825457572937012e-01 1.308748760493472219e-04 -4.579124972224235535e-03 1.459121238440275192e-02
4.195851683616638184e-01 -1.949251145124435425e-01 -4.287300631403923035e-03 3.058258593082427979e-01
4.156866669654846191e-01 2.576753322500735521e-04 1.829216722398996353e-03 1.179391518235206604e-02
4.156918227672576904e-01 1.953533440828323364e-01 2.065095119178295135e-03 -2.803113162517547607e-01
4.195988774299621582e-01 2.019970124820247293e-04 -3.541131271049380302e-03 1.302222441881895065e-02
4.196029305458068848e-01 -1.948689967393875122e-01 -3.280686680227518082e-03 3.045857846736907959e-01
4.157055616378784180e-01 2.995588583871722221e-04 2.811028854921460152e-03 1.087001245468854904e-02
4.157115519046783447e-01 1.953810900449752808e-01 3.028429113328456879e-03 -2.809246778488159180e-01
4.196191728115081787e-01 2.160646399715915322e-04 -2.590064425021409988e-03 1.271186489611864090e-02
4.196234941482543945e-01 -1.948686391115188599e-01 -2.335827099159359932e-03 3.045764863491058350e-01
4.157260954380035400e-01 2.865148999262601137e-04 3.755702404305338860e-03 1.115779671818017960e-02
4.157318472862243652e-01 1.953544020652770996e-01 3.978858236223459244e-03 -2.803378105163574219e-01
4.196389317512512207e-01 1.759213628247380257e-04 -1.627897727303206921e-03 1.359738782048225403e-02
4.196424484252929688e-01 -1.949226409196853638e-01 -1.355949905700981617e-03 3.057662546634674072e-01
4.157440066337585449e-01 2.186016499763354659e-04 4.759375005960464478e-03 1.265599764883518219e-02
4.157483577728271484e-01 1.952719688415527344e-01 5.012494977563619614e-03 -2.785215079784393311e-01
4.196538031101226807e-01 7.887661922723054886e-05 -5.579349235631525517e-04 1.573813892900943756e-02
4.196553826332092285e-01 1.952088177204132080e-01 -2.431721513858065009e-04 -2.771207690238952637e-01
4.235595464706420898e-01 9.034371032612398267e-05 -5.785587709397077560e-03 1.548545062541961670e-02
4.235613644123077393e-01 -1.949481666088104248e-01 -5.475878715515136719e-03 3.063373565673828125e-01
4.196624159812927246e-01 2.513929212000221014e-04 6.508685764856636524e-04 1.193251647055149078e-02
4.196674227714538574e-01 1.953639984130859375e-01 8.895188802853226662e-04 -2.805449962615966797e-01
4.235747158527374268e-01 2.293751749675720930e-04 -4.721380770206451416e-03 1.241836324334144592e-02
4.235793054103851318e-01 -1.948245465755462646e-01 -4.473013337701559067e-03 3.036079108715057373e-01
4.196828007698059082e-01 3.608638071455061436e-04 1.599144656211137772e-03 9.517655707895755768e-03
4.196900129318237305e-01 1.954598426818847656e-01 1.789497677236795425e-03 -2.826603055000305176e-01
4.235992133617401123e-01 3.124146605841815472e-04 -3.863708116114139557e-03 1.058649551123380661e-02
4.236054718494415283e-01 -1.947539150714874268e-01 -3.651978215202689171e-03 3.020478785037994385e-01
4.197103977203369141e-01 4.198967071715742350e-04 2.388979308307170868e-03 8.215433917939662933e-03
4.197188019752502441e-01 1.955075114965438843e-01 2.553287893533706665e-03 -2.837127745151519775e-01
4.236289262771606445e-01 3.492299583740532398e-04 -3.120967652648687363e-03 9.774339385330677032e-03
4.236359298229217529e-01 -1.947278231382369995e-01 -2.925480948761105537e-03 3.014709353446960449e-01
4.197413623332977295e-01 4.357014840934425592e-04 3.103937720879912376e-03 7.866807281970977783e-03
4.197500944137573242e-01 1.955129951238632202e-01 3.261273726820945740e-03 -2.838351726531982422e-01
4.236603379249572754e-01 3.446865302976220846e-04 -2.415429800748825073e-03 9.874551557004451752e-03
4.236672222614288330e-01 -1.947425454854965210e-01 -2.217938657850027084e-03 3.017944097518920898e-01
4.197723865509033203e-01 4.109512956347316504e-04 3.817949444055557251e-03 8.412810973823070526e-03
4.197806119918823242e-01 1.954779475927352905e-01 3.986205440014600754e-03 -2.830630540847778320e-01
4.236901700496673584e-01 2.993601665366441011e-04 -1.675055711530148983e-03 1.087442040443420410e-02
4.236961603164672852e-01 -1.947985291481018066e-01 -1.457567326724529266e-03 3.030283749103546143e-01
4.198001921176910400e-01 3.441654262132942677e-04 4.603000357747077942e-03 9.886122308671474457e-03
4.198070764541625977e-01 1.953998059034347534e-01 4.800722934305667877e-03 -2.813409566879272461e-01
4.237150549888610840e-01 2.097022079396992922e-04 -8.260963950306177139e-04 1.285222731530666351e-02
4.237192571163177490e-01 -1.949003934860229492e-01 -5.690518883056938648e-04 3.052743971347808838e-01
4.198212325572967529e-01 2.296639140695333481e-04 5.536436103284358978e-03 1.241205818951129913e-02
4.198258519172668457e-01 1.952717751264572144e-01 5.784677341580390930e-03 -2.785189151763916016e-01
4.237312674522399902e-01 6.778517854399979115e-05 2.142986631952226162e-04 1.598285138607025146e-02
4.237326383590698242e-01 1.951866596937179565e-01 5.339556955732405186e-04 -2.766324579715728760e-01
4.276363551616668701e-01 5.709744800697080791e-05 -4.998693242669105530e-03 1.621883362531661987e-02
4.276375174522399902e-01 -1.949928104877471924e-01 -4.674316849559545517e-03 3.073204457759857178e-01
4.237376451492309570e-01 1.954329782165586948e-04 1.472091884352266788e-03 1.316701993346214294e-02
4.237415492534637451e-01 1.952962428331375122e-01 1.735432306304574013e-03 -2.790510952472686768e-01
4.276474714279174805e-01 1.495766191510483623e-04 -3.845589235424995422e-03 1.417869236320257187e-02
4.276504814624786377e-01 -1.949170082807540894e-01 -3.562015481293201447e-03 3.056458234786987305e-01
4.237521290779113770e-01 2.555160317569971085e-04 2.550900913774967194e-03 1.184164639562368393e-02
4.237572550773620605e-01 1.953407973051071167e-01 2.787733683362603188e-03 -2.800353467464447021e-01
4.276640713214874268e-01 1.791842805687338114e-04 -2.812973223626613617e-03 1.352551579475402832e-02
4.276676476001739502e-01 -1.949023157358169556e-01 -2.542462898418307304e-03 3.053195774555206299e-01
4.237695932388305664e-01 2.557776169851422310e-04 3.563928883522748947e-03 1.183591783046722412e-02
4.237747192382812500e-01 1.953264325857162476e-01 3.800647100433707237e-03 -2.797204256057739258e-01
4.276812374591827393e-01 1.504753745393827558e-04 -1.793761155568063259e-03 1.415879465639591217e-02
4.276842474937438965e-01 -1.949457079172134399e-01 -1.510585309006273746e-03 3.062752187252044678e-01
4.237853288650512695e-01 1.977392093976959586e-04 4.614919424057006836e-03 1.311628520488739014e-02
4.237892925739288330e-01 1.952532082796096802e-01 4.877245053648948669e-03 -2.781070172786712646e-01
4.276943504810333252e-01 6.201430369401350617e-05 -6.848952616564929485e-04 1.611019112169742584e-02
4.276956021785736084e-01 1.951937824487686157e-01 -3.626914403866976500e-04 -2.767887413501739502e-01
4.315994679927825928e-01 7.700612331973388791e-05 -5.898466333746910095e-03 1.577976346015930176e-02
4.316010177135467529e-01 -1.949598640203475952e-01 -5.582871381193399429e-03 3.065958321094512939e-01
4.277018010616302490e-01 2.411995956208556890e-04 5.490455077961087227e-04 1.215745136141777039e-02
4.277066290378570557e-01 1.953552663326263428e-01 7.921945070847868919e-04 -2.803522050380706787e-01
4.316137433052062988e-01 2.220297319581732154e-04 -4.814849235117435455e-03 1.258048322051763535e-02
4.316181838512420654e-01 -1.948305368423461914e-01 -4.563239868730306625e-03 3.037403821945190430e-01
4.277215600013732910e-01 3.561452904250472784e-04 1.511568087153136730e-03 9.621818549931049347e-03
4.277286827564239502e-01 1.954563856124877930e-01 1.704004360362887383e-03 -2.825838029384613037e-01
4.316378235816955566e-01 3.101710753981024027e-04 -3.947671502828598022e-03 1.063606701791286469e-02
4.316440224647521973e-01 -1.947549432516098022e-01 -3.734950441867113113e-03 3.020708560943603516e-01
4.277489185333251953e-01 4.200403345748782158e-04 2.306466456502676010e-03 8.212340064346790314e-03
4.277573227882385254e-01 1.955088376998901367e-01 2.470713341608643532e-03 -2.837419807910919189e-01
4.316675066947937012e-01 3.517342847771942616e-04 -3.204126143828034401e-03 9.719173423945903778e-03
4.316745400428771973e-01 -1.947241127490997314e-01 -3.009742824360728264e-03 3.013894259929656982e-01
4.277800619602203369e-01 4.405998333822935820e-04 3.018046030774712563e-03 7.758824620395898819e-03
4.277888834476470947e-01 1.955191344022750854e-01 3.173222532495856285e-03 -2.839703559875488281e-01
4.316992461681365967e-01 3.520721511449664831e-04 -2.506184391677379608e-03 9.711705148220062256e-03
4.317062795162200928e-01 -1.947338432073593140e-01 -2.311950316652655602e-03 3.016028404235839844e-01
4.278116226196289062e-01 4.209789040032774210e-04 3.720106789842247963e-03 8.191677741706371307e-03
4.278200268745422363e-01 1.954893767833709717e-01 3.883940400555729866e-03 -2.833151817321777344e-01
4.317298233509063721e-01 3.122490888927131891e-04 -1.782363513484597206e-03 1.059017423540353775e-02
4.317360818386077881e-01 -1.947840899229049683e-01 -1.570560038089752197e-03 3.027102053165435791e-01
4.278403818607330322e-01 3.602043725550174713e-04 4.483644384890794754e-03 9.532378055155277252e-03
4.278475940227508545e-01 1.954175680875778198e-01 4.674291703850030899e-03 -2.817325294017791748e-01
4.317559301853179932e-01 2.292555000167340040e-04 -9.603590588085353374e-04 1.242096722126007080e-02
4.317605197429656982e-01 1.953649669885635376e-01 -7.119397050701081753e-04 -2.805648148059844971e-01
4.356678128242492676e-01 2.531779464334249496e-04 -6.323236040771007538e-03 1.189348846673965454e-02
4.356728792190551758e-01 -1.947775185108184814e-01 -6.085366010665893555e-03 3.025746643543243408e-01
4.317773282527923584e-01 4.306281043682247400e-04 -3.387272226973436773e-05 7.978781126439571381e-03
4.317859411239624023e-01 1.955530643463134766e-01 1.257029070984572172e-04 -2.847148180007934570e-01
4.356970191001892090e-01 4.293212841730564833e-04 -5.568593740463256836e-03 8.007737807929515839e-03
4.357056021690368652e-01 -1.946123242378234863e-01 -5.408438853919506073e-03 2.989285290241241455e-01
4.318133592605590820e-01 5.862977122887969017e-04 5.701313493773341179e-04 4.544787574559450150e-03
4.318250715732574463e-01 1.957000643014907837e-01 6.610270938836038113e-04 -2.879582047462463379e-01
4.357390701770782471e-01 5.686962394975125790e-04 -5.098137073218822479e-03 4.933134187012910843e-03
4.357504546642303467e-01 -1.944797635078430176e-01 -4.999474156647920609e-03 2.960031926631927490e-01
4.318608641624450684e-01 7.130947778932750225e-04 9.205894893966615200e-04 1.747708069160580635e-03
4.318751096725463867e-01 -1.944220513105392456e-01 9.555435972288250923e-04 2.947209477424621582e-01
4.279866814613342285e-01 6.862683221697807312e-04 6.849962752312421799e-03 2.339540282264351845e-03
4.280004203319549561e-01 1.957093179225921631e-01 6.896753329783678055e-03 -2.881743013858795166e-01
4.319145977497100830e-01 4.896951722912490368e-04 1.133267534896731377e-03 6.675801705569028854e-03
4.319243729114532471e-01 1.955953687429428101e-01 1.266783569008111954e-03 -2.856493592262268066e-01
4.358362853527069092e-01 4.553804174065589905e-04 -4.446203354746103287e-03 7.432841695845127106e-03
4.358454048633575439e-01 -1.946025192737579346e-01 -4.297546576708555222e-03 2.987096309661865234e-01
4.319533407688140869e-01 5.804210086353123188e-04 1.676646061241626740e-03 4.674437921494245529e-03
4.319649636745452881e-01 1.956782937049865723e-01 1.770134782418608665e-03 -2.874790132045745850e-01
4.358785152435302734e-01 5.311366403475403786e-04 -3.979445435106754303e-03 5.761670414358377457e-03
4.358891546726226807e-01 -1.945335119962692261e-01 -3.864212194457650185e-03 2.971863746643066406e-01
4.319984912872314453e-01 6.433046655729413033e-04 2.079515485092997551e-03 3.287258092314004898e-03
4.320113360881805420e-01 1.957353651523590088e-01 2.145260572433471680e-03 -2.887388169765472412e-01
4.359260499477386475e-01 5.828939029015600681e-04 -3.629515878856182098e-03 4.619916435331106186e-03
4.359377026557922363e-01 -1.944868117570877075e-01 -3.537117736414074898e-03 2.961554825305938721e-01
4.320479631423950195e-01 6.853796076029539108e-04 2.385992091149091721e-03 2.359106438234448433e-03
4.320616722106933594e-01 1.957730352878570557e-01 2.433174056932330132e-03 -2.895700633525848389e-01
4.359771311283111572e-01 6.164683145470917225e-04 -3.358226967975497246e-03 3.879273077473044395e-03
4.359894692897796631e-01 -1.944571584463119507e-01 -3.280641511082649231e-03 2.955007553100585938e-01
4.321003258228302002e-01 7.114064646884799004e-04 2.629373455420136452e-03 1.784967607818543911e-03
4.321145415306091309e-01 1.957955509424209595e-01 2.665072679519653320e-03 -2.900671958923339844e-01
4.360304772853851318e-01 6.356982630677521229e-04 -3.136271145194768906e-03 3.455067286267876625e-03
4.360431730747222900e-01 -1.944411396980285645e-01 -3.067169804126024246e-03 2.951468229293823242e-01
4.321543574333190918e-01 7.244094740599393845e-04 2.835766412317752838e-03 1.498129568062722683e-03
4.321688413619995117e-01 1.958055794239044189e-01 2.865728922188282013e-03 -2.902887165546417236e-01
4.360849559307098389e-01 6.428802153095602989e-04 -2.940045669674873352e-03 3.296635346487164497e-03
4.360978007316589355e-01 -1.944367885589599609e-01 -2.874112920835614204e-03 2.950505018234252930e-01
4.322090744972229004e-01 7.260245620273053646e-04 3.026896854862570763e-03 1.462503103539347649e-03
4.322235882282257080e-01 1.958044320344924927e-01 3.056146902963519096e-03 -2.902638614177703857e-01
4.361397027969360352e-01 6.390391499735414982e-04 -2.749130362644791603e-03 3.381366608664393425e-03
4.361524581909179688e-01 -1.944433748722076416e-01 -2.681503072381019592e-03 2.951956391334533691e-01
4.322636127471923828e-01 7.166992290876805782e-04 3.222409868612885475e-03 1.668219105340540409e-03
4.322779476642608643e-01 1.957922875881195068e-01 3.255774267017841339e-03 -2.899962663650512695e-01
4.361937940120697021e-01 6.240634829737246037e-04 -2.544150920584797859e-03 3.711723024025559425e-03
4.362062513828277588e-01 -1.944613158702850342e-01 -2.469916362315416336e-03 2.955908477306365967e-01
4.323170483112335205e-01 6.957669393159449100e-04 3.441900713369250298e-03 2.129979431629180908e-03
4.323309659957885742e-01 1.957681924104690552e-01 3.484500339254736900e-03 -2.894650101661682129e-01
4.362463057041168213e-01 5.967221804894506931e-04 -2.304799854755401611e-03 4.314860329031944275e-03
4.362582564353942871e-01 -1.944921016693115234e-01 -2.218502573668956757e-03 2.962697148323059082e-01
4.323683977127075195e-01 6.614082958549261093e-04 3.706891555339097977e-03 2.887924667447805405e-03
4.323816299438476562e-01 1.957300007343292236e-01 3.764650085940957069e-03 -2.886231243610382080e-01
4.362962245941162109e-01 5.545687163248658180e-04 -2.007812727242708206e-03 5.244747735559940338e-03
4.363073408603668213e-01 -1.945385336875915527e-01 -1.902917632833123207e-03 2.972935140132904053e-01
4.324165582656860352e-01 6.104958592914044857e-04 4.042952321469783783e-03 4.011043347418308258e-03
4.324287772178649902e-01 1.956742256879806519e-01 4.123173188418149948e-03 -2.873935401439666748e-01
4.363422393798828125e-01 4.937247722409665585e-04 -1.624697470106184483e-03 6.586936768144369125e-03
4.363521337509155273e-01 -1.946048885583877563e-01 -1.492958748713135719e-03 2.987568080425262451e-01
4.324600398540496826e-01 5.383122479543089867e-04 4.482177551835775375e-03 5.603405181318521500e-03
4.324707984924316406e-01 1.955956965684890747e-01 4.594245459884405136e-03 -2.856619656085968018e-01
4.363827109336853027e-01 4.085254331585019827e-04 -1.118994085118174553e-03 8.466393686830997467e-03
4.363908767700195312e-01 1.955465078353881836e-01 -9.496661368757486343e-04 -2.845693826675415039e-01
4.403018057346343994e-01 4.381129110697656870e-04 -6.641053594648838043e-03 7.813877426087856293e-03
4.403105676174163818e-01 -1.945879757404327393e-01 -6.484776269644498825e-03 2.983940839767456055e-01
4.364188015460968018e-01 6.258161156438291073e-04 -5.168942734599113464e-04 3.673062426969408989e-03
4.364313185214996338e-01 -1.944887191057205200e-01 -4.434330330695956945e-04 2.961928546428680420e-01
4.325415492057800293e-01 6.395516684278845787e-04 5.480424035340547562e-03 3.370112506672739983e-03
4.325543344020843506e-01 1.956824809312820435e-01 5.547826178371906281e-03 -2.875786423683166504e-01
4.364680051803588867e-01 4.818522429559379816e-04 -2.037465746980160475e-04 6.848838645964860916e-03
4.364776313304901123e-01 1.956067234277725220e-01 -6.676981138298287988e-05 -2.858983576297760010e-01
4.403897523880004883e-01 4.857259918935596943e-04 -5.784736946225166321e-03 6.763501558452844620e-03
4.403994679450988770e-01 -1.945527940988540649e-01 -5.649466998875141144e-03 2.976156771183013916e-01
4.365084171295166016e-01 6.492388783954083920e-04 3.028463979717344046e-04 3.156372113153338432e-03
4.365214109420776367e-01 1.957668513059616089e-01 3.659738285932689905e-04 -2.894309759140014648e-01
4.404367506504058838e-01 6.396775133907794952e-04 -5.422645714133977890e-03 3.367341123521327972e-03
4.404495358467102051e-01 -1.944040805101394653e-01 -5.355298984795808792e-03 2.943344414234161377e-01
4.365614652633666992e-01 7.938033668324351311e-04 5.313896690495312214e-04 -3.265100167482160032e-05
4.365773200988769531e-01 -1.943357586860656738e-01 5.307366373017430305e-04 2.928178906440734863e-01
4.326906204223632812e-01 7.786153582856059074e-04 6.387094501405954361e-03 3.023960452992469072e-04
4.327061772346496582e-01 1.958083808422088623e-01 6.393142510205507278e-03 -2.903585135936737061e-01
4.366223514080047607e-01 5.958605324849486351e-04 5.859722732566297054e-04 4.333875607699155807e-03
4.366342723369598389e-01 1.957094073295593262e-01 6.726498249918222427e-04 -2.881641089916229248e-01
4.405484497547149658e-01 5.778660997748374939e-04 -5.090632475912570953e-03 4.730885848402976990e-03
4.405600130558013916e-01 -1.944707036018371582e-01 -4.996014758944511414e-03 2.958033084869384766e-01
4.366706013679504395e-01 7.221077103167772293e-04 9.200516506098210812e-04 1.548924949020147324e-03
4.366850554943084717e-01 1.958308517932891846e-01 9.510301752015948296e-04 -2.908435761928558350e-01
4.406016767024993896e-01 6.953530246391892433e-04 -4.865841474384069443e-03 2.139146439731121063e-03
4.406155645847320557e-01 -1.943564713001251221e-01 -4.823058377951383591e-03 2.932828664779663086e-01
4.367284476757049561e-01 8.339047199115157127e-04 1.042599207721650600e-03 -9.172647260129451752e-04
4.367451369762420654e-01 -1.943029761314392090e-01 1.024253899231553078e-03 2.920944392681121826e-01
4.328590631484985352e-01 8.043488487601280212e-04 6.866142619401216507e-03 -2.652817929629236460e-04
4.328751564025878906e-01 1.958271563053131104e-01 6.860836874693632126e-03 -2.907739579677581787e-01
4.367916882038116455e-01 6.080556195229291916e-04 1.045357435941696167e-03 4.064862150698900223e-03
4.368038475513458252e-01 1.957149952650070190e-01 1.126654678955674171e-03 -2.882880568504333496e-01
4.407181441783905029e-01 5.769997369498014450e-04 -4.639106336981058121e-03 4.749991465359926224e-03
4.407297074794769287e-01 -1.944781094789505005e-01 -4.544106777757406235e-03 2.959656119346618652e-01
4.368401169776916504e-01 7.083223899826407433e-04 1.375205814838409424e-03 1.853026682510972023e-03
4.368543028831481934e-01 1.958105266094207764e-01 1.412266283296048641e-03 -2.903956770896911621e-01
4.407705068588256836e-01 6.684637046419084072e-04 -4.395647440105676651e-03 2.732316032052040100e-03
4.407838881015777588e-01 -1.943901777267456055e-01 -4.341001156717538834e-03 2.940251231193542480e-01
4.368960857391357422e-01 7.933989400044083595e-04 1.539501361548900604e-03 -2.372134076722431928e-05
4.369119405746459961e-01 1.958932429552078247e-01 1.539026969112455845e-03 -2.922205328941345215e-01
4.408298134803771973e-01 7.493766024708747864e-04 -4.305383190512657166e-03 9.473992977291345596e-04
4.408448040485382080e-01 -1.943105608224868774e-01 -4.286435432732105255e-03 2.922688126564025879e-01
4.369585812091827393e-01 8.722392958588898182e-04 1.558940974064171314e-03 -1.762903877533972263e-03
4.369760155677795410e-01 1.959718018770217896e-01 1.523682964034378529e-03 -2.939535677433013916e-01
4.408954679965972900e-01 8.281568880192935467e-04 -4.355388227850198746e-03 -7.904733647592365742e-04
4.409120380878448486e-01 -1.942310631275177002e-01 -4.371197894215583801e-03 2.905150949954986572e-01
4.370273947715759277e-01 9.529452654533088207e-04 1.439104322344064713e-03 -3.543242113664746284e-03
4.370464682579040527e-01 -1.941896080970764160e-01 1.368239405564963818e-03 2.895933985710144043e-01
4.331626594066619873e-01 9.127986850216984749e-04 7.160107139497995377e-03 -2.657692646607756615e-03
4.331809282302856445e-01 1.959313303232192993e-01 7.106953300535678864e-03 -2.930729389190673828e-01
4.370995461940765381e-01 7.087806588970124722e-04 1.245494466274976730e-03 1.842917874455451965e-03
4.371137320995330811e-01 1.958128511905670166e-01 1.282352837733924389e-03 -2.904467880725860596e-01
4.410299956798553467e-01 6.726345163770020008e-04 -4.526582546532154083e-03 2.640310442075133324e-03
4.410434365272521973e-01 -1.943841129541397095e-01 -4.473776556551456451e-03 2.938916087150573730e-01
4.371557533740997314e-01 8.013406768441200256e-04 1.404055743478238583e-03 -1.989131997106596828e-04
4.371717870235443115e-01 1.959031224250793457e-01 1.400077482685446739e-03 -2.924385070800781250e-01
4.410898387432098389e-01 7.612420013174414635e-04 -4.448692779988050461e-03 6.856512627564370632e-04
4.411050677299499512e-01 -1.942966282367706299e-01 -4.434979520738124847e-03 2.919616401195526123e-01
4.372191429138183594e-01 8.882779511623084545e-04 1.404253183864057064e-03 -2.116709714755415916e-03
4.372369050979614258e-01 1.959900557994842529e-01 1.361918984912335873e-03 -2.943562567234039307e-01
4.411567151546478271e-01 8.487204904668033123e-04 -4.525206051766872406e-03 -1.244102022610604763e-03
4.411736726760864258e-01 -1.942080408334732056e-01 -4.550087731331586838e-03 2.900076508522033691e-01
4.372895061969757080e-01 9.784949943423271179e-04 1.250064815394580364e-03 -4.106855951249599457e-03
4.373090863227844238e-01 -1.941613554954528809e-01 1.167927752248942852e-03 2.889702320098876953e-01
4.334258735179901123e-01 9.439154528081417084e-04 6.947332061827182770e-03 -3.344126045703887939e-03
4.334447383880615234e-01 1.959655433893203735e-01 6.880449596792459488e-03 -2.938270270824432373e-01
4.373640418052673340e-01 7.461782079190015793e-04 1.003909274004399776e-03 1.017943373881280422e-03
4.373789727687835693e-01 1.958537101745605469e-01 1.024268218316137791e-03 -2.913480699062347412e-01
4.412960410118103027e-01 7.171765901148319244e-04 -4.802693147212266922e-03 1.657723798416554928e-03
4.413104057312011719e-01 -1.943355649709701538e-01 -4.769538529217243195e-03 2.928214669227600098e-01
4.374236762523651123e-01 8.540596463717520237e-04 1.086890930309891701e-03 -1.361870206892490387e-03
4.374407529830932617e-01 -1.942834556102752686e-01 1.059653470292687416e-03 2.916637957096099854e-01
4.335550963878631592e-01 8.233638363890349865e-04 6.892929319292306900e-03 -6.847511976957321167e-04
4.335715472698211670e-01 1.958457827568054199e-01 6.879234220832586288e-03 -2.911849319934844971e-01
4.374884665012359619e-01 6.264241528697311878e-04 1.055535627529025078e-03 3.659663023427128792e-03
4.375010132789611816e-01 1.957332193851470947e-01 1.128728850744664669e-03 -2.886900305747985840e-01
