7.998581975698471069e-03 -9.338405216112732887e-04 4.399216268211603165e-03 -4.736513830721378326e-03
7.979905232787132263e-03 -1.961186081171035767e-01 4.304485861212015152e-03 2.893311679363250732e-01
4.057533107697963715e-03 -1.058299210853874683e-03 1.009110920131206512e-02 -1.991067780181765556e-03
4.036367405205965042e-03 -1.963235139846801758e-01 1.005128771066665649e-02 2.938585579395294189e-01
1.098971115425229073e-04 -1.346290693618357182e-03 1.592845842242240906e-02 4.362544976174831390e-03
8.297129534184932709e-05 1.935436427593231201e-01 1.601571030914783478e-02 -2.832525074481964111e-01
3.953844308853149414e-03 -1.803036662749946117e-03 1.035065948963165283e-02 1.443835534155368805e-02
3.917783498764038086e-03 -1.970718950033187866e-01 1.063942722976207733e-02 3.103689849376678467e-01
-2.365431646467186511e-05 -2.103125210851430893e-03 1.684680581092834473e-02 2.106032148003578186e-02
-6.571682024514302611e-05 1.927732229232788086e-01 1.726801320910453796e-02 -2.662599980831146240e-01
3.789747599512338638e-03 -2.590869786217808723e-03 1.194281317293643951e-02 3.181900084018707275e-02
3.737930208444595337e-03 1.923577934503555298e-01 1.257919333875179291e-02 -2.570720314979553223e-01
7.585086394101381302e-03 -2.941466402262449265e-03 7.437752559781074524e-03 3.955186158418655396e-02
7.526257075369358063e-03 1.920730471611022949e-01 8.228790014982223511e-03 -2.507751286029815674e-01
1.136771775782108307e-02 -3.165444126352667809e-03 3.213286865502595901e-03 4.449192062020301819e-02
1.130440924316644669e-02 -1.983333230018615723e-01 4.103125538676977158e-03 3.381869196891784668e-01
7.337742485105991364e-03 -3.269999986514449120e-03 1.086686365306377411e-02 4.680072516202926636e-02
7.272342219948768616e-03 1.916944533586502075e-01 1.180287823081016541e-02 -2.424338907003402710e-01
1.110623124986886978e-02 -3.594083245843648911e-03 6.954200565814971924e-03 5.394847318530082703e-02
1.103434991091489792e-02 1.914274692535400391e-01 8.033170364797115326e-03 -2.365322560071945190e-01
1.486289873719215393e-02 -3.808326087892055511e-03 3.302524797618389130e-03 5.867370963096618652e-02
1.478673238307237625e-02 -1.989774703979492188e-01 4.475999157875776291e-03 3.523967862129211426e-01
1.080718357115983963e-02 -3.919457085430622101e-03 1.152393408119678497e-02 6.112862005829811096e-02
1.072879415005445480e-02 1.910353899002075195e-01 1.274650637060403824e-02 -2.278962731361389160e-01
1.454950217157602310e-02 -4.266381263732910156e-03 8.188581094145774841e-03 6.877996027469635010e-02
1.446417439728975296e-02 1.907372176647186279e-01 9.564180858433246613e-03 -2.213082164525985718e-01
1.827891916036605835e-02 -4.520122893154621124e-03 5.138016305863857269e-03 7.437622547149658203e-02
1.818851567804813385e-02 1.905277967453002930e-01 6.625540554523468018e-03 -2.166812270879745483e-01
2.199907228350639343e-02 -4.688244313001632690e-03 2.291916171088814735e-03 7.808430492877960205e-02
2.190530672669410706e-02 1.904007792472839355e-01 3.853602334856987000e-03 -2.138746380805969238e-01
2.571332268416881561e-02 -4.776056390255689621e-03 -4.238903347868472338e-04 8.002139627933502197e-02
2.561780065298080444e-02 -1.998919248580932617e-01 1.176537596620619297e-03 3.725705444812774658e-01
2.161996252834796906e-02 -4.786711186170578003e-03 8.627948351204395294e-03 8.025883138179779053e-02
2.152422815561294556e-02 1.902105063199996948e-01 1.023312564939260483e-02 -2.096895128488540649e-01
2.532843872904777527e-02 -5.056262947618961334e-03 6.039334926754236221e-03 8.620378375053405762e-02
2.522731386125087738e-02 1.899785995483398438e-01 7.763410918414592743e-03 -2.045676261186599731e-01
2.902688458561897278e-02 -5.253506824374198914e-03 3.672058461233973503e-03 9.055413305759429932e-02
2.892181463539600372e-02 1.898156255483627319e-01 5.483141168951988220e-03 -2.009679973125457764e-01
3.271812945604324341e-02 -5.384321324527263641e-03 1.463780994527041912e-03 9.343954175710678101e-02
3.261044248938560486e-02 -2.005272209644317627e-01 3.332572057843208313e-03 3.865839242935180664e-01
2.859989739954471588e-02 -5.452737212181091309e-03 1.106425095349550247e-02 9.495360404253005981e-02
2.849084138870239258e-02 1.895089000463485718e-01 1.296332292258739471e-02 -1.942181289196014404e-01
3.228101879358291626e-02 -5.796064622700214386e-03 9.078959934413433075e-03 1.025258153676986694e-01
3.216509893536567688e-02 1.891946047544479370e-01 1.112947613000869751e-02 -1.872789561748504639e-01
3.594899177551269531e-02 -6.084795109927654266e-03 7.383897434920072556e-03 1.088939979672431946e-01
3.582729399204254150e-02 1.889305710792541504e-01 9.561777114868164062e-03 -1.814502328634262085e-01
3.960590809583663940e-02 -6.326887756586074829e-03 5.932772532105445862e-03 1.142336875200271606e-01
3.947936743497848511e-02 1.887095570564270020e-01 8.217446506023406982e-03 -1.765715926885604858e-01
4.325355961918830872e-02 -6.529027596116065979e-03 4.686014726758003235e-03 1.186922863125801086e-01
4.312298074364662170e-02 1.885254681110382080e-01 7.059860508888959885e-03 -1.725085675716400146e-01
4.689348861575126648e-02 -6.696808151900768280e-03 3.609689185395836830e-03 1.223931387066841125e-01
4.675955325365066528e-02 1.883732378482818604e-01 6.057552061975002289e-03 -1.691487878561019897e-01
5.052701756358146667e-02 -6.834887899458408356e-03 2.674576127901673317e-03 1.254389435052871704e-01
5.039031803607940674e-02 1.882486492395401001e-01 5.183354951441287994e-03 -1.663989871740341187e-01
5.415529385209083557e-02 -6.947118323296308517e-03 1.855375594459474087e-03 1.279146373271942139e-01
5.401635169982910156e-02 1.881482005119323730e-01 4.413668066263198853e-03 -1.641823649406433105e-01
5.777931585907936096e-02 -7.036649622023105621e-03 1.130020827986299992e-03 1.298896819353103638e-01
5.763858184218406677e-02 1.880690902471542358e-01 3.727814182639122009e-03 -1.624365299940109253e-01
6.139996275305747986e-02 -7.106022909283638000e-03 4.790836828760802746e-04 1.314200907945632935e-01
6.125784292817115784e-02 1.880090683698654175e-01 3.107485361397266388e-03 -1.611116528511047363e-01
6.501802057027816772e-02 -7.157237734645605087e-03 -1.147476723417639732e-04 1.325499862432479858e-01
6.487488001585006714e-02 -2.022775411605834961e-01 2.536251908168196678e-03 4.251967072486877441e-01
6.082932651042938232e-02 -7.191611919552087784e-03 1.104018557816743851e-02 1.333144009113311768e-01
6.068549677729606628e-02 1.877704709768295288e-01 1.370647363364696503e-02 -1.558651477098464966e-01
6.444090604782104492e-02 -7.545015309005975723e-03 1.058917120099067688e-02 1.411101371049880981e-01
6.429000198841094971e-02 1.874236911535263062e-01 1.341137383133172989e-02 -1.482133716344833374e-01
6.803847849369049072e-02 -7.887720130383968353e-03 1.044710632413625717e-02 1.486702263355255127e-01
6.788072735071182251e-02 1.870830804109573364e-01 1.342051103711128235e-02 -1.406986266374588013e-01
7.162238657474517822e-02 -8.228481747210025787e-03 1.060653850436210632e-02 1.561878472566604614e-01
7.145781815052032471e-02 1.867400109767913818e-01 1.373029500246047974e-02 -1.331301778554916382e-01
7.519261538982391357e-02 -8.575892075896263123e-03 1.106769219040870667e-02 1.638526469469070435e-01
7.502109557390213013e-02 1.863858848810195923e-01 1.434474438428878784e-02 -1.253182739019393921e-01
7.874881476163864136e-02 -8.938599377870559692e-03 1.183837931603193283e-02 1.718555241823196411e-01
7.857004553079605103e-02 1.860119253396987915e-01 1.527548953890800476e-02 -1.170693859457969666e-01
8.229028433561325073e-02 -9.325521066784858704e-03 1.293410174548625946e-02 1.803934276103973389e-01
8.210377395153045654e-02 1.856089830398559570e-01 1.654197089374065399e-02 -1.081813499331474304e-01
8.581595122814178467e-02 -9.746062569320201874e-03 1.437834370881319046e-02 1.896742433309555054e-01
8.562102913856506348e-02 1.851672679185867310e-01 1.817182824015617371e-02 -9.843844175338745117e-02
8.932437747716903687e-02 -1.021034549921751022e-02 1.620305888354778290e-02 1.999218165874481201e-01
8.912017196416854858e-02 1.846761554479598999e-01 2.020149491727352142e-02 -8.760607987642288208e-02
9.281369298696517944e-02 -1.072944607585668564e-02 1.844937354326248169e-02 2.113813608884811401e-01
9.259910136461257935e-02 1.841239184141159058e-01 2.267700061202049255e-02 -7.542514801025390625e-02
9.628158062696456909e-02 3.789135515689849854e-01 2.116849832236766815e-02 -3.608680069446563721e-01
1.038598567247390747e-01 1.834972053766250610e-01 1.395113766193389893e-02 -6.158608570694923401e-02
1.075297966599464417e-01 -1.182196009904146194e-02 1.271941605955362320e-02 2.354656606912612915e-01
1.072933599352836609e-01 1.831159740686416626e-01 1.742872968316078186e-02 -5.317818373441696167e-02
1.109556779265403748e-01 3.779837489128112793e-01 1.636516675353050232e-02 -3.403116464614868164e-01
1.185153499245643616e-01 1.826328039169311523e-01 9.558932855725288391e-03 -4.251334443688392639e-02
1.221680119633674622e-01 3.776164054870605469e-01 8.708666078746318817e-03 -3.321650624275207520e-01
1.297203302383422852e-01 1.823715716600418091e-01 2.065364504233002663e-03 -3.674863651394844055e-02
1.333677619695663452e-01 -1.277993340045213699e-02 1.330391853116452694e-03 2.565852105617523193e-01
1.331121772527694702e-01 1.823229938745498657e-01 6.462096236646175385e-03 -3.567778691649436951e-02
1.367586255073547363e-01 3.773517012596130371e-01 5.748540628701448441e-03 -3.263148665428161621e-01
1.443056613206863403e-01 1.821483671665191650e-01 -7.777569117024540901e-04 -3.182466328144073486e-02
1.479486376047134399e-01 -1.296242419630289078e-02 -1.414250116795301437e-03 2.606127858161926270e-01
1.476893872022628784e-01 1.821796894073486328e-01 3.798005403950810432e-03 -3.251589089632034302e-02
1.513329744338989258e-01 3.772469758987426758e-01 3.147687530145049095e-03 -3.239980936050415039e-01
1.588779091835021973e-01 1.820803433656692505e-01 -3.332274267449975014e-03 -3.032417781651020050e-02
1.625195294618606567e-01 -1.299366727471351624e-02 -3.938757814466953278e-03 2.613055109977722168e-01
1.622596532106399536e-01 1.821842938661575317e-01 1.287352526560425758e-03 -3.261713311076164246e-02
1.659033298492431641e-01 3.772877454757690430e-01 6.350098992697894573e-04 -3.248935937881469727e-01
1.734490841627120972e-01 1.821567714214324951e-01 -5.862862337380647659e-03 -3.201049193739891052e-02
1.770922243595123291e-01 -1.288062054663896561e-02 -6.503072101622819901e-03 2.588168978691101074e-01
1.768346130847930908e-01 1.823335587978363037e-01 -1.326734432950615883e-03 -3.591008484363555908e-02
1.804812848567962646e-01 3.774745166301727295e-01 -2.044936176389455795e-03 -3.290113210678100586e-01
1.880307793617248535e-01 1.823817342519760132e-01 -8.625162765383720398e-03 -3.697396814823150635e-02
1.916784048080444336e-01 -1.261547580361366272e-02 -9.364642202854156494e-03 2.529751956462860107e-01
1.914260983467102051e-01 1.826389282941818237e-01 -4.305137787014245987e-03 -4.264673218131065369e-02
1.950788795948028564e-01 -1.242102030664682388e-02 -5.158072337508201599e-03 2.486747801303863525e-01
1.948304623365402222e-01 1.827742159366607666e-01 -1.845768711064010859e-04 -4.563064500689506531e-02
1.984859406948089600e-01 3.778988122940063477e-01 -1.097189728170633316e-03 -3.383718132972717285e-01
2.060439139604568481e-01 1.827924847602844238e-01 -7.864626124501228333e-03 -4.603506997227668762e-02
2.096997648477554321e-01 -1.221581082791090012e-02 -8.785326965153217316e-03 2.441561520099639893e-01
2.094554454088211060e-01 1.830305159091949463e-01 -3.902203869074583054e-03 -5.128487944602966309e-02
2.131160646677017212e-01 -1.203526649624109268e-02 -4.927901551127433777e-03 2.401643246412277222e-01
2.128753513097763062e-01 1.831567287445068359e-01 -1.246152096427977085e-04 -5.406892299652099609e-02
2.165384888648986816e-01 3.782804608345031738e-01 -1.205993699841201305e-03 -3.467911779880523682e-01
2.241041064262390137e-01 1.831756979227066040e-01 -8.141816593706607819e-03 -5.448877438902854919e-02
2.277676165103912354e-01 -1.182857435196638107e-02 -9.231592528522014618e-03 2.356142699718475342e-01
2.275310456752777100e-01 1.834240406751632690e-01 -4.519307054579257965e-03 -5.996623635292053223e-02
2.311995178461074829e-01 -1.163281593471765518e-02 -5.718631669878959656e-03 2.312874048948287964e-01
2.309668660163879395e-01 1.835703849792480469e-01 -1.092883874662220478e-03 -6.319388002157211304e-02
2.346382737159729004e-01 3.787079751491546631e-01 -2.356761367991566658e-03 -3.562214076519012451e-01
2.422124296426773071e-01 1.836196184158325195e-01 -9.481189772486686707e-03 -6.428256630897521973e-02
2.458848208189010620e-01 -1.136512029916048050e-02 -1.076684147119522095e-02 2.253939658403396606e-01
2.456575185060501099e-01 1.839090436697006226e-01 -6.258961744606494904e-03 -7.066568732261657715e-02
2.493357062339782715e-01 -1.112262159585952759e-02 -7.672275416553020477e-03 2.200359553098678589e-01
2.491132467985153198e-01 1.841081529855728149e-01 -3.271556459367275238e-03 -7.505721598863601685e-02
2.527954280376434326e-01 -1.096674427390098572e-02 -4.772700835019350052e-03 2.165917307138442993e-01
2.525760829448699951e-01 1.842231154441833496e-01 -4.408662207424640656e-04 -7.759288698434829712e-02
2.562605440616607666e-01 3.793513774871826172e-01 -1.992723904550075531e-03 -3.704148828983306885e-01
2.638475596904754639e-01 1.842577904462814331e-01 -9.401021525263786316e-03 -7.836094498634338379e-02
2.675327360630035400e-01 -1.072813477367162704e-02 -1.096823997795581818e-02 2.113411724567413330e-01
2.673181593418121338e-01 1.845489144325256348e-01 -6.741417106240987778e-03 -8.478137105703353882e-02
2.710091471672058105e-01 -1.047576311975717545e-02 -8.437044918537139893e-03 2.057670205831527710e-01
2.707996368408203125e-01 1.847658157348632812e-01 -4.321704152971506119e-03 -8.956538140773773193e-02
2.744949460029602051e-01 -1.029392331838607788e-02 -6.113011855632066727e-03 2.017509192228317261e-01
2.742890715599060059e-01 1.849149167537689209e-01 -2.077993471175432205e-03 -9.285409003496170044e-02
2.779873609542846680e-01 -1.017718669027090073e-02 -3.935075365006923676e-03 1.991725116968154907e-01
2.777838110923767090e-01 1.850008219480514526e-01 4.837496089749038219e-05 -9.474915266036987305e-02
2.814838290214538574e-01 3.801220953464508057e-01 -1.846608123742043972e-03 -3.874168097972869873e-01
2.890862822532653809e-01 1.850263923406600952e-01 -9.594944305717945099e-03 -9.531668573617935181e-02
2.927868068218231201e-01 -9.956732392311096191e-03 -1.150127779692411423e-02 1.943236738443374634e-01
2.925876677036285400e-01 1.853278279304504395e-01 -7.614804897457361221e-03 -1.019651070237159729e-01
2.962942421436309814e-01 -9.684162214398384094e-03 -9.654106572270393372e-03 1.883056759834289551e-01
2.961005568504333496e-01 1.855745613574981689e-01 -5.887993611395359039e-03 -1.074070334434509277e-01
2.998120486736297607e-01 -9.462513960897922516e-03 -8.036133833229541779e-03 1.834124624729156494e-01
2.996227741241455078e-01 1.857734918594360352e-01 -4.367884714156389236e-03 -1.117947027087211609e-01
3.033382594585418701e-01 -9.285595268011093140e-03 -6.603778805583715439e-03 1.795069873332977295e-01
3.031525313854217529e-01 1.859302371740341187e-01 -3.013639012351632118e-03 -1.152518615126609802e-01
3.068711459636688232e-01 -9.148409590125083923e-03 -5.318676121532917023e-03 1.764787584543228149e-01
3.066881895065307617e-01 1.860492527484893799e-01 -1.789100933820009232e-03 -1.178772673010826111e-01
3.104091584682464600e-01 -9.047020226716995239e-03 -4.146646242588758469e-03 1.742406785488128662e-01
3.102282285690307617e-01 1.861340254545211792e-01 -6.618328625336289406e-04 -1.197474971413612366e-01
3.139508962631225586e-01 -8.978431113064289093e-03 -3.056782763451337814e-03 1.727265566587448120e-01
3.137713372707366943e-01 1.861871331930160522e-01 3.977483429480344057e-04 -1.209191232919692993e-01
3.174950778484344482e-01 -8.940511383116245270e-03 -2.020634012296795845e-03 1.718892604112625122e-01
3.173162639141082764e-01 1.862103044986724854e-01 1.417151186615228653e-03 -1.214304268360137939e-01
3.210404813289642334e-01 -8.931924588978290558e-03 -1.011457294225692749e-03 1.716992706060409546e-01
3.208618462085723877e-01 1.862044930458068848e-01 2.422528108581900597e-03 -1.213025748729705811e-01
3.245859146118164062e-01 3.812916576862335205e-01 -3.523444775055395439e-06 -4.132202267646789551e-01
3.322117626667022705e-01 1.861697435379028320e-01 -8.267927914857864380e-03 -1.205384135246276855e-01
3.359351456165313721e-01 -8.832776919007301331e-03 -1.067869644612073898e-02 1.695246249437332153e-01
3.357585072517395020e-01 1.864403784275054932e-01 -7.288204040378332138e-03 -1.265078932046890259e-01
3.394873142242431641e-01 -8.576405234634876251e-03 -9.818361140787601471e-03 1.638668179512023926e-01
3.393157720565795898e-01 1.866847127676010132e-01 -6.541025359183549881e-03 -1.318973004817962646e-01
3.430494666099548340e-01 -8.342933841049671173e-03 -9.178970940411090851e-03 1.587148606777191162e-01
3.428826034069061279e-01 1.869092136621475220e-01 -6.004673894494771957e-03 -1.368496119976043701e-01
3.466207981109619141e-01 -8.126212283968925476e-03 -8.741665631532669067e-03 1.539328992366790771e-01
3.464582860469818115e-01 1.871198117733001709e-01 -5.663007963448762894e-03 -1.414949446916580200e-01
3.502006828784942627e-01 -7.920582778751850128e-03 -8.492907509207725525e-03 1.493960320949554443e-01
3.500422537326812744e-01 1.873219460248947144e-01 -5.504986736923456192e-03 -1.459540873765945435e-01
3.537887036800384521e-01 -7.720737252384424210e-03 -8.424068801105022430e-03 1.449870467185974121e-01
3.536342978477478027e-01 1.875208318233489990e-01 -5.524327512830495834e-03 -1.503415703773498535e-01
3.573847115039825439e-01 -7.521577179431915283e-03 -8.531158789992332458e-03 1.405934393405914307e-01
3.572342693805694580e-01 1.877215057611465454e-01 -5.719290114939212799e-03 -1.547686606645584106e-01
3.609887063503265381e-01 -7.318083662539720535e-03 -8.814663626253604889e-03 1.361044794321060181e-01
3.608423471450805664e-01 1.879290044307708740e-01 -6.092573981732130051e-03 -1.593462526798248291e-01
3.646009266376495361e-01 -7.105191238224506378e-03 -9.279498830437660217e-03 1.314084082841873169e-01
3.644587993621826172e-01 1.881484538316726685e-01 -6.651330739259719849e-03 -1.641875803470611572e-01
3.682217895984649658e-01 -6.877660751342773438e-03 -9.935081936419010162e-03 1.263896375894546509e-01
3.680842220783233643e-01 1.883852034807205200e-01 -7.407289464026689529e-03 -1.694110631942749023e-01
3.718519210815429688e-01 -6.629948504269123077e-03 -1.079551037400960922e-02 1.209259107708930969e-01
3.717193305492401123e-01 1.886449903249740601e-01 -8.376992307603359222e-03 -1.751432567834854126e-01
3.754922449588775635e-01 -6.356072612106800079e-03 -1.187985762953758240e-02 1.148852780461311340e-01
3.753651082515716553e-01 1.889340728521347046e-01 -9.582151658833026886e-03 -1.815218627452850342e-01
3.791438043117523193e-01 -6.049468182027339935e-03 -1.321258954703807831e-02 1.081229075789451599e-01
3.790228068828582764e-01 1.892593055963516235e-01 -1.105013117194175720e-02 -1.886990666389465332e-01
3.828079998493194580e-01 -5.702827591449022293e-03 -1.482411194592714310e-02 1.004776060581207275e-01
3.826939463615417480e-01 1.896284073591232300e-01 -1.281455997377634048e-02 -1.968451738357543945e-01
3.864865005016326904e-01 -5.307928659021854401e-03 -1.675146445631980896e-02 9.176793694496154785e-02
3.863803446292877197e-01 -2.001858204603195190e-01 -1.491610519587993622e-02 3.791190683841705322e-01
3.823766410350799561e-01 -4.855254199355840683e-03 -7.333723828196525574e-03 8.177062869071960449e-02
3.822795152664184570e-01 1.903710514307022095e-01 -5.698311142623424530e-03 -2.132170498371124268e-01
3.860869407653808594e-01 -4.668966867029666901e-03 -9.962651878595352173e-03 7.766293734312057495e-02
3.859935700893402100e-01 1.905943751335144043e-01 -8.409393951296806335e-03 -2.181465178728103638e-01
3.898054659366607666e-01 -4.406358115375041962e-03 -1.277232356369495392e-02 7.187191396951675415e-02
3.897173106670379639e-01 -1.993428915739059448e-01 -1.133488584309816360e-02 3.604978919029235840e-01
3.857304751873016357e-01 -4.061669576913118362e-03 -4.124927800148725510e-03 6.426250189542770386e-02
3.856492340564727783e-01 1.911191791296005249e-01 -2.839677734300494194e-03 -2.297190129756927490e-01
3.894716203212738037e-01 -3.962078597396612167e-03 -7.434058003127574921e-03 6.206683441996574402e-02
3.893923759460449219e-01 1.912656724452972412e-01 -6.192720960825681686e-03 -2.329522818326950073e-01
3.932176828384399414e-01 -3.767254762351512909e-03 -1.085176691412925720e-02 5.777084082365036011e-02
3.931423425674438477e-01 -1.987319439649581909e-01 -9.696350432932376862e-03 3.470102846622467041e-01
3.891676962375640869e-01 -3.473423421382904053e-03 -2.756144152954220772e-03 5.128560215234756470e-02
3.890982270240783691e-01 1.916879415512084961e-01 -1.730432035401463509e-03 -2.422656267881393433e-01
3.929319977760314941e-01 -3.409251570701599121e-03 -6.575744599103927612e-03 4.987096786499023438e-02
3.928638100624084473e-01 -1.984363049268722534e-01 -5.578325130045413971e-03 3.404719531536102295e-01
3.888950943946838379e-01 -3.235423006117343903e-03 1.231113797985017300e-03 4.603518173098564148e-02
3.888303637504577637e-01 1.918688565492630005e-01 2.151817316189408302e-03 -2.462590634822845459e-01
3.926677405834197998e-01 -3.283764701336622238e-03 -2.773363841697573662e-03 4.710181802511215210e-02
3.926020860671997070e-01 1.918778419494628906e-01 -1.831327448599040508e-03 -2.464548349380493164e-01
3.964396417140960693e-01 -3.217903431504964828e-03 -6.760424003005027771e-03 4.564988240599632263e-02
3.963752686977386475e-01 -1.982422620058059692e-01 -5.847426597028970718e-03 3.361921906471252441e-01
3.924104273319244385e-01 -3.037587972357869148e-03 8.764172671362757683e-04 4.167104884982109070e-02
3.923496901988983154e-01 1.920717805624008179e-01 1.709838281385600567e-03 -2.507352232933044434e-01
3.961911201477050781e-01 -3.074541455134749413e-03 -3.304866375401616096e-03 4.248652234673500061e-02
3.961296379566192627e-01 1.920946389436721802e-01 -2.455136040225625038e-03 -2.512372732162475586e-01
3.999715149402618408e-01 -2.992162015289068222e-03 -7.479881867766380310e-03 4.067023098468780518e-02
3.999116718769073486e-01 -1.980060636997222900e-01 -6.666476838290691376e-03 3.309838175773620605e-01
3.959515392780303955e-01 -2.789850346744060516e-03 -4.680046549765393138e-05 3.620609268546104431e-02
3.958957493305206299e-01 1.923327744007110596e-01 6.773213972337543964e-04 -2.564916014671325684e-01
3.997424244880676270e-01 -2.798843197524547577e-03 -4.452510736882686615e-03 3.640488907694816589e-02
3.996864259243011475e-01 -1.978566646575927734e-01 -3.724412759765982628e-03 3.276796936988830566e-01
3.957293033599853516e-01 -2.681886544451117516e-03 2.829180797562003136e-03 3.382457420229911804e-02
3.956756591796875000e-01 1.923993825912475586e-01 3.505672328174114227e-03 -2.579643726348876953e-01
3.995236456394195557e-01 -2.772444859147071838e-03 -1.653615036047995090e-03 3.582222759723663330e-02
3.994682133197784424e-01 1.923731863498687744e-01 -9.371705236844718456e-04 -2.573819756507873535e-01
4.033156633377075195e-01 -2.735378453508019447e-03 -6.084810011088848114e-03 3.500521183013916016e-02
4.032609462738037109e-01 -1.977695524692535400e-01 -5.384705960750579834e-03 3.257621228694915771e-01
3.993055522441864014e-01 -2.571342978626489639e-03 1.130536664277315140e-03 3.138596564531326294e-02
3.992541432380676270e-01 1.925343722105026245e-01 1.758255995810031891e-03 -2.609400451183319092e-01
4.031048417091369629e-01 -2.612628508359193802e-03 -3.460544859990477562e-03 3.229693323373794556e-02
4.030525684356689453e-01 -1.976847797632217407e-01 -2.814606297761201859e-03 3.238860070705413818e-01
3.990988731384277344e-01 -2.522868104279041290e-03 3.663114039227366447e-03 3.031681105494499207e-02
3.990484178066253662e-01 1.925463676452636719e-01 4.269450437277555466e-03 -2.612081170082092285e-01
4.028993546962738037e-01 -2.636275254189968109e-03 -9.547119843773543835e-04 3.281838446855545044e-02
4.028466343879699707e-01 1.924993544816970825e-01 -2.983443555422127247e-04 -2.601656019687652588e-01
4.066966176033020020e-01 -2.618337050080299377e-03 -5.501656793057918549e-03 3.242319822311401367e-02
4.066442549228668213e-01 -1.976609677076339722e-01 -4.853192716836929321e-03 3.233652412891387939e-01
4.026910364627838135e-01 -2.470241161063313484e-03 1.614111941307783127e-03 2.915576286613941193e-02
4.026416242122650146e-01 1.926285326480865479e-01 2.197227207943797112e-03 -2.630174458026885986e-01
4.064942002296447754e-01 -2.524719806388020515e-03 -3.063122043386101723e-03 3.035768866539001465e-02
4.064436852931976318e-01 -1.976026147603988647e-01 -2.455968176946043968e-03 3.220725953578948975e-01
4.024916291236877441e-01 -2.445771824568510056e-03 3.985483665019273758e-03 2.861616574227809906e-02
4.024427235126495361e-01 1.926188021898269653e-01 4.557806998491287231e-03 -2.628066241741180420e-01
4.062950909137725830e-01 -2.567913383245468140e-03 -6.983256898820400238e-04 3.131037950515747070e-02
4.062437415122985840e-01 1.925640404224395752e-01 -7.211806223494932055e-05 -2.615928053855895996e-01
4.100950360298156738e-01 -2.556876512244343758e-03 -5.303973797708749771e-03 3.106738626956939697e-02
4.100438952445983887e-01 -1.976023614406585693e-01 -4.682626109570264816e-03 3.220721483230590820e-01
4.060918390750885010e-01 -2.414047019556164742e-03 1.758816651999950409e-03 2.791618742048740387e-02
4.060435593128204346e-01 1.926826387643814087e-01 2.317140344530344009e-03 -2.642112970352172852e-01
4.098972082138061523e-01 -2.472310326993465424e-03 -2.967085456475615501e-03 2.920158021152019501e-02
4.098477661609649658e-01 -1.975515931844711304e-01 -2.383053768426179886e-03 3.209468722343444824e-01
4.058967232704162598e-01 -2.395779360085725784e-03 4.035884048789739609e-03 2.751338854432106018e-02
4.058488309383392334e-01 1.926680654287338257e-01 4.586151801049709320e-03 -2.638934552669525146e-01
4.097021818161010742e-01 -2.519047819077968597e-03 -6.917173159308731556e-04 3.023246489465236664e-02
4.096517860889434814e-01 1.926128119230270386e-01 -8.706800872460007668e-05 -2.626686394214630127e-01
4.135040640830993652e-01 -2.507892204448580742e-03 -5.340440664440393448e-03 2.998683787882328033e-02
4.134539067745208740e-01 -1.975528597831726074e-01 -4.740703850984573364e-03 3.209800124168395996e-01
4.095028340816497803e-01 -2.363711362704634666e-03 1.678896718658506870e-03 2.680584043264389038e-02
4.094555675983428955e-01 1.927341222763061523e-01 2.215013606473803520e-03 -2.653469145298004150e-01
4.133102595806121826e-01 -2.419372554868459702e-03 -3.091924590989947319e-03 2.803383581340312958e-02
4.132618606090545654e-01 -1.974968463182449341e-01 -2.531247911974787712e-03 3.197396099567413330e-01
4.093119204044342041e-01 -2.338938415050506592e-03 3.863544669002294540e-03 2.625951357185840607e-02
4.092651605606079102e-01 1.927273869514465332e-01 4.388735163956880569e-03 -2.652019262313842773e-01
4.131197035312652588e-01 -2.456920919939875603e-03 -9.153034770861268044e-04 2.886201441287994385e-02
4.130705595016479492e-01 1.926781386137008667e-01 -3.380631969776004553e-04 -2.641095519065856934e-01
4.169241189956665039e-01 -2.438979921862483025e-03 -5.620254203677177429e-03 2.846671827137470245e-02
4.168753325939178467e-01 -1.974798887968063354e-01 -5.050919950008392334e-03 3.193711042404174805e-01
4.129257500171661377e-01 -2.286363160237669945e-03 1.336502144113183022e-03 2.509959787130355835e-02
4.128800034523010254e-01 1.928163915872573853e-01 1.838494092226028442e-03 -2.671613395214080811e-01
4.167363345623016357e-01 -2.331745577976107597e-03 -3.504732856526970863e-03 2.610088698565959930e-02
4.166896939277648926e-01 -1.974032670259475708e-01 -2.982715144753456116e-03 3.176759779453277588e-01
4.127416312694549561e-01 -2.238954417407512665e-03 3.370804246515035629e-03 2.405389957129955292e-02
4.126968681812286377e-01 1.928344964981079102e-01 3.851882414892315865e-03 -2.675636112689971924e-01
4.165535569190979004e-01 -2.342216903343796730e-03 -1.499389647506177425e-03 2.633174881339073181e-02
4.165067076683044434e-01 1.928012073040008545e-01 -9.727546712383627892e-04 -2.668238878250122070e-01
4.203627407550811768e-01 -2.306849928572773933e-03 -6.309232208877801895e-03 2.555207721889019012e-02
4.203166067600250244e-01 -1.973377615213394165e-01 -5.798190832138061523e-03 3.162377178668975830e-01
4.163698554039001465e-01 -2.133697969838976860e-03 5.265636718831956387e-04 2.173188887536525726e-02
4.163271784782409668e-01 1.929806917905807495e-01 9.612014400772750378e-04 -2.707848548889160156e-01
4.201867878437042236e-01 -2.154956338927149773e-03 -4.454495850950479507e-03 2.220108546316623688e-02
4.201436936855316162e-01 -1.972127407789230347e-01 -4.010473843663930893e-03 3.134752511978149414e-01
4.161994159221649170e-01 -2.033890923485159874e-03 2.259030938148498535e-03 1.953024417161941528e-02
4.161587357521057129e-01 1.930555850267410278e-01 2.649635775014758110e-03 -2.724390625953674316e-01
4.200198650360107422e-01 -2.104067942127585411e-03 -2.799145644530653954e-03 2.107837609946727753e-02
4.199777841567993164e-01 -1.971857696771621704e-01 -2.377578290179371834e-03 3.128768205642700195e-01
4.160340726375579834e-01 -2.030023606494069099e-03 3.879958298057317734e-03 1.944503560662269592e-02
4.159934520721435547e-01 1.930360645055770874e-01 4.268859047442674637e-03 -2.720111906528472900e-01
4.198541939258575439e-01 -2.146533457562327385e-03 -1.171364914625883102e-03 2.201507985591888428e-02
4.198112487792968750e-01 1.929921954870223999e-01 -7.310633081942796707e-04 -2.710371911525726318e-01
4.236710965633392334e-01 -2.119314623996615410e-03 -6.151807028800249100e-03 2.141506038606166840e-02
4.236287176609039307e-01 -1.971525102853775024e-01 -5.723505746573209763e-03 3.121506869792938232e-01
4.196856617927551270e-01 -1.949483994394540787e-03 5.195078556425869465e-04 1.766825467348098755e-02
4.196466803550720215e-01 1.931650191545486450e-01 8.728728862479329109e-04 -2.748507261276245117e-01
4.235099852085113525e-01 -1.969381235539913177e-03 -4.624141380190849304e-03 1.810738816857337952e-02
4.234705865383148193e-01 -1.970247179269790649e-01 -4.261993803083896637e-03 3.093277513980865479e-01
4.195300936698913574e-01 -1.842296333052217960e-03 1.924561569467186928e-03 1.530377566814422607e-02
4.194932579994201660e-01 1.932519972324371338e-01 2.230637241154909134e-03 -2.767713069915771484e-01
4.233582913875579834e-01 -1.901702489703893661e-03 -3.304789075627923012e-03 1.661432720720767975e-02
4.233202636241912842e-01 -1.969761103391647339e-01 -2.972502494230866432e-03 3.082527220249176025e-01
4.193807244300842285e-01 -1.811924274079501629e-03 3.192551899701356888e-03 1.463383436203002930e-02
4.193444848060607910e-01 1.932640969753265381e-01 3.485228633508086205e-03 -2.770400941371917725e-01
4.232097864151000977e-01 -1.907402998767793179e-03 -2.055573277175426483e-03 1.674002967774868011e-02
4.231716096401214600e-01 -1.969998180866241455e-01 -1.720772706903517246e-03 3.087736964225769043e-01
4.192316234111785889e-01 -1.853387453593313694e-03 4.454701207578182220e-03 1.554857566952705383e-02
4.191945493221282959e-01 1.932044029235839844e-01 4.765672609210014343e-03 -2.757255136966705322e-01
4.230586588382720947e-01 -1.985223498195409775e-03 -7.488377159461379051e-04 1.845668815076351166e-02
4.230189323425292969e-01 1.931474655866622925e-01 -3.797039680648595095e-04 -2.744624018669128418e-01
4.268818795680999756e-01 -1.969072734937071800e-03 -5.868952255696058273e-03 1.810073293745517731e-02
4.268425107002258301e-01 -1.970063596963882446e-01 -5.506937392055988312e-03 3.089261651039123535e-01
4.229023754596710205e-01 -1.806385582312941551e-03 6.715859053656458855e-04 1.451160944998264313e-02
4.228662550449371338e-01 1.933059245347976685e-01 9.618180920369923115e-04 -2.779593467712402344e-01
4.267323613166809082e-01 -1.829731510952115059e-03 -4.597369115799665451e-03 1.502677891403436661e-02
4.266957938671112061e-01 -1.968854516744613647e-01 -4.296833183616399765e-03 3.062556385993957520e-01
4.227580726146697998e-01 -1.702533569186925888e-03 1.828279579058289528e-03 1.222070679068565369e-02
4.227240085601806641e-01 1.933931559324264526e-01 2.072693780064582825e-03 -2.798848152160644531e-01
4.265918731689453125e-01 -1.758306752890348434e-03 -3.525002626702189445e-03 1.345111150294542313e-02
4.265567064285278320e-01 -1.968295276165008545e-01 -3.255980322137475014e-03 3.050197660923004150e-01
4.226201176643371582e-01 -1.661328482441604137e-03 2.844415139406919479e-03 1.131177321076393127e-02
4.225868880748748779e-01 1.934197098016738892e-01 3.070650622248649597e-03 -2.804723381996154785e-01
4.264552891254425049e-01 -1.745903515256941319e-03 -2.538796514272689819e-03 1.317746657878160477e-02
4.264203906059265137e-01 -1.968313604593276978e-01 -2.275247126817703247e-03 3.050583004951477051e-01
4.224837422370910645e-01 -1.677052234299480915e-03 3.825918771326541901e-03 1.165867689996957779e-02
4.224502146244049072e-01 1.933898180723190308e-01 4.059092141687870026e-03 -2.798146903514862061e-01
4.263180196285247803e-01 -1.789796748198568821e-03 -1.537201227620244026e-03 1.414571050554513931e-02
4.262821972370147705e-01 -1.968896687030792236e-01 -1.254286966286599636e-03 3.063432276248931885e-01
4.223444163799285889e-01 -1.749866642057895660e-03 4.872577730566263199e-03 1.326500251889228821e-02
4.223094284534454346e-01 1.933018714189529419e-01 5.137877538800239563e-03 -2.778765857219696045e-01
4.261754453182220459e-01 -1.893002772703766823e-03 -4.196541558485478163e-04 1.642237603664398193e-02
4.261375963687896729e-01 1.932349652051925659e-01 -9.120661707129329443e-05 -2.763929367065429688e-01
4.300023019313812256e-01 -1.885685604065656662e-03 -5.619065370410680771e-03 1.626123301684856415e-02
4.299645721912384033e-01 -1.969266086816787720e-01 -5.293840542435646057e-03 3.071659803390502930e-01
4.260260462760925293e-01 -1.729620038531720638e-03 8.494794019497931004e-04 1.281823962926864624e-02
4.259914457798004150e-01 1.933801323175430298e-01 1.105844159610569477e-03 -2.795965373516082764e-01
4.298590719699859619e-01 -1.757570658810436726e-03 -4.486086778342723846e-03 1.343495771288871765e-02
4.298239052295684814e-01 -1.968148946762084961e-01 -4.217387642711400986e-03 3.046990931034088135e-01
4.258876144886016846e-01 -1.633101259358227253e-03 1.876594498753547668e-03 1.068909931927919388e-02
4.258549511432647705e-01 1.934618800878524780e-01 2.090376336127519608e-03 -2.814011573791503906e-01
4.297241866588592529e-01 -1.689819386228919029e-03 -3.537646494805812836e-03 1.194034144282341003e-02
4.296903908252716064e-01 -1.967608630657196045e-01 -3.298839787021279335e-03 3.035050034523010254e-01
4.257551729679107666e-01 -1.592048676684498787e-03 2.771260216832160950e-03 9.783524088561534882e-03
4.257233440876007080e-01 1.934900432825088501e-01 2.966930856928229332e-03 -2.820237576961517334e-01
4.295931458473205566e-01 -1.674095750786364079e-03 -2.673544222488999367e-03 1.159345544874668121e-02
4.295596480369567871e-01 -1.967575997114181519e-01 -2.441675169393420219e-03 3.034316599369049072e-01
4.256244897842407227e-01 -1.600939081981778145e-03 3.626957768574357033e-03 9.979674592614173889e-03
4.255924820899963379e-01 1.934688091278076172e-01 3.826551372185349464e-03 -2.815566956996917725e-01
4.294618666172027588e-01 -1.707514747977256775e-03 -1.804582658223807812e-03 1.233064569532871246e-02
4.294277131557464600e-01 -1.968035399913787842e-01 -1.557969721034169197e-03 3.044436573982238770e-01
4.254916310310363770e-01 -1.659420202486217022e-03 4.530903417617082596e-03 1.126979291439056396e-02
4.254584312438964844e-01 1.933972537517547607e-01 4.756299313157796860e-03 -2.799801528453826904e-01
4.293263852596282959e-01 -1.792215975001454353e-03 -8.433035691268742085e-04 1.419910602271556854e-02
4.292905330657958984e-01 1.933418214321136475e-01 -5.593214300461113453e-04 -2.787497639656066895e-01
4.331573843955993652e-01 -1.772148534655570984e-03 -6.134316790848970413e-03 1.375669147819280624e-02
4.331219494342803955e-01 -1.968055963516235352e-01 -5.859183147549629211e-03 3.044978678226470947e-01
4.291858375072479248e-01 -1.600632793270051479e-03 2.307743561686947942e-04 9.972871281206607819e-03
4.291538298130035400e-01 1.935180127620697021e-01 4.302317975088953972e-04 -2.826372385025024414e-01
4.330241680145263672e-01 -1.610077102668583393e-03 -5.222512874752283096e-03 1.018135435879230499e-02
4.329919815063476562e-01 -1.966567486524581909e-01 -5.018885713070631027e-03 3.012119531631469727e-01
4.290588498115539551e-01 -1.463618362322449684e-03 1.005353173241019249e-03 6.950405891984701157e-03
4.290295541286468506e-01 1.936438977718353271e-01 1.144361332990229130e-03 -2.854151427745819092e-01
4.329024553298950195e-01 -1.494353055022656918e-03 -4.563941620290279388e-03 7.628480438143014908e-03
4.328725636005401611e-01 -1.965505480766296387e-01 -4.411371890455484390e-03 2.988679409027099609e-01
4.289415478706359863e-01 -1.366000971756875515e-03 1.565986778587102890e-03 4.797020461410284042e-03
4.289142191410064697e-01 1.937334537506103516e-01 1.661927206441760063e-03 -2.873913943767547607e-01
4.327889084815979004e-01 -1.412155572324991226e-03 -4.085901193320751190e-03 5.815213080495595932e-03
4.327606558799743652e-01 -1.964752674102783203e-01 -3.969596698880195618e-03 2.972061932086944580e-01
4.288311600685119629e-01 -1.296958187595009804e-03 1.974527025595307350e-03 3.273971145972609520e-03
4.288052022457122803e-01 1.937966197729110718e-01 2.040006453171372414e-03 -2.887853085994720459e-01
4.326811432838439941e-01 -1.354362582787871361e-03 -3.735699690878391266e-03 4.540311172604560852e-03
4.326540529727935791e-01 -1.964225471019744873e-01 -3.644893411546945572e-03 2.960422337055206299e-01
4.287256002426147461e-01 -1.248817192390561104e-03 2.275951206684112549e-03 2.212006831541657448e-03
4.287006258964538574e-01 1.938404142856597900e-01 2.320191357284784317e-03 -2.897519469261169434e-01
4.325774312019348145e-01 -1.314539462327957153e-03 -3.474847879260778427e-03 3.661824855953454971e-03
4.325511455535888672e-01 -1.963864862918853760e-01 -3.401611233130097389e-03 2.952463626861572266e-01
4.286234080791473389e-01 -1.216204022057354450e-03 2.503316150978207588e-03 1.492573879659175873e-03
4.285990893840789795e-01 1.938697546720504761e-01 2.533167600631713867e-03 -2.903994619846343994e-01
4.324764907360076904e-01 -1.288223662413656712e-03 -3.274821909144520760e-03 3.081305650994181633e-03
4.324507117271423340e-01 -1.963630616664886475e-01 -3.213195828720927238e-03 2.947292029857635498e-01
4.285234510898590088e-01 -1.195443328469991684e-03 2.681388054043054581e-03 1.034603570587933064e-03
4.284995496273040771e-01 1.938879489898681641e-01 2.702080179005861282e-03 -2.908011078834533691e-01
4.323773086071014404e-01 -1.272425171919167042e-03 -3.113941987976431847e-03 2.732797292992472649e-03
4.323518574237823486e-01 -1.963495761156082153e-01 -3.059286158531904221e-03 2.944316267967224121e-01
4.284248650074005127e-01 -1.184146618470549583e-03 2.829346107318997383e-03 7.854046416468918324e-04
4.284012019634246826e-01 1.938971132040023804e-01 2.845054259523749352e-03 -2.910034954547882080e-01
4.322791397571563721e-01 -1.265289029106497765e-03 -2.975015435367822647e-03 2.575376071035861969e-03
4.322538375854492188e-01 -1.963444501161575317e-01 -2.923507941886782646e-03 2.943181693553924561e-01
4.283269345760345459e-01 -1.180938794277608395e-03 2.962855389341711998e-03 7.146436255425214767e-04
4.283033013343811035e-01 1.938983947038650513e-01 2.977148164063692093e-03 -2.910319864749908447e-01
4.321812689304351807e-01 -1.265879371203482151e-03 -2.843491733074188232e-03 2.588399918749928474e-03
4.321559667587280273e-01 -1.963469386100769043e-01 -2.791723702102899551e-03 2.943728268146514893e-01
4.282290339469909668e-01 -1.185294473543763161e-03 3.095732536166906357e-03 8.107292815111577511e-04
4.282053112983703613e-01 1.938921213150024414e-01 3.111947327852249146e-03 -2.908938527107238770e-01
4.320831596851348877e-01 -1.274062786251306534e-03 -2.705929800868034363e-03 2.768921200186014175e-03
4.320576786994934082e-01 -1.963571012020111084e-01 -2.650551265105605125e-03 2.945968806743621826e-01
4.281305372714996338e-01 -1.197463599964976311e-03 3.241386031731963158e-03 1.079175854101777077e-03
4.281066060066223145e-01 1.938778460025787354e-01 3.262969432398676872e-03 -2.905792891979217529e-01
4.319841563701629639e-01 -1.290473970584571362e-03 -2.548616379499435425e-03 3.130947472527623177e-03
4.319583475589752197e-01 -1.963757872581481934e-01 -2.485997509211301804e-03 2.950086593627929688e-01
4.280308187007904053e-01 -1.218477264046669006e-03 3.414175938814878464e-03 1.542731537483632565e-03
4.280064404010772705e-01 1.938543468713760376e-01 3.445030422881245613e-03 -2.900610268115997314e-01
4.318835437297821045e-01 -1.316561596468091011e-03 -2.356190001592040062e-03 3.706428920850157738e-03
4.318571984767913818e-01 -1.964046359062194824e-01 -2.282061381265521049e-03 2.956450283527374268e-01
4.279291033744812012e-01 -1.250232337042689323e-03 3.630838822573423386e-03 2.243240131065249443e-03
4.279040992259979248e-01 1.938194632530212402e-01 3.675703657791018486e-03 -2.892919182777404785e-01
4.317804872989654541e-01 -1.354712992906570435e-03 -2.110134344547986984e-03 4.548030905425548553e-03
4.317533969879150391e-01 -1.964463442564010620e-01 -2.019173698499798775e-03 2.965644299983978271e-01
4.278244674205780029e-01 -1.295660738833248615e-03 3.912115003913640976e-03 3.245382104068994522e-03
4.277985692024230957e-01 1.937699615955352783e-01 3.977022599428892136e-03 -2.882006764411926270e-01
4.316739737987518311e-01 -1.408471609465777874e-03 -1.786990556865930557e-03 5.733922589570283890e-03
4.316458106040954590e-01 -1.965047419071197510e-01 -1.672312151640653610e-03 2.978524863719940186e-01
4.277156889438629150e-01 -1.358999405056238174e-03 4.284737631678581238e-03 4.642621614038944244e-03
4.276885092258453369e-01 1.937012374401092529e-01 4.377590026706457138e-03 -2.866853475570678711e-01
4.315625429153442383e-01 -1.482865540310740471e-03 -1.356116612441837788e-03 7.375018205493688583e-03
4.315328896045684814e-01 -1.965853422880172729e-01 -1.208616304211318493e-03 2.996297776699066162e-01
4.276011884212493896e-01 -1.446184120140969753e-03 4.783979151397943497e-03 6.565909367054700851e-03
4.275722503662109375e-01 1.936068385839462280e-01 4.915297031402587891e-03 -2.846037745475769043e-01
4.314444065093994141e-01 -1.584876677952706814e-03 -7.767784991301596165e-04 9.625335223972797394e-03
4.314126968383789062e-01 -1.966956853866577148e-01 -5.842717946507036686e-04 3.020630776882171631e-01
4.274787902832031250e-01 -1.565405633300542831e-03 5.456989631056785583e-03 9.195941500365734100e-03
4.274474680423736572e-01 1.934778541326522827e-01 5.640908610075712204e-03 -2.817602455615997314e-01
4.313170313835144043e-01 -1.724095549434423447e-03 5.703506758436560631e-06 1.269643940031528473e-02
4.312825500965118408e-01 1.933977752923965454e-01 2.596323029138147831e-04 -2.799846827983856201e-01
4.351505041122436523e-01 -1.727880095131695271e-03 -5.340061616152524948e-03 1.278011500835418701e-02
4.351159632205963135e-01 -1.967728435993194580e-01 -5.084459204226732254e-03 3.037734031677246094e-01
4.311805069446563721e-01 -1.578800729475915432e-03 9.910091757774353027e-04 9.491314180195331573e-03
4.311489164829254150e-01 1.935289204120635986e-01 1.180835417471826077e-03 -2.828787863254547119e-01
4.350194931030273438e-01 -1.609849976375699043e-03 -4.476740024983882904e-03 1.017634943127632141e-02
4.349873065948486328e-01 -1.966673135757446289e-01 -4.273212980479001999e-03 3.014434576034545898e-01
4.310539662837982178e-01 -1.484718522988259792e-03 1.755656092427670956e-03 7.415915839374065399e-03
4.310242533683776855e-01 1.936120092868804932e-01 1.903974451124668121e-03 -2.847125530242919922e-01
4.348964989185333252e-01 -1.537044416181743145e-03 -3.790276823565363884e-03 8.570255711674690247e-03
4.348657429218292236e-01 -1.966044306755065918e-01 -3.618871793150901794e-03 3.000549077987670898e-01
4.309336543083190918e-01 -1.431087497621774673e-03 2.382226288318634033e-03 6.232851184904575348e-03
4.309050440788269043e-01 1.936566233634948730e-01 2.506883349269628525e-03 -2.856974899768829346e-01
4.347781836986541748e-01 -1.500995713286101818e-03 -3.207066794857382774e-03 7.775020785629749298e-03
4.347481727600097656e-01 -1.965768039226531982e-01 -3.051566425710916519e-03 2.994443476200103760e-01
4.308166205883026123e-01 -1.411491655744612217e-03 2.937320852652192116e-03 5.800587590783834457e-03
4.307883977890014648e-01 1.936682164669036865e-01 3.053332446143031120e-03 -2.859541475772857666e-01
4.346617460250854492e-01 -1.497152261435985565e-03 -2.665750216692686081e-03 7.690225727856159210e-03
4.346318244934082031e-01 -1.965807676315307617e-01 -2.511945553123950958e-03 2.995308935642242432e-01
4.307002127170562744e-01 -1.423105481080710888e-03 3.478672122582793236e-03 6.056798622012138367e-03
4.306717216968536377e-01 1.936487853527069092e-01 3.599808085709810257e-03 -2.855265438556671143e-01
4.345447123050689697e-01 -1.524321618489921093e-03 -2.110722707584500313e-03 8.289565332233905792e-03
4.345142245292663574e-01 -1.966159343719482422e-01 -1.944931456819176674e-03 3.003057837486267090e-01
4.305818974971771240e-01 -1.466319430619478226e-03 4.061184357851743698e-03 7.010102272033691406e-03
4.305525720119476318e-01 1.935971528291702271e-01 4.201386589556932449e-03 -2.843887209892272949e-01
4.344245195388793945e-01 -1.584467128850519657e-03 -1.486387802287936211e-03 9.616341441869735718e-03
4.343928396701812744e-01 -1.966850757598876953e-01 -1.294060959480702877e-03 3.018299341201782227e-01
4.304591417312622070e-01 -1.544698956422507763e-03 4.742537625133991241e-03 8.739159442484378815e-03
4.304282367229461670e-01 1.935089230537414551e-01 4.917320795357227325e-03 -2.824436724185943604e-01
4.342984259128570557e-01 -1.682825852185487747e-03 -7.315528346225619316e-04 1.178608741611242294e-02
4.342647492885589600e-01 1.934496164321899414e-01 -4.958310746587812901e-04 -2.811275720596313477e-01
4.381337463855743408e-01 -1.665265881456434727e-03 -6.118382327258586884e-03 1.139893941581249237e-02
4.381004571914672852e-01 -1.966989338397979736e-01 -5.890403408557176590e-03 3.021451830863952637e-01
4.341664612293243408e-01 -1.493533258326351643e-03 1.525000698165968060e-04 7.610382512211799622e-03
4.341365993022918701e-01 1.936262249946594238e-01 3.047077043447643518e-04 -2.850244343280792236e-01
4.380091130733489990e-01 -1.500065089203417301e-03 -5.395780783146619797e-03 7.754588965326547623e-03
4.379791319370269775e-01 -1.965442150831222534e-01 -5.240689031779766083e-03 2.987301945686340332e-01
4.340482354164123535e-01 -1.347958808764815331e-03 7.339151925407350063e-04 4.399084020406007767e-03
4.340212643146514893e-01 1.937634646892547607e-01 8.218968287110328674e-04 -2.880522012710571289e-01
4.378965497016906738e-01 -1.370202866382896900e-03 -4.939146805554628372e-03 4.889838863164186478e-03
4.378691315650939941e-01 -1.964209675788879395e-01 -4.841350018978118896e-03 2.960103154182434082e-01
4.339407384395599365e-01 -1.230339054018259048e-03 1.078856177628040314e-03 1.804450876079499722e-03
4.339161217212677002e-01 -1.963677406311035156e-01 1.114945160225033760e-03 2.948275804519653320e-01
4.299887716770172119e-01 -1.261707977391779423e-03 7.011496927589178085e-03 2.496493281796574593e-03
4.299635291099548340e-01 1.937589943408966064e-01 7.061426527798175812e-03 -2.879660129547119141e-01
4.338386952877044678e-01 -1.462945481762290001e-03 1.302106538787484169e-03 6.935644429177045822e-03
4.338094592094421387e-01 1.936403065919876099e-01 1.440819469280540943e-03 -2.853361666202545166e-01
4.376822412014007568e-01 -1.502163126133382320e-03 -4.265903960913419724e-03 7.800835184752941132e-03
4.376522004604339600e-01 -1.965626776218414307e-01 -4.109887406229972839e-03 2.991347610950469971e-01
4.337209463119506836e-01 -1.382383867166936398e-03 1.872808206826448441e-03 5.158501211553812027e-03
4.336933195590972900e-01 1.937126517295837402e-01 1.975978258997201920e-03 -2.869329452514648438e-01
4.375675618648529053e-01 -1.437416533008217812e-03 -3.762680571526288986e-03 6.372534669935703278e-03
4.375388026237487793e-01 -1.965052038431167603e-01 -3.635230008512735367e-03 2.978659272193908691e-01
4.336087107658386230e-01 -1.331622130237519741e-03 2.322088461369276047e-03 4.038725513964891434e-03
4.335820674896240234e-01 1.937569528818130493e-01 2.402862999588251114e-03 -2.879106402397155762e-01
4.374572038650512695e-01 -1.399184809997677803e-03 -3.355350112542510033e-03 5.529147572815418243e-03
4.374292194843292236e-01 -1.964728534221649170e-01 -3.244767198339104652e-03 2.971515357494354248e-01
4.334997832775115967e-01 -1.304799341596662998e-03 2.698263619095087051e-03 3.447032533586025238e-03
4.334736764430999756e-01 1.937783509492874146e-01 2.767204307019710541e-03 -2.883833348751068115e-01
4.373492598533630371e-01 -1.382951857522130013e-03 -3.000462660565972328e-03 5.171051248908042908e-03
4.373216032981872559e-01 -1.964617371559143066e-01 -2.897041616961359978e-03 2.969057857990264893e-01
4.333923459053039551e-01 -1.298614079132676125e-03 3.041074145585298538e-03 3.310592146590352058e-03
4.333663880825042725e-01 1.937795877456665039e-01 3.107286058366298676e-03 -2.884112894535064697e-01
4.372419714927673340e-01 -1.386531861498951912e-03 -2.660939702764153481e-03 5.250023677945137024e-03
4.372142553329467773e-01 -1.964702159166336060e-01 -2.555939136072993279e-03 2.970921993255615234e-01
4.332848489284515381e-01 -1.311926986090838909e-03 3.385904943570494652e-03 3.604275872930884361e-03
4.332585930824279785e-01 1.937613040208816528e-01 3.457990474998950958e-03 -2.880084216594696045e-01
4.371338188648223877e-01 -1.409790711477398872e-03 -2.302178414538502693e-03 5.763099528849124908e-03
4.371056258678436279e-01 -1.964986473321914673e-01 -2.186916302889585495e-03 2.977187633514404297e-01
4.331756532192230225e-01 -1.345592550933361053e-03 3.767459187656641006e-03 4.346934147179126740e-03
4.331487417221069336e-01 1.937221288681030273e-01 3.854397684335708618e-03 -2.871449291706085205e-01
4.370231926441192627e-01 -1.454580342397093773e-03 -1.888500875793397427e-03 6.751138251274824142e-03
4.369941055774688721e-01 -1.965494006872177124e-01 -1.753478194586932659e-03 2.988376319408416748e-01
4.330631196498870850e-01 -1.402494963258504868e-03 4.223274067044258118e-03 5.602197255939245224e-03
4.330350458621978760e-01 1.936586350202560425e-01 4.335318226367235184e-03 -2.857452630996704102e-01
4.369082450866699219e-01 -1.524876919575035572e-03 -1.379586756229400635e-03 8.301846683025360107e-03
4.368777275085449219e-01 -1.966270208358764648e-01 -1.213549869135022163e-03 3.005491793155670166e-01
