6.216262467205524445e-03 2.099027298390865326e-02 1.995493471622467041e-02 -2.072745002806186676e-02
6.636067759245634079e-03 2.158204466104507446e-01 1.954038627445697784e-02 -3.070481717586517334e-01
1.095247641205787659e-02 2.042558789253234863e-02 1.339942216873168945e-02 -8.267322555184364319e-03
1.136098895221948624e-02 -1.748859435319900513e-01 1.323407609015703201e-02 2.886129915714263916e-01
7.863270118832588196e-03 2.004481293261051178e-02 1.900633610785007477e-02 1.331608073087409139e-04
8.264166302978992462e-03 2.148891091346740723e-01 1.900899969041347504e-02 -2.864929437637329102e-01
1.256194803863763809e-02 1.950128749012947083e-02 1.327913999557495117e-02 1.212412398308515549e-02
1.295197382569313049e-02 2.144303023815155029e-01 1.352162193506956100e-02 -2.763396799564361572e-01
1.724058017134666443e-02 1.911807805299758911e-02 7.994828745722770691e-03 2.057712338864803314e-02
1.762294210493564606e-02 -1.761176139116287231e-01 8.406371809542179108e-03 3.157717585563659668e-01
1.410058885812759399e-02 1.888359710574150085e-02 1.472180616110563278e-02 2.575171925127506256e-02
1.447826158255338669e-02 2.137913703918457031e-01 1.523684058338403702e-02 -2.622501850128173828e-01
1.875408925116062164e-02 1.845527067780494690e-02 9.991836734116077423e-03 3.519939258694648743e-02
1.912319473922252655e-02 2.134325206279754639e-01 1.069582439959049225e-02 -2.543143332004547119e-01
2.339184470474720001e-02 1.815949752926826477e-02 5.609537940472364426e-03 4.172296077013015747e-02
2.375503443181514740e-02 -1.770424395799636841e-01 6.443997379392385483e-03 3.361704647541046143e-01
2.021418511867523193e-02 1.798721216619014740e-02 1.316740643233060837e-02 4.552657157182693481e-02
2.057392895221710205e-02 2.129178941249847412e-01 1.407793816179037094e-02 -2.429729998111724854e-01
2.483228780329227448e-02 1.759772002696990967e-02 9.218477644026279449e-03 5.411700904369354248e-02
2.518424205482006073e-02 2.125862836837768555e-01 1.030081789940595627e-02 -2.356432229280471802e-01
2.943596802651882172e-02 1.731869019567966461e-02 5.587953608483076096e-03 6.027102097868919373e-02
2.978234179317951202e-02 2.123600840568542480e-01 6.793373730033636093e-03 -2.306436449289321899e-01
3.402954339981079102e-02 1.714171469211578369e-02 2.180500887334346771e-03 6.417438387870788574e-02
3.437237814068794250e-02 -1.780114322900772095e-01 3.463988658040761948e-03 3.575444817543029785e-01
3.081214800477027893e-02 1.706110313534736633e-02 1.061487849801778793e-02 6.595584005117416382e-02
3.115337155759334564e-02 2.120292633771896362e-01 1.193399447947740555e-02 -2.233592271804809570e-01
3.539395704865455627e-02 1.673880033195018768e-02 7.466810289770364761e-03 7.306413352489471436e-02
3.572873398661613464e-02 2.117529064416885376e-01 8.928093127906322479e-03 -2.172536551952362061e-01
3.996378928422927856e-02 1.650447770953178406e-02 4.583019763231277466e-03 7.823214679956436157e-02
4.029387980699539185e-02 2.115604281425476074e-01 6.147662643343210220e-03 -2.130013108253479004e-01
4.452508687973022461e-02 1.635112613439559937e-02 1.887636724859476089e-03 8.161451667547225952e-02
4.485211148858070374e-02 -1.787978261709213257e-01 3.519927151501178741e-03 3.748924136161804199e-01
4.127615317702293396e-02 1.627394370734691620e-02 1.101777516305446625e-02 8.332140743732452393e-02
4.160163179039955139e-02 2.112362384796142578e-01 1.268420275300741196e-02 -2.058651298284530640e-01
4.582635685801506042e-02 1.593522168695926666e-02 8.566901087760925293e-03 9.079188853502273560e-02
4.614506289362907410e-02 2.109333425760269165e-01 1.038273796439170837e-02 -1.991759091615676880e-01
5.036373063921928406e-02 1.566443592309951782e-02 6.399219855666160583e-03 9.676411747932434082e-02
5.067701637744903564e-02 2.106940895318984985e-01 8.334502577781677246e-03 -1.938930153846740723e-01
5.489090085029602051e-02 1.545391231775283813e-02 4.456642083823680878e-03 1.014073938131332397e-01
5.519997701048851013e-02 2.105117142200469971e-01 6.484790239483118057e-03 -1.898661404848098755e-01
5.941021069884300232e-02 1.529758982360363007e-02 2.687467262148857117e-03 1.048553958535194397e-01
5.971616506576538086e-02 2.103809267282485962e-01 4.784575197845697403e-03 -1.869784444570541382e-01
6.392378360033035278e-02 1.519084721803665161e-02 1.045006210915744305e-03 1.072099879384040833e-01
6.422759592533111572e-02 -1.799460649490356445e-01 3.189205890521407127e-03 4.002224206924438477e-01
6.062867864966392517e-02 1.513050310313701630e-02 1.119365449994802475e-02 1.085466891527175903e-01
6.093128770589828491e-02 2.100902795791625977e-01 1.336458791047334671e-02 -1.805837899446487427e-01
6.513309478759765625e-02 1.477965712547302246e-02 9.752912446856498718e-03 1.162850484251976013e-01
6.542868912220001221e-02 2.097605168819427490e-01 1.207861397415399551e-02 -1.733050197362899780e-01
6.962389498949050903e-02 1.446779724210500717e-02 8.612513542175292969e-03 1.231637224555015564e-01
6.991325318813323975e-02 2.094653099775314331e-01 1.107578724622726440e-02 -1.667896509170532227e-01
7.410255819559097290e-02 1.418657973408699036e-02 7.739994674921035767e-03 1.293666958808898926e-01
7.438629120588302612e-02 2.091968059539794922e-01 1.032732799649238586e-02 -1.608643531799316406e-01
7.857022434473037720e-02 1.392853911966085434e-02 7.110041566193103790e-03 1.350586116313934326e-01
7.884880155324935913e-02 2.089479267597198486e-01 9.811213240027427673e-03 -1.553727537393569946e-01
8.302775770425796509e-02 1.368688698858022690e-02 6.703758612275123596e-03 1.403891742229461670e-01
8.330149203538894653e-02 2.087121903896331787e-01 9.511541575193405151e-03 -1.501713097095489502e-01
8.747573941946029663e-02 1.345533691346645355e-02 6.508115679025650024e-03 1.454970687627792358e-01
8.774484694004058838e-02 2.084834873676300049e-01 9.418057277798652649e-03 -1.451255977153778076e-01
9.191451221704483032e-02 1.322793308645486832e-02 6.515544839203357697e-03 1.505136191844940186e-01
9.217907488346099854e-02 2.082559764385223389e-01 9.525816887617111206e-03 -1.401066929101943970e-01
9.634419530630111694e-02 1.299890503287315369e-02 6.723683327436447144e-03 1.555661857128143311e-01
9.660416841506958008e-02 2.080239504575729370e-01 9.835006669163703918e-03 -1.349880248308181763e-01
1.007646471261978149e-01 1.276251114904880524e-02 7.135246414691209793e-03 1.607814133167266846e-01
1.010198965668678284e-01 2.077815830707550049e-01 1.035087462514638901e-02 -1.296420097351074219e-01
1.051755324006080627e-01 1.251290272921323776e-02 7.758034393191337585e-03 1.662884354591369629e-01
1.054257899522781372e-01 2.075229436159133911e-01 1.108380313962697983e-02 -1.239369958639144897e-01
1.095762476325035095e-01 1.224397215992212296e-02 8.605062961578369141e-03 1.722220480442047119e-01
1.098211258649826050e-01 2.072417140007019043e-01 1.204950455576181412e-02 -1.177338808774948120e-01
1.139659658074378967e-01 1.194920856505632401e-02 9.694826789200305939e-03 1.787260770797729492e-01
1.142049431800842285e-01 2.069310843944549561e-01 1.326934807002544403e-02 -1.108827665448188782e-01
1.183435693383216858e-01 1.162153668701648712e-02 1.105169299989938736e-02 1.859568506479263306e-01
1.185759976506233215e-01 2.065836340188980103e-01 1.477083005011081696e-02 -1.032193079590797424e-01
1.227076724171638489e-01 1.125314924865961075e-02 1.270644366741180420e-02 1.940869241952896118e-01
1.229327321052551270e-01 2.061910480260848999e-01 1.658818311989307404e-02 -9.456073492765426636e-02
1.270565539598464966e-01 1.083532627671957016e-02 1.469696778804063797e-02 2.033092379570007324e-01
1.272732615470886230e-01 2.057440429925918579e-01 1.876315288245677948e-02 -8.470150828361511230e-02
1.313881427049636841e-01 4.005920886993408203e-01 1.706912182271480560e-02 -3.714060783386230469e-01
1.393999904394149780e-01 2.052318453788757324e-01 9.641001001000404358e-03 -7.339031994342803955e-02
1.435046195983886719e-01 4.002142548561096191e-01 8.173194713890552521e-03 -3.630159497261047363e-01
1.515089124441146851e-01 2.049771100282669067e-01 9.128755773417651653e-04 -6.776709854602813721e-02
1.556084454059600830e-01 9.842076338827610016e-03 -4.424664366524666548e-04 2.252037078142166138e-01
1.558052897453308105e-01 2.049703449010848999e-01 4.061607643961906433e-03 -6.761875748634338379e-02
1.599047034978866577e-01 4.000338315963745117e-01 2.709232503548264503e-03 -3.590174615383148193e-01
1.679053753614425659e-01 2.048734724521636963e-01 -4.471116699278354645e-03 -6.548148393630981445e-02
1.720028370618820190e-01 9.815910831093788147e-03 -5.780746694654226303e-03 2.257874310016632080e-01
1.721991598606109619e-01 2.050199955701828003e-01 -1.264998107217252254e-03 -6.871334463357925415e-02
1.762995570898056030e-01 9.916207753121852875e-03 -2.639265032485127449e-03 2.235701978206634521e-01
1.764978915452957153e-01 2.050757855176925659e-01 1.832139096222817898e-03 -6.994408369064331055e-02
1.805994063615798950e-01 4.001714289188385010e-01 4.332575190346688032e-04 -3.620483875274658203e-01
1.886028349399566650e-01 2.050433158874511719e-01 -6.807710509747266769e-03 -6.922888755798339844e-02
1.927036941051483154e-01 1.001961901783943176e-02 -8.192287757992744446e-03 2.212984263896942139e-01
1.929040849208831787e-01 2.052576988935470581e-01 -3.766319714486598969e-03 -7.395738363265991211e-02
1.970092356204986572e-01 1.018994953483343124e-02 -5.245467182248830795e-03 2.175348699092864990e-01
1.972130388021469116e-01 2.053864896297454834e-01 -8.947698515839874744e-04 -7.679806649684906006e-02
2.013207674026489258e-01 1.027737930417060852e-02 -2.430731197819113731e-03 2.156024277210235596e-01
2.015263140201568604e-01 2.054339945316314697e-01 1.881317235529422760e-03 -7.784627377986907959e-02
2.056349962949752808e-01 4.005289375782012939e-01 3.243917599320411682e-04 -3.699350357055664062e-01
2.136455774307250977e-01 2.054023742675781250e-01 -7.074309047311544418e-03 -7.714985311031341553e-02
2.177536189556121826e-01 1.038254238665103912e-02 -8.617306128144264221e-03 2.132927328348159790e-01
2.179612815380096436e-01 2.056266218423843384e-01 -4.351451527327299118e-03 -8.209597319364547729e-02
2.220738083124160767e-01 1.056732516735792160e-02 -5.993370898067951202e-03 2.092108875513076782e-01
2.222851514816284180e-01 2.057744562625885010e-01 -1.809153123758733273e-03 -8.535659313201904297e-02
2.264006435871124268e-01 1.067848782986402512e-02 -3.516284981742501259e-03 2.067549973726272583e-01
2.266142070293426514e-01 2.058505415916442871e-01 6.188147817738354206e-04 -8.703506737947463989e-02
2.307312190532684326e-01 4.009636044502258301e-01 -1.121886540204286575e-03 -3.795226812362670898e-01
2.387505024671554565e-01 2.058576196432113647e-01 -8.712340146303176880e-03 -8.719371259212493896e-02
2.428676486015319824e-01 1.086162682622671127e-02 -1.045621465891599655e-02 2.027277797460556030e-01
2.430848777294158936e-01 2.061315476894378662e-01 -6.401658989489078522e-03 -9.323514997959136963e-02
2.472075074911117554e-01 1.110192853957414627e-02 -8.266362361609935760e-03 1.974211931228637695e-01
2.474295496940612793e-01 2.063411325216293335e-01 -4.317937884479761124e-03 -9.785788506269454956e-02
2.515563666820526123e-01 1.128133479505777359e-02 -6.275095976889133453e-03 1.934596151113510132e-01
2.517820000648498535e-01 2.064924836158752441e-01 -2.405903534963726997e-03 -1.011962145566940308e-01
2.559118568897247314e-01 1.140509825199842453e-02 -4.429827909916639328e-03 1.907266825437545776e-01
2.561399638652801514e-01 2.065901458263397217e-01 -6.152939167805016041e-04 -1.033503711223602295e-01
2.602717578411102295e-01 1.147701311856508255e-02 -2.682301215827465057e-03 1.891383677721023560e-01
2.605012953281402588e-01 2.066372334957122803e-01 1.100466120988130569e-03 -1.043895035982131958e-01
2.646340429782867432e-01 4.017434120178222656e-01 -9.873239323496818542e-04 -3.967250287532806396e-01
2.726688981056213379e-01 2.066354751586914062e-01 -8.921824395656585693e-03 -1.043535545468330383e-01
2.768016159534454346e-01 1.164250448346138000e-02 -1.100889593362808228e-02 1.855012625455856323e-01
2.770344614982604980e-01 2.069202214479446411e-01 -7.298870477825403214e-03 -1.106341108679771423e-01
2.811728715896606445e-01 1.190362032502889633e-02 -9.511552751064300537e-03 1.797371506690979004e-01
2.814109325408935547e-01 2.071603834629058838e-01 -5.916809663176536560e-03 -1.159310936927795410e-01
2.855541408061981201e-01 1.212370488792657852e-02 -8.235431276261806488e-03 1.748792678117752075e-01
2.857966125011444092e-01 2.073625475168228149e-01 -4.737846087664365768e-03 -1.203902512788772583e-01
2.899438738822937012e-01 1.230879314243793488e-02 -7.145651150494813919e-03 1.707941740751266479e-01
2.901900410652160645e-01 2.075322866439819336e-01 -3.729767864570021629e-03 -1.241343989968299866e-01
2.943406999111175537e-01 1.246396824717521667e-02 -6.212455686181783676e-03 1.673694998025894165e-01
2.945899665355682373e-01 2.076742947101593018e-01 -2.865065820515155792e-03 -1.272667944431304932e-01
2.987434566020965576e-01 1.259350217878818512e-02 -5.410401616245508194e-03 1.645108610391616821e-01
2.989953458309173584e-01 2.077924907207489014e-01 -2.120184246450662613e-03 -1.298739761114120483e-01
3.031511902809143066e-01 1.270096842199563980e-02 -4.717663396149873734e-03 1.621393114328384399e-01
3.034051954746246338e-01 2.078901380300521851e-01 -1.474877353757619858e-03 -1.320281773805618286e-01
3.075630068778991699e-01 1.278934441506862640e-02 -4.115440882742404938e-03 1.601890921592712402e-01
3.078188002109527588e-01 2.079699784517288208e-01 -9.116590954363346100e-04 -1.337893158197402954e-01
3.119781911373138428e-01 1.286109071224927902e-02 -3.587445244193077087e-03 1.586058586835861206e-01
3.122354149818420410e-01 2.080342173576354980e-01 -4.153281042817980051e-04 -1.352066546678543091e-01
3.163960874080657959e-01 1.291821897029876709e-02 -3.119461238384246826e-03 1.573452204465866089e-01
3.166544735431671143e-01 2.080846875905990601e-01 2.744304583757184446e-05 -1.363201886415481567e-01
3.208161592483520508e-01 1.296234875917434692e-02 -2.698960946872830391e-03 1.563713848590850830e-01
3.210754096508026123e-01 2.081228345632553101e-01 4.284669703338295221e-04 -1.371617764234542847e-01
3.252378702163696289e-01 4.032386541366577148e-01 -2.314768498763442039e-03 -4.297094941139221191e-01
3.333026468753814697e-01 2.081495523452758789e-01 -1.090895850211381912e-02 -1.377571821212768555e-01
3.374656140804290771e-01 1.318553835153579712e-02 -1.366410218179225922e-02 1.514642834663391113e-01
3.377293348312377930e-01 2.085004597902297974e-01 -1.063481625169515610e-02 -1.454978734254837036e-01
3.418993353843688965e-01 1.353240385651588440e-02 -1.354477368295192719e-02 1.438110917806625366e-01
3.421700000762939453e-01 2.088456898927688599e-01 -1.066855154931545258e-02 -1.531140059232711792e-01
3.463469147682189941e-01 1.387810800224542618e-02 -1.373083144426345825e-02 1.361842304468154907e-01
3.466244637966156006e-01 2.091940045356750488e-01 -1.100714690983295441e-02 -1.607987433671951294e-01
3.508083522319793701e-01 1.423135679215192795e-02 -1.422312203794717789e-02 1.283914893865585327e-01
3.510929644107818604e-01 2.095541357994079590e-01 -1.165529247373342514e-02 -1.687445044517517090e-01
3.552840650081634521e-01 1.460094284266233444e-02 -1.503018196672201157e-02 1.202388480305671692e-01
3.555760681629180908e-01 2.099349796772003174e-01 -1.262540556490421295e-02 -1.771478205919265747e-01
3.597747683525085449e-01 1.499595958739519119e-02 -1.616836152970790863e-02 1.115256324410438538e-01
3.600746989250183105e-01 2.103458195924758911e-01 -1.393784955143928528e-02 -1.862141489982604980e-01
3.642816245555877686e-01 1.542602665722370148e-02 -1.766213215887546539e-02 1.020395457744598389e-01
3.645901381969451904e-01 2.107965946197509766e-01 -1.562134083360433578e-02 -1.961629837751388550e-01
3.688060641288757324e-01 1.590152643620967865e-02 -1.954460144042968750e-02 9.155145287513732910e-02
3.691240847110748291e-01 2.112980782985687256e-01 -1.771357096731662750e-02 -2.072331458330154419e-01
3.733500540256500244e-01 1.643384806811809540e-02 -2.185823395848274231e-02 7.980982959270477295e-02
3.736787438392639160e-01 -1.783680468797683716e-01 -2.026203833520412445e-02 3.655170500278472900e-01
3.701113760471343994e-01 1.703589968383312225e-02 -1.295169722288846970e-02 6.651467084884643555e-02
3.704520761966705322e-01 2.123411297798156738e-01 -1.162140350788831711e-02 -2.302262783050537109e-01
3.746989071369171143e-01 1.738714985549449921e-02 -1.622592844069004059e-02 5.876831337809562683e-02
3.750466704368591309e-01 -1.774984449148178101e-01 -1.505056302994489670e-02 3.462879955768585205e-01
3.714966773986816406e-01 1.783432811498641968e-02 -8.124803192913532257e-03 4.889733344316482544e-02
3.718533813953399658e-01 2.130718380212783813e-01 -7.146856281906366348e-03 -2.463379204273223877e-01
3.761148154735565186e-01 1.805268228054046631e-02 -1.207361463457345963e-02 4.408217594027519226e-02
3.764758706092834473e-01 -1.768940836191177368e-01 -1.119197160005569458e-02 3.329314589500427246e-01
3.729379773139953613e-01 1.838537119328975677e-02 -4.533342085778713226e-03 3.674024716019630432e-02
3.733056783676147461e-01 2.135720402002334595e-01 -3.798537189140915871e-03 -2.573695480823516846e-01
3.775771260261535645e-01 1.850452087819576263e-02 -8.945927955210208893e-03 3.411285579204559326e-02
3.779472112655639648e-01 -1.764880120754241943e-01 -8.263670839369297028e-03 3.239598870277404785e-01
3.744174540042877197e-01 1.875063031911849976e-02 -1.784473424777388573e-03 2.868242748081684113e-02
3.747924864292144775e-01 2.138981223106384277e-01 -1.210824935697019100e-03 -2.645629942417144775e-01
3.790704309940338135e-01 1.879347860813140869e-02 -6.502084434032440186e-03 2.773778885602951050e-02
3.794462978839874268e-01 -1.762346327304840088e-01 -5.947328638285398483e-03 3.183621764183044434e-01
3.759216070175170898e-01 1.897152140736579895e-02 4.199144896119832993e-04 2.380961552262306213e-02
3.763010501861572266e-01 2.140874415636062622e-01 8.961068233475089073e-04 -2.687408030033111572e-01
3.805827796459197998e-01 1.895271986722946167e-02 -4.478709306567907333e-03 2.422463521361351013e-02
3.809618353843688965e-01 -1.761047095060348511e-01 -3.994216211140155792e-03 3.154911100864410400e-01
3.774397671222686768e-01 1.907390169799327850e-02 2.315605990588665009e-03 2.155123278498649597e-02
3.778212368488311768e-01 2.141625732183456421e-01 2.746630692854523659e-03 -2.704001963138580322e-01
3.821044862270355225e-01 1.900153048336505890e-02 -2.661373233422636986e-03 2.314776740968227386e-02
3.824845254421234131e-01 2.141615450382232666e-01 -2.198417903855443001e-03 -2.703736722469329834e-01
3.867677450180053711e-01 1.907103508710861206e-02 -7.605891209095716476e-03 2.161506004631519318e-02
3.871491551399230957e-01 -1.759410202503204346e-01 -7.173589896410703659e-03 3.118885755538940430e-01
3.836303353309631348e-01 1.928239315748214722e-02 -9.358185343444347382e-04 1.695196889340877533e-02
3.840159773826599121e-01 2.144177556037902832e-01 -5.967791075818240643e-04 -2.760260701179504395e-01
3.883043527603149414e-01 1.930432021617889404e-02 -6.117300596088171005e-03 1.646856963634490967e-02
3.886904418468475342e-01 -1.757293641567230225e-01 -5.787929054349660873e-03 3.072151541709899902e-01
3.851758539676666260e-01 1.947457715868949890e-02 3.563739883247762918e-04 1.271250098943710327e-02
3.855653405189514160e-01 2.145914137363433838e-01 6.106240325607359409e-04 -2.798579633235931396e-01
3.898571729660034180e-01 1.946075819432735443e-02 -4.986535292118787766e-03 1.301748957484960556e-02
3.902463912963867188e-01 -1.755893230438232422e-01 -4.726185463368892670e-03 3.041229546070098877e-01
3.867346048355102539e-01 1.959965936839580536e-02 1.356273423880338669e-03 9.953241795301437378e-03
3.871265947818756104e-01 2.147021293640136719e-01 1.555338269099593163e-03 -2.823014557361602783e-01
3.914206326007843018e-01 1.955803111195564270e-02 -4.090690985321998596e-03 1.087161153554916382e-02
3.918117880821228027e-01 -1.755050122737884521e-01 -3.873258596286177635e-03 3.022610843181610107e-01
3.883017003536224365e-01 1.967192441225051880e-02 2.171962754800915718e-03 8.359125815331935883e-03
3.886951208114624023e-01 2.147626578807830811e-01 2.339145401492714882e-03 -2.836377322673797607e-01
3.929903805255889893e-01 1.960742287337779999e-02 -3.333609318360686302e-03 9.782032109797000885e-03
3.933825194835662842e-01 -1.754665672779083252e-01 -3.137968713417649269e-03 3.014113008975982666e-01
3.898732066154479980e-01 1.969997398555278778e-02 2.890257397666573524e-03 7.740380708128213882e-03
3.902671933174133301e-01 2.147803604602813721e-01 3.045065095648169518e-03 -2.840292453765869141e-01
3.945628106594085693e-01 1.961510628461837769e-02 -2.635519718751311302e-03 9.612529538571834564e-03
3.949550986289978027e-01 -1.754689514636993408e-01 -2.443269127979874611e-03 3.014627397060394287e-01
3.914457261562347412e-01 1.968774013221263885e-02 3.585986094549298286e-03 8.010273799300193787e-03
3.918394744396209717e-01 2.147580832242965698e-01 3.746191505342721939e-03 -2.835390865802764893e-01
3.961346447467803955e-01 1.958289742469787598e-02 -1.924590091221034527e-03 1.032301969826221466e-02
3.965263068675994873e-01 -1.755114048719406128e-01 -1.718129729852080345e-03 3.023980855941772461e-01
3.930160701274871826e-01 1.963499747216701508e-02 4.329832270741462708e-03 9.173802100121974945e-03
3.934087753295898438e-01 2.146945893764495850e-01 4.513308405876159668e-03 -2.821398675441741943e-01
3.977026641368865967e-01 1.950854994356632233e-02 -1.129489159211516380e-03 1.196310855448246002e-02
3.980928361415863037e-01 2.146466821432113647e-01 -8.902270346879959106e-04 -2.810759842395782471e-01
4.023857712745666504e-01 1.953743956983089447e-02 -6.511746440082788467e-03 1.132604852318763733e-02
4.027765095233917236e-01 -1.754905283451080322e-01 -6.285225506871938705e-03 3.019473552703857422e-01
3.992667198181152344e-01 1.972044259309768677e-02 -2.462785050738602877e-04 7.288840599358081818e-03
3.996611237525939941e-01 2.148459255695343018e-01 -1.005016965791583061e-04 -2.854717671871185303e-01
4.039580523967742920e-01 1.972540654242038727e-02 -5.809937138110399246e-03 7.179447915405035019e-03
4.043525457382202148e-01 -1.753127425909042358e-01 -5.666348151862621307e-03 2.980236113071441650e-01
4.008463025093078613e-01 1.988952234387397766e-02 2.941240963991731405e-04 3.559028729796409607e-03
4.012440741062164307e-01 2.150072604417800903e-01 3.653046442195773125e-04 -2.890310883522033691e-01
4.055442214012145996e-01 1.988009549677371979e-02 -5.415317136794328690e-03 3.767034038901329041e-03
4.059418141841888428e-01 -1.751637756824493408e-01 -5.339976400136947632e-03 2.947364449501037598e-01
4.024385511875152588e-01 2.003389783203601837e-02 5.547527689486742020e-04 3.741743857972323895e-04
4.028392434120178223e-01 2.151478826999664307e-01 5.622362368740141392e-04 -2.921336591243743896e-01
4.071421921253204346e-01 2.001792564988136292e-02 -5.280436947941780090e-03 7.265263702720403671e-04
4.075425565242767334e-01 -1.750279068946838379e-01 -5.265906453132629395e-03 2.917387485504150391e-01
4.040419757366180420e-01 2.016873657703399658e-02 5.688683013431727886e-04 -2.600321313366293907e-03
4.044453501701354980e-01 -1.749613732099533081e-01 5.168618517927825451e-04 2.902620434761047363e-01
4.009461402893066406e-01 2.015320956707000732e-02 6.322102621197700500e-03 -2.257833490148186684e-03
4.013491868972778320e-01 2.151839286088943481e-01 6.276946049183607101e-03 -2.929393649101257324e-01
4.056528806686401367e-01 1.997304335236549377e-02 4.181584226898849010e-04 1.716589322313666344e-03
4.060523509979248047e-01 2.150889933109283447e-01 4.524902033153921366e-04 -2.908343672752380371e-01
4.103541076183319092e-01 1.996059529483318329e-02 -5.364197306334972382e-03 1.991228433325886726e-03
4.107533395290374756e-01 -1.750840097665786743e-01 -5.324372556060552597e-03 2.929768562316894531e-01
4.072516560554504395e-01 2.011344209313392639e-02 5.351647268980741501e-04 -1.380525180138647556e-03
4.076539278030395508e-01 2.152277082204818726e-01 5.075542139820754528e-04 -2.938945591449737549e-01
4.119584858417510986e-01 2.009852975606918335e-02 -5.370337050408124924e-03 -1.051593921147286892e-03
4.123604595661163330e-01 -1.749459952116012573e-01 -5.391368642449378967e-03 2.899321019649505615e-01
4.088615179061889648e-01 2.025241963565349579e-02 4.072732408531010151e-04 -4.446318373084068298e-03
4.092665612697601318e-01 -1.748753637075424194e-01 3.183468943461775780e-04 2.883650660514831543e-01
4.057690799236297607e-01 2.024204097688198090e-02 6.085648667067289352e-03 -4.217426292598247528e-03
4.061739146709442139e-01 2.152761816978454590e-01 6.001300178468227386e-03 -2.949740588665008545e-01
4.104794263839721680e-01 2.006919495761394501e-02 1.018187394947744906e-04 -4.044731613248586655e-04
4.108808040618896484e-01 2.151896804571151733e-01 9.372927888762205839e-05 -2.930552661418914795e-01
4.151846170425415039e-01 2.006639912724494934e-02 -5.767376162111759186e-03 -3.427868941798806190e-04
4.155859351158142090e-01 -1.749723702669143677e-01 -5.774232093244791031e-03 2.905148863792419434e-01
4.120864868164062500e-01 2.023144066333770752e-02 3.606601603678427637e-05 -3.983549308031797409e-03
4.124911129474639893e-01 -1.748910248279571533e-01 -4.360497405286878347e-05 2.887107431888580322e-01
4.089933037757873535e-01 2.023154683411121368e-02 5.730610340833663940e-03 -3.985922783613204956e-03
4.093979299068450928e-01 2.152708470821380615e-01 5.650891922414302826e-03 -2.948552668094635010e-01
4.137033522129058838e-01 2.006878890097141266e-02 -2.462138363625854254e-04 -3.955148276872932911e-04
4.141047298908233643e-01 2.151942700147628784e-01 -2.541241410654038191e-04 -2.931561172008514404e-01
4.184086024761199951e-01 2.007594332098960876e-02 -6.117246579378843307e-03 -5.533462972380220890e-04
4.188101291656494141e-01 -1.749577522277832031e-01 -6.128313485532999039e-03 2.901932597160339355e-01
4.153109788894653320e-01 2.025105245411396027e-02 -3.244482795707881451e-04 -4.416157025843858719e-03
4.157159924507141113e-01 -1.748662441968917847e-01 -4.127714200876653194e-04 2.881643772125244141e-01
4.122186601161956787e-01 2.026159130036830902e-02 5.350516177713871002e-03 -4.648697562515735626e-03
4.126239120960235596e-01 2.153064012527465820e-01 5.257542245090007782e-03 -2.956386804580688477e-01
4.169300198554992676e-01 2.010989375412464142e-02 -6.552312988787889481e-04 -1.302255666814744473e-03
4.173322319984436035e-01 2.152412384748458862e-01 -6.812764331698417664e-04 -2.941918373107910156e-01
4.216370582580566406e-01 2.012900449335575104e-02 -6.565113086253404617e-03 -1.723859691992402077e-03
4.220396280288696289e-01 -1.748981773853302002e-01 -6.599590647965669632e-03 2.888804972171783447e-01
4.185416698455810547e-01 2.031725458800792694e-02 -8.219807641580700874e-04 -5.876558832824230194e-03
4.189480245113372803e-01 -1.747929006814956665e-01 -9.395119850523769855e-04 2.865469157695770264e-01
4.154521524906158447e-01 2.034243941307067871e-02 4.791426006704568863e-03 -6.432183552533388138e-03
4.158590137958526611e-01 2.153953462839126587e-01 4.662782419472932816e-03 -2.975995242595672607e-01
4.201669096946716309e-01 2.020723931491374969e-02 -1.289207721129059792e-03 -3.449681913480162621e-03
4.205710589885711670e-01 -1.748961955308914185e-01 -1.358201378025114536e-03 2.888261973857879639e-01
4.170731306076049805e-01 2.024509385228157043e-02 4.418322816491127014e-03 -4.284774884581565857e-03
4.174780249595642090e-01 2.153034061193466187e-01 4.332627169787883759e-03 -2.955704033374786377e-01
4.217841029167175293e-01 2.011995390057563782e-02 -1.578780706040561199e-03 -1.524184481240808964e-03
4.221864938735961914e-01 2.152645140886306763e-01 -1.609264407306909561e-03 -2.947048246860504150e-01
4.264917969703674316e-01 2.016554027795791626e-02 -7.503360975533723831e-03 -2.529862802475690842e-03
4.268951117992401123e-01 -1.748480051755905151e-01 -7.553957868367433548e-03 2.877762615680694580e-01
4.233981370925903320e-01 2.038085274398326874e-02 -1.798433018848299980e-03 -7.279522716999053955e-03
4.238057434558868408e-01 -1.747152656316757202e-01 -1.944023533724248409e-03 2.848354279994964600e-01
4.203114509582519531e-01 2.043436281383037567e-02 3.752685151994228363e-03 -8.459989912807941437e-03
4.207201302051544189e-01 2.155022919178009033e-01 3.583485493436455727e-03 -2.999565303325653076e-01
4.250301718711853027e-01 2.032944932579994202e-02 -2.415645401924848557e-03 -6.145610008388757706e-03
4.254367649555206299e-01 -1.747577786445617676e-01 -2.538557630032300949e-03 2.857741713523864746e-01
4.219416081905364990e-01 2.040028944611549377e-02 3.176925936713814735e-03 -7.708313409239053726e-03
4.223496317863464355e-01 2.154765427112579346e-01 3.022759687155485153e-03 -2.993871867656707764e-01
4.266591668128967285e-01 2.031162753701210022e-02 -2.964984159916639328e-03 -5.752478260546922684e-03
4.270653724670410156e-01 -1.747676730155944824e-01 -3.080033697187900543e-03 2.859934866428375244e-01
4.235700368881225586e-01 2.039806544780731201e-02 2.639835933223366737e-03 -7.659265305846929550e-03
4.239780008792877197e-01 2.154820561408996582e-01 2.486650599166750908e-03 -2.995081245899200439e-01
4.282876253128051758e-01 2.032475173473358154e-02 -3.503511892631649971e-03 -6.041993852704763412e-03
4.286941289901733398e-01 -1.747467815876007080e-01 -3.624351695179939270e-03 2.855334877967834473e-01
4.251991808414459229e-01 2.042667381465435028e-02 2.086317865177989006e-03 -8.290337398648262024e-03
4.256077408790588379e-01 2.155186384916305542e-01 1.920511014759540558e-03 -3.003142774105072021e-01
4.299181103706359863e-01 2.036936953663825989e-02 -4.085774533450603485e-03 -7.026277948170900345e-03
4.303254783153533936e-01 -1.746937483549118042e-01 -4.226299934089183807e-03 2.843647301197052002e-01
4.268316030502319336e-01 2.048822492361068726e-02 1.460994826629757881e-03 -9.648131206631660461e-03
4.272413849830627441e-01 2.155891954898834229e-01 1.268032123334705830e-03 -3.018697500228881836e-01
4.315531551837921143e-01 2.044919319450855255e-02 -4.769362509250640869e-03 -8.787171915173530579e-03
4.319621324539184570e-01 -1.746040284633636475e-01 -4.945105873048305511e-03 2.823871672153472900e-01
4.284700751304626465e-01 2.058809995651245117e-02 7.026370731182396412e-04 -1.185132376849651337e-02
4.288818240165710449e-01 2.156999707221984863e-01 4.656105884350836277e-04 -3.043124675750732422e-01
4.331958293914794922e-01 2.057138457894325256e-02 -5.620638839900493622e-03 -1.148274447768926620e-02
4.336072504520416260e-01 -1.744695156812667847e-01 -5.850293673574924469e-03 2.794215083122253418e-01
4.301178753376007080e-01 2.073540724813938141e-02 -2.618634898681193590e-04 -1.510082278400659561e-02
4.305325746536254883e-01 -1.743827909231185913e-01 -5.638799630105495453e-04 2.774994671344757080e-01
4.270449280738830566e-01 2.074720337986946106e-02 4.986109677702188492e-03 -1.536124944686889648e-02
4.274598658084869385e-01 2.157972902059555054e-01 4.678884521126747131e-03 -3.064668476581573486e-01
4.317758083343505859e-01 2.060898207128047943e-02 -1.450452255085110664e-03 -1.231199037283658981e-02
4.321879744529724121e-01 -1.744921356439590454e-01 -1.696692081168293953e-03 2.799129486083984375e-01
4.286981523036956787e-01 2.065397612750530243e-02 3.901566844433546066e-03 -1.330462750047445297e-02
4.291112124919891357e-01 2.157197594642639160e-01 3.635474247857928276e-03 -3.047540187835693359e-01
4.334256052970886230e-01 2.054618671536445618e-02 -2.459605922922492027e-03 -1.092676538974046707e-02
4.338365495204925537e-01 -1.745404005050659180e-01 -2.678141230717301369e-03 2.809791266918182373e-01
4.303457438945770264e-01 2.061964571475982666e-02 2.941441023722290993e-03 -1.254728622734546661e-02
4.307581186294555664e-01 2.156992852687835693e-01 2.690495224669575691e-03 -3.043006956577301025e-01
4.350721240043640137e-01 2.053909935057163239e-02 -3.395518753677606583e-03 -1.077047362923622131e-02
4.354828894138336182e-01 -1.745339930057525635e-01 -3.610928310081362724e-03 2.808392047882080078e-01
4.319922029972076416e-01 2.063928171992301941e-02 2.005855552852153778e-03 -1.298041641712188721e-02
4.324049949645996094e-01 2.157324105501174927e-01 1.746247289702296257e-03 -3.050298094749450684e-01
4.367196559906005859e-01 2.058561705052852631e-02 -4.354348871856927872e-03 -1.179665792733430862e-02
4.371313750743865967e-01 -1.744736135005950928e-01 -4.590281751006841660e-03 2.795092463493347168e-01
4.336418807506561279e-01 2.071351371705532074e-02 9.999030735343694687e-04 -1.461790408939123154e-02
4.340561628341674805e-01 2.158211171627044678e-01 7.075449684634804726e-04 -3.069851696491241455e-01
4.383725821971893311e-01 2.068908326327800751e-02 -5.432158708572387695e-03 -1.407919824123382568e-02
4.387863576412200928e-01 -1.743545383214950562e-01 -5.713742692023515701e-03 2.768848836421966553e-01
4.352992773056030273e-01 2.084845490753650665e-02 -1.760450250003486872e-04 -1.759467087686061859e-02
4.357162415981292725e-01 -1.742709726095199585e-01 -5.279384204186499119e-04 2.750326991081237793e-01
4.322308301925659180e-01 2.085850946605205536e-02 4.972715862095355988e-03 -1.781668514013290405e-02
4.326480031013488770e-01 2.159087955951690674e-01 4.616382066160440445e-03 -3.089265227317810059e-01
4.369661808013916016e-01 2.072137221693992615e-02 -1.562148449011147022e-03 -1.479129865765571594e-02
4.373805820941925049e-01 -1.743781417608261108e-01 -1.857974450103938580e-03 2.773983478546142578e-01
4.338930249214172363e-01 2.077026851475238800e-02 3.689992474392056465e-03 -1.587000861763954163e-02
4.343084394931793213e-01 2.158391028642654419e-01 3.372592153027653694e-03 -3.073864281177520752e-01
4.386252164840698242e-01 2.066926099359989166e-02 -2.775136148557066917e-03 -1.364177651703357697e-02
4.390386044979095459e-01 -1.744127869606018066e-01 -3.047971753403544426e-03 2.781642675399780273e-01
4.355503618717193604e-01 2.075251936912536621e-02 2.515313681215047836e-03 -1.547842193394899368e-02
4.359653890132904053e-01 2.158383131027221680e-01 2.205745317041873932e-03 -3.073666691780090332e-01
4.402821660041809082e-01 2.068499475717544556e-02 -3.941588103771209717e-03 -1.398893259465694427e-02
4.406958520412445068e-01 -1.743802130222320557e-01 -4.221366718411445618e-03 2.774477601051330566e-01
4.372082650661468506e-01 2.080171182751655579e-02 1.327588572166860104e-03 -1.656357385218143463e-02
4.376243054866790771e-01 2.159045934677124023e-01 9.963171323761343956e-04 -3.088273406028747559e-01
4.419423937797546387e-01 2.076846547424793243e-02 -5.180229432880878448e-03 -1.583036407828330994e-02
4.423577487468719482e-01 -1.742788106203079224e-01 -5.496836733072996140e-03 2.752136588096618652e-01
4.388721883296966553e-01 2.092113159596920013e-02 7.436059149767970666e-06 -1.919790729880332947e-02
4.392906129360198975e-01 -1.742009222507476807e-01 -3.765221044886857271e-04 2.734873592853546143e-01
4.358065724372863770e-01 2.092639543116092682e-02 5.093225277960300446e-03 -1.931429468095302582e-02
4.362251162528991699e-01 2.159749418497085571e-01 4.706939216703176498e-03 -3.103859126567840576e-01
4.405446052551269531e-01 2.078623883426189423e-02 -1.500778831541538239e-03 -1.622227206826210022e-02
4.409603476524353027e-01 -1.743141561746597290e-01 -1.825224258936941624e-03 2.759867608547210693e-01
4.374740421772003174e-01 2.083378843963146210e-02 3.694511018693447113e-03 -1.727128028869628906e-02
4.378907382488250732e-01 2.159025669097900391e-01 3.349085338413715363e-03 -3.087862730026245117e-01
4.422087669372558594e-01 2.073305100202560425e-02 -2.826639683917164803e-03 -1.504900678992271423e-02
4.426234364509582520e-01 -1.743482500314712524e-01 -3.127619856968522072e-03 2.767407298088073730e-01
4.391364753246307373e-01 2.081818319857120514e-02 2.407195046544075012e-03 -1.692699268460273743e-02
4.395528435707092285e-01 2.159055322408676147e-01 2.068655099719762802e-03 -3.088494539260864258e-01
4.438709616661071777e-01 2.075416408479213715e-02 -4.108333960175514221e-03 -1.551484502851963043e-02
4.442860484123229980e-01 -1.743086278438568115e-01 -4.418630618602037430e-03 2.758690416812896729e-01
4.407998621463775635e-01 2.087608538568019867e-02 1.098749809898436069e-03 -1.820425689220428467e-02
4.412173926830291748e-01 2.159822583198547363e-01 7.346646161749958992e-04 -3.105403184890747070e-01
4.455370306968688965e-01 2.084985189139842987e-02 -5.476141814142465591e-03 -1.762578450143337250e-02
4.459540247917175293e-01 -1.741931438446044922e-01 -5.828657187521457672e-03 2.733243405818939209e-01
4.424701631069183350e-01 2.101149223744869232e-02 -3.621705982368439436e-04 -2.119125053286552429e-02
4.428904056549072266e-01 -1.741052567958831787e-01 -7.859956240281462669e-04 2.713773846626281738e-01
4.394083023071289062e-01 2.102789469063282013e-02 4.641551990061998367e-03 -2.155334502458572388e-02
4.398288428783416748e-01 2.160829752683639526e-01 4.210485145449638367e-03 -3.127681910991668701e-01
4.441505074501037598e-01 2.090129442512989044e-02 -2.044878900051116943e-03 -1.876039803028106689e-02
4.445685446262359619e-01 -1.741912662982940674e-01 -2.420086879283189774e-03 2.732766568660736084e-01
4.410847127437591553e-01 2.096512727439403534e-02 3.045446006581187248e-03 -2.016860060393810272e-02
4.415040016174316406e-01 2.160432785749435425e-01 2.642074134200811386e-03 -3.118891119956970215e-01
4.458248615264892578e-01 2.088377997279167175e-02 -3.595707938075065613e-03 -1.837411522865295410e-02
4.462425410747528076e-01 -1.741864234209060669e-01 -3.963190130889415741e-03 2.731721699237823486e-01
4.427588284015655518e-01 2.099185436964035034e-02 1.500252867117524147e-03 -2.075813151895999908e-02
4.431786537170410156e-01 2.160922586917877197e-01 1.085090334527194500e-03 -3.129673302173614502e-01
4.475004971027374268e-01 2.095486596226692200e-02 -5.174256395548582077e-03 -1.994240097701549530e-02
4.479196071624755859e-01 -1.740925014019012451e-01 -5.573104601353406906e-03 2.711035013198852539e-01
4.444377422332763672e-01 2.110853418707847595e-02 -1.510342553956434131e-04 -2.333197928965091705e-02
4.448599219322204590e-01 -1.740112453699111938e-01 -6.176738534122705460e-04 2.693032920360565186e-01
4.413796961307525635e-01 2.111950889229774475e-02 4.768392071127891541e-03 -2.357438951730728149e-02
4.418020844459533691e-01 2.161727547645568848e-01 4.296903964132070541e-03 -3.147490322589874268e-01
4.461255371570587158e-01 2.098985761404037476e-02 -1.998076448217034340e-03 -2.071410231292247772e-02
4.465453326702117920e-01 -1.741033792495727539e-01 -2.412358531728386879e-03 2.713377475738525391e-01
4.430632591247558594e-01 2.105291001498699188e-02 3.014396410435438156e-03 -2.210507914423942566e-02
4.434843361377716064e-01 2.161315083503723145e-01 2.572294790297746658e-03 -3.138354122638702393e-01
4.478069543838500977e-01 2.097300253808498383e-02 -3.704413305968046188e-03 -2.034237235784530640e-02
4.482264220714569092e-01 -1.740956306457519531e-01 -4.111260641366243362e-03 2.711694836616516113e-01
4.447444975376129150e-01 2.108474820852279663e-02 1.312128617428243160e-03 -2.280732430517673492e-02
4.451662003993988037e-01 2.161878496408462524e-01 8.559821289964020252e-04 -3.150759637355804443e-01
4.494899511337280273e-01 2.105372212827205658e-02 -5.445537157356739044e-03 -2.212321944534778595e-02
4.499110281467437744e-01 -1.739897131919860840e-01 -5.888001527637243271e-03 2.688366174697875977e-01
4.464312493801116943e-01 2.121576853096485138e-02 -5.112693761475384235e-04 -2.569759450852870941e-02
4.468555450439453125e-01 -1.738988459110260010e-01 -1.025221310555934906e-03 2.668239772319793701e-01
4.433775842189788818e-01 2.123772166669368744e-02 4.311258438974618912e-03 -2.618213556706905365e-02
4.438023269176483154e-01 2.162975817918777466e-01 3.787615569308400154e-03 -3.175016939640045166e-01
4.481282830238342285e-01 2.112188935279846191e-02 -2.562418347224593163e-03 -2.362670376896858215e-02
4.485507309436798096e-01 -1.739632189273834229e-01 -3.034952562302350998e-03 2.682466506958007812e-01
4.450714588165283203e-01 2.120191045105457306e-02 2.329980488866567612e-03 -2.539197355508804321e-02
4.454954862594604492e-01 2.162903696298599243e-01 1.822140999138355255e-03 -3.173388540744781494e-01
4.498212933540344238e-01 2.114251255989074707e-02 -4.524636082351207733e-03 -2.408184669911861420e-02
4.502441585063934326e-01 -1.739142537117004395e-01 -5.006272811442613602e-03 2.671700716018676758e-01
4.467658698558807373e-01 2.127878181636333466e-02 3.371285565663129091e-04 -2.708765119314193726e-02
4.471914470195770264e-01 -1.738480031490325928e-01 -2.046244626399129629e-04 2.657016217708587646e-01
4.437144696712493896e-01 2.127686887979507446e-02 5.109407939016819000e-03 -2.704583667218685150e-02
4.441400170326232910e-01 2.163251787424087524e-01 4.568491131067276001e-03 -3.181123137474060059e-01
4.484665095806121826e-01 2.113845571875572205e-02 -1.793755101971328259e-03 -2.399216219782829285e-02
4.488892853260040283e-01 -1.739577203989028931e-01 -2.273598453029990196e-03 2.681242823600769043e-01
4.454101324081420898e-01 2.119659818708896637e-02 3.088887082412838936e-03 -2.527489326894283295e-02
4.458340704441070557e-01 2.162741124629974365e-01 2.583389403298497200e-03 -3.169816434383392334e-01
4.501595497131347656e-01 2.111546508967876434e-02 -3.756243502721190453e-03 -2.348512597382068634e-02
4.505818486213684082e-01 -1.739524155855178833e-01 -4.225946031510829926e-03 2.680102884769439697e-01
4.471028149127960205e-01 2.122958749532699585e-02 1.134259975515305996e-03 -2.600251697003841400e-02
4.475274085998535156e-01 2.163352519273757935e-01 6.142096244730055332e-04 -3.183273673057556152e-01
4.518541097640991211e-01 2.120456099510192871e-02 -5.752337630838155746e-03 -2.545079402625560760e-02
4.522781968116760254e-01 -1.738344281911849976e-01 -6.261353380978107452e-03 2.654116749763488770e-01
4.488015174865722656e-01 2.137632854282855988e-02 -9.531200048513710499e-04 -2.923955023288726807e-02
4.492290318012237549e-01 -1.737319380044937134e-01 -1.537911011837422848e-03 2.631424963474273682e-01
4.457544088363647461e-01 2.141192927956581116e-02 3.724939189851284027e-03 -3.002509847283363342e-02
4.461826384067535400e-01 2.164802700281143188e-01 3.124437062069773674e-03 -3.215304315090179443e-01
4.505122303962707520e-01 2.131395973265171051e-02 -3.306171856820583344e-03 -2.786383032798767090e-02
4.509385228157043457e-01 -1.737604290246963501e-01 -3.863448277115821838e-03 2.637741267681121826e-01
4.474633038043975830e-01 2.141645923256874084e-02 1.412034267559647560e-03 -3.012485988438129425e-02
4.478916525840759277e-01 -1.737257093191146851e-01 8.095370722003281116e-04 2.630032598972320557e-01
4.444171190261840820e-01 2.138467319309711456e-02 6.069601979106664658e-03 -2.942423522472381592e-02
4.448448121547698975e-01 2.164190560579299927e-01 5.481117404997348785e-03 -3.201859593391418457e-01
4.491732120513916016e-01 2.121947892010211945e-02 -9.226021938957273960e-04 -2.577956207096576691e-02
4.495975971221923828e-01 -1.738892346620559692e-01 -1.438193372450768948e-03 2.666121423244476318e-01
4.461198151111602783e-01 2.125321887433528900e-02 3.894049208611249924e-03 -2.652406692504882812e-02
4.465448856353759766e-01 2.163191139698028564e-01 3.363567870110273361e-03 -3.179758489131927490e-01
4.508712589740753174e-01 2.114941552281379700e-02 -2.995948772877454758e-03 -2.423406206071376801e-02
4.512942433357238770e-01 -1.739294379949569702e-01 -3.480630228295922279e-03 2.675020992755889893e-01
4.478156566619873047e-01 2.124200761318206787e-02 1.869412022642791271e-03 -2.627660334110260010e-02
4.482404887676239014e-01 2.163370996713638306e-01 1.343879848718643188e-03 -3.183691203594207764e-01
4.525672495365142822e-01 2.119603566825389862e-02 -5.023502744734287262e-03 -2.526268921792507172e-02
4.529911577701568604e-01 -1.738535165786743164e-01 -5.528756417334079742e-03 2.658310532569885254e-01
4.495140910148620605e-01 2.134690620005130768e-02 -2.121355209965258837e-04 -2.859056182205677032e-02
4.499410390853881836e-01 -1.737720072269439697e-01 -7.839467725716531277e-04 2.640254199504852295e-01
4.464655816555023193e-01 2.136112935841083527e-02 4.496561829000711441e-03 -2.890466339886188507e-02
4.468927979469299316e-01 2.164183109998703003e-01 3.918468486517667770e-03 -3.201654851436614990e-01
4.512211680412292480e-01 2.124077454209327698e-02 -2.484841272234916687e-03 -2.624940685927867889e-02
4.516460001468658447e-01 -1.738454550504684448e-01 -3.009829437360167503e-03 2.656484842300415039e-01
4.481690824031829834e-01 2.131932415068149567e-02 2.303140470758080482e-03 -2.798224240541458130e-02
4.485954642295837402e-01 2.164081782102584839e-01 1.743495580740272999e-03 -3.199376165866851807e-01
4.529236257076263428e-01 2.126143313944339752e-02 -4.655256867408752441e-03 -2.670536376535892487e-02
4.533488750457763672e-01 -1.737934499979019165e-01 -5.189363844692707062e-03 2.645051479339599609e-01
4.498730003833770752e-01 2.140218578279018402e-02 1.007389728329144418e-04 -2.981002628803253174e-02
4.503010213375091553e-01 -1.737212091684341431e-01 -4.954615142196416855e-04 2.629046738147735596e-01
4.468266069889068604e-01 2.140780910849571228e-02 4.762632306665182114e-03 -2.993447519838809967e-02
4.472547769546508789e-01 2.164611369371414185e-01 4.163942765444517136e-03 -3.211109340190887451e-01
4.515839815139770508e-01 2.128013782203197479e-02 -2.258276334032416344e-03 -2.711778506636619568e-02
4.520095884799957275e-01 -1.738093495368957520e-01 -2.800632035359740257e-03 2.648517787456512451e-01
4.485334157943725586e-01 2.135245688259601593e-02 2.496403641998767853e-03 -2.871317788958549500e-02
4.489604532718658447e-01 2.164385169744491577e-01 1.922140014357864857e-03 -3.206074237823486328e-01
4.532892107963562012e-01 2.128924801945686340e-02 -4.490008577704429626e-03 -2.731894329190254211e-02
4.537149965763092041e-01 -1.737680286169052124e-01 -5.036387126892805099e-03 2.639439702033996582e-01
4.502396583557128906e-01 2.142544835805892944e-02 2.424920385237783194e-04 -3.032322786748409271e-02
4.506681561470031738e-01 -1.736999750137329102e-01 -3.639725327957421541e-04 2.624362111091613770e-01
4.471941590309143066e-01 2.142716571688652039e-02 4.884751513600349426e-03 -3.036150895059108734e-02
4.476227164268493652e-01 2.164787203073501587e-01 4.277521278709173203e-03 -3.214992582798004150e-01
4.519522786140441895e-01 2.129612304270267487e-02 -2.152463654056191444e-03 -2.747043408453464508e-02
4.523782134056091309e-01 -1.737948954105377197e-01 -2.701872494071722031e-03 2.645325958728790283e-01
4.489023089408874512e-01 2.136551588773727417e-02 2.588779432699084282e-03 -2.900130860507488251e-02
4.493296146392822266e-01 2.164502441883087158e-01 2.008753130212426186e-03 -3.208663165569305420e-01
4.536586105823516846e-01 2.129974775016307831e-02 -4.408573266118764877e-03 -2.755059115588665009e-02
4.540846049785614014e-01 -1.737587004899978638e-01 -4.959585145115852356e-03 2.637381255626678467e-01
4.506094455718994141e-01 2.143368497490882874e-02 3.151774581056088209e-04 -3.050496801733970642e-02
4.510381221771240234e-01 -1.736927777528762817e-01 -2.949218905996531248e-04 2.622773945331573486e-01
4.475642442703247070e-01 2.143337577581405640e-02 4.950625821948051453e-03 -3.049854934215545654e-02
4.479929208755493164e-01 2.164839804172515869e-01 4.340654704719781876e-03 -3.216153979301452637e-01
4.523226022720336914e-01 2.130048722028732300e-02 -2.091653179377317429e-03 -2.756676636636257172e-02
4.527486264705657959e-01 -1.737914085388183594e-01 -2.642988460138440132e-03 2.644554972648620605e-01
4.492727816104888916e-01 2.136817015707492828e-02 2.646121196448802948e-03 -2.905989065766334534e-02
4.497001469135284424e-01 2.164520770311355591e-01 2.064923522993922234e-03 -3.209067583084106445e-01
4.540292024612426758e-01 2.130077779293060303e-02 -4.353211726993322372e-03 -2.757335454225540161e-02
4.544551968574523926e-01 -1.737584769725799561e-01 -4.904679022729396820e-03 2.637329101562500000e-01
4.509800374507904053e-01 2.143313921988010406e-02 3.699793596751987934e-04 -3.049295768141746521e-02
4.514086842536926270e-01 -1.736941188573837280e-01 -2.398797951173037291e-04 2.623066902160644531e-01
4.479348063468933105e-01 2.143125794827938080e-02 5.006253719329833984e-03 -3.045189939439296722e-02
4.483634531497955322e-01 2.164810597896575928e-01 4.397215787321329117e-03 -3.215511143207550049e-01
4.526930749416351318e-01 2.129676751792430878e-02 -2.033806173130869865e-03 -2.748471684753894806e-02
4.531190097332000732e-01 -1.737959533929824829e-01 -2.583500463515520096e-03 2.645558416843414307e-01
4.496430754661560059e-01 2.136277221143245697e-02 2.707615960389375687e-03 -2.894083783030509949e-02
4.500703215599060059e-01 2.164457887411117554e-01 2.128799213096499443e-03 -3.207682669162750244e-01
4.543992578983306885e-01 2.129358612000942230e-02 -4.286565817892551422e-03 -2.741474658250808716e-02
4.548251330852508545e-01 -1.737666279077529907e-01 -4.834861028939485550e-03 2.639126479625701904e-01
4.513497948646545410e-01 2.142399549484252930e-02 4.433920839801430702e-04 -3.029131703078746796e-02
4.517782628536224365e-01 -1.737043112516403198e-01 -1.624342694412916899e-04 2.625314593315124512e-01
4.483041763305664062e-01 2.141995914280414581e-02 5.088195204734802246e-03 -3.020268492400646210e-02
4.487325847148895264e-01 2.164685726165771484e-01 4.484141245484352112e-03 -3.212758898735046387e-01
4.530619382858276367e-01 2.128305286169052124e-02 -1.941376482136547565e-03 -2.718222700059413910e-02
4.534876048564910889e-01 -1.738110035657882690e-01 -2.485021017491817474e-03 2.648875415325164795e-01
4.500114023685455322e-01 2.134632878005504608e-02 2.812729915603995323e-03 -2.857814542949199677e-02
4.504383206367492676e-01 2.164278328418731689e-01 2.241167007014155388e-03 -3.203723132610321045e-01
4.547668695449829102e-01 2.127403393387794495e-02 -4.166278988122940063e-03 -2.698343805968761444e-02
4.551923573017120361e-01 -1.737879216670989990e-01 -4.705947823822498322e-03 2.643820643424987793e-01
4.517166018486022949e-01 2.140088006854057312e-02 5.816936609335243702e-04 -2.978143095970153809e-02
4.521446228027343750e-01 -1.737294048070907593e-01 -1.393499496771255508e-05 2.630849778652191162e-01
4.486700296401977539e-01 2.139274217188358307e-02 5.247764289379119873e-03 -2.960235252976417542e-02
4.490978717803955078e-01 2.164390385150909424e-01 4.655717406421899796e-03 -3.206249475479125977e-01
4.534266591072082520e-01 2.125110290944576263e-02 -1.756781595759093761e-03 -2.647742629051208496e-02
4.538516998291015625e-01 -1.738456040620803833e-01 -2.286330098286271095e-03 2.656506896018981934e-01
4.503747820854187012e-01 2.130889706313610077e-02 3.026683814823627472e-03 -2.775247767567634583e-02
4.508009552955627441e-01 2.163873165845870972e-01 2.471634419634938240e-03 -3.194789290428161621e-01
