7.972767576575279236e-03 -1.044125878252089024e-03 5.541291087865829468e-03 -4.616026580333709717e-02
7.951884530484676361e-03 -1.962450891733169556e-01 4.618085920810699463e-03 2.482658177614212036e-01
4.026982933282852173e-03 -1.189400209113955498e-03 9.583402425050735474e-03 -4.295688495039939880e-02
4.003194626420736313e-03 -1.964474469423294067e-01 8.724264800548553467e-03 2.527342140674591064e-01
7.424577052006497979e-05 -1.451157033443450928e-03 1.377894915640354156e-02 -3.718419000506401062e-02
4.522262679529376328e-05 -1.967679560184478760e-01 1.303526479750871658e-02 2.598140835762023926e-01
-3.890136722475290298e-03 -1.834499184042215347e-03 1.823154650628566742e-02 -2.872900478541851044e-02
-3.926826640963554382e-03 -1.972130984067916870e-01 1.765696704387664795e-02 2.696499526500701904e-01
-7.871088571846485138e-03 -2.347508911043405533e-03 2.304996550083160400e-02 -1.741197519004344940e-02
-7.918038405478000641e-03 1.924364268779754639e-01 2.270172722637653351e-02 -3.027341663837432861e-01
-4.069310147315263748e-03 -3.001592122018337250e-03 1.664704270660877228e-02 -2.978951670229434967e-03
-4.129341803491115570e-03 1.918777078390121460e-01 1.658746413886547089e-02 -2.903634011745452881e-01
-2.917877864092588425e-04 -3.476789919659495354e-03 1.078019570559263229e-02 7.504531648010015488e-03
-3.613235894590616226e-04 -1.987516731023788452e-01 1.093028672039508820e-02 3.035691380500793457e-01
-4.336357116699218750e-03 -3.787186229601502419e-03 1.700166985392570496e-02 1.435333210974931717e-02
-4.412100650370121002e-03 1.910868585109710693e-01 1.728873699903488159e-02 -2.729172408580780029e-01
-5.903634591959416866e-04 -4.277453757822513580e-03 1.183039136230945587e-02 2.516807056963443756e-02
-6.759125390090048313e-04 1.906728595495223999e-01 1.233375258743762970e-02 -2.637588679790496826e-01
3.137544728815555573e-03 -4.622947424650192261e-03 7.058575283735990524e-03 3.278857842087745667e-02
3.045085817575454712e-03 1.903970688581466675e-01 7.714346982538700104e-03 -2.576589584350585938e-01
6.853027269244194031e-03 -4.834158811718225479e-03 2.561167581006884575e-03 3.744716942310333252e-02
6.756343878805637360e-03 -1.999927461147308350e-01 3.310110885649919510e-03 3.309370577335357666e-01
2.756489207968115807e-03 -4.918066319078207016e-03 9.928852319717407227e-03 3.929982706904411316e-02
2.658127807080745697e-03 1.900601089000701904e-01 1.071484852582216263e-02 -2.502339780330657959e-01
6.459329742938280106e-03 -5.213202908635139465e-03 5.710169207304716110e-03 4.580927267670631409e-02
6.355065852403640747e-03 1.898263990879058838e-01 6.626354530453681946e-03 -2.450665831565856934e-01
1.015159394592046738e-02 -5.389560014009475708e-03 1.725022797472774982e-03 4.969906434416770935e-02
1.004380267113447189e-02 -2.005362063646316528e-01 2.719004172831773758e-03 3.429257571697235107e-01
6.033078767359256744e-03 -5.453040823340415955e-03 9.577519260346889496e-03 5.110147222876548767e-02
5.924018099904060364e-03 1.895302832126617432e-01 1.059954892843961716e-02 -2.385443449020385742e-01
9.714623913168907166e-03 -5.741480272263288498e-03 5.828661844134330750e-03 5.746304988861083984e-02
9.599793702363967896e-03 1.892964094877243042e-01 6.977922748774290085e-03 -2.333752065896987915e-01
1.338572241365909576e-02 -5.924540106207132339e-03 2.310418523848056793e-03 6.150059029459953308e-02
1.326723117381334305e-02 -2.010795474052429199e-01 3.540430217981338501e-03 3.549115657806396484e-01
9.245640598237514496e-03 -6.008108146488666534e-03 1.063866168260574341e-02 6.334713846445083618e-02
9.125478565692901611e-03 1.889597028493881226e-01 1.190560497343540192e-02 -2.259603291749954224e-01
1.290467288345098495e-02 -6.330352742224931717e-03 7.386398036032915115e-03 7.045417279005050659e-02
1.277806516736745834e-02 1.886849254369735718e-01 8.795481175184249878e-03 -2.198891937732696533e-01
1.655176468193531036e-02 -6.561636924743652344e-03 4.397697746753692627e-03 7.555516809225082397e-02
1.642053201794624329e-02 1.884969919919967651e-01 5.908801220357418060e-03 -2.157370299100875854e-01
2.019047178328037262e-02 -6.708929315209388733e-03 1.594060333445668221e-03 7.880391925573348999e-02
2.005629241466522217e-02 1.883901357650756836e-01 3.170138690620660782e-03 -2.133756577968597412e-01
2.382409572601318359e-02 -6.776996888220310211e-03 -1.097374246455729008e-03 8.030559122562408447e-02
2.368855476379394531e-02 -2.018831968307495117e-01 5.087376339361071587e-04 3.726420998573303223e-01
1.965089142322540283e-02 -6.768479477614164352e-03 7.961579598486423492e-03 8.011961728334426880e-02
1.951552182435989380e-02 1.882384419441223145e-01 9.563972242176532745e-03 -2.100408077239990234e-01
2.328029088675975800e-02 -7.018944248557090759e-03 5.363155622035264969e-03 8.564364165067672729e-02
2.313991263508796692e-02 1.880257278680801392e-01 7.076028268784284592e-03 -2.053423970937728882e-01
2.690042555332183838e-02 -7.196701131761074066e-03 2.969180699437856674e-03 8.956424891948699951e-02
2.675649151206016541e-02 1.878825724124908447e-01 4.760465584695339203e-03 -2.021804302930831909e-01
3.051414340734481812e-02 -7.307143416255712509e-03 7.168570300564169884e-04 9.200038760900497437e-02
3.036800026893615723e-02 -2.024393677711486816e-01 2.556864870712161064e-03 3.849093914031982422e-01
2.631921321153640747e-02 -7.353804074227809906e-03 1.025505270808935165e-02 9.303373843431472778e-02
2.617213688790798187e-02 1.876196712255477905e-01 1.211572717875242233e-02 -1.963961720466613770e-01
2.992453053593635559e-02 -7.673466578125953674e-03 8.187804371118545532e-03 1.000839769840240479e-01
2.977106161415576935e-02 1.873301863670349121e-01 1.018948387354612350e-02 -1.900045126676559448e-01
3.351766616106033325e-02 -7.936042733490467072e-03 6.389393471181392670e-03 1.058752834796905518e-01
3.335894271731376648e-02 1.870937645435333252e-01 8.506898768246173859e-03 -1.847849935293197632e-01
3.710081800818443298e-02 -8.148864842951297760e-03 4.811199381947517395e-03 1.105693578720092773e-01
3.693784400820732117e-02 1.869038194417953491e-01 7.022586651146411896e-03 -1.805917918682098389e-01
4.067591950297355652e-02 -8.317918516695499420e-03 3.410751000046730042e-03 1.142982169985771179e-01
4.050955921411514282e-02 1.867550015449523926e-01 5.696715321391820908e-03 -1.773066967725753784e-01
4.424466192722320557e-02 -8.448015898466110229e-03 2.150581451132893562e-03 1.171678975224494934e-01
4.407570138573646545e-02 1.866430491209030151e-01 4.493939224630594254e-03 -1.748357564210891724e-01
4.780856147408485413e-02 -8.542921394109725952e-03 9.972241241484880447e-04 1.192614585161209106e-01
4.763770103454589844e-02 1.865647286176681519e-01 3.382453229278326035e-03 -1.731066852807998657e-01
5.136899650096893311e-02 -8.605469949543476105e-03 -7.968037971295416355e-05 1.206413805484771729e-01
5.119688808917999268e-02 -2.037262767553329468e-01 2.333147218450903893e-03 4.132991731166839600e-01
4.712236300110816956e-02 -8.637477643787860870e-03 1.059913076460361481e-02 1.213527023792266846e-01
4.694961383938789368e-02 1.863310337066650391e-01 1.302618440240621567e-02 -1.679675430059432983e-01
5.067623406648635864e-02 -8.974933996796607971e-03 9.666834026575088501e-03 1.287961304187774658e-01
5.049673467874526978e-02 1.860072165727615356e-01 1.224275678396224976e-02 -1.608214080333709717e-01
5.421688035130500793e-02 -9.287849999964237213e-03 9.026328101754188538e-03 1.356985121965408325e-01
5.403112247586250305e-02 1.857036650180816650e-01 1.174029801040887833e-02 -1.541231274604797363e-01
5.774519592523574829e-02 -9.584409184753894806e-03 8.657835423946380615e-03 1.422403454780578613e-01
5.755350738763809204e-02 1.854124814271926880e-01 1.150264218449592590e-02 -1.476986557245254517e-01
6.126175448298454285e-02 -9.872282855212688446e-03 8.548669517040252686e-03 1.485908180475234985e-01
6.106431037187576294e-02 1.851262152194976807e-01 1.152048539370298386e-02 -1.413829624652862549e-01
6.476683169603347778e-02 -1.015882100909948349e-02 8.692826144397258759e-03 1.549120992422103882e-01
6.456366181373596191e-02 1.848375946283340454e-01 1.179106812924146652e-02 -1.350158154964447021e-01
6.826040893793106079e-02 -1.045124605298042297e-02 9.090752340853214264e-03 1.613635718822479248e-01
6.805138289928436279e-02 1.845393925905227661e-01 1.231802348047494888e-02 -1.284376531839370728e-01
7.174216955900192261e-02 -1.075683627277612686e-02 9.749270975589752197e-03 1.681058704853057861e-01
7.152703404426574707e-02 1.842242181301116943e-01 1.311138831079006195e-02 -1.214855685830116272e-01
7.521151751279830933e-02 -1.108310278505086899e-02 1.068167667835950851e-02 1.753048747777938843e-01
7.498985528945922852e-02 1.838843673467636108e-01 1.418777368962764740e-02 -1.139892935752868652e-01
7.866754382848739624e-02 -1.143797952681779861e-02 1.190798822790384293e-02 1.831357926130294800e-01
7.843878865242004395e-02 1.835115700960159302e-01 1.557070389389991760e-02 -1.057669371366500854e-01
8.210901916027069092e-02 -1.183000952005386353e-02 1.345536578446626663e-02 1.917875260114669800e-01
8.187241852283477783e-02 1.830969005823135376e-01 1.729111559689044952e-02 -9.662060439586639404e-02
8.553435653448104858e-02 -1.226855441927909851e-02 1.535870414227247238e-02 2.014670968055725098e-01
8.528898656368255615e-02 1.826304048299789429e-01 1.938804611563682556e-02 -8.633158355951309204e-02
8.894159644842147827e-02 -1.276401057839393616e-02 1.766141504049301147e-02 2.124046832323074341e-01
8.868630975484848022e-02 1.821010261774063110e-01 2.190950699150562286e-02 -7.465510815382003784e-02
9.232833236455917358e-02 -1.332805026322603226e-02 2.041640505194664001e-02 2.248590439558029175e-01
9.206177294254302979e-02 1.814962476491928101e-01 2.491358667612075806e-02 -6.131449341773986816e-02
9.569169580936431885e-02 3.762522935867309570e-01 2.368729747831821442e-02 -3.460340797901153564e-01
1.032167449593544006e-01 1.808015555143356323e-01 1.676661521196365356e-02 -4.597678780555725098e-02
1.068327724933624268e-01 3.756791055202484131e-01 1.584707945585250854e-02 -3.333228826522827148e-01
1.143463551998138428e-01 1.803352385759353638e-01 9.180622175335884094e-03 -3.568502515554428101e-02
1.179530620574951172e-01 3.753243386745452881e-01 8.466920815408229828e-03 -3.254572749137878418e-01
1.254595518112182617e-01 1.800828725099563599e-01 1.957775559276342392e-03 -3.011632896959781647e-02
1.290612071752548218e-01 -1.506710238754749298e-02 1.355448854155838490e-03 2.631836533546447754e-01
1.287598609924316406e-01 1.800354719161987305e-01 6.619121879339218140e-03 -2.907144278287887573e-02
1.323605775833129883e-01 3.750618696212768555e-01 6.037693005055189133e-03 -3.196586370468139648e-01
1.398618072271347046e-01 1.798544675111770630e-01 -3.554796276148408651e-04 -2.507777884602546692e-02
1.434589028358459473e-01 -1.526238583028316498e-02 -8.570351637899875641e-04 2.674929797649383545e-01
1.431536525487899780e-01 1.798717826604843140e-01 4.492824431508779526e-03 -2.546014823019504547e-02
1.467510908842086792e-01 3.749290108680725098e-01 3.983621019870042801e-03 -3.167221546173095703e-01
1.542496681213378906e-01 1.797505617141723633e-01 -2.350821858271956444e-03 -2.278560400009155273e-02
1.578446775674819946e-01 -1.533760502934455872e-02 -2.806534059345722198e-03 2.691546976566314697e-01
1.575379222631454468e-01 1.798242777585983276e-01 2.576559782028198242e-03 -2.441211603581905365e-02
1.611344069242477417e-01 3.749091923236846924e-01 2.088317414745688438e-03 -3.162809908390045166e-01
1.686325967311859131e-01 1.797575503587722778e-01 -4.237302578985691071e-03 -2.294021844863891602e-02
1.722277551889419556e-01 -1.530337147414684296e-02 -4.696107003837823868e-03 2.684027850627899170e-01
1.719216853380203247e-01 1.798852831125259399e-01 6.719487137161195278e-04 -2.575761824846267700e-02
1.755193918943405151e-01 3.749975860118865967e-01 1.567963627167046070e-04 -3.182284533977508545e-01
1.830193400382995605e-01 1.798734068870544434e-01 -6.207772996276617050e-03 -2.549609169363975525e-02
1.866168081760406494e-01 -1.515897177159786224e-02 -6.717694923281669617e-03 2.652217745780944824e-01
1.863136291503906250e-01 1.800582110881805420e-01 -1.413259422406554222e-03 -2.957239001989364624e-02
1.899147927761077881e-01 3.752003908157348633e-01 -2.004707232117652893e-03 -3.227008879184722900e-01
1.974187940359115601e-01 1.801070570945739746e-01 -8.458725176751613617e-03 -3.065083175897598267e-02
2.010209411382675171e-01 -1.489257905632257462e-02 -9.071741253137588501e-03 2.593513131141662598e-01
2.007230818271636963e-01 1.803576946258544922e-01 -3.884715028107166290e-03 -3.617909923195838928e-02
2.043302357196807861e-01 3.755351305007934570e-01 -4.608296789228916168e-03 -3.300851583480834961e-01
2.118409425020217896e-01 1.804790943861007690e-01 -1.121000014245510101e-02 -3.885902464389801025e-02
2.154505252838134766e-01 -1.448033098131418228e-02 -1.198718044906854630e-02 2.502660751342773438e-01
2.151609212160110474e-01 1.808107346296310425e-01 -6.981859449297189713e-03 -4.617363214492797852e-02
2.187771350145339966e-01 -1.421041134744882584e-02 -7.905332371592521667e-03 2.442983090877532959e-01
2.184929251670837402e-01 1.810235530138015747e-01 -3.019365947693586349e-03 -5.086763948202133179e-02
2.221134006977081299e-01 -1.405497081577777863e-02 -4.036718979477882385e-03 2.408611178398132324e-01
2.218323051929473877e-01 1.811244040727615356e-01 7.805037312209606171e-04 -5.309235677123069763e-02
2.254547923803329468e-01 3.762351572513580322e-01 -2.813434111885726452e-04 -3.455289304256439209e-01
2.329794913530349731e-01 1.811172217130661011e-01 -7.191922049969434738e-03 -5.293473228812217712e-02
2.366018295288085938e-01 -1.390087977051734924e-02 -8.250616490840911865e-03 2.374704331159591675e-01
2.363238185644149780e-01 1.813379675149917603e-01 -3.501207800582051277e-03 -5.780351534485816956e-02
2.399505823850631714e-01 3.765099346637725830e-01 -4.657278303056955338e-03 -3.515890538692474365e-01
2.474807798862457275e-01 1.814545243978500366e-01 -1.168905850499868393e-02 -6.037832796573638916e-02
2.511098682880401611e-01 -1.349788997322320938e-02 -1.289662532508373260e-02 2.285938262939453125e-01
2.508399188518524170e-01 1.818059682846069336e-01 -8.324748836457729340e-03 -6.812909990549087524e-02
2.544760406017303467e-01 -1.319565344601869583e-02 -9.687331505119800568e-03 2.219157367944717407e-01
2.542121112346649170e-01 1.820634156465530396e-01 -5.249016452580690384e-03 -7.380715012550354004e-02
2.578533887863159180e-01 -1.298289559781551361e-02 -6.725159473717212677e-03 2.172150760889053345e-01
2.575937211513519287e-01 1.822345405817031860e-01 -2.380857709795236588e-03 -7.758164405822753906e-02
2.612384259700775146e-01 -1.285319402813911438e-02 -3.932490479201078415e-03 2.143491655588150024e-01
2.609813511371612549e-01 1.823247522115707397e-01 3.544928622432053089e-04 -7.957164198160171509e-02
2.646278440952301025e-01 3.774416148662567139e-01 -1.236940035596489906e-03 -3.721427023410797119e-01
2.721766829490661621e-01 1.823372691869735718e-01 -8.679794147610664368e-03 -7.985005527734756470e-02
2.758234143257141113e-01 -1.265918742865324020e-02 -1.027679536491632462e-02 2.100817859172821045e-01
2.755702435970306396e-01 1.826081871986389160e-01 -6.075159646570682526e-03 -8.582513779401779175e-02
2.792223989963531494e-01 -1.242615748196840286e-02 -7.791662588715553284e-03 2.049348950386047363e-01
2.789738774299621582e-01 1.828063428401947021e-01 -3.692964557558298111e-03 -9.019570052623748779e-02
2.826299965381622314e-01 -1.226247753947973251e-02 -5.496878642588853836e-03 2.013198137283325195e-01
2.823847532272338867e-01 1.829376518726348877e-01 -1.470482209697365761e-03 -9.309203922748565674e-02
2.860435247421264648e-01 -1.216318737715482712e-02 -3.332322929054498672e-03 1.991265863180160522e-01
2.858002483844757080e-01 1.830062717199325562e-01 6.502088508568704128e-04 -9.460566937923431396e-02
2.894603610038757324e-01 3.781189024448394775e-01 -1.241904450580477715e-03 -3.870833814144134521e-01
2.970227599143981934e-01 1.830145865678787231e-01 -8.983572013676166534e-03 -9.479227662086486816e-02
3.006830513477325439e-01 -1.197745557874441147e-02 -1.087941788136959076e-02 1.950428634881973267e-01
3.004435002803802490e-01 1.832984089851379395e-01 -6.978560704737901688e-03 -1.010520979762077332e-01
3.041094541549682617e-01 -1.172283105552196503e-02 -8.999602869153022766e-03 1.894209682941436768e-01
3.038749992847442627e-01 1.835267096757888794e-01 -5.211183335632085800e-03 -1.060873270034790039e-01
3.075455427169799805e-01 -1.152017712593078613e-02 -7.332929875701665878e-03 1.849469393491744995e-01
3.073151409626007080e-01 1.837059259414672852e-01 -3.633990883827209473e-03 -1.100401952862739563e-01
3.109892606735229492e-01 -1.136376708745956421e-02 -5.834794603288173676e-03 1.814940124750137329e-01
3.107619881629943848e-01 1.838411837816238403e-01 -2.204914344474673271e-03 -1.130238473415374756e-01
3.144387900829315186e-01 -1.124909985810518265e-02 -4.465391393750905991e-03 1.789626330137252808e-01
3.142138123512268066e-01 1.839364618062973022e-01 -8.861387614160776138e-04 -1.151256263256072998e-01
3.178925514221191406e-01 -1.117277704179286957e-02 -3.188651287928223610e-03 1.772775948047637939e-01
3.176690936088562012e-01 1.839946657419204712e-01 3.569007094483822584e-04 -1.164095327258110046e-01
3.213489949703216553e-01 -1.113240141421556473e-02 -1.971289981156587601e-03 1.763859689235687256e-01
3.211263418197631836e-01 1.840177029371261597e-01 1.556429546326398849e-03 -1.169181764125823975e-01
3.248066902160644531e-01 3.791173100471496582e-01 -7.819339516572654247e-04 -4.091096520423889160e-01
3.323890268802642822e-01 1.840064674615859985e-01 -8.964126929640769958e-03 -1.166733503341674805e-01
3.360691666603088379e-01 -1.098590716719627380e-02 -1.129759382456541061e-02 1.731680333614349365e-01
3.358494639396667480e-01 1.842959076166152954e-01 -7.834233343601226807e-03 -1.230574026703834534e-01
3.395353555679321289e-01 -1.071294117718935013e-02 -1.029538083821535110e-02 1.671436429023742676e-01
3.393211066722869873e-01 1.845548599958419800e-01 -6.952508352696895599e-03 -1.287693232297897339e-01
3.430122137069702148e-01 -1.046681217849254608e-02 -9.527894668281078339e-03 1.617120951414108276e-01
3.428028821945190430e-01 1.847902387380599976e-01 -6.293652579188346863e-03 -1.339613348245620728e-01
3.464986681938171387e-01 -1.024100370705127716e-02 -8.972879499197006226e-03 1.567294001579284668e-01
3.462938666343688965e-01 1.850082576274871826e-01 -5.838291719555854797e-03 -1.387706995010375977e-01
3.499940335750579834e-01 -1.002958789467811584e-02 -8.613705635070800781e-03 1.520646363496780396e-01
3.497934341430664062e-01 1.852146387100219727e-01 -5.572412628680467606e-03 -1.433232277631759644e-01
3.534977138042449951e-01 -9.827068075537681580e-03 -8.438876830041408539e-03 1.475965082645416260e-01
3.533011674880981445e-01 1.854147017002105713e-01 -5.486947018653154373e-03 -1.477367281913757324e-01
3.570094704627990723e-01 -9.628242813050746918e-03 -8.441681973636150360e-03 1.432101428508758545e-01
3.568169176578521729e-01 1.856135874986648560e-01 -5.577479023486375809e-03 -1.521239876747131348e-01
3.605291843414306641e-01 -9.428064338862895966e-03 -8.619958534836769104e-03 1.387941539287567139e-01
3.603406250476837158e-01 1.858162730932235718e-01 -5.844075698405504227e-03 -1.565957218408584595e-01
3.640569448471069336e-01 -9.221512824296951294e-03 -8.975990116596221924e-03 1.342378258705139160e-01
3.638725280761718750e-01 1.860278546810150146e-01 -6.291233003139495850e-03 -1.612633168697357178e-01
3.675930798053741455e-01 -9.003470651805400848e-03 -9.516499936580657959e-03 1.294282674789428711e-01
3.674130141735076904e-01 1.862535029649734497e-01 -6.927934475243091583e-03 -1.662417501211166382e-01
3.711380660533905029e-01 -8.768596686422824860e-03 -1.025276910513639450e-02 1.242475882172584534e-01
3.709627091884613037e-01 1.864987313747406006e-01 -7.767817471176385880e-03 -1.716522723436355591e-01
3.746926784515380859e-01 -8.511188440024852753e-03 -1.120086293667554855e-02 1.185700669884681702e-01
3.745224475860595703e-01 1.867694407701492310e-01 -8.829461410641670227e-03 -1.776254922151565552e-01
3.782578408718109131e-01 -8.225049823522567749e-03 -1.238197088241577148e-02 1.122590228915214539e-01
3.780933320522308350e-01 1.870721131563186646e-01 -1.013679057359695435e-02 -1.843044757843017578e-01
3.818347752094268799e-01 -7.903339341282844543e-03 -1.382288057357072830e-02 1.051635146141052246e-01
3.816767036914825439e-01 1.874139457941055298e-01 -1.171961054205894470e-02 -1.918482333421707153e-01
3.854250013828277588e-01 -7.538404315710067749e-03 -1.555657479912042618e-02 9.711473435163497925e-02
3.852742314338684082e-01 1.878030151128768921e-01 -1.361428014934062958e-02 -2.004353851079940796e-01
3.890302777290344238e-01 -7.121603470295667648e-03 -1.762298867106437683e-02 8.792196959257125854e-02
3.888878524303436279e-01 -2.019865661859512329e-01 -1.586454920470714569e-02 3.749931454658508301e-01
3.848481178283691406e-01 -6.642912514507770538e-03 -8.364685811102390289e-03 7.735054194927215576e-02
3.847152590751647949e-01 1.885979473590850830e-01 -6.817674729973077774e-03 -2.179596871137619019e-01
3.884872198104858398e-01 -6.425885017961263657e-03 -1.117686834186315536e-02 7.256487756967544556e-02
3.883587121963500977e-01 -2.013858258724212646e-01 -9.725570678710937500e-03 3.617005944252014160e-01
3.843309879302978516e-01 -6.127003580331802368e-03 -2.491559134796261787e-03 6.596694141626358032e-02
3.842084407806396484e-01 1.890305876731872559e-01 -1.172220217995345592e-03 -2.275010496377944946e-01
3.879890739917755127e-01 -6.074598524719476700e-03 -5.722241010516881943e-03 6.481188535690307617e-02
3.878675699234008789e-01 1.891289204359054565e-01 -4.426003433763980865e-03 -2.296709269285202026e-01
3.916501402854919434e-01 -5.929499864578247070e-03 -9.019422344863414764e-03 6.161259859800338745e-02
3.915315568447113037e-01 -2.009209841489791870e-01 -7.787170354276895523e-03 3.514362573623657227e-01
3.875131309032440186e-01 -5.689157638698816299e-03 -7.584452396258711815e-04 5.630798637866973877e-02
3.873993456363677979e-01 1.894436627626419067e-01 3.677144995890557766e-04 -2.366141378879547119e-01
3.911882340908050537e-01 -5.683542229235172272e-03 -4.364568274468183517e-03 5.618475377559661865e-02
3.910745680332183838e-01 1.895007193088531494e-01 -3.240873105823993683e-03 -2.378720194101333618e-01
3.948645591735839844e-01 -5.574784707278013229e-03 -7.998313754796981812e-03 5.378687754273414612e-02
3.947530686855316162e-01 -2.005811482667922974e-01 -6.922576110810041428e-03 3.439355790615081787e-01
3.907414674758911133e-01 -5.361398681998252869e-03 -4.386460568639449775e-05 4.907775670289993286e-02
3.906342387199401855e-01 1.897611767053604126e-01 9.376905509270727634e-04 -2.436190098524093628e-01
3.944294452667236328e-01 -5.374150816351175308e-03 -3.934689797461032867e-03 4.935954138636589050e-02
3.943219780921936035e-01 1.898040026426315308e-01 -2.947498811408877373e-03 -2.445622086524963379e-01
3.981180489063262939e-01 -5.275729577988386154e-03 -7.838742807507514954e-03 4.718954488635063171e-02
3.980125188827514648e-01 -2.002844065427780151e-01 -6.894952151924371719e-03 3.373889923095703125e-01
3.940068483352661133e-01 -5.065019242465496063e-03 -1.471720752306282520e-04 4.253978654742240906e-02
3.939055502414703369e-01 1.900590360164642334e-01 7.036236929707229137e-04 -2.501895725727081299e-01
3.977067172527313232e-01 -5.072950385510921478e-03 -4.300167784094810486e-03 4.271521046757698059e-02
3.976052701473236084e-01 -2.001329809427261353e-01 -3.445863490924239159e-03 3.340382874011993408e-01
3.936026096343994141e-01 -4.962150473147630692e-03 3.234902396798133850e-03 4.027071595191955566e-02
3.935033679008483887e-01 1.901132613420486450e-01 4.040316678583621979e-03 -2.513898015022277832e-01
3.973056375980377197e-01 -5.066148936748504639e-03 -9.874795796349644661e-04 4.256476461887359619e-02
3.972043097019195557e-01 1.900699436664581299e-01 -1.361842296319082379e-04 -2.504295706748962402e-01
4.010057151317596436e-01 -5.050057545304298401e-03 -5.144775379449129105e-03 4.221041128039360046e-02
4.009047150611877441e-01 -2.000978589057922363e-01 -4.300567321479320526e-03 3.332656919956207275e-01
3.969027400016784668e-01 -4.914960823953151703e-03 2.364746527746319771e-03 3.922967985272407532e-02
3.968044519424438477e-01 1.901730000972747803e-01 3.149340162053704262e-03 -2.527061998844146729e-01
4.006079137325286865e-01 -4.993779119104146957e-03 -1.904784003272652626e-03 4.096841439604759216e-02
4.005080163478851318e-01 1.901554316282272339e-01 -1.085415715351700783e-03 -2.523148953914642334e-01
4.043111503124237061e-01 -4.951000679284334183e-03 -6.131713278591632843e-03 4.002548754215240479e-02
4.042121171951293945e-01 -1.999844908714294434e-01 -5.331203807145357132e-03 3.307675123214721680e-01
4.002124369144439697e-01 -4.787057638168334961e-03 1.284146565012633801e-03 3.640815615653991699e-02
4.001166820526123047e-01 1.903164535760879517e-01 2.012309618294239044e-03 -2.558693289756774902e-01
4.039230048656463623e-01 -4.834169056266546249e-03 -3.105077194049954414e-03 3.744762763381004333e-02
4.038263261318206787e-01 1.903321743011474609e-01 -2.356124576181173325e-03 -2.562133669853210449e-01
4.076329767704010010e-01 -4.756061360239982605e-03 -7.480391766875982285e-03 3.572547435760498047e-02
4.075378477573394775e-01 -1.997699439525604248e-01 -6.765882484614849091e-03 3.260388970375061035e-01
4.035424590110778809e-01 -4.552321974188089371e-03 -2.451041946187615395e-04 3.123001568019390106e-02
4.034514129161834717e-01 1.905731409788131714e-01 3.794961085077375174e-04 -2.615302205085754395e-01
4.072628617286682129e-01 -4.554223269224166870e-03 -4.851108416914939880e-03 3.127236664295196533e-02
4.071717858314514160e-01 -1.996062695980072021e-01 -4.225661512464284897e-03 3.224207758903503418e-01
4.031796753406524658e-01 -4.424403421580791473e-03 2.222754294052720070e-03 2.840824611485004425e-02
4.030911624431610107e-01 1.906656026840209961e-01 2.790919039398431778e-03 -2.635725438594818115e-01
4.069044888019561768e-01 -4.496074747294187546e-03 -2.480531809851527214e-03 2.998935431241989136e-02
4.068145751953125000e-01 -1.995823681354522705e-01 -1.880744704976677895e-03 3.218886256217956543e-01
4.028229117393493652e-01 -4.433682654052972794e-03 4.557027481496334076e-03 2.861316874623298645e-02
4.027342498302459717e-01 1.906226277351379395e-01 5.129290744662284851e-03 -2.626284956932067871e-01
4.065467119216918945e-01 -4.572168458253145218e-03 -1.232788345078006387e-04 3.166785091161727905e-02
4.064552485942840576e-01 1.905515491962432861e-01 5.100781563669443130e-04 -2.610539793968200684e-01
4.102662801742553711e-01 -4.577678628265857697e-03 -4.711001180112361908e-03 3.178979828953742981e-02
4.101747274398803711e-01 -1.996317505836486816e-01 -4.075205419212579727e-03 3.229826390743255615e-01
4.061821103096008301e-01 -4.452012944966554642e-03 2.384447492659091949e-03 2.901734784245491028e-02
4.060930609703063965e-01 1.906356662511825562e-01 2.964794402942061424e-03 -2.629123032093048096e-01
4.099057614803314209e-01 -4.528481978923082352e-03 -2.293451689183712006e-03 3.070427291095256805e-02
4.098151922225952148e-01 1.906262785196304321e-01 -1.679366105236113071e-03 -2.627013921737670898e-01
4.136277139186859131e-01 -4.471656400710344315e-03 -6.933393888175487518e-03 2.945138327777385712e-02
4.135383069515228271e-01 -1.994934976100921631e-01 -6.344365887343883514e-03 3.199387192726135254e-01
4.095484316349029541e-01 -4.281767643988132477e-03 5.440812674351036549e-05 2.526178024709224701e-02
4.094627797603607178e-01 1.908394098281860352e-01 5.596437258645892143e-04 -2.674039900302886963e-01
4.132795631885528564e-01 -4.290530923753976822e-03 -4.788435995578765869e-03 2.545540966093540192e-02
4.131937623023986816e-01 -1.993434876203536987e-01 -4.279327578842639923e-03 3.166236877441406250e-01
4.092068970203399658e-01 -4.160843323916196823e-03 2.053146250545978546e-03 2.259429171681404114e-02
4.091236889362335205e-01 1.909316033124923706e-01 2.505032112821936607e-03 -2.694401443004608154e-01
4.129423201084136963e-01 -4.226006101816892624e-03 -2.883770735934376717e-03 2.403183840215206146e-02
4.128578007221221924e-01 -1.993064880371093750e-01 -2.403133781626820564e-03 3.158034980297088623e-01
4.088716506958007812e-01 -4.150383640080690384e-03 3.912936430424451828e-03 2.236368507146835327e-02
4.087886512279510498e-01 1.909152269363403320e-01 4.360210150480270386e-03 -2.690820991992950439e-01
4.126069545745849609e-01 -4.268668591976165771e-03 -1.021431991830468178e-03 2.497286722064018250e-02
4.125215709209442139e-01 1.908679157495498657e-01 -5.219746963120996952e-04 -2.680321633815765381e-01
4.163389503955841064e-01 -4.246582277119159698e-03 -5.882618017494678497e-03 2.448608912527561188e-02
4.162540137767791748e-01 -1.992836743593215942e-01 -5.392896011471748352e-03 3.153071999549865723e-01
4.122683405876159668e-01 -4.085326101630926132e-03 9.132478153333067894e-04 2.092841826379299164e-02
4.121866226196289062e-01 1.910235136747360229e-01 1.331816194579005241e-03 -2.714662253856658936e-01
4.160071015357971191e-01 -4.117414355278015137e-03 -4.097508266568183899e-03 2.163645997643470764e-02
4.159247577190399170e-01 -1.991803646087646484e-01 -3.664779243990778923e-03 3.130237758159637451e-01
4.119411408901214600e-01 -4.006396979093551636e-03 2.595696132630109787e-03 1.918733865022659302e-02
4.118610322475433350e-01 1.910782307386398315e-01 2.979442942887544632e-03 -2.726754844188690186e-01
4.156825840473175049e-01 -4.086104687303304672e-03 -2.474066801369190216e-03 2.094567380845546722e-02
4.156008660793304443e-01 -1.991724818944931030e-01 -2.055153483524918556e-03 3.128469884395599365e-01
4.116173982620239258e-01 -4.021319560706615448e-03 4.201786126941442490e-03 1.951663009822368622e-02
4.115369915962219238e-01 1.910401284694671631e-01 4.592118784785270691e-03 -2.718376219272613525e-01
4.153577983379364014e-01 -4.147053696215152740e-03 -8.446337888017296791e-04 2.229012548923492432e-02
4.152748584747314453e-01 1.909870058298110962e-01 -3.988312673754990101e-04 -2.706591784954071045e-01
4.190945923328399658e-01 -4.129257053136825562e-03 -5.812014918774366379e-03 2.189793437719345093e-02
4.190120100975036621e-01 -1.991673707962036133e-01 -5.374055821448564529e-03 3.127414584159851074e-01
4.150286614894866943e-01 -3.969281911849975586e-03 8.807730046100914478e-04 1.836857013404369354e-02
4.149492681026458740e-01 1.911400258541107178e-01 1.248144428245723248e-03 -2.740363180637359619e-01
4.187720715999603271e-01 -3.999711014330387115e-03 -4.232582170516252518e-03 1.904000155627727509e-02
4.186920821666717529e-01 -1.990607082843780518e-01 -3.851782297715544701e-03 3.103845119476318359e-01
4.147108495235443115e-01 -3.884090110659599304e-03 2.355907810851931572e-03 1.648932509124279022e-02
4.146331846714019775e-01 1.912039965391159058e-01 2.685694256797432899e-03 -2.754493653774261475e-01
4.184572696685791016e-01 -3.956170752644538879e-03 -2.823292976245284081e-03 1.807942986488342285e-02
4.183781445026397705e-01 -1.990375220775604248e-01 -2.461704192683100700e-03 3.098702430725097656e-01
4.143973886966705322e-01 -3.880580654367804527e-03 3.735700622200965881e-03 1.641197875142097473e-02
4.143197834491729736e-01 1.911875903606414795e-01 4.063940141350030899e-03 -2.750899493694305420e-01
4.181435108184814453e-01 -3.992100246250629425e-03 -1.437858911231160164e-03 1.887197047472000122e-02
4.180636703968048096e-01 -1.990934014320373535e-01 -1.060419483110308647e-03 3.111009001731872559e-01
4.140818119049072266e-01 -3.956358414143323898e-03 5.161598324775695801e-03 1.808372698724269867e-02
4.140026867389678955e-01 1.910911947488784790e-01 5.523272790014743805e-03 -2.729662060737609863e-01
4.178245067596435547e-01 -4.109133500605821609e-03 6.394888623617589474e-05 2.145365811884403229e-02
4.177423417568206787e-01 1.910119056701660156e-01 4.930220311507582664e-04 -2.712090909481048584e-01
4.215625524520874023e-01 -4.117082338780164719e-03 -4.931159783154726028e-03 2.162929624319076538e-02
4.214802384376525879e-01 -1.991679668426513672e-01 -4.498573951423168182e-03 3.127523064613342285e-01
4.174968600273132324e-01 -3.982221707701683044e-03 1.756472396664321423e-03 1.865407824516296387e-02
4.174172282218933105e-01 1.911145001649856567e-01 2.129554050043225288e-03 -2.734741568565368652e-01
4.212394952774047852e-01 -4.037776030600070953e-03 -3.339928807690739632e-03 1.987968944013118744e-02
4.211587607860565186e-01 -1.991116702556610107e-01 -2.942335093393921852e-03 3.115069568157196045e-01
4.171765148639678955e-01 -3.947924356907606125e-03 3.287804080173373222e-03 1.789756305515766144e-02
4.170975685119628906e-01 1.911267191171646118e-01 3.645755350589752197e-03 -2.737462222576141357e-01
4.209201037883758545e-01 -4.047057591378688812e-03 -1.829168875701725483e-03 2.008436247706413269e-02
4.208391606807708740e-01 -1.991427242755889893e-01 -1.427481649443507195e-03 3.121896088123321533e-01
4.168562889099121094e-01 -4.000470507889986038e-03 4.816310480237007141e-03 1.905683428049087524e-02
4.167762994766235352e-01 1.910520792007446289e-01 5.197447258979082108e-03 -2.721025943756103516e-01
4.205973446369171143e-01 -4.143648315221071243e-03 -2.446050057187676430e-04 2.221507206559181213e-02
4.205144643783569336e-01 1.909818053245544434e-01 1.996964419959113002e-04 -2.705450057983398438e-01
4.243341088294982910e-01 -4.142990335822105408e-03 -5.211203824728727341e-03 2.220088616013526917e-02
4.242512285709381104e-01 -1.991898268461227417e-01 -4.767186474055051804e-03 3.132350742816925049e-01
4.202674329280853271e-01 -4.000283777713775635e-03 1.497515244409441948e-03 1.905254460871219635e-02
4.201874434947967529e-01 1.911001652479171753e-01 1.878566108644008636e-03 -2.731575071811676025e-01
4.240094423294067383e-01 -4.048545844852924347e-03 -3.584584221243858337e-03 2.011731825768947601e-02
4.239284694194793701e-01 -1.991189122200012207e-01 -3.182237967848777771e-03 3.116671144962310791e-01
4.199460744857788086e-01 -3.951764665544033051e-03 3.051104256883263588e-03 1.798230595886707306e-02
4.198670685291290283e-01 1.911263018846511841e-01 3.410750534385442734e-03 -2.737363874912261963e-01
4.236895740032196045e-01 -4.044152796268463135e-03 -2.063977532088756561e-03 2.002033032476902008e-02
4.236086905002593994e-01 -1.991364508867263794e-01 -1.663570990785956383e-03 3.120513260364532471e-01
4.196259677410125732e-01 -3.990832250565290451e-03 4.577455576509237289e-03 1.884423196315765381e-02
4.195461571216583252e-01 1.910651773214340210e-01 4.954340402036905289e-03 -2.723909318447113037e-01
4.233674407005310059e-01 -4.127118270844221115e-03 -4.934785538353025913e-04 2.185047045350074768e-02
4.232849180698394775e-01 1.910019069910049438e-01 -5.646916906698606908e-05 -2.709881067276000977e-01
4.271049499511718750e-01 -4.119238816201686859e-03 -5.476231221109628677e-03 2.167700231075286865e-02
4.270225763320922852e-01 -1.991622298955917358e-01 -5.042691249400377274e-03 3.126271069049835205e-01
4.230393171310424805e-01 -3.968803677707910538e-03 1.209850539453327656e-03 1.835813559591770172e-02
4.229599535465240479e-01 1.911357790231704712e-01 1.577013288624584675e-03 -2.739428281784057617e-01
4.267826676368713379e-01 -4.008640535175800323e-03 -3.901843214407563210e-03 1.923707872629165649e-02
4.267024993896484375e-01 -1.990744173526763916e-01 -3.517101751640439034e-03 3.106863796710968018e-01
4.227209985256195068e-01 -3.902534954249858856e-03 2.696625888347625732e-03 1.689633913338184357e-02
4.226429462432861328e-01 1.911806464195251465e-01 3.034552792087197304e-03 -2.749345600605010986e-01
4.264665544033050537e-01 -3.984475973993539810e-03 -2.464138204231858253e-03 1.870393007993698120e-02
4.263868629932403564e-01 -1.990710049867630005e-01 -2.090059686452150345e-03 3.106083869934082031e-01
4.224054515361785889e-01 -3.919335547834634781e-03 4.122107755392789841e-03 1.726703904569149017e-02
4.223270714282989502e-01 1.911432594060897827e-01 4.467448685318231583e-03 -2.741124629974365234e-01
4.261499345302581787e-01 -4.042149521410465240e-03 -1.014800742268562317e-03 1.997614465653896332e-02
4.260690808296203613e-01 1.910943388938903809e-01 -6.152779096737504005e-04 -2.730267941951751709e-01
4.298909604549407959e-01 -4.018826410174369812e-03 -6.075813900679349899e-03 1.946201361715793610e-02
4.298105835914611816e-01 -1.990531235933303833e-01 -5.686573218554258347e-03 3.102217614650726318e-01
4.258295297622680664e-01 -3.850611625239253044e-03 5.178620340302586555e-04 1.575090363621711731e-02
4.257525205612182617e-01 1.912639141082763672e-01 8.328800904564559460e-04 -2.767685949802398682e-01
4.295777976512908936e-01 -3.869914682582020760e-03 -4.702491685748100281e-03 1.617691479623317719e-02
4.295004010200500488e-01 -1.989241093397140503e-01 -4.378953482955694199e-03 3.073724508285522461e-01
4.255219101905822754e-01 -3.740038489922881126e-03 1.768495654687285423e-03 1.331173628568649292e-02
4.254471063613891602e-01 1.913565099239349365e-01 2.034730277955532074e-03 -2.788126766681671143e-01
4.292742609977722168e-01 -3.794413059949874878e-03 -3.541523357853293419e-03 1.451129745692014694e-02
4.291983544826507568e-01 -1.988653987646102905e-01 -3.251297399401664734e-03 3.060747385025024414e-01
4.252210557460784912e-01 -3.697264706715941429e-03 2.870197175070643425e-03 1.236820127815008163e-02
4.251471161842346191e-01 1.913834065198898315e-01 3.117561107501387596e-03 -2.794077694416046143e-01
4.289747774600982666e-01 -3.782878164201974869e-03 -2.470594132319092751e-03 1.425680238753557205e-02
4.288991093635559082e-01 -1.988693177700042725e-01 -2.185458084568381310e-03 3.061591982841491699e-01
4.249217212200164795e-01 -3.716285340487957001e-03 3.937725909054279327e-03 1.278784126043319702e-02
4.248473942279815674e-01 1.913489699363708496e-01 4.193482920527458191e-03 -2.786500751972198486e-01
4.286743998527526855e-01 -3.832549322396516800e-03 -1.379518886096775532e-03 1.535250060260295868e-02
4.285977482795715332e-01 -1.989346891641616821e-01 -1.072468818165361881e-03 3.075998425483703613e-01
4.246190488338470459e-01 -3.797472920268774033e-03 5.079528316855430603e-03 1.457889098674058914e-02
4.245430827140808105e-01 1.912512630224227905e-01 5.371105857193470001e-03 -2.764970660209655762e-01
4.283681213855743408e-01 -3.946902230381965637e-03 -1.588352752150967717e-04 1.787505857646465302e-02
4.282891750335693359e-01 1.911773234605789185e-01 1.986658899113535881e-04 -2.748579680919647217e-01
4.321127235889434814e-01 -3.947458229959011078e-03 -5.298493895679712296e-03 1.788760162889957428e-02
4.320337772369384766e-01 -1.989930272102355957e-01 -4.940741695463657379e-03 3.088940978050231934e-01
4.280539155006408691e-01 -3.801024984568357468e-03 1.237140153534710407e-03 1.465709600597620010e-02
4.279778897762298584e-01 1.913031637668609619e-01 1.530282082967460155e-03 -2.776352465152740479e-01
4.318039715290069580e-01 -3.840586869046092033e-03 -4.022422712296247482e-03 1.552994176745414734e-02
4.317271411418914795e-01 -1.989046186208724976e-01 -3.711823839694261551e-03 3.069410324096679688e-01
4.277490675449371338e-01 -3.729975549504160881e-03 2.426996827125549316e-03 1.308981142938137054e-02
4.276744425296783447e-01 1.913570910692214966e-01 2.688793232664465904e-03 -2.788263857364654541e-01
4.315015971660614014e-01 -3.803119529038667679e-03 -2.887734444811940193e-03 1.470337249338626862e-02
4.314255416393280029e-01 -1.988835334777832031e-01 -2.593667013570666313e-03 3.064737915992736816e-01
4.274478554725646973e-01 -3.724724054336547852e-03 3.535808762535452843e-03 1.297401357442140579e-02
4.273733794689178467e-01 1.913463473320007324e-01 3.795288968831300735e-03 -2.785912156105041504e-01
4.312002956867218018e-01 -3.829546505585312843e-03 -1.776535646058619022e-03 1.528630591928958893e-02
4.311237037181854248e-01 -1.989259719848632812e-01 -1.470809569582343102e-03 3.074081838130950928e-01
4.271451830863952637e-01 -3.783096792176365852e-03 4.677354358136653900e-03 1.426176633685827255e-02
4.270695149898529053e-01 1.912714689970016479e-01 4.962589591741561890e-03 -2.769417464733123779e-01
4.308949410915374756e-01 -3.920933697372674942e-03 -5.762452492490410805e-04 1.730225048959255219e-02
4.308165311813354492e-01 1.912092715501785278e-01 -2.302002394571900368e-04 -2.755624353885650635e-01
4.346407055854797363e-01 -3.909389488399028778e-03 -5.741449072957038879e-03 1.704787835478782654e-02
4.345625340938568115e-01 -1.989485323429107666e-01 -5.400491412729024887e-03 3.079138100147247314e-01
4.305835664272308350e-01 -3.750048112124204636e-03 7.577845826745033264e-04 1.353260129690170288e-02
4.305085539817810059e-01 1.913610249757766724e-01 1.028436585329473019e-03 -2.789111435413360596e-01
4.343357682228088379e-01 -3.775580087676644325e-03 -4.549785982817411423e-03 1.409597788006067276e-02
4.342602789402008057e-01 -1.988319903612136841e-01 -4.267866723239421844e-03 3.053399324417114258e-01
4.302836358547210693e-01 -3.649477614089846611e-03 1.838931930251419544e-03 1.131408009678125381e-02
4.302106499671936035e-01 1.914460510015487671e-01 2.065213629975914955e-03 -2.807880640029907227e-01
4.340395629405975342e-01 -3.705296898260712624e-03 -3.550547873601317406e-03 1.254549808800220490e-02
4.339654445648193359e-01 -1.987761557102203369e-01 -3.299637930467724800e-03 3.041060864925384521e-01
4.299899339675903320e-01 -3.607329679653048515e-03 2.782483585178852081e-03 1.038434635847806931e-02
4.299177825450897217e-01 1.914746016263961792e-01 2.990170381963253021e-03 -2.814193665981292725e-01
4.337472915649414062e-01 -3.689869074150919914e-03 -2.638217061758041382e-03 1.220513693988323212e-02
4.336734712123870850e-01 -1.987738907337188721e-01 -2.394114388152956963e-03 3.040544986724853516e-01
4.296979904174804688e-01 -3.617897164076566696e-03 3.686975687742233276e-03 1.061749551445245743e-02
4.296256303787231445e-01 1.914509832859039307e-01 3.899325616657733917e-03 -2.808998823165893555e-01
4.334546625614166260e-01 -3.726371098309755325e-03 -1.718671643175184727e-03 1.301033701747655869e-02
4.333801269531250000e-01 -1.988236308097839355e-01 -1.458464888855814934e-03 3.051505088806152344e-01
4.294036626815795898e-01 -3.680927446112036705e-03 4.644545260816812515e-03 1.200797315686941147e-02
4.293300509452819824e-01 1.913741081953048706e-01 4.884704481810331345e-03 -2.792059183120727539e-01
4.331575334072113037e-01 -3.817183664068579674e-03 -6.994139985181391239e-04 1.501360908150672913e-02
4.330811798572540283e-01 1.913147866725921631e-01 -3.991418343503028154e-04 -2.778899073600769043e-01
4.369074702262878418e-01 -3.801463637501001358e-03 -5.956939887255430222e-03 1.466710213571786880e-02
4.368314445018768311e-01 -1.988374739885330200e-01 -5.663597956299781799e-03 3.054645955562591553e-01
4.328547120094299316e-01 -3.635280532762408257e-03 4.456941387616097927e-04 1.100091356784105301e-02
4.327819943428039551e-01 1.914802789688110352e-01 6.657124031335115433e-04 -2.815413475036621094e-01
4.366115927696228027e-01 -3.651164704933762550e-03 -4.965114872902631760e-03 1.135145686566829681e-02
4.365385770797729492e-01 -1.987015604972839355e-01 -4.738085437566041946e-03 3.024637103080749512e-01
4.325645565986633301e-01 -3.512401133775711060e-03 1.311188447289168835e-03 8.290261961519718170e-03
4.324943125247955322e-01 1.915907263755798340e-01 1.476993667893111706e-03 -2.839786708354949951e-01
4.363261163234710693e-01 -3.552264766767621040e-03 -4.202580079436302185e-03 9.169715456664562225e-03
4.362550675868988037e-01 -1.986136883497238159e-01 -4.019185435026884079e-03 3.005237281322479248e-01
4.322828054428100586e-01 -3.434686921536922455e-03 1.991288736462593079e-03 6.575937382876873016e-03
4.322141110897064209e-01 1.916586458683013916e-01 2.122807549312710762e-03 -2.854780554771423340e-01
4.360472857952117920e-01 -3.493512282148003578e-03 -3.586753504350781441e-03 7.873639464378356934e-03
4.359773993492126465e-01 -1.985638439655303955e-01 -3.429280593991279602e-03 2.994227409362792969e-01
4.320061206817626953e-01 -3.393177408725023270e-03 2.559174317866563797e-03 5.660266615450382233e-03
4.319382607936859131e-01 1.916919797658920288e-01 2.672379603609442711e-03 -2.862141132354736328e-01
4.357720911502838135e-01 -3.467983100563287735e-03 -3.051902633160352707e-03 7.310463115572929382e-03
4.357027411460876465e-01 -1.985460370779037476e-01 -2.905693370848894119e-03 2.990289032459259033e-01
4.317318201065063477e-01 -3.382784314453601837e-03 3.074885113164782524e-03 5.431007593870162964e-03
4.316641688346862793e-01 1.916949301958084106e-01 3.183505265042185783e-03 -2.862801849842071533e-01
4.354980587959289551e-01 -3.472273703664541245e-03 -2.542098285630345345e-03 7.405105046927928925e-03
4.354286193847656250e-01 -1.985576748847961426e-01 -2.393996110185980797e-03 2.992848753929138184e-01
4.314574599266052246e-01 -3.401682246476411819e-03 3.591701621189713478e-03 5.847901105880737305e-03
4.313894212245941162e-01 1.916685700416564941e-01 3.708659671247005463e-03 -2.856996357440948486e-01
4.352228045463562012e-01 -3.506071399897336960e-03 -2.005333080887794495e-03 8.150660432875156403e-03
4.351526796817779541e-01 -1.985992044210433960e-01 -1.842319965362548828e-03 3.002001941204071045e-01
4.311806857585906982e-01 -3.451043739914894104e-03 4.161684308201074600e-03 6.936817895621061325e-03
4.311116635799407959e-01 1.916109770536422729e-01 4.300420638173818588e-03 -2.844301462173461914e-01
4.349438846111297607e-01 -3.572044661268591881e-03 -1.388182514347136021e-03 9.605997242033481598e-03
4.348724484443664551e-01 -1.986740529537200928e-01 -1.196062541566789150e-03 3.018506169319152832e-01
4.308989644050598145e-01 -3.535082098096609116e-03 4.840949550271034241e-03 8.790712803602218628e-03
4.308282732963562012e-01 1.915171146392822266e-01 5.016764160245656967e-03 -2.823609113693237305e-01
4.346586167812347412e-01 -3.676038235425949097e-03 -6.304542766883969307e-04 1.190004684031009674e-02
4.345850944519042969e-01 1.914549469947814941e-01 -3.924533375538885593e-04 -2.809817194938659668e-01
4.384141862392425537e-01 -3.661402035504579544e-03 -6.012087687849998474e-03 1.157739385962486267e-02
4.383409619331359863e-01 -1.986966133117675781e-01 -5.780539941042661667e-03 3.023573756217956543e-01
4.343670308589935303e-01 -3.492760239169001579e-03 2.666077052708715200e-04 7.857022807002067566e-03
4.342971742153167725e-01 1.916253715753555298e-01 4.237481916788965464e-04 -2.847417593002319336e-01
4.381296932697296143e-01 -3.502625972032546997e-03 -5.271087400615215302e-03 8.074770681560039520e-03
4.380596280097961426e-01 -1.985485851764678955e-01 -5.109591875225305557e-03 2.990899682044982910e-01
4.340886473655700684e-01 -3.354177111759781837e-03 8.722072234377264977e-04 4.799949005246162415e-03
4.340215921401977539e-01 -1.984886229038238525e-01 9.682062081992626190e-04 2.977579534053802490e-01
4.300518035888671875e-01 -3.380490001291036606e-03 6.923364941030740738e-03 5.380525719374418259e-03
4.299841821193695068e-01 1.916414946317672729e-01 7.030975539237260818e-03 -2.851099669933319092e-01
4.338170289993286133e-01 -3.580029355362057686e-03 1.328775892034173012e-03 9.782150387763977051e-03
4.337454140186309814e-01 1.915228366851806641e-01 1.524418941698968410e-03 -2.824812233448028564e-01
4.375758767127990723e-01 -3.620821516960859299e-03 -4.125205799937248230e-03 1.068209577351808548e-02
4.375034570693969727e-01 -1.986833661794662476e-01 -3.911563660949468613e-03 3.020606338977813721e-01
4.335297942161560059e-01 -3.505887929350137711e-03 2.129648579284548759e-03 8.146641775965690613e-03
4.334596693515777588e-01 1.915854513645172119e-01 2.292581368237733841e-03 -2.838636040687561035e-01
4.372913837432861328e-01 -3.569118212908506393e-03 -3.384690498933196068e-03 9.541516192257404327e-03
4.372200071811676025e-01 -1.986423581838607788e-01 -3.193860175088047981e-03 3.011546134948730469e-01
4.332471489906311035e-01 -3.475038101896643639e-03 2.829232020303606987e-03 7.466122042387723923e-03
4.331776499748229980e-01 1.916062235832214355e-01 2.978554461151361465e-03 -2.843227982521057129e-01
4.370097815990447998e-01 -3.558082273229956627e-03 -2.707901643589138985e-03 9.298047982156276703e-03
4.369386136531829834e-01 -1.986410915851593018e-01 -2.521940739825367928e-03 3.011253774166107178e-01
4.329657852649688721e-01 -3.483288455754518509e-03 3.500566817820072174e-03 7.648143451660871506e-03
4.328961372375488281e-01 1.915882825851440430e-01 3.653529565781354904e-03 -2.839282453060150146e-01
4.367279112339019775e-01 -3.585584461688995361e-03 -2.025035675615072250e-03 9.904726408421993256e-03
4.366561770439147949e-01 -1.986784338951110840e-01 -1.826941035687923431e-03 3.019480407238006592e-01
4.326826333999633789e-01 -3.530493471771478653e-03 4.212019965052604675e-03 8.689497597515583038e-03
4.326120018959045410e-01 1.915307939052581787e-01 4.385809879750013351e-03 -2.826615273952484131e-01
4.364426136016845703e-01 -3.653433639556169510e-03 -1.267420593649148941e-03 1.140144187957048416e-02
4.363695681095123291e-01 -1.987571865320205688e-01 -1.039391732774674892e-03 3.036842048168182373e-01
4.323944151401519775e-01 -3.620436880737543106e-03 5.034292582422494888e-03 1.067366730421781540e-02
4.323219954967498779e-01 1.914289593696594238e-01 5.247765686362981796e-03 -2.804166376590728760e-01
4.361505806446075439e-01 -3.767459187656641006e-03 -3.605668607633560896e-04 1.391678862273693085e-02
4.360752403736114502e-01 1.913596540689468384e-01 -8.223109034588560462e-05 -2.788798809051513672e-01
4.399024248123168945e-01 -3.761116880923509598e-03 -5.659828893840312958e-03 1.377711072564125061e-02
4.398272037506103516e-01 -1.988014429807662964e-01 -5.384286399930715561e-03 3.046689331531524658e-01
4.358511865139007568e-01 -3.603176912292838097e-03 7.090921862982213497e-04 1.029280573129653931e-02
4.357791244983673096e-01 1.915085911750793457e-01 9.149482939392328262e-04 -2.821663022041320801e-01
4.396092891693115234e-01 -3.626392222940921783e-03 -4.728377796709537506e-03 1.080504711717367172e-02
4.395367503166198730e-01 -1.986802071332931519e-01 -4.512276966124773026e-03 3.019923567771911621e-01
4.355631470680236816e-01 -3.494243370369076729e-03 1.527570420876145363e-03 7.889790460467338562e-03
4.354932606220245361e-01 1.916057616472244263e-01 1.685366267338395119e-03 -2.843107879161834717e-01
4.393253922462463379e-01 -3.540181089192628860e-03 -4.000849090516567230e-03 8.903225883841514587e-03
4.392545819282531738e-01 -1.986045241355895996e-01 -3.822784638032317162e-03 3.003211617469787598e-01
4.352824985980987549e-01 -3.428296884521842003e-03 2.183638280257582664e-03 6.435054820030927658e-03
4.352139234542846680e-01 1.916622668504714966e-01 2.312339376658201218e-03 -2.855581045150756836e-01
4.390471577644348145e-01 -3.492583287879824638e-03 -3.398822620511054993e-03 7.853215560317039490e-03
4.389773309230804443e-01 -1.985656321048736572e-01 -3.241758327931165695e-03 2.994618415832519531e-01
