-3.159316955134272575e-03 1.347451563924551010e-02 -3.683634847402572632e-02 2.849554270505905151e-02
-2.889826428145170212e-03 -1.811003386974334717e-01 -3.626643866300582886e-02 3.093324005603790283e-01
-6.511833518743515015e-03 1.451906189322471619e-02 -3.007979132235050201e-02 5.436242092400789261e-03
-6.221452262252569199e-03 -1.801588833332061768e-01 -2.997106499969959259e-02 2.884789407253265381e-01
-9.824629873037338257e-03 1.537736412137746811e-02 -2.420148625969886780e-02 -1.350388582795858383e-02
-9.517082944512367249e-03 -1.793892979621887207e-01 -2.447156421840190887e-02 2.714460194110870361e-01
-1.310486812144517899e-02 1.607315056025981903e-02 -1.904264464974403381e-02 -2.885379642248153687e-02
-1.278340537101030350e-02 -1.787706166505813599e-01 -1.961972005665302277e-02 2.577606737613677979e-01
-1.635881699621677399e-02 1.662586629390716553e-02 -1.446450781077146530e-02 -4.104547947645187378e-02
-1.602630130946636200e-02 -1.782857179641723633e-01 -1.528541650623083115e-02 2.470388859510421753e-01
-1.959201507270336151e-02 1.705117151141166687e-02 -1.034463942050933838e-02 -5.042594671249389648e-02
-1.925099082291126251e-02 -1.779209375381469727e-01 -1.135315839201211929e-02 2.389752864837646484e-01
-2.280941046774387360e-02 1.736135035753250122e-02 -6.573652382940053940e-03 -5.726701393723487854e-02
-2.246218360960483551e-02 -1.776657253503799438e-01 -7.718992419540882111e-03 2.333346456289291382e-01
-2.601549774408340454e-02 1.756565645337104797e-02 -3.052299609407782555e-03 -6.177306920289993286e-02
-2.566418424248695374e-02 -1.775123924016952515e-01 -4.287760704755783081e-03 2.299452722072601318e-01
-2.921443246304988861e-02 1.767056062817573547e-02 3.111447149422019720e-04 -6.408707052469253540e-02
-2.886102162301540375e-02 -1.774558573961257935e-01 -9.705966804176568985e-04 2.286940068006515503e-01
-3.241013735532760620e-02 1.767995767295360565e-02 3.603283548727631569e-03 -6.429491937160491943e-02
-3.205654025077819824e-02 -1.774934679269790649e-01 2.317385282367467880e-03 2.295226901769638062e-01
-3.560640662908554077e-02 1.759528927505016327e-02 6.907838862389326096e-03 -6.242835894227027893e-02
-3.525450080633163452e-02 -1.776250153779983521e-01 5.659271962940692902e-03 2.324260026216506958e-01
-3.880700469017028809e-02 1.741561293601989746e-02 1.030779164284467697e-02 -5.846643820405006409e-02
-3.845869004726409912e-02 2.123882621526718140e-01 9.138463065028190613e-03 -3.478794395923614502e-01
-3.421092405915260315e-02 1.713753305375576019e-02 2.180874347686767578e-03 -5.232890322804450989e-02
-3.386817499995231628e-02 -1.780156195163726807e-01 1.134296180680394173e-03 2.410413026809692383e-01
-3.742848709225654602e-02 1.709010824561119080e-02 5.955122411251068115e-03 -5.128361657261848450e-02
-3.708668425679206848e-02 -1.781167238950729370e-01 4.929449874907732010e-03 2.432722300291061401e-01
-4.064901918172836304e-02 1.693447120487689972e-02 9.794894605875015259e-03 -4.785174876451492310e-02
-4.031033068895339966e-02 2.119146138429641724e-01 8.837860077619552612e-03 -3.374282717704772949e-01
-3.607203811407089233e-02 1.666801609098911285e-02 2.089294372126460075e-03 -4.197152331471443176e-02
-3.573867678642272949e-02 -1.784838289022445679e-01 1.249863882549107075e-03 2.513698637485504150e-01
-3.930835425853729248e-02 1.662024855613708496e-02 6.277261301875114441e-03 -4.091857001185417175e-02
-3.897595033049583435e-02 2.116516232490539551e-01 5.458889529109001160e-03 -3.316143751144409180e-01
-3.474291786551475525e-02 1.645239815115928650e-02 -1.173397758975625038e-03 -3.721498697996139526e-02
-3.441387042403221130e-02 -1.786527037620544434e-01 -1.917697372846305370e-03 2.550974786281585693e-01
-3.798692300915718079e-02 1.649657264351844788e-02 3.184252418577671051e-03 -3.818969056010246277e-02
-3.765699267387390137e-02 -1.786708980798721313e-01 2.420458476990461349e-03 2.554962038993835449e-01
-4.123041033744812012e-02 1.641641370952129364e-02 7.530382368713617325e-03 -3.642229735851287842e-02
-4.090208187699317932e-02 2.114295661449432373e-01 6.801936309784650803e-03 -3.267198204994201660e-01
-3.667348995804786682e-02 1.621144264936447144e-02 2.675399009604007006e-04 -3.189965710043907166e-02
-3.634925931692123413e-02 -1.789143383502960205e-01 -3.704532573465257883e-04 2.608676552772521973e-01
-3.992754966020584106e-02 1.621289364993572235e-02 4.846900235861539841e-03 -3.193208202719688416e-02
-3.960328921675682068e-02 2.112649977207183838e-01 4.208258353173732758e-03 -3.230818212032318115e-01
-3.537799045443534851e-02 1.608338207006454468e-02 -2.253378042951226234e-03 -2.907476201653480530e-02
-3.505632281303405762e-02 -1.790061742067337036e-01 -2.834873273968696594e-03 2.628963589668273926e-01
-3.863644599914550781e-02 1.615612022578716278e-02 2.423053840175271034e-03 -3.067937865853309631e-02
-3.831332176923751831e-02 -1.790004968643188477e-01 1.809466164559125900e-03 2.627670764923095703e-01
-4.189333319664001465e-02 1.609558053314685822e-02 7.064807228744029999e-03 -2.934459038078784943e-02
-4.157142341136932373e-02 2.111155092716217041e-01 6.477915681898593903e-03 -3.197901546955108643e-01
-3.734911233186721802e-02 1.590190455317497253e-02 8.211265230784192681e-05 -2.507138811051845551e-02
-3.703107312321662903e-02 -1.792212277650833130e-01 -4.193151253275573254e-04 2.676374316215515137e-01
-4.061549901962280273e-02 1.590670831501483917e-02 4.933433607220649719e-03 -2.517770789563655853e-02
-4.029736295342445374e-02 2.109575569629669189e-01 4.429879598319530487e-03 -3.163000047206878662e-01
-3.607821092009544373e-02 1.577279530465602875e-02 -1.896120491437613964e-03 -2.222334593534469604e-02
-3.576275706291198730e-02 -1.793219149112701416e-01 -2.340587321668863297e-03 2.698607444763183594e-01
-3.934919461607933044e-02 1.583336107432842255e-02 3.056627232581377029e-03 -2.355951070785522461e-02
-3.903252631425857544e-02 2.109113484621047974e-01 2.585436915978789330e-03 -3.152764737606048584e-01
-3.481430187821388245e-02 1.575266011059284210e-02 -3.720092354342341423e-03 -2.177930623292922974e-02
-3.449924662709236145e-02 -1.793157458305358887e-01 -4.155678674578666687e-03 2.697275578975677490e-01
-3.808556124567985535e-02 1.586526446044445038e-02 1.238872879184782505e-03 -2.426317892968654633e-02
-3.776825591921806335e-02 -1.792744249105453491e-01 7.536092307418584824e-04 2.688103616237640381e-01
-4.135374724864959717e-02 1.583675667643547058e-02 6.129816640168428421e-03 -2.363476902246475220e-02
-4.103701189160346985e-02 2.108702659606933594e-01 5.657121073454618454e-03 -3.143773972988128662e-01
-3.681960701942443848e-02 1.566818729043006897e-02 -6.304263952188193798e-04 -1.991576701402664185e-02
-3.650624305009841919e-02 -1.794447153806686401e-01 -1.028741709887981415e-03 2.725681960582733154e-01
-4.009513556957244873e-02 1.569189876317977905e-02 4.422621801495552063e-03 -2.043903060257434845e-02
-3.978129848837852478e-02 2.107501477003097534e-01 4.013841506093740463e-03 -3.117232918739318848e-01
-3.556629642844200134e-02 1.557124219834804535e-02 -2.220624592155218124e-03 -1.777723059058189392e-02
-3.525486961007118225e-02 -1.795187890529632568e-01 -2.576169092208147049e-03 2.742042243480682373e-01
-3.884524479508399963e-02 1.563982106745243073e-02 2.907915506511926651e-03 -1.929010450839996338e-02
-3.853245079517364502e-02 2.107199430465698242e-01 2.522113500162959099e-03 -3.110541403293609619e-01
-3.431805223226547241e-02 1.556215621531009674e-02 -3.698969259858131409e-03 -1.757687516510486603e-02
-3.400680795311927795e-02 -1.795065551996231079e-01 -4.050506744533777237e-03 2.739366888999938965e-01
-3.759693726897239685e-02 1.567295752465724945e-02 1.428227173164486885e-03 -2.002101577818393707e-02
-3.728348016738891602e-02 2.107743918895721436e-01 1.027806894853711128e-03 -3.122529685497283936e-01
-3.306799009442329407e-02 1.563781872391700745e-02 -5.217252764850854874e-03 -1.924609020352363586e-02
-3.275523334741592407e-02 -1.794089227914810181e-01 -5.602174438536167145e-03 2.717861831188201904e-01
-3.634341433644294739e-02 1.579251512885093689e-02 -1.664509472902864218e-04 -2.265842072665691376e-02
-3.602756187319755554e-02 -1.793270409107208252e-01 -6.196193862706422806e-04 2.699719965457916260e-01
-3.961410373449325562e-02 1.580373942852020264e-02 4.779820330440998077e-03 -2.290630899369716644e-02
-3.929802775382995605e-02 2.108568251132965088e-01 4.321694374084472656e-03 -3.140773177146911621e-01
-3.508089482784271240e-02 1.567357219755649567e-02 -1.959852408617734909e-03 -2.003461308777332306e-02
-3.476742282509803772e-02 -1.794202178716659546e-01 -2.360544633120298386e-03 2.720293104648590088e-01
-3.835582733154296875e-02 1.573533751070499420e-02 3.080041613429784775e-03 -2.139720134437084198e-02
-3.804111853241920471e-02 2.108129858970642090e-01 2.652097726240754128e-03 -3.131067454814910889e-01
-3.382486104965209961e-02 1.565334945917129517e-02 -3.610037267208099365e-03 -1.958861760795116425e-02
-3.351179137825965881e-02 -1.794166415929794312e-01 -4.001809749752283096e-03 2.719531059265136719e-01
-3.710012510418891907e-02 1.576218195259571075e-02 1.437252736650407314e-03 -2.198930270969867706e-02
-3.678488358855247498e-02 -1.793803572654724121e-01 9.974666172638535500e-04 2.711467444896697998e-01
-4.037248715758323669e-02 1.572735048830509186e-02 6.420401390641927719e-03 -2.122140862047672272e-02
-4.005794227123260498e-02 2.107566446065902710e-01 5.995973479002714157e-03 -3.118717372417449951e-01
-3.584280982613563538e-02 1.554978359490633011e-02 -2.414612099528312683e-04 -1.730390079319477081e-02
-3.553181514143943787e-02 -1.795687079429626465e-01 -5.875392234884202480e-04 2.753028273582458496e-01
-3.912318870425224304e-02 1.556162536144256592e-02 4.918517544865608215e-03 -1.756534725427627563e-02
-3.881195560097694397e-02 2.106126993894577026e-01 4.567210562527179718e-03 -3.086923658847808838e-01
-3.459970280528068542e-02 1.542596705257892609e-02 -1.606637029908597469e-03 -1.457258034497499466e-02
-3.429118171334266663e-02 -1.796729117631912231e-01 -1.898088608868420124e-03 2.776030004024505615e-01
-3.788464143872261047e-02 1.547607220709323883e-02 3.653971478343009949e-03 -1.567797735333442688e-02
-3.757511824369430542e-02 2.105454355478286743e-01 3.340411931276321411e-03 -3.072057962417602539e-01
-3.336421027779579163e-02 1.537604071199893951e-02 -2.803704002872109413e-03 -1.347126532346010208e-02
-3.305668756365776062e-02 -1.797055900096893311e-01 -3.073129337280988693e-03 2.783257365226745605e-01
-3.665079921483993530e-02 1.546006649732589722e-02 2.493385458365082741e-03 -1.532485894858837128e-02
-3.634160012006759644e-02 2.105461657047271729e-01 2.186888363212347031e-03 -3.072200417518615723e-01
-3.213067725300788879e-02 1.539312675595283508e-02 -3.957512788474559784e-03 -1.384823955595493317e-02
-3.182281181216239929e-02 -1.796718388795852661e-01 -4.234477411955595016e-03 2.775834202766418457e-01
-3.541624918580055237e-02 1.551025919616222382e-02 1.317190937697887421e-03 -1.643204316496849060e-02
-3.510604426264762878e-02 2.106132954359054565e-01 9.885501349344849586e-04 -3.086991012096405029e-01
-3.089378029108047485e-02 1.547727268189191818e-02 -5.185431800782680511e-03 -1.570456475019454956e-02
-3.058423474431037903e-02 -1.795699298381805420e-01 -5.499523133039474487e-03 2.753377854824066162e-01
-3.417563438415527344e-02 1.563005149364471436e-02 7.232933057821355760e-06 -1.907460018992424011e-02
-3.386303037405014038e-02 -1.794919967651367188e-01 -3.742590779438614845e-04 2.736106216907501221e-01
-3.745287284255027771e-02 1.563528552651405334e-02 5.097953137010335922e-03 -1.919033750891685486e-02
-3.714016452431678772e-02 2.106837630271911621e-01 4.714146256446838379e-03 -3.102604448795318604e-01
-3.292649239301681519e-02 1.549495942890644073e-02 -1.491062692366540432e-03 -1.609455235302448273e-02
-3.261659294366836548e-02 -1.796055734157562256e-01 -1.812953734770417213e-03 2.761175632476806641e-01
-3.620870411396026611e-02 1.554219331592321396e-02 3.709397278726100922e-03 -1.713662780821323395e-02
-3.589785844087600708e-02 2.106107473373413086e-01 3.366664750501513481e-03 -3.086468875408172607e-01
-3.168564289808273315e-02 1.544099207967519760e-02 -2.806273056194186211e-03 -1.490411534905433655e-02
-3.137682378292083740e-02 -1.796406060457229614e-01 -3.104355419054627419e-03 2.768920660018920898e-01
-3.496963530778884888e-02 1.552550122141838074e-02 2.433486282825469971e-03 -1.676834188401699066e-02
-3.465912491083145142e-02 2.106124758720397949e-01 2.098119352012872696e-03 -3.086824715137481689e-01
-3.044687770307064056e-02 1.546068489551544189e-02 -4.075530450791120529e-03 -1.533860620111227036e-02
-3.013766370713710785e-02 -1.796025782823562622e-01 -4.382302518934011459e-03 2.760556638240814209e-01
-3.372971341013908386e-02 1.558161713182926178e-02 1.138810766860842705e-03 -1.800621859729290009e-02
-3.341808170080184937e-02 -1.795566529035568237e-01 7.786864298395812511e-04 2.750357985496520996e-01
-3.700921684503555298e-02 1.555418502539396286e-02 6.279402412474155426e-03 -1.740142703056335449e-02
-3.669813275337219238e-02 2.105855196714401245e-01 5.931373685598373413e-03 -3.080965280532836914e-01
-3.248642012476921082e-02 1.537956018000841141e-02 -2.305568050360307097e-04 -1.354892645031213760e-02
-3.217883035540580750e-02 -1.797390878200531006e-01 -5.015353090129792690e-04 2.790612578392028809e-01
-3.577361255884170532e-02 1.539001893252134323e-02 5.079689435660839081e-03 -1.377981994301080704e-02
-3.546581044793128967e-02 2.104387581348419189e-01 4.804093390703201294e-03 -3.048557341098785400e-01
-3.125703707337379456e-02 1.524867117404937744e-02 -1.293021254241466522e-03 -1.066158246248960495e-02
-3.095206245779991150e-02 -1.798547059297561646e-01 -1.506252912804484367e-03 2.816131114959716797e-01
-3.454915806651115417e-02 1.528869103640317917e-02 4.126009065657854080e-03 -1.154451165348291397e-02
-3.424338251352310181e-02 2.103512287139892578e-01 3.895118832588195801e-03 -3.029227852821350098e-01
-3.003635816276073456e-02 1.517398096621036530e-02 -2.163336845114827156e-03 -9.013971313834190369e-03
-2.973287925124168396e-02 -1.799168735742568970e-01 -2.343616215512156487e-03 2.829855978488922119e-01
-3.333121538162231445e-02 1.523842196911573410e-02 3.316096030175685883e-03 -1.043555699288845062e-02
-3.302644938230514526e-02 2.103126645088195801e-01 3.107384778559207916e-03 -3.020703792572021484e-01
-2.882019430398941040e-02 1.514655817300081253e-02 -2.934022573754191399e-03 -8.409066125750541687e-03
-2.851726487278938293e-02 -1.799331903457641602e-01 -3.102204063907265663e-03 2.833467125892639160e-01
-3.211592882871627808e-02 1.523286849260330200e-02 2.564730122685432434e-03 -1.031303033232688904e-02
-3.181127086281776428e-02 2.103179395198822021e-01 2.358469413593411446e-03 -3.021856546401977539e-01
-2.760491147637367249e-02 1.516245864331722260e-02 -3.685243660584092140e-03 -8.759847842156887054e-03
-2.730166167020797729e-02 -1.799064427614212036e-01 -3.860440570861101151e-03 2.827580571174621582e-01
-3.089979104697704315e-02 1.527035329490900040e-02 1.794720767065882683e-03 -1.113992091268301010e-02
-3.059438429772853851e-02 -1.798772960901260376e-01 1.571922330185770988e-03 2.821087241172790527e-01
-3.419192880392074585e-02 1.522220391780138016e-02 7.214096840471029282e-03 -1.007801480591297150e-02
-3.388748690485954285e-02 2.102399617433547974e-01 7.012536283582448959e-03 -3.004761040210723877e-01
-2.968268655240535736e-02 1.501875836402177811e-02 1.003014389425516129e-03 -5.589839071035385132e-03
-2.938231267035007477e-02 -1.801175624132156372e-01 8.912175544537603855e-04 2.874093949794769287e-01
-3.298466280102729797e-02 1.499166712164878845e-02 6.639405153691768646e-03 -4.992329515516757965e-03
-3.268482908606529236e-02 2.100177705287933350e-01 6.539558526128530502e-03 -2.955730557441711426e-01
-2.848447486758232117e-02 1.480320654809474945e-02 6.280972156673669815e-04 -8.348643896169960499e-04
-2.818840928375720978e-02 2.099161446094512939e-01 6.113999406807124615e-04 -2.933195531368255615e-01
-2.399008721113204956e-02 1.478548161685466766e-02 -5.254991352558135986e-03 -4.438614705577492714e-04
-2.369437739253044128e-02 -1.802607178688049316e-01 -5.263868253678083420e-03 2.905764281749725342e-01
-2.729959227144718170e-02 1.493589952588081360e-02 5.476602236740291119e-04 -3.762001870200037956e-03
-2.700087428092956543e-02 -1.801939010620117188e-01 4.724201862700283527e-04 2.890936732292175293e-01
-3.060475178062915802e-02 1.492130942642688751e-02 6.254293490201234818e-03 -3.440224798396229744e-03
-3.030632622539997101e-02 2.099530100822448730e-01 6.185489241033792496e-03 -2.941432893276214600e-01
-2.610726468265056610e-02 1.474341936409473419e-02 3.026230260729789734e-04 4.840023175347596407e-04
-2.581239677965641022e-02 -1.803828775882720947e-01 3.123030764982104301e-04 2.932623922824859619e-01
-2.942005358636379242e-02 1.473462674766778946e-02 6.177551113069057465e-03 6.779806572012603283e-04
-2.912536263465881348e-02 2.097674459218978882e-01 6.191110704094171524e-03 -2.900494635105133057e-01
-2.493001334369182587e-02 1.455775741487741470e-02 3.901211894117295742e-04 4.579618107527494431e-03
-2.463885769248008728e-02 -1.805697828531265259e-01 4.817135632038116455e-04 2.973856031894683838e-01
-2.825025282800197601e-02 1.454529445618391037e-02 6.429425906389951706e-03 4.854643717408180237e-03
-2.795934863388538361e-02 2.095744460821151733e-01 6.526518613100051880e-03 -2.857927978038787842e-01
-2.376785874366760254e-02 1.436003111302852631e-02 8.106624591164290905e-04 8.941369131207466125e-03
-2.348065748810768127e-02 2.094703465700149536e-01 9.894898394122719765e-04 -2.834856808185577393e-01
-1.929125189781188965e-02 1.433429680764675140e-02 -4.680223762989044189e-03 9.509168565273284912e-03
-1.900456473231315613e-02 -1.807202249765396118e-01 -4.490040242671966553e-03 3.007117509841918945e-01
-2.261896990239620209e-02 1.446543820202350616e-02 1.524194958619773388e-03 6.616155616939067841e-03
-2.232966013252735138e-02 2.095654904842376709e-01 1.656518084928393364e-03 -2.855854928493499756e-01
-1.813835091888904572e-02 1.441995985805988312e-02 -4.055191297084093094e-03 7.619440555572509766e-03
-1.784995198249816895e-02 -1.806436032056808472e-01 -3.902802709490060806e-03 2.990201413631439209e-01
-2.146282419562339783e-02 1.453376468271017075e-02 2.077600453048944473e-03 5.108913406729698181e-03
-2.117214910686016083e-02 2.096258550882339478e-01 2.179778646677732468e-03 -2.869177758693695068e-01
-1.697963103652000427e-02 1.447288878262042999e-02 -3.558577038347721100e-03 6.451831199228763580e-03
-1.669017411768436432e-02 -1.805978417396545410e-01 -3.429540432989597321e-03 2.980098724365234375e-01
-2.030212990939617157e-02 1.457282342016696930e-02 2.530656754970550537e-03 4.247296135872602463e-03
-2.001067437231540680e-02 2.096583843231201172e-01 2.615602687001228333e-03 -2.876361012458801270e-01
-1.581750623881816864e-02 1.449923682957887650e-02 -3.137119347229599953e-03 5.870610941201448441e-03
-1.552752126008272171e-02 -1.805775910615921021e-01 -3.019707044586539268e-03 2.975620925426483154e-01
-1.913907378911972046e-02 1.458728313446044922e-02 2.931534778326749802e-03 3.928331658244132996e-03
-1.884732767939567566e-02 -1.805765926837921143e-01 3.010101383551955223e-03 2.975347638130187988e-01
-2.245885878801345825e-02 1.450232509523630142e-02 8.960796520113945007e-03 5.802674684673547745e-03
-2.216881327331066132e-02 2.094946205615997314e-01 9.076849557459354401e-03 -2.840395867824554443e-01
-1.797891966998577118e-02 1.424439903348684311e-02 3.396057989448308945e-03 1.149223744869232178e-02
-1.769403181970119476e-02 2.093174755573272705e-01 3.625902580097317696e-03 -2.801172733306884766e-01
-1.350768283009529114e-02 1.414399594068527222e-02 -1.976442523300647736e-03 1.370705757290124893e-02
-1.322480291128158569e-02 -1.809495538473129272e-01 -1.702301437035202980e-03 3.057657480239868164e-01
-1.684379391372203827e-02 1.419661287218332291e-02 4.413013346493244171e-03 1.254643406718969345e-02
-1.655986160039901733e-02 2.092549949884414673e-01 4.663941916078329086e-03 -2.787408828735351562e-01
-1.237476151436567307e-02 1.406682562083005905e-02 -9.108753874897956848e-04 1.540939696133136749e-02
-1.209342479705810547e-02 -1.810420453548431396e-01 -6.026874762028455734e-04 3.078047931194305420e-01
-1.571426540613174438e-02 1.408848259598016739e-02 5.553408525884151459e-03 1.493185479193925858e-02
-1.543249655514955521e-02 2.091303467750549316e-01 5.852045491337776184e-03 -2.759937345981597900e-01
-1.124988961964845657e-02 1.392540056258440018e-02 3.321706026326864958e-04 1.852916181087493896e-02
-1.097138132899999619e-02 -1.812013089656829834e-01 7.027538376860320568e-04 3.113168776035308838e-01
-1.459540799260139465e-02 1.391061954200267792e-02 6.929091177880764008e-03 1.885565742850303650e-02
-1.431719493120908737e-02 2.089325189590454102e-01 7.306204643100500107e-03 -2.716330289840698242e-01
-1.013854518532752991e-02 1.370707713067531586e-02 1.873543835245072842e-03 2.334531955420970917e-02
-9.864402934908866882e-03 -1.814416944980621338e-01 2.340450184419751167e-03 3.166187703609466553e-01
-1.349323708564043045e-02 1.364684384316205978e-02 8.672825992107391357e-03 2.467486821115016937e-02
-1.322029996663331985e-02 2.086433470249176025e-01 9.166323579847812653e-03 -2.652591168880462646e-01
-9.047432802617549896e-03 1.339177973568439484e-02 3.861140925437211990e-03 3.030080161988735199e-02
-8.779597468674182892e-03 2.084581404924392700e-01 4.467156715691089630e-03 -2.611613869667053223e-01
-4.610434640198945999e-03 1.327271386981010437e-02 -7.560710073448717594e-04 3.292717412114143372e-02
-4.344980232417583466e-03 -1.818383932113647461e-01 -9.752757614478468895e-05 3.253714442253112793e-01
-7.981748320162296295e-03 1.328495331108570099e-02 6.409901659935712814e-03 3.265777230262756348e-02
-7.716048974543809891e-03 2.083144038915634155e-01 7.063056807965040207e-03 -2.579958736896514893e-01
-3.549761138856410980e-03 1.309232879430055618e-02 1.903139287605881691e-03 3.690643608570098877e-02
-3.287914441898465157e-03 2.081869393587112427e-01 2.641267841681838036e-03 -2.551754117012023926e-01
8.758242474868893623e-04 1.302737370133399963e-02 -2.462240634486079216e-03 3.833943232893943787e-02
1.136371749453246593e-03 -1.820591837167739868e-01 -1.695451908744871616e-03 3.302444815635681152e-01
-2.504811855033040047e-03 1.308686193078756332e-02 4.909437615424394608e-03 3.702737018465995789e-02
-2.243074588477611542e-03 2.081380635499954224e-01 5.649985279887914658e-03 -2.541025578975677490e-01
1.919686677865684032e-03 1.293590199202299118e-02 5.679343012161552906e-04 4.035712033510208130e-02
2.178404713049530983e-03 -1.821941882371902466e-01 1.375076710246503353e-03 3.332191705703735352e-01
-1.465479028411209583e-03 1.290816348046064377e-02 8.039460517466068268e-03 4.097020253539085388e-02
-1.207315712235867977e-03 2.079139202833175659e-01 8.858864195644855499e-03 -2.491654008626937866e-01
2.950962400063872337e-03 1.266657747328281403e-02 3.875556401908397675e-03 4.629858955740928650e-02
3.204294014722108841e-03 2.077327370643615723e-01 4.801528062671422958e-03 -2.451590448617935181e-01
7.358948700129985809e-03 1.254254113882780075e-02 -1.016526948660612106e-04 4.903452098369598389e-02
7.609799504280090332e-03 -1.825779527425765991e-01 8.790377178229391575e-04 3.416853845119476318e-01
3.958240617066621780e-03 1.253148168325424194e-02 7.712745107710361481e-03 4.927977174520492554e-02
4.208870232105255127e-03 2.075420022010803223e-01 8.698340505361557007e-03 -2.409597784280776978e-01
8.359710685908794403e-03 1.229687687009572983e-02 3.879145253449678421e-03 5.445410683751106262e-02
8.605647832155227661e-03 2.073629945516586304e-01 4.968227352946996689e-03 -2.370024025440216064e-01
1.275290735065937042e-02 1.217041537165641785e-02 2.281794004375115037e-04 5.724350363016128540e-02
1.299631595611572266e-02 -1.829548031091690063e-01 1.373049453832209110e-03 3.499984145164489746e-01
9.337219409644603729e-03 1.214758958667516708e-02 8.373017422854900360e-03 5.774877220392227173e-02
9.580171667039394379e-03 2.071484923362731934e-01 9.527993388473987579e-03 -2.322806864976882935e-01
1.372314151376485825e-02 1.189170219004154205e-02 4.882379435002803802e-03 6.339238584041595459e-02
1.396097522228956223e-02 2.069433182477951050e-01 6.150227040052413940e-03 -2.277461290359497070e-01
1.809984259307384491e-02 1.173401251435279846e-02 1.595304696820676327e-03 6.687044352293014526e-02
1.833452284336090088e-02 2.068330496549606323e-01 2.932713599875569344e-03 -2.253087311983108521e-01
2.247118391096591949e-02 1.166931353509426117e-02 -1.573460991494357586e-03 6.829784065485000610e-02
2.270456962287425995e-02 -1.834300458431243896e-01 -2.075041993521153927e-04 3.604839146137237549e-01
1.903596892952919006e-02 1.169485598802566528e-02 7.002173922955989838e-03 6.773556768894195557e-02
1.926986500620841980e-02 2.067157179117202759e-01 8.356885053217411041e-03 -2.227299362421035767e-01
2.340417914092540741e-02 1.147532742470502853e-02 3.902286756783723831e-03 7.257732003927230835e-02
2.363368682563304901e-02 2.065411210060119629e-01 5.353833083063364029e-03 -2.188718616962432861e-01
2.776450850069522858e-02 1.134304516017436981e-02 9.763959678821265697e-04 7.549506425857543945e-02
2.799136936664581299e-02 -1.837928891181945801e-01 2.486297395080327988e-03 3.684858977794647217e-01
2.431551180779933929e-02 1.129364594817161560e-02 9.856015443801879883e-03 7.658796012401580811e-02
2.454138547182083130e-02 2.062729299068450928e-01 1.138777472078800201e-02 -2.129691392183303833e-01
2.866684272885322571e-02 1.099002920091152191e-02 7.128391880542039871e-03 8.328415453433990479e-02
2.888664416968822479e-02 2.060090750455856323e-01 8.794074878096580505e-03 -2.071412503719329834e-01
3.300682455301284790e-02 1.076248381286859512e-02 4.651249852031469345e-03 8.830273151397705078e-02
3.322207555174827576e-02 2.058174610137939453e-01 6.417304277420043945e-03 -2.029090970754623413e-01
3.733842447400093079e-02 1.060432102531194687e-02 2.359122270718216896e-03 9.179124981164932251e-02
3.755050897598266602e-02 2.056923806667327881e-01 4.194947425276041031e-03 -2.001464366912841797e-01
4.166435822844505310e-02 1.051068212836980820e-02 1.920185750350356102e-04 9.385684132575988770e-02
4.187457263469696045e-02 -1.846140176057815552e-01 2.069155452772974968e-03 3.866003453731536865e-01
3.818229213356971741e-02 1.047849562019109726e-02 9.801162406802177429e-03 9.457052499055862427e-02
3.839186206459999084e-02 2.054586112499237061e-01 1.169257238507270813e-02 -1.950041055679321289e-01
4.250103235244750977e-02 1.017137151211500168e-02 7.792490534484386444e-03 1.013442650437355042e-01
4.270445927977561951e-02 2.051807790994644165e-01 9.819376282393932343e-03 -1.888699978590011597e-01
4.680807515978813171e-02 9.919735603034496307e-03 6.041976157575845718e-03 1.068942993879318237e-01
4.700647294521331787e-02 2.049545794725418091e-01 8.179862052202224731e-03 -1.838763058185577393e-01
5.110556259751319885e-02 9.716552682220935822e-03 4.502336028963327408e-03 1.113758012652397156e-01
5.129989236593246460e-02 2.047736942768096924e-01 6.729851942509412766e-03 -1.798832714557647705e-01
5.539536848664283752e-02 9.556095115840435028e-03 3.132186597213149071e-03 1.149150654673576355e-01
5.558649078011512756e-02 2.046330273151397705e-01 5.430487915873527527e-03 -1.767780333757400513e-01
5.967915058135986328e-02 9.433782659471035004e-03 1.894927350804209709e-03 1.176130697131156921e-01
5.986782535910606384e-02 2.045285254716873169e-01 4.247188568115234375e-03 -1.744714230298995972e-01
6.395839899778366089e-02 9.346054866909980774e-03 7.577602518722414970e-04 1.195483207702636719e-01
6.414531916379928589e-02 2.044571340084075928e-01 3.148726653307676315e-03 -1.728954464197158813e-01
6.823445856571197510e-02 9.290265850722789764e-03 -3.091820399276912212e-04 1.207791492342948914e-01
6.842026859521865845e-02 -1.858272552490234375e-01 2.106400905176997185e-03 4.133644998073577881e-01
6.470371782779693604e-02 9.264776483178138733e-03 1.037369109690189362e-02 1.213463991880416870e-01
6.488901376724243164e-02 2.042365819215774536e-01 1.280061900615692139e-02 -1.680457592010498047e-01
6.897374987602233887e-02 8.933761157095432281e-03 9.439704008400440216e-03 1.286477446556091309e-01
6.915242224931716919e-02 2.039192169904708862e-01 1.201265864074230194e-02 -1.610421836376190186e-01
7.323081046342849731e-02 8.627374656498432159e-03 8.791815489530563354e-03 1.354060918092727661e-01
7.340335845947265625e-02 2.036222964525222778e-01 1.149993669241666794e-02 -1.544902324676513672e-01
7.747580111026763916e-02 8.337594568729400635e-03 8.410132490098476410e-03 1.417983621358871460e-01
7.764255255460739136e-02 2.033380866050720215e-01 1.124609913676977158e-02 -1.482194960117340088e-01
8.170931786298751831e-02 8.056918159127235413e-03 8.281709626317024231e-03 1.479900330305099487e-01
8.187045156955718994e-02 2.030593007802963257e-01 1.124151051044464111e-02 -1.420687139034271240e-01
8.593163639307022095e-02 7.778171449899673462e-03 8.400135673582553864e-03 1.541393995285034180e-01
8.608720451593399048e-02 2.027788460254669189e-01 1.148292422294616699e-02 -1.358816772699356079e-01
9.014277905225753784e-02 7.494317833334207535e-03 8.765290491282939911e-03 1.604017019271850586e-01
9.029266983270645142e-02 2.024896889925003052e-01 1.197332423180341721e-02 -1.295031607151031494e-01
9.434246271848678589e-02 7.198287174105644226e-03 9.383261203765869141e-03 1.669330298900604248e-01
9.448642283678054810e-02 2.021846771240234375e-01 1.272192131727933884e-02 -1.227750405669212341e-01
9.853012114763259888e-02 6.882792804390192032e-03 1.026642043143510818e-02 1.738942265510559082e-01
9.866777807474136353e-02 2.018563151359558105e-01 1.374430488795042038e-02 -1.155323833227157593e-01
1.027049049735069275e-01 6.540156900882720947e-03 1.143365725874900818e-02 1.814548820257186890e-01
1.028357073664665222e-01 2.014966458082199097e-01 1.506275497376918793e-02 -1.075993180274963379e-01
1.068656370043754578e-01 6.162121426314115524e-03 1.291076932102441788e-02 1.897975206375122070e-01
1.069888770580291748e-01 2.010970115661621094e-01 1.670671999454498291e-02 -9.878478199243545532e-02
1.110108196735382080e-01 5.739653483033180237e-03 1.473102346062660217e-02 1.991219073534011841e-01
1.111256107687950134e-01 2.006478458642959595e-01 1.871346123516559601e-02 -8.887789398431777954e-02
1.151385679841041565e-01 5.262729246169328690e-03 1.693590357899665833e-02 2.096499055624008179e-01
1.152438223361968994e-01 2.001384794712066650e-01 2.112890221178531647e-02 -7.764288783073425293e-02
1.192465946078300476e-01 3.949512541294097900e-01 1.957604475319385529e-02 -3.635854125022888184e-01
1.271456182003021240e-01 1.995566338300704956e-01 1.230433676391839981e-02 -6.479462981224060059e-02
1.311367452144622803e-01 3.945000469684600830e-01 1.100844331085681915e-02 -3.535702228546142578e-01
1.390267461538314819e-01 1.992232948541641235e-01 3.937039524316787720e-03 -5.743642896413803101e-02
1.430112123489379883e-01 4.045112058520317078e-03 2.788311103358864784e-03 2.364860624074935913e-01
1.430921256542205811e-01 1.991271227598190308e-01 7.518032100051641464e-03 -5.531604588031768799e-02
1.470746695995330811e-01 3.941404819488525391e-01 6.411711219698190689e-03 -3.456175327301025391e-01
1.549574732780456543e-01 1.989278942346572876e-01 -5.006392602808773518e-04 -5.091966316103935242e-02
1.589360237121582031e-01 3.813131479546427727e-03 -1.519032521173357964e-03 2.416052669286727905e-01
1.590122878551483154e-01 1.989567428827285767e-01 3.313072724267840385e-03 -5.155641958117485046e-02
1.629914343357086182e-01 3.940310478210449219e-01 2.281944500282406807e-03 -3.431921899318695068e-01
1.708720475435256958e-01 1.988766938447952271e-01 -4.581899847835302353e-03 -4.979056492447853088e-02
1.748495846986770630e-01 3.820744110271334648e-03 -5.577710922807455063e-03 2.414432168006896973e-01
1.749259978532791138e-01 1.990219205617904663e-01 -7.488465635105967522e-04 -5.299383401870727539e-02
1.789064407348632812e-01 3.941546082496643066e-01 -1.808723201975226402e-03 -3.459129333496093750e-01
1.867895275354385376e-01 1.990584284067153931e-01 -8.726981468498706818e-03 -5.380091443657875061e-02
1.907707005739212036e-01 4.062691237777471542e-03 -9.802999906241893768e-03 2.361158579587936401e-01
1.908519566059112549e-01 1.993233114480972290e-01 -5.080683156847953796e-03 -5.964304506778717041e-02
1.948384195566177368e-01 4.274579696357250214e-03 -6.273543927818536758e-03 2.314325720071792603e-01
1.949239075183868408e-01 1.994856148958206177e-01 -1.644892618060112000e-03 -6.322262436151504517e-02
1.989136189222335815e-01 4.387281369417905807e-03 -2.909345086663961411e-03 2.289408743381500244e-01
1.990013718605041504e-01 1.995506882667541504e-01 1.669472316280007362e-03 -6.465834379196166992e-02
2.029923796653747559e-01 3.946486711502075195e-01 3.763055428862571716e-04 -3.568140864372253418e-01
2.108853608369827271e-01 1.995213627815246582e-01 -6.759976036846637726e-03 -6.401251256465911865e-02
2.148757874965667725e-01 4.496982321143150330e-03 -8.040226064622402191e-03 2.265299558639526367e-01
2.149657160043716431e-01 1.997329145669937134e-01 -3.509626956656575203e-03 -6.867826730012893677e-02
2.189603745937347412e-01 4.661452490836381912e-03 -4.883192013949155807e-03 2.228952944278717041e-01
2.190536111593246460e-01 1.998528540134429932e-01 -4.252864455338567495e-04 -7.132398337125778198e-02
2.230506688356399536e-01 3.949809074401855469e-01 -1.851766020990908146e-03 -3.641410470008850098e-01
2.309502810239791870e-01 1.998853236436843872e-01 -9.134586900472640991e-03 -7.204259932041168213e-02
2.349479943513870239e-01 4.895507358014583588e-03 -1.057543884962797165e-02 2.177443802356719971e-01
2.350458949804306030e-01 2.001670300960540771e-01 -6.220551673322916031e-03 -7.825563848018646240e-02
2.390492409467697144e-01 5.134800449013710022e-03 -7.785664405673742294e-03 2.124582082033157349e-01
2.391519397497177124e-01 2.003671973943710327e-01 -3.536500036716461182e-03 -8.267047256231307983e-02
2.431592792272567749e-01 5.296118091791868210e-03 -5.189909599721431732e-03 2.088945955038070679e-01
2.432651966810226440e-01 2.004918903112411499e-01 -1.012017717584967613e-03 -8.542095869779586792e-02
2.472750395536422729e-01 3.956283330917358398e-01 -2.720436779782176018e-03 -3.784230053424835205e-01
2.551876008510589600e-01 2.005451321601867676e-01 -1.028889697045087814e-02 -8.659908175468444824e-02
2.591985166072845459e-01 5.572156980633735657e-03 -1.202087849378585815e-02 2.028200179338455200e-01
2.593099474906921387e-01 2.008639425039291382e-01 -7.964477874338626862e-03 -9.363055229187011719e-02
2.633272409439086914e-01 5.857044365257024765e-03 -9.837089106440544128e-03 1.965289860963821411e-01
2.634443640708923340e-01 2.011183053255081177e-01 -5.906509701162576675e-03 -9.924080222845077515e-02
2.674667239189147949e-01 6.081507541239261627e-03 -7.891326211392879486e-03 1.915728002786636353e-01
2.675883769989013672e-01 2.013154625892639160e-01 -4.059869796037673950e-03 -1.035890355706214905e-01
2.716146707534790039e-01 6.251920480281114578e-03 -6.131650414317846298e-03 1.878102570772171021e-01
2.717397212982177734e-01 2.014610618352890015e-01 -2.375445561483502388e-03 -1.068006381392478943e-01
2.757689356803894043e-01 6.373228505253791809e-03 -4.511458333581686020e-03 1.851319074630737305e-01
2.758964002132415771e-01 2.015594393014907837e-01 -8.088201866485178471e-04 -1.089707985520362854e-01
2.799275815486907959e-01 6.449086591601371765e-03 -2.988236257806420326e-03 1.834568381309509277e-01
2.800565659999847412e-01 2.016136646270751953e-01 6.809006445109844208e-04 -1.101672649383544922e-01
2.840888500213623047e-01 3.967258632183074951e-01 -1.522444654256105423e-03 -4.026353061199188232e-01
2.920233607292175293e-01 2.016255259513854980e-01 -9.575150907039642334e-03 -1.104327440261840820e-01
2.960558831691741943e-01 6.642086431384086609e-03 -1.178380567580461502e-02 1.792139559984207153e-01
2.961887121200561523e-01 2.019306719303131104e-01 -8.199525997042655945e-03 -1.171629279851913452e-01
3.002273142337799072e-01 6.927152164280414581e-03 -1.054278481751680374e-02 1.729218810796737671e-01
3.003658652305603027e-01 2.021984010934829712e-01 -7.084347307682037354e-03 -1.230682283639907837e-01
3.044098317623138428e-01 7.178652100265026093e-03 -9.545711800456047058e-03 1.673712581396102905e-01
3.045534193515777588e-01 2.024359256029129028e-01 -6.198286544531583786e-03 -1.283077150583267212e-01
3.086021244525909424e-01 7.403319235891103745e-03 -8.764441125094890594e-03 1.624132990837097168e-01
3.087502121925354004e-01 2.026496380567550659e-01 -5.516174715012311935e-03 -1.330216377973556519e-01
3.128031790256500244e-01 7.607132196426391602e-03 -8.176607079803943634e-03 1.579159200191497803e-01
3.129553198814392090e-01 2.028451859951019287e-01 -5.018288735300302505e-03 -1.373352706432342529e-01
3.170122504234313965e-01 7.795473095029592514e-03 -7.764994166791439056e-03 1.537602543830871582e-01
3.171681463718414307e-01 2.030277401208877563e-01 -4.689788911491632462e-03 -1.413622051477432251e-01
3.212287127971649170e-01 7.973269559442996979e-03 -7.517033256590366364e-03 1.498374938964843750e-01
3.213881552219390869e-01 2.032020539045333862e-01 -4.520283546298742294e-03 -1.452073901891708374e-01
3.254522085189819336e-01 8.145124651491641998e-03 -7.424431387335062027e-03 1.460460424423217773e-01
3.256151080131530762e-01 2.033726125955581665e-01 -4.503510426729917526e-03 -1.489698737859725952e-01
3.296825587749481201e-01 8.315433748066425323e-03 -7.482907734811306000e-03 1.422888934612274170e-01
3.298488855361938477e-01 2.035437524318695068e-01 -4.637130070477724075e-03 -1.527453362941741943e-01
3.339197337627410889e-01 8.488501422107219696e-03 -7.692036684602499008e-03 1.384710818529129028e-01
3.340895175933837891e-01 2.037197798490524292e-01 -4.922614898532629013e-03 -1.566285938024520874e-01
3.381639122962951660e-01 8.668647147715091705e-03 -8.055186830461025238e-03 1.344972997903823853e-01
3.383372724056243896e-01 2.039050459861755371e-01 -5.365240853279829025e-03 -1.607159972190856934e-01
3.424153923988342285e-01 8.860316127538681030e-03 -8.579560555517673492e-03 1.302695125341415405e-01
3.425925970077514648e-01 2.041041105985641479e-01 -5.974170751869678497e-03 -1.651077568531036377e-01
3.466746807098388672e-01 9.068186394870281219e-03 -9.276325814425945282e-03 1.256845146417617798e-01
3.468560278415679932e-01 2.043217867612838745e-01 -6.762635428458452225e-03 -1.699105054140090942e-01
3.509424626827239990e-01 9.297288022935390472e-03 -1.016084570437669754e-02 1.206313744187355042e-01
3.511284291744232178e-01 2.045633345842361450e-01 -7.748217787593603134e-03 -1.752398163080215454e-01
3.552196919918060303e-01 9.553120471537113190e-03 -1.125301420688629150e-02 1.149887740612030029e-01
3.554107546806335449e-01 2.048344910144805908e-01 -8.953238837420940399e-03 -1.812230497598648071e-01
3.595074415206909180e-01 9.841790422797203064e-03 -1.257769949734210968e-02 1.086220592260360718e-01
3.597042858600616455e-01 2.051416933536529541e-01 -1.040525827556848526e-02 -1.880023777484893799e-01
3.638071119785308838e-01 1.017014961689710617e-02 -1.416530646383762360e-02 1.013800203800201416e-01
3.640105128288269043e-01 2.054922133684158325e-01 -1.213770546019077301e-02 -1.957381516695022583e-01
3.681203424930572510e-01 1.054596714675426483e-02 -1.605246961116790771e-02 9.309128671884536743e-02
3.683312833309173584e-01 2.058942764997482300e-01 -1.419064309448003769e-02 -2.046126425266265869e-01
3.724491596221923828e-01 1.097810454666614532e-02 -1.828289590775966644e-02 8.356026560068130493e-02
3.726687133312225342e-01 -1.838770657777786255e-01 -1.661168970167636871e-02 3.704192936420440674e-01
3.689911663532257080e-01 1.147691439837217331e-02 -9.203304536640644073e-03 7.254514843225479126e-02
3.692207336425781250e-01 2.067295908927917480e-01 -7.752401754260063171e-03 -2.230271995067596436e-01
3.733552992343902588e-01 1.171929668635129929e-02 -1.221294514834880829e-02 6.720027327537536621e-02
3.735896944999694824e-01 2.070142030715942383e-01 -1.086894050240516663e-02 -2.293107509613037109e-01
3.777299821376800537e-01 1.204923726618289948e-02 -1.545515470206737518e-02 5.992401018738746643e-02
3.779709637165069580e-01 -1.828477531671524048e-01 -1.425667479634284973e-02 3.476909399032592773e-01
3.743140101432800293e-01 1.247405167669057846e-02 -7.302856072783470154e-03 5.054669454693794250e-02
3.745634853839874268e-01 2.076999545097351074e-01 -6.291922181844711304e-03 -2.444313615560531616e-01
3.787174820899963379e-01 1.266843266785144806e-02 -1.118054986000061035e-02 4.626030847430229187e-02
3.789708614349365234e-01 -1.822914332151412964e-01 -1.025534328073263168e-02 3.353947997093200684e-01
3.753250241279602051e-01 1.297496259212493896e-02 -3.547447267919778824e-03 3.949560597538948059e-02
3.755845427513122559e-01 2.081476002931594849e-01 -2.757535083219408989e-03 -2.543044686317443848e-01
3.797474801540374756e-01 1.306513417512178421e-02 -7.843624800443649292e-03 3.750741854310035706e-02
3.800087869167327881e-01 -1.819434612989425659e-01 -7.093476131558418274e-03 3.277053236961364746e-01
3.763699233531951904e-01 1.327875070273876190e-02 -5.393697065301239491e-04 3.279389441013336182e-02
3.766354918479919434e-01 2.084084302186965942e-01 1.165081703220494092e-04 -2.600591480731964111e-01
3.808036446571350098e-01 1.328481920063495636e-02 -5.084675271064043045e-03 3.266051039099693298e-02
3.810693621635437012e-01 -1.817638427019119263e-01 -4.431464709341526031e-03 3.237348496913909912e-01
3.774340748786926270e-01 1.342092175036668777e-02 2.043232088908553123e-03 2.965771593153476715e-02
3.777025043964385986e-01 2.085135132074356079e-01 2.636386314406991005e-03 -2.623798549175262451e-01
3.818727731704711914e-01 1.335402857512235641e-02 -2.611210569739341736e-03 3.113345615565776825e-02
3.821398615837097168e-01 2.085133343935012817e-01 -1.988541567698121071e-03 -2.623721957206726074e-01
3.863101005554199219e-01 1.341981813311576843e-02 -7.235985249280929565e-03 2.968286536633968353e-02
3.865785002708435059e-01 -1.815976202487945557e-01 -6.642328109592199326e-03 3.200739920139312744e-01
3.829465508460998535e-01 1.361829414963722229e-02 -2.408479776931926608e-04 2.530376054346561432e-02
3.832189142704010010e-01 2.087436914443969727e-01 2.652272523846477270e-04 -2.674551606178283691e-01
3.873938024044036865e-01 1.361796259880065918e-02 -5.083875730633735657e-03 2.531142346560955048e-02
3.876661658287048340e-01 -1.814307123422622681e-01 -4.577647428959608078e-03 3.163860142230987549e-01
3.840375542640686035e-01 1.375614013522863388e-02 1.750072930008172989e-03 2.226296812295913696e-02
3.843126595020294189e-01 2.088529467582702637e-01 2.195332199335098267e-03 -2.698672711849212646e-01
3.884897232055664062e-01 1.369973924010992050e-02 -3.202013438567519188e-03 2.350725978612899780e-02
3.887637257575988770e-01 -1.813761442899703979e-01 -2.731868065893650055e-03 3.151781857013702393e-01
3.851361870765686035e-01 1.378461346030235291e-02 3.571695880964398384e-03 2.163498289883136749e-02
3.854118883609771729e-01 2.088551670312881470e-01 4.004395566880702972e-03 -2.699188888072967529e-01
3.895889818668365479e-01 1.367629505693912506e-02 -1.393982442095875740e-03 2.402434498071670532e-02
3.898625075817108154e-01 2.088182121515274048e-01 -9.134955471381545067e-04 -2.690980732440948486e-01
3.940388858318328857e-01 1.370930671691894531e-02 -6.295457016676664352e-03 2.329659089446067810e-02
3.943130671977996826e-01 -1.813217997550964355e-01 -5.829525180160999298e-03 3.139865994453430176e-01
3.906866312026977539e-01 1.388270873576402664e-02 4.502068331930786371e-04 1.947094500064849854e-02
3.909642994403839111e-01 2.089982032775878906e-01 8.396257180720567703e-04 -2.730698883533477783e-01
3.951442539691925049e-01 1.386427879333496094e-02 -4.621772561222314835e-03 1.987772621214389801e-02
3.954215347766876221e-01 -1.811910867691040039e-01 -4.224217962473630905e-03 3.110988438129425049e-01
3.917977213859558105e-01 1.399079058319330215e-02 1.997759332880377769e-03 1.708673126995563507e-02
3.920775353908538818e-01 2.090840339660644531e-01 2.339493948966264725e-03 -2.749651968479156494e-01
3.962592184543609619e-01 1.392878312617540359e-02 -3.159810323268175125e-03 1.845467835664749146e-02
3.965377807617187500e-01 -1.811477094888687134e-01 -2.790716709569096565e-03 3.101389706134796143e-01
3.929148316383361816e-01 1.401389017701148987e-02 3.412062767893075943e-03 1.657724380493164062e-02
3.931951224803924561e-01 2.090867459774017334e-01 3.743607783690094948e-03 -2.750271856784820557e-01
3.973768353462219238e-01 1.391157880425453186e-02 -1.756936078891158104e-03 1.883412525057792664e-02
3.976550698280334473e-01 2.090586870908737183e-01 -1.380253583192825317e-03 -2.744026184082031250e-01
4.018362462520599365e-01 1.395645178854465485e-02 -6.868306081742048264e-03 1.784465461969375610e-02
4.021153748035430908e-01 -1.810663342475891113e-01 -6.511412560939788818e-03 3.083526492118835449e-01
3.984940648078918457e-01 1.414779294282197952e-02 -3.443595487624406815e-04 1.362334471195936203e-02
3.987770080566406250e-01 2.092746794223785400e-01 -7.189265306806191802e-05 -2.791682183742523193e-01
4.029625058174133301e-01 1.415375526994466782e-02 -5.655257031321525574e-03 1.349203940480947495e-02
4.032455682754516602e-01 -1.808866411447525024e-01 -5.385416094213724136e-03 3.043853044509887695e-01
3.996278345584869385e-01 1.431164517998695374e-02 7.022901554591953754e-04 1.000882964581251144e-02
3.999140858650207520e-01 2.094235122203826904e-01 9.024667670018970966e-04 -2.824524343013763428e-01
4.041025340557098389e-01 1.428870577365159988e-02 -4.746581893414258957e-03 1.051499042659997940e-02
4.043883085250854492e-01 -1.807648539543151855e-01 -4.536282271146774292e-03 3.016965389251708984e-01
4.007730185985565186e-01 1.442145835608243942e-02 1.497648772783577442e-03 7.586426567286252975e-03
4.010614454746246338e-01 2.095219045877456665e-01 1.649377285502851009e-03 -2.846235930919647217e-01
4.052518904209136963e-01 1.437646243721246719e-02 -4.043094813823699951e-03 8.579075336456298828e-03
4.055394232273101807e-01 -1.806872785091400146e-01 -3.871513064950704575e-03 2.999836206436157227e-01
4.019256830215454102e-01 1.448964793235063553e-02 2.128159161657094955e-03 6.082211621105670929e-03
4.022154808044433594e-01 2.095810174942016602e-01 2.249803394079208374e-03 -2.859284877777099609e-01
4.064070880413055420e-01 1.442704815417528152e-02 -3.468766342848539352e-03 7.463152054697275162e-03
4.066956341266632080e-01 -1.806449890136718750e-01 -3.319503506645560265e-03 2.990496158599853516e-01
4.030827283859252930e-01 1.452412642538547516e-02 2.661489183083176613e-03 5.321640986949205399e-03
4.033732116222381592e-01 2.096078097820281982e-01 2.767921891063451767e-03 -2.865203619003295898e-01
4.075653553009033203e-01 1.444649044424295425e-02 -2.962485421448945999e-03 7.034253794699907303e-03
4.078542888164520264e-01 -1.806328445672988892e-01 -2.821800298988819122e-03 2.987810075283050537e-01
4.042416512966156006e-01 1.452921144664287567e-02 3.153819823637604713e-03 5.209477152675390244e-03
4.045322239398956299e-01 2.096057832241058350e-01 3.258009441196918488e-03 -2.864767014980316162e-01
4.087243378162384033e-01 1.443752739578485489e-02 -2.471524989232420921e-03 7.231979165226221085e-03
4.090130925178527832e-01 -1.806488931179046631e-01 -2.326885238289833069e-03 2.991340756416320801e-01
4.054001271724700928e-01 1.450615003705024719e-02 3.655796404927968979e-03 5.718212574720382690e-03
4.056902229785919189e-01 2.095754742622375488e-01 3.770160721614956856e-03 -2.858090400695800781e-01
4.098817408084869385e-01 1.439996436238288879e-02 -1.946019940078258514e-03 8.060591295361518860e-03
4.101697504520416260e-01 -1.806940287351608276e-01 -1.784808002412319183e-03 3.001288771629333496e-01
4.065558612346649170e-01 1.445332169532775879e-02 4.217769950628280640e-03 6.883605383336544037e-03
4.068449437618255615e-01 2.095145285129547119e-01 4.355441778898239136e-03 -2.844655811786651611e-01
4.110352098941802979e-01 1.433073170483112335e-02 -1.333869877271354198e-03 9.587831795215606689e-03
4.113218486309051514e-01 2.094717919826507568e-01 -1.142113236710429192e-03 -2.835156619548797607e-01
4.155112802982330322e-01 1.436614431440830231e-02 -6.812426261603832245e-03 8.806844241917133331e-03
4.157986044883728027e-01 -1.806574463844299316e-01 -6.636289414018392563e-03 2.993326187133789062e-01
4.121854603290557861e-01 1.455846522003412247e-02 -6.496371352113783360e-04 4.564129747450351715e-03
4.124766290187835693e-01 2.096897214651107788e-01 -5.583545425906777382e-04 -2.883237004280090332e-01
4.166704118251800537e-01 1.457574311643838882e-02 -6.324828602373600006e-03 4.183080047369003296e-03
4.169619381427764893e-01 -1.804549396038055420e-01 -6.241166964173316956e-03 2.948637604713439941e-01
4.133528172969818115e-01 1.475543808192014694e-02 -3.438917628955096006e-04 2.190107043134048581e-04
4.136479496955871582e-01 -1.803615838289260864e-01 -3.395115491002798080e-04 2.927934229373931885e-01
4.100407063961029053e-01 1.476521044969558716e-02 5.516356788575649261e-03 3.430724063946399838e-06
4.103360176086425781e-01 2.098076194524765015e-01 5.516425240784883499e-03 -2.909339368343353271e-01
4.145321547985076904e-01 1.460744347423315048e-02 -3.022531454917043447e-04 3.483699169009923935e-03
4.148243069648742676e-01 2.097337245941162109e-01 -2.325791429029777646e-04 -2.892945706844329834e-01
4.190189838409423828e-01 1.461509428918361664e-02 -6.018470507115125656e-03 3.314987756311893463e-03
4.193112850189208984e-01 -1.804200261831283569e-01 -5.952171050012111664e-03 2.940929532051086426e-01
4.157028794288635254e-01 1.478627510368824005e-02 -7.031184941297397017e-05 -4.612427728716284037e-04
4.159986078739166260e-01 -1.803346723318099976e-01 -7.953670137794688344e-05 2.921994924545288086e-01
4.123919308185577393e-01 1.478841714560985565e-02 5.764453206211328506e-03 -5.085116717964410782e-04
4.126876890659332275e-01 2.098272293806076050e-01 5.754283163696527481e-03 -2.913671135902404785e-01
4.168842434883117676e-01 1.462370064109563828e-02 -7.305942563107237220e-05 3.125065937638282776e-03
4.171766936779022217e-01 2.097467035055160522e-01 -1.055810298566939309e-05 -2.895809113979339600e-01
4.213716387748718262e-01 1.462489925324916840e-02 -5.802176427096128464e-03 3.098685760051012039e-03
4.216641485691070557e-01 -1.804133653640747070e-01 -5.740202497690916061e-03 2.939453125000000000e-01
4.180558621883392334e-01 1.478995569050312042e-02 1.387038355460390449e-04 -5.424405098892748356e-04
4.183516800403594971e-01 2.099099159240722656e-01 1.278550334973260760e-04 -2.931815981864929199e-01
4.225498735904693604e-01 1.478614378720521927e-02 -5.735776852816343307e-03 -4.583535483106970787e-04
4.228456020355224609e-01 -1.802530735731124878e-01 -5.744943860918283463e-03 2.904093563556671143e-01
