-3.101885318756103516e-02 3.672874346375465393e-02 -3.130219504237174988e-02 3.589256480336189270e-02
-3.028427809476852417e-02 -1.579306721687316895e-01 -3.058434464037418365e-02 3.185372948646545410e-01
-3.344289213418960571e-02 3.761322796344757080e-02 -2.421359904110431671e-02 1.636823639273643494e-02
-3.269062936305999756e-02 -1.571532487869262695e-01 -2.388623356819152832e-02 3.013142049312591553e-01
-3.583369404077529907e-02 3.830085694789886475e-02 -1.785994879901409149e-02 1.194799900986254215e-03
-3.506767377257347107e-02 -1.565604656934738159e-01 -1.783605292439460754e-02 2.881896197795867920e-01
-3.819888457655906677e-02 3.881123661994934082e-02 -1.207226049154996872e-02 -1.006483938544988632e-02
-3.742266073822975159e-02 -1.561355143785476685e-01 -1.227355748414993286e-02 2.787848412990570068e-01
-4.054537042975425720e-02 3.915935009717941284e-02 -6.697861012071371078e-03 -1.774374954402446747e-02
-3.976218402385711670e-02 -1.558659076690673828e-01 -7.052735891193151474e-03 2.728184163570404053e-01
-4.287950322031974792e-02 3.935596346855163574e-02 -1.596367452293634415e-03 -2.208059094846248627e-02
-4.209238290786743164e-02 2.345007658004760742e-01 -2.037979196757078171e-03 -3.152667582035064697e-01
-3.740236535668373108e-02 3.940790891647338867e-02 -8.343314751982688904e-03 -2.322724275290966034e-02
-3.661420941352844238e-02 -1.555933952331542969e-01 -8.807859383523464203e-03 2.668116390705108643e-01
-3.972607851028442383e-02 3.965314105153083801e-02 -3.471626667305827141e-03 -2.863629162311553955e-02
-3.893301263451576233e-02 -1.554188579320907593e-01 -4.044352564960718155e-03 2.629492878913879395e-01
-4.204139113426208496e-02 3.976059332489967346e-02 1.214633230119943619e-03 -3.100652992725372314e-02
-4.124617949128150940e-02 2.348650991916656494e-01 5.945026059634983540e-04 -3.233059942722320557e-01
-3.654887527227401733e-02 3.973469138145446777e-02 -5.871616769582033157e-03 -3.043563105165958405e-02
-3.575418144464492798e-02 -1.553025692701339722e-01 -6.480329670011997223e-03 2.603889703750610352e-01
-3.886023536324501038e-02 3.991128876805305481e-02 -1.272550201974809170e-03 -3.433087095618247986e-02
-3.806200996041297913e-02 -1.551923900842666626e-01 -1.959167653694748878e-03 2.579502761363983154e-01
-4.116585478186607361e-02 3.995747864246368408e-02 3.199837869033217430e-03 -3.534995391964912415e-02
-4.036670550704002380e-02 2.350333929061889648e-01 2.492839004844427109e-03 -3.270215690135955811e-01
-3.566603735089302063e-02 3.987604379653930664e-02 -4.047592636197805405e-03 -3.355356678366661072e-02
-3.486851975321769714e-02 -1.551876366138458252e-01 -4.718664102256298065e-03 2.578495442867279053e-01
-3.797227144241333008e-02 4.000136628746986389e-02 4.383270570542663336e-04 -3.631796315312385559e-02
-3.717224299907684326e-02 -1.551268696784973145e-01 -2.880321990232914686e-04 2.565032243728637695e-01
-4.027478024363517761e-02 3.999919444322586060e-02 4.842032212764024734e-03 -3.627053648233413696e-02
-3.947479650378227234e-02 2.350513786077499390e-01 4.116621799767017365e-03 -3.274218142032623291e-01
-3.477377071976661682e-02 3.987106308341026306e-02 -2.431814791634678841e-03 -3.344354778528213501e-02
-3.397634625434875488e-02 -1.552159339189529419e-01 -3.100685775279998779e-03 2.584711313247680664e-01
-3.708066791296005249e-02 3.995014727115631104e-02 2.068736590445041656e-03 -3.518819063901901245e-02
-3.628166392445564270e-02 -1.552014052867889404e-01 1.364972791634500027e-03 2.581467330455780029e-01
-3.938569128513336182e-02 3.990102931857109070e-02 6.527907215058803558e-03 -3.410535678267478943e-02
-3.858767077326774597e-02 2.349287569522857666e-01 5.845800507813692093e-03 -3.247215449810028076e-01
-3.388909623026847839e-02 3.972406685352325439e-02 -6.486303173005580902e-04 -3.020083345472812653e-02
-3.309461474418640137e-02 -1.553885787725448608e-01 -1.252647023648023605e-03 2.622773647308349609e-01
-3.620238602161407471e-02 3.975123167037963867e-02 3.992900252342224121e-03 -3.080038912594318390e-02
-3.540736064314842224e-02 2.348157018423080444e-01 3.376892767846584320e-03 -3.222208321094512939e-01
-3.071104735136032104e-02 3.964582085609436035e-02 -3.067524172365665436e-03 -2.847489528357982635e-02
-2.991813234984874725e-02 -1.554320007562637329e-01 -3.637022105976939201e-03 2.632386088371276855e-01
-3.302676975727081299e-02 3.974166885018348694e-02 1.627750345505774021e-03 -3.058924153447151184e-02
-3.223193809390068054e-02 -1.554035842418670654e-01 1.015965477563440800e-03 2.626067996025085449e-01
-3.534001111984252930e-02 3.970384597778320312e-02 6.268101744353771210e-03 -2.975549362599849701e-02
-3.454593196511268616e-02 2.347353547811508179e-01 5.672991741448640823e-03 -3.204541802406311035e-01
-2.985122613608837128e-02 3.953307121992111206e-02 -7.360919844359159470e-04 -2.598763443529605865e-02
-2.906056493520736694e-02 -1.555783152580261230e-01 -1.255844719707965851e-03 2.664629518985748291e-01
-3.217213228344917297e-02 3.956153616309165955e-02 4.073414485901594162e-03 -2.661580964922904968e-02
-3.138089925050735474e-02 2.346248328685760498e-01 3.541098209097981453e-03 -3.180107474327087402e-01
-2.668840251863002777e-02 3.945262730121612549e-02 -2.819116692990064621e-03 -2.421319484710693359e-02
-2.589935064315795898e-02 -1.556287854909896851e-01 -3.303380683064460754e-03 2.675789296627044678e-01
-2.901192568242549896e-02 3.954016044735908508e-02 2.048198133707046509e-03 -2.614406682550907135e-02
-2.822112292051315308e-02 -1.556110978126525879e-01 1.525316853076219559e-03 2.671843767166137695e-01
-3.133334591984748840e-02 3.948904573917388916e-02 6.869004573673009872e-03 -2.501705475151538849e-02
-3.054356388747692108e-02 2.345118224620819092e-01 6.368663627654314041e-03 -3.155248463153839111e-01
-2.585332840681076050e-02 3.929973021149635315e-02 5.816658813273534179e-05 -2.084027603268623352e-02
-2.506733313202857971e-02 -1.558230519294738770e-01 -3.586389357224106789e-04 2.718610167503356934e-01
-2.818379364907741547e-02 3.930401429533958435e-02 5.078581161797046661e-03 -2.093501947820186615e-02
-2.739771455526351929e-02 2.343527674674987793e-01 4.659880883991718292e-03 -3.120112717151641846e-01
-2.271065860986709595e-02 3.916473686695098877e-02 -1.580344862304627895e-03 -1.786241680383682251e-02
-2.192736417055130005e-02 -1.559345126152038574e-01 -1.937593100592494011e-03 2.743214666843414307e-01
-2.504605427384376526e-02 3.921502828598022461e-02 3.548836335539817810e-03 -1.897194236516952515e-02
-2.426175400614738464e-02 2.342859059572219849e-01 3.169397590681910515e-03 -3.105330467224121094e-01
-1.957603543996810913e-02 3.911894559860229492e-02 -3.041263669729232788e-03 -1.685228571295738220e-02
-1.879365742206573486e-02 -1.559592634439468384e-01 -3.378309542313218117e-03 2.748695313930511475e-01
-2.191284112632274628e-02 3.921072930097579956e-02 2.119081327691674232e-03 -1.887699589133262634e-02
-2.112862840294837952e-02 -1.559415459632873535e-01 1.741541433148086071e-03 2.744737863540649414e-01
-2.424745820462703705e-02 3.915551304817199707e-02 7.231016643345355988e-03 -1.765936054289340973e-02
-2.346434816718101501e-02 2.341730147600173950e-01 6.877829786390066147e-03 -3.080520629882812500e-01
-1.878088712692260742e-02 3.895374387502670288e-02 7.167881121858954430e-04 -1.320802420377731323e-02
-1.800181344151496887e-02 -1.561784744262695312e-01 4.526276024989783764e-04 2.797009646892547607e-01
-2.112538181245326996e-02 3.893701359629631042e-02 6.046647205948829651e-03 -1.283916272222995758e-02
-2.034664154052734375e-02 2.339717298746109009e-01 5.789863876998424530e-03 -3.036081790924072266e-01
-1.566720753908157349e-02 3.876774385571479797e-02 -2.822998794727027416e-04 -9.104903787374496460e-03
-1.489185262471437454e-02 -1.563501656055450439e-01 -4.643979482352733612e-04 2.834889292716979980e-01
-1.801885664463043213e-02 3.877841308712959290e-02 5.205380730330944061e-03 -9.340418502688407898e-03
-1.724328845739364624e-02 2.338253259658813477e-01 5.018572323024272919e-03 -3.003764450550079346e-01
-1.256678160279989243e-02 3.863220289349555969e-02 -9.889565408229827881e-04 -6.114999298006296158e-03
-1.179413683712482452e-02 -1.564755439758300781e-01 -1.111256424337625504e-03 2.862557470798492432e-01
-1.492364797741174698e-02 3.866223245859146118e-02 4.613858181983232498e-03 -6.777465809136629105e-03
-1.415040343999862671e-02 2.337177097797393799e-01 4.478308837860822678e-03 -2.980011105537414551e-01
-9.476048871874809265e-03 3.853220865130424500e-02 -1.481713145039975643e-03 -3.909165970981121063e-03
-8.705405518412590027e-03 -1.565684676170349121e-01 -1.559896394610404968e-03 2.883059084415435791e-01
-1.183677464723587036e-02 3.857570141553878784e-02 4.206221550703048706e-03 -4.868600517511367798e-03
-1.106526050716638565e-02 -1.566063165664672852e-01 4.108849447220563889e-03 2.891384661197662354e-01
-1.419738680124282837e-02 3.845679759979248047e-02 9.891618974506855011e-03 -2.245743758976459503e-03
-1.342825032770633698e-02 2.334354966878890991e-01 9.846704080700874329e-03 -2.917914092540740967e-01
-8.759540505707263947e-03 3.817454725503921509e-02 4.010875709354877472e-03 3.980714362114667892e-03
-7.996049709618091583e-03 2.332387417554855347e-01 4.090490285307168961e-03 -2.874340415000915527e-01
-3.331274725496768951e-03 3.805870190262794495e-02 -1.658190623857080936e-03 6.536181084811687469e-03
-2.570100594311952591e-03 -1.570394337177276611e-01 -1.527467044070363045e-03 2.986954748630523682e-01
-5.710889119654893875e-03 3.810426220297813416e-02 4.446442238986492157e-03 5.531197413802146912e-03
-4.948804154992103577e-03 -1.570811718702316284e-01 4.557066131383180618e-03 2.996137142181396484e-01
-8.090427145361900330e-03 3.797552734613418579e-02 1.054934039711952209e-02 8.371468633413314819e-03
-7.330916821956634521e-03 2.329446077346801758e-01 1.071676984429359436e-02 -2.809644341468811035e-01
-2.672024769708514214e-03 3.767144307494163513e-02 5.097480956465005875e-03 1.507916767150163651e-02
-1.918595866300165653e-03 2.327199131250381470e-01 5.399064626544713974e-03 -2.759910821914672852e-01
2.735802438110113144e-03 3.752135485410690308e-02 -1.207573805004358292e-04 1.838979870080947876e-02
3.486229572445154190e-03 -1.575988680124282837e-01 2.470386098138988018e-04 3.110346198081970215e-01
3.342523996252566576e-04 3.751956671476364136e-02 6.467731203883886337e-03 1.842961460351943970e-02
1.084643765352666378e-03 2.325481772422790527e-01 6.836323533207178116e-03 -2.722056806087493896e-01
5.735607352107763290e-03 3.732934221625328064e-02 1.392210018821060658e-03 2.262559533119201660e-02
6.482194177806377411e-03 -1.578125506639480591e-01 1.844721846282482147e-03 3.157474398612976074e-01
3.325942903757095337e-03 3.728307783603668213e-02 8.159670978784561157e-03 2.364686131477355957e-02
4.071604460477828979e-03 2.322870641946792603e-01 8.632607758045196533e-03 -2.664504647254943848e-01
8.717346005141735077e-03 3.704297915101051331e-02 3.303598845377564430e-03 2.894270420074462891e-02
9.458205662667751312e-03 -1.581261903047561646e-01 3.882452845573425293e-03 3.226661086082458496e-01
6.295681931078433990e-03 3.694026172161102295e-02 1.033577509224414825e-02 3.121008723974227905e-02
7.034487091004848480e-03 2.319124788045883179e-01 1.095997728407382965e-02 -2.581939399242401123e-01
1.167273614555597305e-02 3.663578629493713379e-02 5.796098150312900543e-03 3.792566061019897461e-02
1.240545231848955154e-02 2.316741496324539185e-01 6.554611027240753174e-03 -2.529229223728179932e-01
1.703893579542636871e-02 3.645921498537063599e-02 1.496152835898101330e-03 4.182022437453269958e-02
1.776811853051185608e-02 -1.586841642856597900e-01 2.332557225599884987e-03 3.349748253822326660e-01
1.459443662315607071e-02 3.640451654791831970e-02 9.032053872942924500e-03 4.302838072180747986e-02
1.532252691686153412e-02 2.313957959413528442e-01 9.892621077597141266e-03 -2.467912137508392334e-01
1.995044201612472534e-02 3.613396361470222473e-02 4.956797230988740921e-03 4.899557679891586304e-02
2.067312225699424744e-02 2.311844974756240845e-01 5.936708766967058182e-03 -2.421193271875381470e-01
2.529681101441383362e-02 3.597824275493621826e-02 1.094322069548070431e-03 5.243026837706565857e-02
2.601637691259384155e-02 -1.591593772172927856e-01 2.142927376553416252e-03 3.454582691192626953e-01
2.283318899571895599e-02 3.593201935291290283e-02 9.052093140780925751e-03 5.345185101032257080e-02
2.355182915925979614e-02 2.309230118989944458e-01 1.012112945318222046e-02 -2.363613843917846680e-01
2.817028947174549103e-02 3.565793856978416443e-02 5.393902305513620377e-03 5.949679762125015259e-02
2.888344787061214447e-02 2.307021319866180420e-01 6.583838257938623428e-03 -2.314794510602951050e-01
3.349748998880386353e-02 3.548672795295715332e-02 1.954249339178204536e-03 6.327295303344726562e-02
3.420722484588623047e-02 -1.596631854772567749e-01 3.219708334654569626e-03 3.565718233585357666e-01
3.101396188139915466e-02 3.541284054517745972e-02 1.035114470869302750e-02 6.490588188171386719e-02
3.172221779823303223e-02 2.303848713636398315e-01 1.164926216006278992e-02 -2.244933098554611206e-01
3.632991760969161987e-02 3.509837388992309570e-02 7.159396074712276459e-03 7.184136658906936646e-02
3.703188523650169373e-02 2.301169633865356445e-01 8.596223779022693634e-03 -2.185741662979125977e-01
4.163422435522079468e-02 3.487318754196166992e-02 4.224739968776702881e-03 7.680792361497879028e-02
4.233168810606002808e-02 2.299343198537826538e-01 5.760898813605308533e-03 -2.145390957593917847e-01
4.693037271499633789e-02 3.473048284649848938e-02 1.470116782002151012e-03 7.995549589395523071e-02
4.762498289346694946e-02 -1.604125052690505981e-01 3.069226862862706184e-03 3.731018900871276855e-01
4.441673308610916138e-02 3.466570377349853516e-02 1.053126435726881027e-02 8.138829469680786133e-02
4.511004686355590820e-02 2.296351194381713867e-01 1.215902995318174362e-02 -2.079534828662872314e-01
4.970274865627288818e-02 3.434143215417861938e-02 7.999961264431476593e-03 8.854006975889205933e-02
5.038957670331001282e-02 2.293478101491928101e-01 9.770762175321578979e-03 -2.016081660985946655e-01
5.497653409838676453e-02 3.408748656511306763e-02 5.738598760217428207e-03 9.414088726043701172e-02
5.565828457474708557e-02 2.291267216205596924e-01 7.621416356414556503e-03 -1.967260092496871948e-01
6.024081632494926453e-02 3.389658778905868530e-02 3.686896292492747307e-03 9.835135936737060547e-02
6.091874837875366211e-02 2.289655059576034546e-01 5.653923377394676208e-03 -1.931660771369934082e-01
6.549806147813796997e-02 3.376313298940658569e-02 1.790601876564323902e-03 1.012950390577316284e-01
6.617332249879837036e-02 2.288593798875808716e-01 3.816502634435892105e-03 -1.908224225044250488e-01
7.075051218271255493e-02 3.368303552269935608e-02 5.427927973755686253e-08 1.030620113015174866e-01
7.142417132854461670e-02 -1.614389121532440186e-01 2.061294391751289368e-03 3.957449495792388916e-01
6.819539517164230347e-02 3.365372866392135620e-02 9.976193308830261230e-03 1.037126332521438599e-01
6.886846572160720825e-02 2.286313027143478394e-01 1.205044612288475037e-02 -1.858062148094177246e-01
7.344109565019607544e-02 3.333902359008789062e-02 8.334321901202201843e-03 1.106536686420440674e-01
7.410787045955657959e-02 2.283405661582946777e-01 1.054739486426115036e-02 -1.793882250785827637e-01
7.867468148469924927e-02 3.306927904486656189e-02 6.959630642086267471e-03 1.166032925248146057e-01
7.933606952428817749e-02 2.280908226966857910e-01 9.291696362197399139e-03 -1.738758236169815063e-01
8.389788866043090820e-02 3.283713012933731079e-02 5.814179778099060059e-03 1.217237859964370728e-01
8.455462753772735596e-02 2.278753072023391724e-01 8.248656056821346283e-03 -1.691191643476486206e-01
8.911213278770446777e-02 3.263625875115394592e-02 4.866272211074829102e-03 1.261545121669769287e-01
8.976486325263977051e-02 2.276881635189056396e-01 7.389362435787916183e-03 -1.649891883134841919e-01
9.431862086057662964e-02 3.246121481060981750e-02 4.089578520506620407e-03 1.300156861543655396e-01
9.496784955263137817e-02 2.275243401527404785e-01 6.689892150461673737e-03 -1.613742411136627197e-01
9.951833635568618774e-02 3.230726346373558044e-02 3.462407737970352173e-03 1.334116458892822266e-01
1.001644805073738098e-01 2.273794412612915039e-01 6.130640394985675812e-03 -1.581769287586212158e-01
1.047120690345764160e-01 3.217026218771934509e-02 2.967101987451314926e-03 1.364337503910064697e-01
1.053554713726043701e-01 2.272495925426483154e-01 5.695777013897895813e-03 -1.553116291761398315e-01
1.099004670977592468e-01 3.204655274748802185e-02 2.589544281363487244e-03 1.391627192497253418e-01
1.105413958430290222e-01 2.271313220262527466e-01 5.372799001634120941e-03 -1.527021229267120361e-01
1.150840222835540771e-01 3.193284943699836731e-02 2.318756422027945518e-03 1.416709572076797485e-01
1.157226786017417908e-01 2.270215153694152832e-01 5.152175668627023697e-03 -1.502795517444610596e-01
1.202631071209907532e-01 3.182616829872131348e-02 2.146584447473287582e-03 1.440243273973464966e-01
1.208996325731277466e-01 2.269173115491867065e-01 5.027071107178926468e-03 -1.479806303977966309e-01
1.254379749298095703e-01 3.172373399138450623e-02 2.067458583042025566e-03 1.462839990854263306e-01
1.260724514722824097e-01 2.268160134553909302e-01 4.993138369172811508e-03 -1.457459777593612671e-01
1.306087821722030640e-01 3.162292018532752991e-02 2.078219084069132805e-03 1.485079973936080933e-01
1.312412321567535400e-01 2.267150431871414185e-01 5.048379302024841309e-03 -1.435185670852661133e-01
1.357755362987518311e-01 3.152116388082504272e-02 2.178007969632744789e-03 1.507527530193328857e-01
1.364059597253799438e-01 2.266118526458740234e-01 5.193063057959079742e-03 -1.412422657012939453e-01
1.409381926059722900e-01 3.141592070460319519e-02 2.368217566981911659e-03 1.530744582414627075e-01
1.415665149688720703e-01 2.265038788318634033e-01 5.429706536233425140e-03 -1.388604193925857544e-01
1.460965871810913086e-01 3.130458295345306396e-02 2.652498427778482437e-03 1.555305421352386475e-01
1.467226892709732056e-01 2.263884544372558594e-01 5.763109307736158371e-03 -1.363144069910049438e-01
1.512504518032073975e-01 3.118443489074707031e-02 3.036821028217673302e-03 1.581811010837554932e-01
1.518741399049758911e-01 2.262627780437469482e-01 6.200443021953105927e-03 -1.335422247648239136e-01
1.563993990421295166e-01 3.105256147682666779e-02 3.529598470777273178e-03 1.610903888940811157e-01
1.570204496383666992e-01 2.261238098144531250e-01 6.751406006515026093e-03 -1.304769665002822876e-01
1.615429222583770752e-01 3.090579435229301453e-02 4.141867160797119141e-03 1.643282771110534668e-01
1.621610373258590698e-01 2.259682118892669678e-01 7.428432349115610123e-03 -1.270451247692108154e-01
1.666804105043411255e-01 3.074063360691070557e-02 4.887530114501714706e-03 1.679720878601074219e-01
1.672952175140380859e-01 2.257922887802124023e-01 8.246972225606441498e-03 -1.231649592518806458e-01
1.718110591173171997e-01 3.055316023528575897e-02 5.783672444522380829e-03 1.721083521842956543e-01
1.724221259355545044e-01 2.255918532609939575e-01 9.225839748978614807e-03 -1.187444105744361877e-01
1.769339591264724731e-01 3.033894300460815430e-02 6.850951351225376129e-03 1.768348515033721924e-01
1.775407344102859497e-01 2.253621816635131836e-01 1.038764882832765579e-02 -1.136789768934249878e-01
1.820479780435562134e-01 4.203337728977203369e-01 8.114068768918514252e-03 -4.030666649341583252e-01
1.904546618461608887e-01 2.250976711511611938e-01 5.273590431897900999e-05 -1.078366562724113464e-01
1.949566155672073364e-01 2.997496910393238068e-02 -2.103997161611914635e-03 1.848629117012023926e-01
1.955561190843582153e-01 2.251269668340682983e-01 1.593261025846004486e-03 -1.084830090403556824e-01
2.000586539506912231e-01 2.998221479356288910e-02 -5.763990920968353748e-04 1.847021579742431641e-01
2.006582915782928467e-01 2.251124083995819092e-01 3.117643995210528374e-03 -1.081625446677207947e-01
2.051605433225631714e-01 2.994592115283012390e-02 9.543932392261922359e-04 1.855023503303527832e-01
2.057594656944274902e-01 2.250542044639587402e-01 4.664440173655748367e-03 -1.068793460726737976e-01
2.102605402469635010e-01 4.201090037822723389e-01 2.526853466406464577e-03 -3.980870246887207031e-01
2.186627238988876343e-01 2.249512970447540283e-01 -5.434887018054723740e-03 -1.046084985136985779e-01
2.231617569923400879e-01 2.990764938294887543e-02 -7.527057081460952759e-03 1.863548010587692261e-01
2.237599045038223267e-01 2.251364886760711670e-01 -3.799960948526859283e-03 -1.086930856108665466e-01
2.282626330852508545e-01 3.006918914616107941e-02 -5.973822902888059616e-03 1.827885508537292480e-01
2.288640141487121582e-01 2.252761125564575195e-01 -2.318051876500248909e-03 -1.117728948593139648e-01
2.333695441484451294e-01 3.018744848668575287e-02 -4.553509876132011414e-03 1.801778078079223633e-01
2.339732944965362549e-01 2.253742665052413940e-01 -9.499536245130002499e-04 -1.139381080865859985e-01
2.384807765483856201e-01 3.026593662798404694e-02 -3.228715853765606880e-03 1.784449666738510132e-01
2.390860915184020996e-01 2.254339456558227539e-01 3.401833819225430489e-04 -1.152547672390937805e-01
2.435947805643081665e-01 4.205510318279266357e-01 -1.964911818504333496e-03 -4.078303575515747070e-01
2.520057857036590576e-01 2.254569828510284424e-01 -1.012151874601840973e-02 -1.157675385475158691e-01
2.565149366855621338e-01 3.048150800168514252e-02 -1.243686955422163010e-02 1.737050116062164307e-01
2.571245729923248291e-01 2.257792204618453979e-01 -8.962769061326980591e-03 -1.228752583265304565e-01
2.616401612758636475e-01 3.078682161867618561e-02 -1.142027415335178375e-02 1.669665873050689697e-01
2.622558772563934326e-01 2.260703742504119873e-01 -8.080942556262016296e-03 -1.292971223592758179e-01
2.667773067951202393e-01 3.106510452926158905e-02 -1.066688541322946548e-02 1.608254611492156982e-01
2.673985958099365234e-01 2.263381332159042358e-01 -7.450376171618700027e-03 -1.352034211158752441e-01
2.719253599643707275e-01 3.132368251681327820e-02 -1.015444472432136536e-02 1.551197320222854614e-01
2.725518345832824707e-01 2.265895456075668335e-01 -7.052049972116947174e-03 -1.407493054866790771e-01
2.770836353302001953e-01 3.156929463148117065e-02 -9.867035783827304840e-03 1.497005075216293335e-01
2.777149975299835205e-01 2.268311381340026855e-01 -6.873026024550199509e-03 -1.460788697004318237e-01
2.822516262531280518e-01 3.180828690528869629e-02 -9.794603101909160614e-03 1.444278508424758911e-01
2.828877866268157959e-01 2.270691245794296265e-01 -6.906046066433191299e-03 -1.513289213180541992e-01
2.874291837215423584e-01 3.204674273729324341e-02 -9.932625107467174530e-03 1.391673088073730469e-01
2.880701124668121338e-01 2.273095399141311646e-01 -7.149278186261653900e-03 -1.566325724124908447e-01
2.926163077354431152e-01 3.229066729545593262e-02 -1.028192974627017975e-02 1.337863802909851074e-01
2.932621240615844727e-01 2.275583744049072266e-01 -7.606202270835638046e-03 -1.621225327253341675e-01
2.978132963180541992e-01 3.254613652825355530e-02 -1.084865257143974304e-02 1.281511634588241577e-01
2.984642088413238525e-01 2.278218120336532593e-01 -8.285629563033580780e-03 -1.679345518350601196e-01
3.030206561088562012e-01 3.281942754983901978e-02 -1.164432056248188019e-02 1.221230328083038330e-01
3.036770224571228027e-01 2.281062602996826172e-01 -9.201860055327415466e-03 -1.742106974124908447e-01
3.082391619682312012e-01 3.311720117926597595e-02 -1.268607378005981445e-02 1.155551895499229431e-01
3.089014887809753418e-01 2.284186035394668579e-01 -1.037496980279684067e-02 -1.811029464006423950e-01
3.134698867797851562e-01 3.344663605093955994e-02 -1.399702951312065125e-02 1.082890778779983521e-01
3.141387999057769775e-01 2.287663370370864868e-01 -1.183124724775552750e-02 -1.887767761945724487e-01
3.187141418457031250e-01 3.381563723087310791e-02 -1.560678333044052124e-02 1.001505106687545776e-01
3.193904459476470947e-01 2.291577458381652832e-01 -1.360377296805381775e-02 -1.974151730537414551e-01
3.239735960960388184e-01 3.423298522830009460e-02 -1.755207590758800507e-02 9.094551950693130493e-02
3.246582746505737305e-01 2.296020686626434326e-01 -1.573316566646099091e-02 -2.072229981422424316e-01
3.292503058910369873e-01 3.470858186483383179e-02 -1.987762562930583954e-02 8.045568317174911499e-02
3.299444615840911865e-01 -1.601228713989257812e-01 -1.826851256191730499e-02 3.668014705181121826e-01
3.267420232295989990e-01 3.525385633111000061e-02 -1.093248277902603149e-02 6.841465830802917480e-02
3.274470865726470947e-01 2.305308282375335693e-01 -9.564189240336418152e-03 -2.276973724365234375e-01
3.320577144622802734e-01 3.554685413837432861e-02 -1.411813683807849884e-02 6.195337697863578796e-02
3.327686488628387451e-01 -1.593698561191558838e-01 -1.287906989455223083e-02 3.501487076282501221e-01
3.295812606811523438e-01 3.593286499381065369e-02 -5.876095034182071686e-03 5.343258008360862732e-02
3.302999138832092285e-01 2.311385720968246460e-01 -4.807443823665380478e-03 -2.410984933376312256e-01
3.349226713180541992e-01 3.608562797307968140e-02 -9.629413485527038574e-03 5.006416514515876770e-02
3.356443941593170166e-01 -1.588969379663467407e-01 -8.628129959106445312e-03 3.396934568881988525e-01
3.324664533138275146e-01 3.634671494364738464e-02 -1.834261231124401093e-03 4.430222883820533752e-02
3.331933915615081787e-01 2.314949184656143188e-01 -9.482166497036814690e-04 -2.489588558673858643e-01
3.378232717514038086e-01 3.638652339577674866e-02 -5.927393678575754166e-03 4.342482984066009521e-02
3.385510146617889404e-01 2.315929681062698364e-01 -5.058897193521261215e-03 -2.511223256587982178e-01
3.431828618049621582e-01 3.654362261295318604e-02 -1.008134428411722183e-02 3.996063023805618286e-02
3.439137339591979980e-01 -1.584323197603225708e-01 -9.282131679356098175e-03 3.294458091259002686e-01
3.407450914382934570e-01 3.682052716612815857e-02 -2.693214919418096542e-03 3.385025635361671448e-02
3.414815068244934082e-01 2.319809943437576294e-01 -2.016209764406085014e-03 -2.596811950206756592e-01
3.461211323738098145e-01 3.688788414001464844e-02 -7.209833245724439621e-03 3.236511722207069397e-02
3.468588888645172119e-01 -1.581299304962158203e-01 -6.562530994415283203e-03 3.227645754814147949e-01
3.436962962150573730e-01 3.708484768867492676e-02 -1.072396189556457102e-04 2.801933512091636658e-02
3.444379866123199463e-01 2.322083413600921631e-01 4.531470767688006163e-04 -2.646974325180053711e-01
3.490821421146392822e-01 3.707991912961006165e-02 -4.840801469981670380e-03 2.812839299440383911e-02
3.498237431049346924e-01 -1.579722762107849121e-01 -4.278233740478754044e-03 3.192800581455230713e-01
3.466643095016479492e-01 3.721034154295921326e-02 2.107367850840091705e-03 2.525102533400058746e-02
3.474085032939910889e-01 2.323020100593566895e-01 2.612388459965586662e-03 -2.667662501335144043e-01
3.520545661449432373e-01 3.714286908507347107e-02 -2.722936915233731270e-03 2.673948928713798523e-02
3.527974188327789307e-01 2.323037683963775635e-01 -2.188147045671939850e-03 -2.668012976646423340e-01
3.574434816837310791e-01 3.721310943365097046e-02 -7.524173241108655930e-03 2.519065700471401215e-02
3.581877350807189941e-01 -1.578001379966735840e-01 -7.020360324531793594e-03 3.154901564121246338e-01
3.550317585468292236e-01 3.742111101746559143e-02 -7.105569820851087570e-04 2.060153707861900330e-02
3.557801544666290283e-01 2.325532436370849609e-01 -2.985262253787368536e-04 -2.723054885864257812e-01
3.604312241077423096e-01 3.743555396795272827e-02 -5.744636058807373047e-03 2.028326131403446198e-02
3.611799478530883789e-01 -1.576035469770431519e-01 -5.338971037417650223e-03 3.111481666564941406e-01
3.580278754234313965e-01 3.759406507015228271e-02 8.839924703352153301e-04 1.678627915680408478e-02
3.587797582149505615e-01 2.327033281326293945e-01 1.219718134962022305e-03 -2.756175994873046875e-01
3.634338080883026123e-01 3.756399452686309814e-02 -4.292633850127458572e-03 1.744977198541164398e-02
3.641850948333740234e-01 -1.574961394071578979e-01 -3.943638410419225693e-03 3.087752461433410645e-01
3.610351681709289551e-01 3.768178448081016541e-02 2.231866121292114258e-03 1.485120784491300583e-02
3.617888092994689941e-01 2.327716648578643799e-01 2.528890268877148628e-03 -2.771266996860504150e-01
3.664442598819732666e-01 3.761371970176696777e-02 -3.013643668964505196e-03 1.635275967419147491e-02
3.671965301036834717e-01 2.327787578105926514e-01 -2.686588559299707413e-03 -2.772794663906097412e-01
3.718520998954772949e-01 3.769524022936820984e-02 -8.232178166508674622e-03 1.455488707870244980e-02
3.726060092449188232e-01 -1.573076844215393066e-01 -7.941080257296562195e-03 3.046291470527648926e-01
3.694598376750946045e-01 3.792652487754821777e-02 -1.848497660830616951e-03 9.452397935092449188e-03
3.702183663845062256e-01 2.330749332904815674e-01 -1.659449771977961063e-03 -2.838131785392761230e-01
3.748798668384552002e-01 3.797669336199760437e-02 -7.335713133215904236e-03 8.345905691385269165e-03
3.756394088268280029e-01 -1.570392847061157227e-01 -7.168794982135295868e-03 2.987053394317626953e-01
3.724986314773559570e-01 3.818411007523536682e-02 -1.194688607938587666e-03 3.770145121961832047e-03
3.732623159885406494e-01 2.333231717348098755e-01 -1.119285705499351025e-03 -2.892894744873046875e-01
3.779287636280059814e-01 3.821720182895660400e-02 -6.905075162649154663e-03 3.040224546566605568e-03
3.786931037902832031e-01 -1.568050384521484375e-01 -6.844270974397659302e-03 2.935365438461303711e-01
3.755570054054260254e-01 3.841381892561912537e-02 -9.735399507917463779e-04 -1.297089853323996067e-03
3.763252794742584229e-01 -1.566941589117050171e-01 -9.994817664846777916e-04 2.910785079002380371e-01
3.731914162635803223e-01 3.844203054904937744e-02 4.822088405489921570e-03 -1.919469563290476799e-03
3.739602565765380859e-01 2.334944903850555420e-01 4.783699288964271545e-03 -2.930770814418792725e-01
3.786301314830780029e-01 3.830466791987419128e-02 -1.077842433005571365e-03 1.110717304982244968e-03
3.793962299823760986e-01 2.334420531988143921e-01 -1.055628061294555664e-03 -2.919120788574218750e-01
3.840650618076324463e-01 3.833517432212829590e-02 -6.893869955092668533e-03 4.377211735118180513e-04
3.848317861557006836e-01 -1.566872298717498779e-01 -6.885115522891283035e-03 2.909376025199890137e-01
3.816980421543121338e-01 3.853221237659454346e-02 -1.066363416612148285e-03 -3.908834420144557953e-03
3.824686706066131592e-01 -1.565744280815124512e-01 -1.144540030509233475e-03 2.884374558925628662e-01
3.793371915817260742e-01 3.856382519006729126e-02 4.624208901077508926e-03 -4.606232978403568268e-03
3.801084756851196289e-01 2.336191534996032715e-01 4.532084334641695023e-03 -2.958265841007232666e-01
3.847808539867401123e-01 3.843288868665695190e-02 -1.384447445161640644e-03 -1.717764418572187424e-03
3.855495154857635498e-01 2.335746735334396362e-01 -1.418802654370665550e-03 -2.948371767997741699e-01
3.902209997177124023e-01 3.847297281026840210e-02 -7.315546274185180664e-03 -2.602059161290526390e-03
3.909904658794403076e-01 -1.565432995557785034e-01 -7.367587648332118988e-03 2.877637743949890137e-01
3.878595829010009766e-01 3.868293389678001404e-02 -1.612311927601695061e-03 -7.233685813844203949e-03
3.886332511901855469e-01 -1.564158499240875244e-01 -1.756985671818256378e-03 2.849400937557220459e-01
3.855049312114715576e-01 3.873110935091972351e-02 3.941816277801990509e-03 -8.296448737382888794e-03
3.862795531749725342e-01 2.337963134050369263e-01 3.775887424126267433e-03 -2.997330725193023682e-01
3.909554779529571533e-01 3.862074017524719238e-02 -2.218774287030100822e-03 -5.861710291355848312e-03
3.917278945446014404e-01 -1.564693152904510498e-01 -2.336008474230766296e-03 2.861203551292419434e-01
3.885985016822814941e-01 3.868586570024490356e-02 3.386398311704397202e-03 -7.298428565263748169e-03
3.893722295761108398e-01 2.337590903043746948e-01 3.240429796278476715e-03 -2.989109754562377930e-01
3.940474092960357666e-01 3.859109804034233093e-02 -2.737789880484342575e-03 -5.207850597798824310e-03
3.948192298412322998e-01 -1.564914882183074951e-01 -2.841946901753544807e-03 2.866100072860717773e-01
3.916893899440765381e-01 3.867088258266448975e-02 2.890253439545631409e-03 -6.967883091419935226e-03
3.924628198146820068e-01 2.337512671947479248e-01 2.750895684584975243e-03 -2.987374961376190186e-01
3.971378505229949951e-01 3.859021142125129700e-02 -3.223854349926114082e-03 -5.188262555748224258e-03
3.979096412658691406e-01 -1.564853638410568237e-01 -3.327619517222046852e-03 2.864757478237152100e-01
3.947799503803253174e-01 3.868389129638671875e-02 2.401895588263869286e-03 -7.254813332110643387e-03
3.955536186695098877e-01 2.337713092565536499e-01 2.256799256429076195e-03 -2.991789579391479492e-01
4.002290368080139160e-01 3.861726447939872742e-02 -3.726779716089367867e-03 -5.785122979432344437e-03
4.010013937950134277e-01 -1.564510464668273926e-01 -3.842482110485434532e-03 2.857196331024169922e-01
3.978723585605621338e-01 3.872549906373023987e-02 1.871910528279840946e-03 -8.172702975571155548e-03
3.986468911170959473e-01 2.338205575942993164e-01 1.708456547930836678e-03 -3.002644181251525879e-01
4.033232927322387695e-01 3.867429494857788086e-02 -4.296832252293825150e-03 -7.043181452900171280e-03
4.040967822074890137e-01 -1.563857644796371460e-01 -4.437695723026990891e-03 2.842809557914733887e-01
4.009690582752227783e-01 3.879919275641441345e-02 1.247923239134252071e-03 -9.798287414014339447e-03
4.017450511455535889e-01 2.339032292366027832e-01 1.051957486197352409e-03 -3.020872175693511963e-01
4.064231216907501221e-01 3.876629471778869629e-02 -4.989787004888057709e-03 -9.072712622582912445e-03
4.071984291076660156e-01 -1.562837362289428711e-01 -5.171241238713264465e-03 2.820317149162292480e-01
4.040727615356445312e-01 3.891158849000930786e-02 4.693930968642234802e-04 -1.227770932018756866e-02
4.048509895801544189e-01 2.340268045663833618e-01 2.238388988189399242e-04 -3.048124909400939941e-01
4.095315337181091309e-01 3.890166431665420532e-02 -5.872411187738180161e-03 -1.205898821353912354e-02
4.103095531463623047e-01 -1.561355739831924438e-01 -6.113590672612190247e-03 2.787653505802154541e-01
4.071868360042572021e-01 3.907305002212524414e-02 -5.382837844081223011e-04 -1.583950407803058624e-02
4.079683125019073486e-01 2.342027127742767334e-01 -8.550738566555082798e-04 -3.086922168731689453e-01
4.126523733139038086e-01 3.909296169877052307e-02 -7.028918247669935226e-03 -1.627907902002334595e-02
4.134342372417449951e-01 -1.559274792671203613e-01 -7.354499772191047668e-03 2.741778790950775146e-01
4.103156626224517822e-01 3.929862380027770996e-02 -1.870942185632884502e-03 -2.081556990742683411e-02
4.111016392707824707e-01 -1.557964533567428589e-01 -2.287253504619002342e-03 2.712764739990234375e-01
4.079857170581817627e-01 3.935806825757026672e-02 3.138275817036628723e-03 -2.212699130177497864e-02
4.087728857994079590e-01 2.344348728656768799e-01 2.695736009627580643e-03 -3.138180971145629883e-01
4.134615659713745117e-01 3.927462548017501831e-02 -3.580626100301742554e-03 -2.028625085949897766e-02
4.142470657825469971e-01 -1.557957977056503296e-01 -3.986351191997528076e-03 2.712647914886474609e-01
4.111311435699462891e-01 3.938281163573265076e-02 1.438944716937839985e-03 -2.267277054488658905e-02
4.119188189506530762e-01 2.344841063022613525e-01 9.854893432930111885e-04 -3.149013519287109375e-01
4.166084825992584229e-01 3.934812545776367188e-02 -5.312537774443626404e-03 -2.190779149532318115e-02
4.173954427242279053e-01 -1.556972414255142212e-01 -5.750693380832672119e-03 2.690942585468292236e-01
4.142815172672271729e-01 3.950630500912666321e-02 -3.688085125759243965e-04 -2.539692446589469910e-02
4.150716364383697510e-01 -1.556103527545928955e-01 -8.767470135353505611e-04 2.671696245670318604e-01
4.119594395160675049e-01 3.952409699559211731e-02 4.466645419597625732e-03 -2.578971348702907562e-02
4.127499163150787354e-01 2.345817089080810547e-01 3.950851038098335266e-03 -3.170600235462188721e-01
4.174415469169616699e-01 3.940371051430702209e-02 -2.390349516645073891e-03 -2.313376031816005707e-02
4.182296097278594971e-01 -1.556838750839233398e-01 -2.853024518117308617e-03 2.687940299510955811e-01
4.151159524917602539e-01 3.947867080569267273e-02 2.522855997085571289e-03 -2.478739432990550995e-02
4.159055054187774658e-01 2.345643490552902222e-01 2.027108101174235344e-03 -3.166732788085937500e-01
4.205968081951141357e-01 3.941358253359794617e-02 -4.306357353925704956e-03 -2.335174940526485443e-02
4.213850796222686768e-01 -1.556463390588760376e-01 -4.773392342031002045e-03 2.679693698883056641e-01
4.182721376419067383e-01 3.954340144991874695e-02 5.859950906597077847e-04 -2.621529065072536469e-02
4.190630018711090088e-01 2.346569448709487915e-01 6.168932304717600346e-05 -3.187132775783538818e-01
4.237561523914337158e-01 3.953411430120468140e-02 -6.312576122581958771e-03 -2.601088955998420715e-02
4.245468378067016602e-01 -1.554967463016510010e-01 -6.832793820649385452e-03 2.646736800670623779e-01
4.214369058609008789e-01 3.972206264734268188e-02 -1.539320219308137894e-03 -3.015651740133762360e-02
4.222313463687896729e-01 -1.553777754306793213e-01 -2.142450539395213127e-03 2.620403468608856201e-01
4.191237986087799072e-01 3.977468982338905334e-02 3.098356071859598160e-03 -3.131756931543350220e-02
4.199192821979522705e-01 2.348520755767822266e-01 2.472004853188991547e-03 -3.230213224887847900e-01
4.246163070201873779e-01 3.969500586390495300e-02 -3.988421522080898285e-03 -2.955985441803932190e-02
4.254102110862731934e-01 -1.553695201873779297e-01 -4.579619038850069046e-03 2.618620097637176514e-01
4.223028421401977539e-01 3.981750085949897766e-02 6.576215382665395737e-04 -3.226184844970703125e-02
4.230991899967193604e-01 -1.553138792514801025e-01 1.238459299202077091e-05 2.606284916400909424e-01
4.199928939342498779e-01 3.980790078639984131e-02 5.224954336881637573e-03 -3.205052763223648071e-02
4.207890629768371582e-01 2.348545342683792114e-01 4.583944100886583328e-03 -3.230803608894348145e-01
4.254861474037170410e-01 3.966761007905006409e-02 -1.877663307823240757e-03 -2.895537205040454865e-02
4.262795150279998779e-01 -1.554273664951324463e-01 -2.456770744174718857e-03 2.631345391273498535e-01
4.231709539890289307e-01 3.972956910729408264e-02 2.805920084938406944e-03 -3.032226487994194031e-02
4.239655435085296631e-01 2.348111718893051147e-01 2.199474722146987915e-03 -3.221185803413391113e-01
4.286617636680603027e-01 3.965796530246734619e-02 -4.242896568030118942e-03 -2.874283306300640106e-02
4.294549226760864258e-01 -1.554028838872909546e-01 -4.817753564566373825e-03 2.625983953475952148e-01
4.263468682765960693e-01 3.978750482201576233e-02 4.342145693954080343e-04 -3.160019963979721069e-02
4.271426200866699219e-01 -1.553406715393066406e-01 -1.977894135052338243e-04 2.612196803092956543e-01
4.240358173847198486e-01 3.978410363197326660e-02 5.026604514569044113e-03 -3.152561187744140625e-02
4.248314797878265381e-01 2.348336130380630493e-01 4.396092146635055542e-03 -3.226183652877807617e-01
4.295281767845153809e-01 3.964933753013610840e-02 -2.056275028735399246e-03 -2.855233103036880493e-02
4.303211569786071777e-01 -1.554430574178695679e-01 -2.627321518957614899e-03 2.634811103343963623e-01
4.272122979164123535e-01 3.971628844738006592e-02 2.642300678417086601e-03 -3.002934344112873077e-02
4.280066192150115967e-01 2.348002493381500244e-01 2.041713800281286240e-03 -3.218774199485778809e-01
4.327026307582855225e-01 3.964928165078163147e-02 -4.395834635943174362e-03 -2.855132147669792175e-02
4.334956109523773193e-01 -1.554093509912490845e-01 -4.966861102730035782e-03 2.627414464950561523e-01
4.303874075412750244e-01 3.978314250707626343e-02 2.879675303120166063e-04 -3.150394558906555176e-02
4.311830699443817139e-01 2.349009662866592407e-01 -3.421113942749798298e-04 -3.240959942340850830e-01
4.358811080455780029e-01 3.978388383984565735e-02 -6.824031472206115723e-03 -3.152098506689071655e-02
4.366767704486846924e-01 -1.552395522594451904e-01 -7.454451173543930054e-03 2.590011060237884521e-01
4.335719943046569824e-01 3.998802602291107178e-02 -2.274429192766547203e-03 -3.602371364831924438e-02
4.343717396259307861e-01 -1.551012396812438965e-01 -2.994903363287448883e-03 2.559407353401184082e-01
4.312697350978851318e-01 4.006334766745567322e-02 2.123911399394273758e-03 -3.768531978130340576e-02
4.320710003376007080e-01 2.351547777652740479e-01 1.370205078274011612e-03 -3.296973705291748047e-01
4.367740750312805176e-01 4.001334682106971741e-02 -5.223742686212062836e-03 -3.658266365528106689e-02
4.375743567943572998e-01 -1.550333052873611450e-01 -5.955395754426717758e-03 2.544475495815277100e-01
4.344736933708190918e-01 4.017316922545433044e-02 -8.664447814226150513e-04 -4.010784626007080078e-02
4.352771639823913574e-01 -1.549363434314727783e-01 -1.668601646088063717e-03 2.523015737533569336e-01
4.321784377098083496e-01 4.020939022302627563e-02 3.377429908141493797e-03 -4.090718552470207214e-02
4.329826235771179199e-01 2.352827489376068115e-01 2.559286309406161308e-03 -3.325226008892059326e-01
4.376882612705230713e-01 4.012446478009223938e-02 -4.091165494173765182e-03 -3.903368860483169556e-02
4.384907484054565430e-01 -1.549385786056518555e-01 -4.871839191764593124e-03 2.523556351661682129e-01
4.353919923305511475e-01 4.025259613990783691e-02 1.752732932800427079e-04 -4.185997694730758667e-02
4.361970424652099609e-01 -1.548718661069869995e-01 -6.619262276217341423e-04 2.508782446384429932e-01
4.330995976924896240e-01 4.025952890515327454e-02 4.355638753622770309e-03 -4.201339185237884521e-02
4.339047968387603760e-01 2.353187501430511475e-01 3.515370888635516167e-03 -3.333188891410827637e-01
4.386111497879028320e-01 4.014694318175315857e-02 -3.151007229462265968e-03 -3.952947631478309631e-02
4.394141137599945068e-01 -1.549296826124191284e-01 -3.941596485674381256e-03 2.521575987339019775e-01
4.363155066967010498e-01 4.024833068251609802e-02 1.101555651985108852e-03 -4.176595807075500488e-02
4.371204674243927002e-01 -1.548894047737121582e-01 2.662364568095654249e-04 2.512643039226531982e-01
4.340226948261260986e-01 4.022875055670738220e-02 5.291522946208715439e-03 -4.133462160825729370e-02
4.348272681236267090e-01 2.352744191884994507e-01 4.464830271899700165e-03 -3.323433399200439453e-01
4.395327568054199219e-01 4.008920490741729736e-02 -2.182036405429244041e-03 -3.825577348470687866e-02
4.403345286846160889e-01 -1.550013870000839233e-01 -2.947151893749833107e-03 2.537378966808319092e-01
4.372345209121704102e-01 4.016252234578132629e-02 2.127606188878417015e-03 -3.987315297126770020e-02
4.380377531051635742e-01 2.352539002895355225e-01 1.330143189989030361e-03 -3.318840265274047852e-01
4.427428245544433594e-01 4.011303931474685669e-02 -5.307537503540515900e-03 -3.878194838762283325e-02
4.435451030731201172e-01 -1.549323946237564087e-01 -6.083176471292972565e-03 2.522216737270355225e-01
4.404464364051818848e-01 4.027588292956352234e-02 -1.038742833770811558e-03 -4.237376898527145386e-02
4.412519633769989014e-01 -1.548311561346054077e-01 -1.886218204163014889e-03 2.499812394380569458e-01
4.381553530693054199e-01 4.031768068671226501e-02 3.113406710326671600e-03 -4.329603537917137146e-02
4.389616847038269043e-01 2.353948503732681274e-01 2.247486030682921410e-03 -3.349950313568115234e-01
4.436695873737335205e-01 4.024098068475723267e-02 -4.452414810657501221e-03 -4.160421341657638550e-02
4.444743990898132324e-01 -1.548168361186981201e-01 -5.284498911350965500e-03 2.496706098318099976e-01
4.413780868053436279e-01 4.038017615675926208e-02 -2.910865587182343006e-04 -4.467445611953735352e-02
4.421856701374053955e-01 -1.547376066446304321e-01 -1.184575725346803665e-03 2.479166090488433838e-01
4.390909373760223389e-01 4.040125012397766113e-02 3.773756558075547218e-03 -4.513971880078315735e-02
4.398989677429199219e-01 2.354688793420791626e-01 2.870962256565690041e-03 -3.366295993328094482e-01
4.446083307266235352e-01 4.030619561672210693e-02 -3.861629869788885117e-03 -4.304271563887596130e-02
4.454144537448883057e-01 -1.547601670026779175e-01 -4.722483921796083450e-03 2.484193295240402222e-01
4.423192441463470459e-01 4.042890295386314392e-02 2.459025999996811152e-04 -4.574941843748092651e-02
4.431278407573699951e-01 -1.546965688467025757e-01 -6.690857699140906334e-04 2.470110803842544556e-01
4.400339126586914062e-01 4.043492674827575684e-02 4.271136131137609482e-03 -4.588281363248825073e-02
4.408425986766815186e-01 2.354953736066818237e-01 3.353479551151394844e-03 -3.372150957584381104e-01
4.455524981021881104e-01 4.032586142420768738e-02 -3.390822326764464378e-03 -4.347655922174453735e-02
4.463590085506439209e-01 -1.547473073005676270e-01 -4.260353744029998779e-03 2.481345981359481812e-01
4.432640671730041504e-01 4.043523222208023071e-02 7.023384678177535534e-04 -4.588908329606056213e-02
4.440727829933166504e-01 -1.546967774629592896e-01 -2.154431713279336691e-04 2.470153570175170898e-01
4.409788548946380615e-01 4.042824357748031616e-02 4.724863916635513306e-03 -4.573551937937736511e-02
4.417874217033386230e-01 2.354821264743804932e-01 3.810153575614094734e-03 -3.369239568710327148e-01
4.464970529079437256e-01 4.030616208910942078e-02 -2.928325906395912170e-03 -4.304196685552597046e-02
4.473031759262084961e-01 -1.547736823558807373e-01 -3.789165057241916656e-03 2.487156093120574951e-01
4.442076981067657471e-01 4.040218517184257507e-02 1.185147091746330261e-03 -4.516008868813514709e-02
4.450157582759857178e-01 -1.547367423772811890e-01 2.819453075062483549e-04 2.478965222835540771e-01
4.419210255146026611e-01 4.038118198513984680e-02 5.239875987172126770e-03 -4.469745606184005737e-02
4.427286386489868164e-01 2.354276031255722046e-01 4.345926921814680099e-03 -3.357225656509399414e-01
4.474371969699859619e-01 4.024407640099525452e-02 -2.368524437770247459e-03 -4.167233034968376160e-02
4.482420682907104492e-01 -1.548438370227813721e-01 -3.201971063390374184e-03 2.502623796463012695e-01
4.451451897621154785e-01 4.032369703054428101e-02 1.803276361897587776e-03 -4.342880472540855408e-02
4.459516704082489014e-01 2.354197502136230469e-01 9.347001905553042889e-04 -3.355422317981719971e-01
4.506600499153137207e-01 4.028450325131416321e-02 -5.776144564151763916e-03 -4.256470128893852234e-02
4.514657557010650635e-01 -1.547541469335556030e-01 -6.627438589930534363e-03 2.482902109622955322e-01
4.483706653118133545e-01 4.046182334423065186e-02 -1.661634305492043495e-03 -4.647576436400413513e-02
4.491799175739288330e-01 -1.546362638473510742e-01 -2.591149648651480675e-03 2.456824481487274170e-01
4.460871815681457520e-01 4.052260145545005798e-02 2.322499174624681473e-03 -4.781666770577430725e-02
4.468976259231567383e-01 2.356111705303192139e-01 1.366165932267904282e-03 -3.397659361362457275e-01
4.516098499298095703e-01 4.046981036663055420e-02 -5.429152399301528931e-03 -4.665249958634376526e-02
4.524192512035369873e-01 -1.545738726854324341e-01 -6.362202577292919159e-03 2.443125545978546143e-01
4.493277668952941895e-01 4.063837230205535889e-02 -1.475951517932116985e-03 -5.037036538124084473e-02
4.501405358314514160e-01 -1.544623821973800659e-01 -2.483358839526772499e-03 2.418465167284011841e-01
4.470512866973876953e-01 4.069495201110839844e-02 2.353571588173508644e-03 -5.161868780851364136e-02
4.478651881217956543e-01 -1.544606685638427734e-01 1.321197953075170517e-03 2.418058812618255615e-01
4.447759687900543213e-01 4.064238816499710083e-02 6.157315336167812347e-03 -5.046001076698303223e-02
4.455888271331787109e-01 2.356755137443542480e-01 5.148115102201700211e-03 -3.411939144134521484e-01
4.503023326396942139e-01 4.048069193959236145e-02 -1.675762934610247612e-03 -4.689202457666397095e-02
4.511119425296783447e-01 -1.546171903610229492e-01 -2.613603370264172554e-03 2.452617138624191284e-01
4.480195939540863037e-01 4.054199159145355225e-02 2.291630953550338745e-03 -4.824445769190788269e-02
4.488304555416107178e-01 2.356310039758682251e-01 1.326741767115890980e-03 -3.402034640312194824e-01
4.535430669784545898e-01 4.049020633101463318e-02 -5.477327853441238403e-03 -4.710246622562408447e-02
4.543528556823730469e-01 -1.545527726411819458e-01 -6.419376935809850693e-03 2.438472956418991089e-01
4.512618184089660645e-01 4.066027328372001648e-02 -1.542431302368640900e-03 -5.085353180766105652e-02
4.520750343799591064e-01 -1.544395238161087036e-01 -2.559501910582184792e-03 2.413423508405685425e-01
4.489862322807312012e-01 4.071889072656631470e-02 2.267345087602734566e-03 -5.214681848883628845e-02
4.498006105422973633e-01 -1.544355005025863647e-01 1.224408624693751335e-03 2.412506192922592163e-01
4.467118978500366211e-01 4.066894203424453735e-02 6.049420684576034546e-03 -5.104585364460945129e-02
4.475252628326416016e-01 2.357036322355270386e-01 5.028503946959972382e-03 -3.418140113353729248e-01
4.522393345832824707e-01 4.051049798727035522e-02 -1.807776396162807941e-03 -4.754964262247085571e-02
4.530495703220367432e-01 -1.545854806900024414e-01 -2.758769318461418152e-03 2.445623725652694702e-01
4.499578475952148438e-01 4.057576134800910950e-02 2.132477937266230583e-03 -4.898946732282638550e-02
4.507693648338317871e-01 2.356670647859573364e-01 1.152688637375831604e-03 -3.409988284111022949e-01
4.554826915264129639e-01 4.052873700857162476e-02 -5.667287856340408325e-03 -4.795262217521667480e-02
4.562932848930358887e-01 -1.545114964246749878e-01 -6.626340094953775406e-03 2.429368495941162109e-01
4.532030522823333740e-01 4.070448130369186401e-02 -1.767602981999516487e-03 -5.182880535721778870e-02
4.540171325206756592e-01 -1.543920785188674927e-01 -2.804179210215806961e-03 2.402959018945693970e-01
4.509292840957641602e-01 4.076981544494628906e-02 2.001738874241709709e-03 -5.327021703124046326e-02
4.517447054386138916e-01 -1.543807834386825562e-01 9.363346616737544537e-04 2.400435954332351685e-01
4.486570656299591064e-01 4.072778299450874329e-02 5.737206898629665375e-03 -5.234383046627044678e-02
4.494716227054595947e-01 2.357670068740844727e-01 4.690330009907484055e-03 -3.432111144065856934e-01
4.541869759559631348e-01 4.057863727211952209e-02 -2.173892222344875336e-03 -4.905283823609352112e-02
4.549985527992248535e-01 -1.545120775699615479e-01 -3.154949052259325981e-03 2.429434061050415039e-01
4.519083201885223389e-01 4.065479710698127747e-02 1.703919144347310066e-03 -5.073299258947372437e-02
4.527214169502258301e-01 2.357522696256637573e-01 6.892593228258192539e-04 -3.428778350353240967e-01
4.574364423751831055e-01 4.062052443623542786e-02 -6.168297491967678070e-03 -4.997763410210609436e-02
4.582488536834716797e-01 -1.544124335050582886e-01 -7.167850155383348465e-03 2.407527714967727661e-01
4.551606178283691406e-01 4.081116989254951477e-02 -2.352794399484992027e-03 -5.418244004249572754e-02
4.559768438339233398e-01 -1.542769670486450195e-01 -3.436443395912647247e-03 2.377572357654571533e-01
