3.948892466723918915e-03 4.918042197823524475e-02 1.474580168724060059e-02 -2.125496231019496918e-02
4.932500887662172318e-03 2.440878301858901978e-01 1.432070229202508926e-02 -3.092491924762725830e-01
9.814257733523845673e-03 4.876479879021644592e-02 8.135719224810600281e-03 -1.208453159779310226e-02
1.078955363482236862e-02 -1.464728862047195435e-01 7.894027978181838989e-03 2.831541597843170166e-01
7.860096171498298645e-03 4.853559285402297974e-02 1.355711184442043304e-02 -7.028606720268726349e-03
8.830808103084564209e-03 2.434605211019515991e-01 1.341653987765312195e-02 -2.954034507274627686e-01
1.370001770555973053e-02 4.814989119768142700e-02 7.508470211178064346e-03 1.480459701269865036e-03
1.466301642358303070e-02 -1.470789313316345215e-01 7.538079749792814255e-03 2.965229153633117676e-01
1.172143779695034027e-02 4.793475195765495300e-02 1.346853747963905334e-02 6.226870231330394745e-03
1.268013194203376770e-02 2.428609877824783325e-01 1.359307486563920975e-02 -2.821763157844543457e-01
1.753735169768333435e-02 4.754780605435371399e-02 7.949548773467540741e-03 1.476261392235755920e-02
1.848830841481685638e-02 -1.476872414350509644e-01 8.244801312685012817e-03 3.099430799484252930e-01
1.553456299006938934e-02 4.731627181172370911e-02 1.444366294890642166e-02 1.987168937921524048e-02
1.648088917136192322e-02 2.422281354665756226e-01 1.484109647572040558e-02 -2.682193219661712646e-01
2.132545225322246552e-02 4.689756780862808228e-02 9.476710110902786255e-03 2.910738997161388397e-02
2.226340211927890778e-02 2.418823391199111938e-01 1.005885750055313110e-02 -2.605705261230468750e-01
2.710104919970035553e-02 4.661825299263000488e-02 4.847446922212839127e-03 3.526803851127624512e-02
2.803341485559940338e-02 -1.485728770494461060e-01 5.552807822823524475e-03 3.294764459133148193e-01
2.506195753812789917e-02 4.646959155797958374e-02 1.214233692735433578e-02 3.854976594448089600e-02
2.599134854972362518e-02 2.414153367280960083e-01 1.291333138942718506e-02 -2.502775490283966064e-01
3.081965632736682892e-02 4.611137881875038147e-02 7.907780818641185760e-03 4.645038396120071411e-02
3.174188360571861267e-02 2.411190569400787354e-01 8.836789056658744812e-03 -2.437271177768707275e-01
3.656426444649696350e-02 4.587200284004211426e-02 3.962246701121330261e-03 5.173000693321228027e-02
3.748170286417007446e-02 -1.493065357208251953e-01 4.996846895664930344e-03 3.456604182720184326e-01
3.449557349085807800e-02 4.574397951364517212e-02 1.191005483269691467e-02 5.455736443400382996e-02
3.541045263409614563e-02 2.406931519508361816e-01 1.300120260566473007e-02 -2.343441843986511230e-01
4.022431746125221252e-02 4.538787528872489929e-02 8.314318954944610596e-03 6.241121888160705566e-02
4.113207384943962097e-02 2.403896301984786987e-01 9.562542662024497986e-03 -2.276369333267211914e-01
4.593986645340919495e-02 4.513234272599220276e-02 5.009804386645555496e-03 6.804695725440979004e-02
4.684251174330711365e-02 2.401821166276931763e-01 6.370743736624717712e-03 -2.230511456727981567e-01
5.164615437388420105e-02 4.496968537569046021e-02 1.909720711410045624e-03 7.163453847169876099e-02
5.254554748535156250e-02 -1.501795947551727295e-01 3.342411480844020844e-03 3.649193644523620605e-01
4.954195767641067505e-02 4.489469900727272034e-02 1.064079906791448593e-02 7.329224050045013428e-02
5.043985322117805481e-02 2.398625016212463379e-01 1.210664398968219757e-02 -2.160145640373229980e-01
5.523710325360298157e-02 4.456958174705505371e-02 7.786352653056383133e-03 8.046261221170425415e-02
5.612849444150924683e-02 2.395790517330169678e-01 9.395604953169822693e-03 -2.097535729408264160e-01
6.092007458209991455e-02 4.432402923703193665e-02 5.200533196330070496e-03 8.587831258773803711e-02
6.180655583739280701e-02 2.393710464239120483e-01 6.918099708855152130e-03 -2.051593214273452759e-01
6.659397482872009277e-02 4.415085539221763611e-02 2.814913401380181313e-03 8.969787508249282837e-02
6.747699528932571411e-02 2.392323464155197144e-01 4.608870949596166611e-03 -2.020956128835678101e-01
7.226163893938064575e-02 4.404478520154953003e-02 5.669585079886019230e-04 9.203761816024780273e-02
7.314253598451614380e-02 -1.510852873325347900e-01 2.407710999250411987e-03 3.848993778228759766e-01
7.012082636356353760e-02 4.400239884853363037e-02 1.010569836944341660e-02 9.297655522823333740e-02
7.100087404251098633e-02 2.389780580997467041e-01 1.196522917598485947e-02 -1.965009719133377075e-01
7.578043639659881592e-02 4.368701949715614319e-02 8.035209961235523224e-03 9.993230551481246948e-02
7.665418088436126709e-02 2.386928945779800415e-01 1.003385614603757858e-02 -1.902047395706176758e-01
8.142803609371185303e-02 4.342884570360183716e-02 6.229761056602001190e-03 1.056264936923980713e-01
8.229661732912063599e-02 2.384609729051589966e-01 8.342291228473186493e-03 -1.850844770669937134e-01
8.706583082675933838e-02 4.322065785527229309e-02 4.640601109713315964e-03 1.102184057235717773e-01
8.793024718761444092e-02 2.382757961750030518e-01 6.844969466328620911e-03 -1.809968352317810059e-01
9.269576519727706909e-02 4.305657744407653809e-02 3.225032705813646317e-03 1.138375550508499146e-01
9.355689585208892822e-02 2.381321638822555542e-01 5.501783452928066254e-03 -1.778261512517929077e-01
9.831953793764114380e-02 4.293191805481910706e-02 1.945260562933981419e-03 1.165873035788536072e-01
9.917817264795303345e-02 2.380259484052658081e-01 4.277006722986698151e-03 -1.754812747240066528e-01
1.039386913180351257e-01 4.284304380416870117e-02 7.673812215216457844e-04 1.185478344559669495e-01
1.047955527901649475e-01 2.379539906978607178e-01 3.138337982818484306e-03 -1.738928854465484619e-01
1.095546334981918335e-01 4.278726503252983093e-02 -3.395199018996208906e-04 1.197784245014190674e-01
1.104103773832321167e-01 2.379140853881835938e-01 2.056048717349767685e-03 -1.730116009712219238e-01
1.151686608791351318e-01 4.276276007294654846e-02 -1.404183334670960903e-03 1.203192397952079773e-01
1.160239204764366150e-01 2.379048019647598267e-01 1.002201461233198643e-03 -1.728063672780990601e-01
1.207820102572441101e-01 4.276852309703826904e-02 -2.453925786539912224e-03 1.201925575733184814e-01
1.216373816132545471e-01 2.379255443811416626e-01 -5.007469007978215814e-05 -1.732635498046875000e-01
1.263958960771560669e-01 4.280431196093559265e-02 -3.515345742926001549e-03 1.194035783410072327e-01
1.272519826889038086e-01 -1.522670984268188477e-01 -1.127274124883115292e-03 4.109753668308258057e-01
1.242066398262977600e-01 4.287081584334373474e-02 7.092233281582593918e-03 1.179372742772102356e-01
1.250640600919723511e-01 2.378904372453689575e-01 9.450978599488735199e-03 -1.724997013807296753e-01
1.298218667507171631e-01 4.263450205326080322e-02 6.000984925776720047e-03 1.231496632099151611e-01
1.306745558977127075e-01 2.376699745655059814e-01 8.463977836072444916e-03 -1.676339805126190186e-01
1.354279518127441406e-01 4.242789372801780701e-02 5.111298523843288422e-03 1.277070194482803345e-01
1.362765133380889893e-01 2.374762445688247681e-01 7.665438577532768250e-03 -1.633589863777160645e-01
1.410260349512100220e-01 4.224540665745735168e-02 4.398258868604898453e-03 1.317322850227355957e-01
1.418709456920623779e-01 2.373040765523910522e-01 7.032904773950576782e-03 -1.595598012208938599e-01
1.466170251369476318e-01 4.208215326070785522e-02 3.841708647087216377e-03 1.353335082530975342e-01
1.474586725234985352e-01 2.371488660573959351e-01 6.548379082232713699e-03 -1.561349481344223022e-01
1.522016525268554688e-01 4.193377122282981873e-02 3.425679868087172508e-03 1.386066228151321411e-01
1.530403196811676025e-01 2.370064854621887207e-01 6.197812501341104507e-03 -1.529935896396636963e-01
1.577804535627365112e-01 4.179634898900985718e-02 3.137940540909767151e-03 1.416381448507308960e-01
1.586163789033889771e-01 2.368732094764709473e-01 5.970703437924385071e-03 -1.500531584024429321e-01
1.633538454771041870e-01 4.166628047823905945e-02 2.969640307128429413e-03 1.445074081420898438e-01
1.641871631145477295e-01 2.367455810308456421e-01 5.859788507223129272e-03 -1.472371816635131836e-01
1.689220815896987915e-01 4.154020547866821289e-02 2.915044780820608139e-03 1.472886204719543457e-01
1.697528809309005737e-01 2.366202920675277710e-01 5.860817153006792068e-03 -1.444732397794723511e-01
1.744852960109710693e-01 4.141489788889884949e-02 2.971352310851216316e-03 1.500528901815414429e-01
1.753135919570922852e-01 2.364941686391830444e-01 5.972410086542367935e-03 -1.416911631822586060e-01
1.800434738397598267e-01 4.128719866275787354e-02 3.138586645945906639e-03 1.528699547052383423e-01
1.808692216873168945e-01 2.363640666007995605e-01 6.195985712110996246e-03 -1.388211697340011597e-01
1.855964958667755127e-01 4.115392640233039856e-02 3.419562708586454391e-03 1.558100432157516479e-01
1.864195764064788818e-01 2.362267524003982544e-01 6.535763386636972427e-03 -1.357921361923217773e-01
1.911441087722778320e-01 4.101179540157318115e-02 3.819920588284730911e-03 1.589455455541610718e-01
1.919643431901931763e-01 2.360788583755493164e-01 6.998831406235694885e-03 -1.325298547744750977e-01
1.966859251260757446e-01 4.085734859108924866e-02 4.348234273493289948e-03 1.623528599739074707e-01
1.975030750036239624e-01 2.359167784452438354e-01 7.595291826874017715e-03 -1.289551407098770142e-01
2.022214084863662720e-01 4.309291243553161621e-01 5.016188602894544601e-03 -4.192321896553039551e-01
2.108399868011474609e-01 2.357364445924758911e-01 -3.368455218151211739e-03 -1.249721273779869080e-01
2.155547142028808594e-01 4.066290706396102905e-02 -5.867897532880306244e-03 1.666461825370788574e-01
2.163679748773574829e-01 2.358683645725250244e-01 -2.534973900765180588e-03 -1.278821080923080444e-01
2.210853397846221924e-01 4.078281670808792114e-02 -5.092616192996501923e-03 1.639999896287918091e-01
2.219009995460510254e-01 2.359772920608520508e-01 -1.812616130337119102e-03 -1.302851587533950806e-01
2.266205400228500366e-01 4.088135808706283569e-02 -4.418319091200828552e-03 1.618253588676452637e-01
2.274381667375564575e-01 2.360662817955017090e-01 -1.181812025606632233e-03 -1.322481483221054077e-01
2.321594953536987305e-01 4.096128046512603760e-02 -3.826774889603257179e-03 1.600617021322250366e-01
2.329787164926528931e-01 2.361378073692321777e-01 -6.255409098230302334e-04 -1.338260173797607422e-01
2.377014756202697754e-01 4.102482274174690247e-02 -3.302061231806874275e-03 1.586595028638839722e-01
2.385219782590866089e-01 2.361938953399658203e-01 -1.288712810492143035e-04 -1.350633203983306885e-01
2.432458549737930298e-01 4.107378795742988586e-02 -2.830137731507420540e-03 1.575789451599121094e-01
2.440673261880874634e-01 2.362361401319503784e-01 3.214413300156593323e-04 -1.359954774379730225e-01
2.487920522689819336e-01 4.110959172248840332e-02 -2.398468088358640671e-03 1.567888408899307251e-01
2.496142387390136719e-01 2.362657934427261353e-01 7.373088155873119831e-04 -1.366497725248336792e-01
2.543395459651947021e-01 4.113329574465751648e-02 -1.995686674490571022e-03 1.562656760215759277e-01
2.551622390747070312e-01 2.362837642431259155e-01 1.129626762121915817e-03 -1.370461732149124146e-01
2.598879039287567139e-01 4.114564880728721619e-02 -1.611296785995364189e-03 1.559929102659225464e-01
2.607108056545257568e-01 2.362906336784362793e-01 1.508561545051634312e-03 -1.371978968381881714e-01
2.654366195201873779e-01 4.313909411430358887e-01 -1.235396484844386578e-03 -4.294045269489288330e-01
2.740644514560699463e-01 2.362865060567855835e-01 -9.823487140238285065e-03 -1.371112912893295288e-01
2.787901759147644043e-01 4.130662977695465088e-02 -1.256571337580680847e-02 1.524563580751419067e-01
2.796162962913513184e-01 2.366062402725219727e-01 -9.516585618257522583e-03 -1.441641449928283691e-01
2.843484282493591309e-01 4.162185266613960266e-02 -1.239986903965473175e-02 1.455013453960418701e-01
2.851808667182922363e-01 2.369191646575927734e-01 -9.489841759204864502e-03 -1.510675698518753052e-01
2.899192571640014648e-01 4.193437844514846802e-02 -1.251119375228881836e-02 1.386064738035202026e-01
2.907579541206359863e-01 2.372332662343978882e-01 -9.739063680171966553e-03 -1.579971313476562500e-01
2.955026030540466309e-01 4.225209727883338928e-02 -1.289900671690702438e-02 1.315975189208984375e-01
2.963476479053497314e-01 2.375564277172088623e-01 -1.026705652475357056e-02 -1.651268005371093750e-01
3.010987639427185059e-01 4.258293658494949341e-02 -1.356959249824285507e-02 1.242995485663414001e-01
3.019504249095916748e-01 2.378966361284255981e-01 -1.108360197395086288e-02 -1.726333647966384888e-01
3.067083656787872314e-01 4.293505847454071045e-02 -1.453626900911331177e-02 1.165325269103050232e-01
3.075670599937438965e-01 2.382622361183166504e-01 -1.220561843365430832e-02 -1.807008087635040283e-01
3.123323023319244385e-01 4.331705346703529358e-02 -1.581963524222373962e-02 1.081068292260169983e-01
3.131986558437347412e-01 2.386620789766311646e-01 -1.365749724209308624e-02 -1.895248293876647949e-01
3.179718852043151855e-01 4.373816028237342834e-02 -1.744799502193927765e-02 9.881860762834548950e-02
3.188466727733612061e-01 2.391057759523391724e-01 -1.547162234783172607e-02 -1.993176490068435669e-01
3.236287832260131836e-01 4.420848563313484192e-02 -1.945797540247440338e-02 8.844481408596038818e-02
3.245129585266113281e-01 2.396038621664047241e-01 -1.768907904624938965e-02 -2.103130519390106201e-01
3.293050229549407959e-01 4.473924264311790466e-02 -2.189533971250057220e-02 7.673782855272293091e-02
3.301998078823089600e-01 -1.500620990991592407e-01 -2.036058343946933746e-02 3.624330759048461914e-01
3.271985650062561035e-01 4.534324258565902710e-02 -1.311192195862531662e-02 6.340022385120391846e-02
3.281054198741912842e-01 2.406507134437561035e-01 -1.184391696006059647e-02 -2.333905845880508423e-01
3.329184353351593018e-01 4.569997265934944153e-02 -1.651172898709774017e-02 5.553298071026802063e-02
3.338324427604675293e-01 -1.491813808679580688e-01 -1.540106907486915588e-02 3.429609239101409912e-01
3.308488130569458008e-01 4.615624994039535522e-02 -8.541850373148918152e-03 4.546150192618370056e-02
3.317719399929046631e-01 2.413996458053588867e-01 -7.632620632648468018e-03 -2.499041706323623657e-01
3.365999460220336914e-01 4.638751223683357239e-02 -1.263070385903120041e-02 4.036153107881546021e-02
3.375276923179626465e-01 -1.485510617494583130e-01 -1.182347349822521210e-02 3.290327489376068115e-01
3.345566689968109131e-01 4.673719406127929688e-02 -5.242818500846624374e-03 3.264480829238891602e-02
3.354914188385009766e-01 2.419339418411254883e-01 -4.589922260493040085e-03 -2.616876661777496338e-01
3.403300940990447998e-01 4.687780514359474182e-02 -9.823675267398357391e-03 2.954402193427085876e-02
3.412676453590393066e-01 -1.481018960475921631e-01 -9.232794865965843201e-03 3.191113471984863281e-01
3.383055925369262695e-01 4.715032130479812622e-02 -2.850568154826760292e-03 2.353110350668430328e-02
3.392485976219177246e-01 2.423130273818969727e-01 -2.379946177825331688e-03 -2.700498402118682861e-01
3.440948724746704102e-01 4.722512513399124146e-02 -7.780943065881729126e-03 2.188148349523544312e-02
3.450393676757812500e-01 -1.477843821048736572e-01 -7.343313191086053848e-03 3.120993077754974365e-01
3.420836925506591797e-01 4.744141548871994019e-02 -1.101327128708362579e-03 1.710960455238819122e-02
3.430325090885162354e-01 2.425791472196578979e-01 -7.591350004076957703e-04 -2.759205996990203857e-01
3.478840887546539307e-01 4.746802896261215210e-02 -6.277547217905521393e-03 1.652279682457447052e-02
3.488334715366363525e-01 -1.475633382797241211e-01 -5.947091151028871536e-03 3.072184920310974121e-01
3.458821773529052734e-01 4.764285311102867126e-02 1.972787576960399747e-04 1.266595628112554550e-02
3.468350470066070557e-01 2.427619695663452148e-01 4.505978722590953112e-04 -2.799547314643859863e-01
3.516902923583984375e-01 4.763359948992729187e-02 -5.148496478796005249e-03 1.287028938531875610e-02
3.526429533958435059e-01 -1.474141329526901245e-01 -4.891090560704469681e-03 3.039243817329406738e-01
3.496946692466735840e-01 4.777717217803001404e-02 1.187396585009992123e-03 9.702925570309162140e-03
3.506502211093902588e-01 2.428820729255676270e-01 1.381455105729401112e-03 -2.826051414012908936e-01
3.555078506469726562e-01 4.774044826626777649e-02 -4.270647186785936356e-03 1.051318459212779999e-02
3.564626574516296387e-01 -1.473200023174285889e-01 -4.060383886098861694e-03 3.018456101417541504e-01
3.535162806510925293e-01 4.785958677530288696e-02 1.976528670638799667e-03 7.884901016950607300e-03
3.544734716415405273e-01 2.429531365633010864e-01 2.134226728230714798e-03 -2.841737568378448486e-01
3.593325316905975342e-01 4.780081287026405334e-02 -3.549248445779085159e-03 9.181532077491283417e-03
3.602885305881500244e-01 2.429734766483306885e-01 -3.365617711097002029e-03 -2.846191227436065674e-01
3.651480078697204590e-01 4.789969697594642639e-02 -9.057999588549137115e-03 7.000426296144723892e-03
3.661060035228729248e-01 -1.470911800861358643e-01 -8.917991071939468384e-03 2.968117296695709229e-01
3.631641864776611328e-01 4.815675318241119385e-02 -2.981756580993533134e-03 1.329620019532740116e-03
3.641273081302642822e-01 -1.469223052263259888e-01 -2.955164294689893723e-03 2.930702865123748779e-01
3.611888587474822998e-01 4.824164882302284241e-02 2.906241221353411674e-03 -5.432020407170057297e-04
3.621537089347839355e-01 2.433218061923980713e-01 2.895377343520522118e-03 -2.923077642917633057e-01
3.670201301574707031e-01 4.815868660807609558e-02 -2.950777998194098473e-03 1.286924234591424465e-03
3.679833114147186279e-01 -1.469208151102066040e-01 -2.925039501860737801e-03 2.930373847484588623e-01
3.650448918342590332e-01 4.824271053075790405e-02 2.935708267614245415e-03 -5.666217766702175140e-04
3.660097420215606689e-01 2.433224320411682129e-01 2.924375934526324272e-03 -2.923218607902526855e-01
3.708761930465698242e-01 4.815891385078430176e-02 -2.922061132267117500e-03 1.281947828829288483e-03
3.718393743038177490e-01 2.433226555585861206e-01 -2.896422287449240685e-03 -2.923215031623840332e-01
3.767058253288269043e-01 4.824211448431015015e-02 -8.742852136492729187e-03 -5.534637020900845528e-04
3.776706755161285400e-01 -1.467533707618713379e-01 -8.753920905292034149e-03 2.893582284450531006e-01
3.747355937957763672e-01 4.849231243133544922e-02 -2.966757165268063545e-03 -6.072702817618846893e-03
3.757054507732391357e-01 -1.465869694948196411e-01 -3.088211175054311752e-03 2.856726944446563721e-01
3.727737069129943848e-01 4.857889190316200256e-02 2.625242806971073151e-03 -7.982622832059860229e-03
3.737452924251556396e-01 2.436630874872207642e-01 2.465590368956327438e-03 -2.998360991477966309e-01
3.786185383796691895e-01 4.850608482956886292e-02 -3.531131427735090256e-03 -6.376593373715877533e-03
3.795886635780334473e-01 -1.465650498867034912e-01 -3.658663481473922729e-03 2.851901352405548096e-01
3.766573667526245117e-01 4.860889539122581482e-02 2.045139204710721970e-03 -8.644464425742626190e-03
3.776295483112335205e-01 2.437014579772949219e-01 1.872249878942966461e-03 -3.006814122200012207e-01
3.825035691261291504e-01 4.855286702513694763e-02 -4.141378682106733322e-03 -7.408616133034229279e-03
3.834746479988098145e-01 -1.465094387531280518e-01 -4.289550706744194031e-03 2.839647829532623291e-01
3.805444538593292236e-01 4.867342486977577209e-02 1.389744807966053486e-03 -1.006795000284910202e-02
3.815179169178009033e-01 2.437754124402999878e-01 1.188385765999555588e-03 -3.023120760917663574e-01
3.863934278488159180e-01 4.863654822111129761e-02 -4.857855848968029022e-03 -9.254590608179569244e-03
3.873661458492279053e-01 -1.464153975248336792e-01 -5.042947363108396530e-03 2.818916738033294678e-01
3.844378590583801270e-01 4.877812042832374573e-02 5.948860780335962772e-04 -1.237750146538019180e-02
3.854134082794189453e-01 2.438915371894836426e-01 3.473360266070812941e-04 -3.048726618289947510e-01
3.902912437915802002e-01 4.876463487744331360e-02 -5.750117357820272446e-03 -1.208022702485322952e-02
3.912665247917175293e-01 -1.462743878364562988e-01 -5.991721991449594498e-03 2.787829339504241943e-01
3.883410394191741943e-01 4.893252998590469360e-02 -4.160633252467960119e-04 -1.578373089432716370e-02
3.893196880817413330e-01 2.440604418516159058e-01 -7.317379349842667580e-04 -3.085978925228118896e-01
3.942009210586547852e-01 4.894892871379852295e-02 -6.903695873916149139e-03 -1.614583656191825867e-02
3.951798975467681885e-01 -1.460733413696289062e-01 -7.226612884551286697e-03 2.743509113788604736e-01
3.922584056854248047e-01 4.915097355842590332e-02 -1.739594270475208759e-03 -2.060250379145145416e-02
3.932414352893829346e-01 -1.459459811449050903e-01 -2.151644323021173477e-03 2.715310454368591309e-01
3.903225064277648926e-01 4.920659959316253662e-02 3.278976771980524063e-03 -2.182973362505435944e-02
3.913066387176513672e-01 2.442813813686370850e-01 2.842382062226533890e-03 -3.134762942790985107e-01
3.961922824382781982e-01 4.911904782056808472e-02 -3.427143907174468040e-03 -1.989833638072013855e-02
3.971746563911437988e-01 -1.459535807371139526e-01 -3.825110616162419319e-03 2.717013061046600342e-01
3.942555785179138184e-01 4.922273755073547363e-02 1.608915743418037891e-03 -2.218560501933097839e-02
3.952400386333465576e-01 2.443215847015380859e-01 1.165203633718192577e-03 -3.143604695796966553e-01
4.001264870166778564e-01 4.918304830789566040e-02 -5.122005939483642578e-03 -2.131029963493347168e-02
4.011101424694061279e-01 -1.458650827407836914e-01 -5.548211745917797089e-03 2.697521746158599854e-01
3.981928229331970215e-01 4.933561012148857117e-02 -1.531680172774940729e-04 -2.467550337314605713e-02
3.991795480251312256e-01 -1.457841396331787109e-01 -6.466780905611813068e-04 2.679590880870819092e-01
3.962638676166534424e-01 4.934702813625335693e-02 4.712503869086503983e-03 -2.492772974073886871e-02
3.972508013248443604e-01 2.444010823965072632e-01 4.213949199765920639e-03 -3.161200881004333496e-01
4.021388292312622070e-01 4.921936243772506714e-02 -2.108452608808875084e-03 -2.211121283471584320e-02
4.031231999397277832e-01 -1.458722800016403198e-01 -2.550676930695772171e-03 2.699057161808013916e-01
4.002057611942291260e-01 4.928597062826156616e-02 2.847437746822834015e-03 -2.358060330152511597e-02
4.011914730072021484e-01 2.443669736385345459e-01 2.375825541093945503e-03 -3.153637647628784180e-01
4.060788154602050781e-01 4.921125620603561401e-02 -3.931449726223945618e-03 -2.193253859877586365e-02
4.070630371570587158e-01 -1.458540856838226318e-01 -4.370100796222686768e-03 2.695073783397674561e-01
4.041459560394287109e-01 4.932994768023490906e-02 1.020046998746693134e-03 -2.455068938434123993e-02
4.051325619220733643e-01 2.444372624158859253e-01 5.290331901051104069e-04 -3.169116079807281494e-01
4.100213050842285156e-01 4.930777475237846375e-02 -5.809199064970016479e-03 -2.406188659369945526e-02
4.110074639320373535e-01 -1.457303911447525024e-01 -6.290436722338199615e-03 2.667825222015380859e-01
4.080928564071655273e-01 4.948077350854873657e-02 -9.547861409373581409e-04 -2.787779830396175385e-02
4.090824723243713379e-01 -1.456274688243865967e-01 -1.512342132627964020e-03 2.645037174224853516e-01
4.061699211597442627e-01 4.951603338122367859e-02 3.777732374146580696e-03 -2.865582145750522614e-02
4.071602523326873779e-01 2.445836067199707031e-01 3.204616019502282143e-03 -3.201444447040557861e-01
4.120519161224365234e-01 4.941616207361221313e-02 -3.198272781446576118e-03 -2.645262517035007477e-02
4.130402505397796631e-01 -1.456597745418548584e-01 -3.727325238287448883e-03 2.652195096015930176e-01
4.101270437240600586e-01 4.951517283916473389e-02 1.577064627781510353e-03 -2.863672748208045959e-02
4.111173450946807861e-01 2.446144670248031616e-01 1.004329998977482319e-03 -3.208216428756713867e-01
4.160096347332000732e-01 4.947823286056518555e-02 -5.412103142589330673e-03 -2.782217226922512054e-02
4.169991910457611084e-01 -1.455656886100769043e-01 -5.968546494841575623e-03 2.631482779979705811e-01
4.140878915786743164e-01 4.964094609022140503e-02 -7.055810419842600822e-04 -3.141120448708534241e-02
4.150806963443756104e-01 -1.454708725214004517e-01 -1.333805150352418423e-03 2.610490322113037109e-01
4.121713042259216309e-01 4.967008903622627258e-02 3.887175349518656731e-03 -3.205430507659912109e-02
4.131647050380706787e-01 2.447360754013061523e-01 3.246089210733771324e-03 -3.235082626342773438e-01
4.180594086647033691e-01 4.956805706024169922e-02 -3.224076004698872566e-03 -2.980341762304306030e-02
4.190507829189300537e-01 -1.455075144767761230e-01 -3.820144338533282280e-03 2.618605494499206543e-01
4.161406159400939941e-01 4.966876283288002014e-02 1.417066319845616817e-03 -3.202485665678977966e-02
4.171339869499206543e-01 2.447703629732131958e-01 7.765691843815147877e-04 -3.242603540420532227e-01
4.220294058322906494e-01 4.963736236095428467e-02 -5.708637647330760956e-03 -3.133262321352958679e-02
4.230221509933471680e-01 -1.454022526741027832e-01 -6.335290148854255676e-03 2.595437169075012207e-01
4.201140999794006348e-01 4.980955645442008972e-02 -1.144415931776165962e-03 -3.513069823384284973e-02
4.211103022098541260e-01 -1.452959626913070679e-01 -1.847029896453022957e-03 2.571909427642822266e-01
4.182043671607971191e-01 4.985230788588523865e-02 3.296788781881332397e-03 -3.607400134205818176e-02
4.192014336585998535e-01 2.449268251657485962e-01 2.575308782979846001e-03 -3.277149498462677002e-01
4.240999519824981689e-01 4.976830631494522095e-02 -3.978990018367767334e-03 -3.422098606824874878e-02
4.250953197479248047e-01 -1.452963650226593018e-01 -4.663409665226936340e-03 2.572038769721984863e-01
4.221894145011901855e-01 4.989185929298400879e-02 4.806677752640098333e-04 -3.694630786776542664e-02
4.231872260570526123e-01 2.450069189071655273e-01 -2.582583692856132984e-04 -3.294775485992431641e-01
4.280873835086822510e-01 4.988864064216613770e-02 -6.847809068858623505e-03 -3.687606751918792725e-02
4.290851652622222900e-01 -1.451344490051269531e-01 -7.585330400615930557e-03 2.536384761333465576e-01
4.261824488639831543e-01 5.009498819708824158e-02 -2.512561157345771790e-03 -4.142732545733451843e-02
4.271843731403350830e-01 -1.449908465147018433e-01 -3.341107629239559174e-03 2.504618167877197266e-01
4.242845475673675537e-01 5.017866194248199463e-02 1.668128301389515400e-03 -4.327309876680374146e-02
4.252881109714508057e-01 2.452766448259353638e-01 8.026663563214242458e-04 -3.354292511940002441e-01
4.301936626434326172e-01 5.014328658580780029e-02 -5.905918776988983154e-03 -4.249331355094909668e-02
4.311965107917785645e-01 -1.448934823274612427e-01 -6.755785085260868073e-03 2.483204007148742676e-01
4.282986521720886230e-01 5.032429844141006470e-02 -1.789376838132739067e-03 -4.648576676845550537e-02
4.293051362037658691e-01 -1.447719484567642212e-01 -2.719092182815074921e-03 2.456320673227310181e-01
4.264096915721893311e-01 5.038873106241226196e-02 2.193548949435353279e-03 -4.790729284286499023e-02
4.274174571037292480e-01 -1.447646021842956543e-01 1.235403236933052540e-03 2.454669177532196045e-01
4.245221912860870361e-01 5.033968016505241394e-02 6.144741550087928772e-03 -4.682608321309089661e-02
4.255289733409881592e-01 2.453729808330535889e-01 5.208219867199659348e-03 -3.375639617443084717e-01
4.304364323616027832e-01 5.017730593681335449e-02 -1.543059712275862694e-03 -4.324321821331977844e-02
4.314399659633636475e-01 -1.449224799871444702e-01 -2.407924039289355278e-03 2.489524632692337036e-01
4.285415410995483398e-01 5.023377388715744019e-02 2.571125049144029617e-03 -4.448900371789932251e-02
4.295462071895599365e-01 2.453187555074691772e-01 1.681344932876527309e-03 -3.363596200942993164e-01
4.344525635242462158e-01 5.017292127013206482e-02 -5.045847035944461823e-03 -4.314695298671722412e-02
4.354560375213623047e-01 -1.448763161897659302e-01 -5.908786319196224213e-03 2.479397058486938477e-01
4.325585067272186279e-01 5.032952502369880676e-02 -9.499922743998467922e-04 -4.660111665725708008e-02
4.335651099681854248e-01 -1.447787880897521973e-01 -1.882014563307166100e-03 2.457819283008575439e-01
4.306695163249969482e-01 5.036998912692070007e-02 3.033624030649662018e-03 -4.749403521418571472e-02
4.316769242286682129e-01 2.454483062028884888e-01 2.083743223920464516e-03 -3.392182886600494385e-01
4.365859031677246094e-01 5.029677227139472961e-02 -4.700622521340847015e-03 -4.587899148464202881e-02
4.375918209552764893e-01 -1.447574645280838013e-01 -5.618202500045299530e-03 2.453171461820602417e-01
4.346966743469238281e-01 5.044428259134292603e-02 -7.118593784980475903e-04 -4.913258925080299377e-02
4.357055723667144775e-01 -1.446674615144729614e-01 -1.694511156529188156e-03 2.433256506919860840e-01
4.328122138977050781e-01 5.047865957021713257e-02 3.172002034261822701e-03 -4.989128187298774719e-02
4.338217973709106445e-01 2.455549836158752441e-01 2.174176275730133057e-03 -3.415717184543609619e-01
4.387328922748565674e-01 5.040216445922851562e-02 -4.657258279621601105e-03 -4.820398613810539246e-02
4.397409260272979736e-01 -1.446526944637298584e-01 -5.621337797492742538e-03 2.430059015750885010e-01
4.368478655815124512e-01 5.054909735918045044e-02 -7.612199406139552593e-04 -5.144482478499412537e-02
4.378588497638702393e-01 -1.445619314908981323e-01 -1.790116424672305584e-03 2.409978359937667847e-01
4.349676072597503662e-01 5.058554559946060181e-02 3.029840299859642982e-03 -5.224920809268951416e-02
4.359793365001678467e-01 2.456639260053634644e-01 1.984856091439723969e-03 -3.439746499061584473e-01
4.408926069736480713e-01 5.051378905773162842e-02 -4.894637037068605423e-03 -5.066648870706558228e-02
4.419028759002685547e-01 -1.445376425981521606e-01 -5.907966755330562592e-03 2.404681295156478882e-01
4.390121400356292725e-01 5.066820979118347168e-02 -1.098604290746152401e-03 -5.407246202230453491e-02
4.400255084037780762e-01 -1.444379687309265137e-01 -2.180053619667887688e-03 2.382636368274688721e-01
4.371367394924163818e-01 5.071505531668663025e-02 2.585219452157616615e-03 -5.510613694787025452e-02
4.381510317325592041e-01 -1.444438695907592773e-01 1.483096624724566936e-03 2.383913248777389526e-01
4.352621734142303467e-01 5.065686628222465515e-02 6.250923033803701401e-03 -5.382342264056205750e-02
4.362753033638000488e-01 2.456886321306228638e-01 5.174454767256975174e-03 -3.445276021957397461e-01
4.411890804767608643e-01 5.049345269799232483e-02 -1.716097351163625717e-03 -5.021746829152107239e-02
4.421989321708679199e-01 -1.446038484573364258e-01 -2.720446791499853134e-03 2.419235259294509888e-01
4.393068552017211914e-01 5.055685713887214661e-02 2.118023810908198357e-03 -5.161626264452934265e-02
4.403179883956909180e-01 2.456483691930770874e-01 1.085698488168418407e-03 -3.436301946640014648e-01
4.452309608459472656e-01 5.051099509000778198e-02 -5.786905065178871155e-03 -5.060509219765663147e-02
4.462411999702453613e-01 -1.445275098085403442e-01 -6.799006834626197815e-03 2.402464151382446289e-01
4.433506429195404053e-01 5.069091171026229858e-02 -1.994078746065497398e-03 -5.457332730293273926e-02
4.443644583225250244e-01 -1.444023847579956055e-01 -3.085545264184474945e-03 2.374797910451889038e-01
4.414764046669006348e-01 5.076350271701812744e-02 1.664050272665917873e-03 -5.617481470108032227e-02
4.424916803836822510e-01 -1.443822681903839111e-01 5.405539995990693569e-04 2.370326668024063110e-01
4.396040439605712891e-01 5.073195695877075195e-02 5.281207151710987091e-03 -5.547970533370971680e-02
4.406186640262603760e-01 2.457777857780456543e-01 4.171613138169050217e-03 -3.464916944503784180e-01
4.455342292785644531e-01 5.059674754738807678e-02 -2.758220769464969635e-03 -5.249623954296112061e-02
4.465461671352386475e-01 -1.444855481386184692e-01 -3.808145644143223763e-03 2.393151670694351196e-01
4.436564445495605469e-01 5.069059878587722778e-02 9.781578555703163147e-04 -5.456651374697685242e-02
4.446702599525451660e-01 -1.444453597068786621e-01 -1.131724347942508757e-04 2.384248673915863037e-01
4.417813420295715332e-01 5.067820474505424500e-02 4.655324853956699371e-03 -5.429375544190406799e-02
4.427949190139770508e-01 2.457330971956253052e-01 3.569449763745069504e-03 -3.455042541027069092e-01
4.477095901966094971e-01 5.056055262684822083e-02 -3.340635448694229126e-03 -5.169789493083953857e-02
4.487207829952239990e-01 -1.445133388042449951e-01 -4.374593030661344528e-03 2.399291694164276123e-01
4.458305239677429199e-01 5.067082867026329041e-02 4.239900445099920034e-04 -5.413041263818740845e-02
4.468439519405364990e-01 -1.444571912288665771e-01 -6.586182280443608761e-04 2.386862486600875854e-01
4.439547955989837646e-01 5.067415535449981689e-02 4.115107003599405289e-03 -5.420434474945068359e-02
4.449682831764221191e-01 2.457368671894073486e-01 3.031020052731037140e-03 -3.455860912799835205e-01
4.498830139636993408e-01 5.057192593812942505e-02 -3.880701726302504539e-03 -5.194891244173049927e-02
4.508944451808929443e-01 -1.444941610097885132e-01 -4.919679835438728333e-03 2.395070940256118774e-01
4.480045735836029053e-01 5.069771781563758850e-02 -1.295380352530628443e-04 -5.472356453537940979e-02
4.490185379981994629e-01 -1.444223821163177490e-01 -1.224009320139884949e-03 2.379184961318969727e-01
4.461300671100616455e-01 5.071704089641571045e-02 3.534360555931925774e-03 -5.515027418732643127e-02
4.471444189548492432e-01 2.457881420850753784e-01 2.431354951113462448e-03 -3.467159867286682129e-01
4.520601928234100342e-01 5.063168704509735107e-02 -4.502964671701192856e-03 -5.326735973358154297e-02
4.530728161334991455e-01 -1.444254070520401001e-01 -5.568312015384435654e-03 2.379914522171020508e-01
4.501843154430389404e-01 5.077564716339111328e-02 -8.084829896688461304e-04 -5.644267052412033081e-02
4.511998295783996582e-01 -1.443347036838531494e-01 -1.937336404807865620e-03 2.359850555658340454e-01
4.483131170272827148e-01 5.081487447023391724e-02 2.782364841550588608e-03 -5.730832740664482117e-02
4.493294358253479004e-01 2.458968162536621094e-01 1.636198256164789200e-03 -3.491120934486389160e-01
4.542473554611206055e-01 5.075163766741752625e-02 -5.346043966710567474e-03 -5.591367557644844055e-02
4.552623927593231201e-01 -1.442932486534118652e-01 -6.464317440986633301e-03 2.350777536630630493e-01
4.523765444755554199e-01 5.092045664787292480e-02 -1.762762316502630711e-03 -5.963719263672828674e-02
4.533949494361877441e-01 -1.441761702299118042e-01 -2.955506322905421257e-03 2.324890494346618652e-01
4.505114257335662842e-01 5.098788067698478699e-02 1.694274717010557652e-03 -6.112467497587203979e-02
4.515311717987060547e-01 -1.441583186388015747e-01 4.717812116723507643e-04 2.320923209190368652e-01
4.486480057239532471e-01 5.095688626170158386e-02 5.113627761602401733e-03 -6.044175103306770325e-02
4.496671557426452637e-01 2.460051476955413818e-01 3.904792713001370430e-03 -3.515069186687469482e-01
4.545872509479522705e-01 5.082788318395614624e-02 -3.125345567241311073e-03 -5.759524926543235779e-02
4.556038081645965576e-01 -1.442491114139556885e-01 -4.277250729501247406e-03 2.340999692678451538e-01
4.527188241481781006e-01 5.093368515372276306e-02 4.047488910146057606e-04 -5.992906168103218079e-02
4.537374973297119141e-01 -1.441940665245056152e-01 -7.938322960399091244e-04 2.328815460205078125e-01
4.508536159992218018e-01 5.093921720981597900e-02 3.863798454403877258e-03 -6.005168333649635315e-02
4.518724083900451660e-01 2.460055500268936157e-01 2.662764862179756165e-03 -3.515130579471588135e-01
4.567925035953521729e-01 5.084583908319473267e-02 -4.367496352642774582e-03 -5.799166485667228699e-02
4.578094184398651123e-01 -1.442132145166397095e-01 -5.527329631149768829e-03 2.333100885152816772e-01
4.549251496791839600e-01 5.098727345466613770e-02 -8.611276280134916306e-04 -6.111119687557220459e-02
4.559448957443237305e-01 -1.441223174333572388e-01 -2.083351602777838707e-03 2.312999218702316284e-01
4.530624747276306152e-01 5.102933570742607117e-02 2.542646834626793861e-03 -6.203944236040115356e-02
4.540830552577972412e-01 2.461147457361221313e-01 1.301857875660061836e-03 -3.539190590381622314e-01
4.590053558349609375e-01 5.097430199384689331e-02 -5.776523612439632416e-03 -6.082591041922569275e-02
4.600248336791992188e-01 -1.440643519163131714e-01 -6.993041839450597763e-03 2.300288975238800049e-01
4.571435451507568359e-01 5.115682631731033325e-02 -2.392463618889451027e-03 -6.485164165496826172e-02
4.581666886806488037e-01 -1.439307481050491333e-01 -3.689496545121073723e-03 2.270754873752593994e-01
4.552880525588989258e-01 5.124374106526374817e-02 8.520132978446781635e-04 -6.676895171403884888e-02
4.563129246234893799e-01 -1.438904106616973877e-01 -4.833657585550099611e-04 2.261826694011688232e-01
4.534351229667663574e-01 5.123844370245933533e-02 4.040287341922521591e-03 -6.665269285440444946e-02
4.544599056243896484e-01 2.463022321462631226e-01 2.707233652472496033e-03 -3.580581545829772949e-01
4.593859314918518066e-01 5.114190280437469482e-02 -4.453929606825113297e-03 -6.452280282974243164e-02
4.604087769985198975e-01 -1.439159065485000610e-01 -5.744385533034801483e-03 2.267515659332275391e-01
4.575304687023162842e-01 5.128766223788261414e-02 -1.209354144521057606e-03 -6.773780286312103271e-02
4.585562050342559814e-01 -1.438169330358505249e-01 -2.564110327512025833e-03 2.245633155107498169e-01
4.556798934936523438e-01 5.134157463908195496e-02 1.927156117744743824e-03 -6.892732530832290649e-02
4.567067027091979980e-01 -1.438079476356506348e-01 5.486097070388495922e-04 2.243630141019821167e-01
4.538305401802062988e-01 5.130615457892417908e-02 5.035869777202606201e-03 -6.814681738615036011e-02
4.548566639423370361e-01 2.463555485010147095e-01 3.672933671623468399e-03 -3.592366576194763184e-01
4.597837924957275391e-01 5.118157342076301575e-02 -3.511799499392509460e-03 -6.539782881736755371e-02
4.608074128627777100e-01 -1.438898444175720215e-01 -4.819755908101797104e-03 2.261750400066375732e-01
4.579296112060546875e-01 5.130064859986305237e-02 -2.962554281111806631e-04 -6.802431493997573853e-02
4.589556455612182617e-01 -1.438170522451400757e-01 -1.656741718761622906e-03 2.245651185512542725e-01
4.560793042182922363e-01 5.132853612303733826e-02 2.834560815244913101e-03 -6.863994151353836060e-02
4.571058750152587891e-01 -1.438339352607727051e-01 1.461762003600597382e-03 2.249359488487243652e-01
4.542291760444641113e-01 5.126709118485450745e-02 5.960481241345405579e-03 -6.728551536798477173e-02
4.552545249462127686e-01 2.463030815124511719e-01 4.614770878106355667e-03 -3.580819368362426758e-01
4.601805806159973145e-01 5.111582949757575989e-02 -2.546868054196238518e-03 -6.394743919372558594e-02
4.612028896808624268e-01 -1.439695060253143311e-01 -3.825816791504621506e-03 2.279308438301086426e-01
4.583235085010528564e-01 5.120690166950225830e-02 7.328002830035984516e-04 -6.595642119646072388e-02
4.593476653099060059e-01 -1.439255475997924805e-01 -5.863280966877937317e-04 2.269576191902160645e-01
4.564691483974456787e-01 5.120477825403213501e-02 3.952824510633945465e-03 -6.591019779443740845e-02
4.574932456016540527e-01 2.462698370218276978e-01 2.634620293974876404e-03 -3.573433756828308105e-01
4.624186456203460693e-01 5.111052840948104858e-02 -4.512247163802385330e-03 -6.383084505796432495e-02
4.634408354759216309e-01 -1.439464390277862549e-01 -5.788864102214574814e-03 2.274250239133834839e-01
4.605619013309478760e-01 5.125775933265686035e-02 -1.240363344550132751e-03 -6.707827746868133545e-02
4.615870714187622070e-01 -1.438463926315307617e-01 -2.581928856670856476e-03 2.252130508422851562e-01
4.587101340293884277e-01 5.131236836314201355e-02 1.922331983223557472e-03 -6.828320026397705078e-02
4.597363770008087158e-01 -1.438370943069458008e-01 5.566680920310318470e-04 2.250056117773056030e-01
4.568596482276916504e-01 5.127690359950065613e-02 5.056780297309160233e-03 -6.750166416168212891e-02
4.578851759433746338e-01 2.463259845972061157e-01 3.706747200340032578e-03 -3.585848808288574219e-01
4.628117084503173828e-01 5.115154013037681580e-02 -3.464950248599052429e-03 -6.473542749881744385e-02
4.638347327709197998e-01 -1.439205557107925415e-01 -4.759659059345722198e-03 2.268522828817367554e-01
4.609563350677490234e-01 5.126908794045448303e-02 -2.226132783107459545e-04 -6.732821464538574219e-02
4.619817137718200684e-01 -1.438496708869934082e-01 -1.569177489727735519e-03 2.252844721078872681e-01
4.591047167778015137e-01 5.129466950893402100e-02 2.936511766165494919e-03 -6.789302080869674683e-02
4.601306021213531494e-01 2.463743984699249268e-01 1.578651368618011475e-03 -3.596480190753936768e-01
4.650580883026123047e-01 5.123004317283630371e-02 -5.614309106022119522e-03 -6.646772474050521851e-02
4.660826921463012695e-01 -1.438109725713729858e-01 -6.943663582205772400e-03 2.244385778903961182e-01
4.632064700126647949e-01 5.140953138470649719e-02 -2.454891800880432129e-03 -7.042653113603591919e-02
4.642346799373626709e-01 -1.436771452426910400e-01 -3.863422432914376259e-03 2.214808613061904907e-01
4.613611102104187012e-01 5.149982124567031860e-02 5.661946488544344902e-04 -7.241824269294738770e-02
4.623911082744598389e-01 -1.436302363872528076e-01 -8.821701630949974060e-04 2.204432636499404907e-01
4.595185220241546631e-01 5.150430649518966675e-02 3.526695072650909424e-03 -7.251780480146408081e-02
4.605486094951629639e-01 2.465755194425582886e-01 2.076339209452271461e-03 -3.640859425067901611e-01
4.654801189899444580e-01 5.142412334680557251e-02 -5.205379799008369446e-03 -7.074904441833496094e-02
4.665085971355438232e-01 -1.436228156089782715e-01 -6.620361004024744034e-03 2.202870249748229980e-01
4.636361300945281982e-01 5.159313976764678955e-02 -2.214620588347315788e-03 -7.447686046361923218e-02
4.646680057048797607e-01 -1.434969902038574219e-01 -3.704157657921314240e-03 2.175065129995346069e-01
4.617980718612670898e-01 5.167771503329277039e-02 6.459726137109100819e-04 -7.634255290031433105e-02
4.628316164016723633e-01 -1.434534937143325806e-01 -8.808784186840057373e-04 2.165441066026687622e-01
4.599625468254089355e-01 5.168104171752929688e-02 3.450003685429692268e-03 -7.641655206680297852e-02
4.609961807727813721e-01 -1.434901952743530273e-01 1.921672723256051540e-03 2.173528671264648438e-01
4.581263661384582520e-01 5.160422995686531067e-02 6.268729921430349350e-03 -7.472326606512069702e-02
4.591584503650665283e-01 2.466357499361038208e-01 4.774264525622129440e-03 -3.654218018054962158e-01
4.640911519527435303e-01 5.144628137350082397e-02 -2.534171566367149353e-03 -7.123731076717376709e-02
4.651200771331787109e-01 -1.436392515897750854e-01 -3.958917688578367233e-03 2.206449955701828003e-01
4.622473120689392090e-01 5.153906717896461487e-02 4.539821820799261332e-04 -7.328409701585769653e-02
4.632780849933624268e-01 -1.435893923044204712e-01 -1.011699787341058254e-03 2.195420265197753906e-01
4.604063034057617188e-01 5.154700949788093567e-02 3.379140747711062431e-03 -7.345986366271972656e-02
4.614372253417968750e-01 -1.436232179403305054e-01 1.909943413920700550e-03 2.202872782945632935e-01
4.585647583007812500e-01 5.147137492895126343e-02 6.315689068287611008e-03 -7.179255783557891846e-02
4.595941901206970215e-01 2.465022206306457520e-01 4.879837855696678162e-03 -3.624761998653411865e-01
4.645242393016815186e-01 5.131124705076217651e-02 -2.369685797020792961e-03 -6.825855374336242676e-02
4.655504822731018066e-01 -1.437766551971435547e-01 -3.734856843948364258e-03 2.236757874488830566e-01
4.626749455928802490e-01 5.139848217368125916e-02 7.386587676592171192e-04 -7.018291950225830078e-02
4.637029170989990234e-01 -1.437340527772903442e-01 -6.649995921179652214e-04 2.227329611778259277e-01
4.608282148838043213e-01 5.139739811420440674e-02 3.789659822359681129e-03 -7.015965133905410767e-02
4.618561863899230957e-01 2.464648187160491943e-01 2.386466832831501961e-03 -3.616445064544677734e-01
4.667854607105255127e-01 5.130902305245399475e-02 -4.846423398703336716e-03 -6.821004301309585571e-02
4.678116440773010254e-01 -1.437431126832962036e-01 -6.210624706000089645e-03 2.229398787021636963e-01
4.649367928504943848e-01 5.146705731749534607e-02 -1.751826959662139416e-03 -7.169563323259353638e-02
4.659661352634429932e-01 -1.436297297477722168e-01 -3.185739507898688316e-03 2.204340696334838867e-01
4.630935192108154297e-01 5.153760686516761780e-02 1.222941675223410130e-03 -7.325206696987152100e-02
4.641242921352386475e-01 -1.436018496751785278e-01 -2.420996315777301788e-04 2.198164463043212891e-01
4.612522423267364502e-01 5.152355507016181946e-02 4.154229536652565002e-03 -7.294283062219619751e-02
4.622827172279357910e-01 2.465857118368148804e-01 2.695372793823480606e-03 -3.643122017383575439e-01
4.672144353389739990e-01 5.142555013298988342e-02 -4.590871278196573257e-03 -7.078059017658233643e-02
4.682429432868957520e-01 -1.436302810907363892e-01 -6.006482988595962524e-03 2.204503715038299561e-01
4.653703272342681885e-01 5.157700553536415100e-02 -1.597475493326783180e-03 -7.412117719650268555e-02
4.664018750190734863e-01 -1.435220092535018921e-01 -3.079899121075868607e-03 2.180573046207427979e-01
4.635314345359802246e-01 5.164383724331855774e-02 1.281247125007212162e-03 -7.559555768966674805e-02
4.645643234252929688e-01 -1.434964537620544434e-01 -2.306640526512637734e-04 2.174913287162780762e-01
4.616943895816802979e-01 5.162879079580307007e-02 4.119162447750568390e-03 -7.526434212923049927e-02
4.627269506454467773e-01 2.466914504766464233e-01 2.613875782117247581e-03 -3.666448295116424561e-01
4.676607847213745117e-01 5.153245106339454651e-02 -4.719020798802375793e-03 -7.313884794712066650e-02
4.686914384365081787e-01 -1.435215324163436890e-01 -6.181797478348016739e-03 2.180514782667160034e-01
4.658209979534149170e-01 5.168823897838592529e-02 -1.820767996832728386e-03 -7.657501846551895142e-02
4.668547809123992920e-01 -1.434075683355331421e-01 -3.352268366143107414e-03 2.155328989028930664e-01
4.639866352081298828e-01 5.176215246319770813e-02 9.583896026015281677e-04 -7.820560038089752197e-02
4.650218784809112549e-01 -1.433735191822052002e-01 -6.057223654352128506e-04 2.147795557975769043e-01
4.621543884277343750e-01 5.175708234310150146e-02 3.689868608489632607e-03 -7.809438556432723999e-02
4.631895422935485840e-01 -1.434175670146942139e-01 2.127980813384056091e-03 2.157504111528396606e-01
4.603211879730224609e-01 5.167389288544654846e-02 6.442989222705364227e-03 -7.626049220561981201e-02
4.613546729087829590e-01 2.467028945684432983e-01 4.917779471725225449e-03 -3.669036924839019775e-01
4.662887156009674072e-01 5.151140317320823669e-02 -2.420294331386685371e-03 -7.267417758703231812e-02
4.673189520835876465e-01 -1.435757726430892944e-01 -3.873778041452169418e-03 2.192441523075103760e-01
4.644474387168884277e-01 5.160134285688400269e-02 5.111051141284406185e-04 -7.465820014476776123e-02
4.654794633388519287e-01 -1.435279250144958496e-01 -9.820589330047369003e-04 2.181859314441680908e-01
4.626089036464691162e-01 5.160804465413093567e-02 3.381659742444753647e-03 -7.480660825967788696e-02
4.636410772800445557e-01 2.466813474893569946e-01 1.885527512058615685e-03 -3.664206862449645996e-01
4.685747027397155762e-01 5.153265967965126038e-02 -5.442886147648096085e-03 -7.314383238554000854e-02
4.696053564548492432e-01 -1.435108333826065063e-01 -6.905762944370508194e-03 2.178168892860412598e-01
4.667351245880126953e-01 5.170914530754089355e-02 -2.549425233155488968e-03 -7.703638821840286255e-02
4.677693247795104980e-01 -1.433761715888977051e-01 -4.090153146535158157e-03 2.148410975933074951e-01
4.649017751216888428e-01 5.180402100086212158e-02 2.066688612103462219e-04 -7.912923395633697510e-02
4.659378528594970703e-01 -1.433208882808685303e-01 -1.375915831886231899e-03 2.136188894510269165e-01
4.630714356899261475e-01 5.182070285081863403e-02 2.896461868658661842e-03 -7.949774712324142456e-02
4.641078710556030273e-01 -1.433426439762115479e-01 1.306506921537220478e-03 2.140976190567016602e-01
4.612410068511962891e-01 5.176059901714324951e-02 5.588459316641092300e-03 -7.817289978265762329e-02
4.622762203216552734e-01 2.468019872903823853e-01 4.025001078844070435e-03 -3.690874278545379639e-01
4.672122597694396973e-01 5.162308365106582642e-02 -3.356747096404433250e-03 -7.513808459043502808e-02
4.682447314262390137e-01 -1.434505879878997803e-01 -4.859508946537971497e-03 2.164838910102844238e-01
4.653757214546203613e-01 5.174049735069274902e-02 -5.298309843055903912e-04 -7.772796601057052612e-02
4.664105176925659180e-01 -1.433738470077514648e-01 -2.084390260279178619e-03 2.147877514362335205e-01
4.635430574417114258e-01 5.177783593535423279e-02 2.211364684626460075e-03 -7.855195552110671997e-02
4.645785987377166748e-01 -1.433757394552230835e-01 6.403254810720682144e-04 2.148278355598449707e-01
4.617110788822174072e-01 5.173704400658607483e-02 4.936882294714450836e-03 -7.765302807092666626e-02
4.627458155155181885e-01 2.467878758907318115e-01 3.383821574971079826e-03 -3.687742650508880615e-01
4.676815867424011230e-01 5.161800980567932129e-02 -3.991663921624422073e-03 -7.502631098031997681e-02
4.687139391899108887e-01 -1.434464901685714722e-01 -5.492189899086952209e-03 2.163945585489273071e-01
4.658450186252593994e-01 5.175354331731796265e-02 -1.164298737421631813e-03 -7.801576703786849976e-02
4.668800830841064453e-01 -1.433517038822174072e-01 -2.724613994359970093e-03 2.142995893955230713e-01
4.640130400657653809e-01 5.180909857153892517e-02 1.561377779580652714e-03 -7.924155145883560181e-02
4.650492370128631592e-01 -1.433351933956146240e-01 -2.345323264307808131e-05 2.139335870742797852e-01
4.621825218200683594e-01 5.178708583116531372e-02 4.255218431353569031e-03 -7.875674217939376831e-02
4.632182717323303223e-01 -1.433956027030944824e-01 2.680083736777305603e-03 2.152656763792037964e-01
4.603503644466400146e-01 5.168792977929115295e-02 6.985397078096866608e-03 -7.657063007354736328e-02
4.613841176033020020e-01 2.467090487480163574e-01 5.453984718769788742e-03 -3.670414686203002930e-01
4.663183093070983887e-01 5.151002109050750732e-02 -1.886844867840409279e-03 -7.264383137226104736e-02
4.673484861850738525e-01 -1.435848325490951538e-01 -3.339721588417887688e-03 2.194431871175765991e-01
4.644767940044403076e-01 5.158470198512077332e-02 1.049142330884933472e-03 -7.429134845733642578e-02
4.655084908008575439e-01 -1.435522735118865967e-01 -4.366845823824405670e-04 2.187224030494689941e-01
4.626374542713165283e-01 5.157591402530670166e-02 3.937763627618551254e-03 -7.409823685884475708e-02
4.636689722537994385e-01 2.466411888599395752e-01 2.455798676237463951e-03 -3.655361831188201904e-01
4.686017930507659912e-01 5.148442834615707397e-02 -4.854924976825714111e-03 -7.207991927862167358e-02
4.696314930915832520e-01 -1.435675919055938721e-01 -6.296523381024599075e-03 2.190673053264617920e-01
4.667601287364959717e-01 5.164380371570587158e-02 -1.915177330374717712e-03 -7.559513300657272339e-02
4.677930176258087158e-01 -1.434506326913833618e-01 -3.427080111578106880e-03 2.164829373359680176e-01
