-4.882742837071418762e-02 3.306813910603523254e-02 -2.275544032454490662e-02 3.242406621575355530e-02
-4.816606640815734863e-02 -1.617202311754226685e-01 -2.210695855319499969e-02 3.178414404392242432e-01
-5.140046775341033936e-02 3.370950371026992798e-02 -1.575013063848018646e-02 1.826956495642662048e-02
-5.072627961635589600e-02 -1.611830741167068481e-01 -1.538473833352327347e-02 3.059418201446533203e-01
-5.394994094967842102e-02 3.415469452738761902e-02 -9.265902452170848846e-03 8.446912281215190887e-03
-5.326684564352035522e-02 2.294082939624786377e-01 -9.096964262425899506e-03 -2.871450483798980713e-01
-4.867868125438690186e-02 3.441725298762321472e-02 -1.483986526727676392e-02 2.654939889907836914e-03
-4.799033701419830322e-02 -1.604887694120407104e-01 -1.478676591068506241e-02 2.906190156936645508e-01
-5.120011046528816223e-02 3.484087809920310974e-02 -8.974386379122734070e-03 -6.690567824989557266e-03
-5.050329491496086121e-02 2.300903797149658203e-01 -9.108196943998336792e-03 -3.021914660930633545e-01
-4.590148478746414185e-02 3.509941324591636658e-02 -1.515202689915895462e-02 -1.239491999149322510e-02
-4.519949853420257568e-02 -1.598019897937774658e-01 -1.539992447942495346e-02 2.754691243171691895e-01
-4.839553683996200562e-02 3.553624823689460754e-02 -9.890542365610599518e-03 -2.203091047704219818e-02
-4.768481105566024780e-02 -1.594424694776535034e-01 -1.033116132020950317e-02 2.675150930881500244e-01
-5.087366327643394470e-02 3.582538291811943054e-02 -4.980858881026506424e-03 -2.840836346149444580e-02
-5.015715584158897400e-02 -1.592247933149337769e-01 -5.549026187509298325e-03 2.626988887786865234e-01
-5.334164947271347046e-02 3.597592934966087341e-02 -2.950482594314962626e-04 -3.172907978296279907e-02
-5.262213200330734253e-02 2.311021089553833008e-01 -9.296298376284539700e-04 -3.245050907135009766e-01
-4.800008982419967651e-02 3.599340841174125671e-02 -7.419731467962265015e-03 -3.211546689271926880e-02
-4.728022217750549316e-02 -1.590213626623153687e-01 -8.062040433287620544e-03 2.582172453403472900e-01
-5.046064779162406921e-02 3.621475771069526672e-02 -2.897695871070027351e-03 -3.699761629104614258e-02
-4.973635450005531311e-02 -1.588655263185501099e-01 -3.637648187577724457e-03 2.547696530818939209e-01
-5.291366204619407654e-02 3.630818054080009460e-02 1.457744860090315342e-03 -3.905843198299407959e-02
-5.218749865889549255e-02 2.314091920852661133e-01 6.765762809664011002e-04 -3.312810659408569336e-01
-4.755931720137596130e-02 3.627762198448181152e-02 -5.949045065790414810e-03 -3.838485851883888245e-02
-4.683376476168632507e-02 -1.587585210800170898e-01 -6.716742180287837982e-03 2.524151504039764404e-01
-5.000893399119377136e-02 3.645869717001914978e-02 -1.668439013883471489e-03 -4.237876087427139282e-02
-4.927976056933403015e-02 -1.586392968893051147e-01 -2.516014268621802330e-03 2.497772872447967529e-01
-5.245254561305046082e-02 3.651849925518035889e-02 2.479531569406390190e-03 -4.369817674160003662e-02
-5.172217637300491333e-02 2.316048145294189453e-01 1.605568220838904381e-03 -3.355977535247802734e-01
-4.709007963538169861e-02 3.646004572510719299e-02 -5.106386728584766388e-03 -4.240895062685012817e-02
-4.636088013648986816e-02 -1.585883051156997681e-01 -5.954565946012735367e-03 2.486584931612014771e-01
-4.953264445066452026e-02 3.661816939711570740e-02 -9.813959477469325066e-04 -4.589666426181793213e-02
-4.880028218030929565e-02 -1.584896892309188843e-01 -1.899329246953129768e-03 2.464764565229415894e-01
-5.197007581591606140e-02 3.665933012962341309e-02 3.030200023204088211e-03 -4.680495336651802063e-02
-5.123689025640487671e-02 2.317377030849456787e-01 2.094100927934050560e-03 -3.385302722454071045e-01
-4.660213366150856018e-02 3.658601269125938416e-02 -4.676504991948604584e-03 -4.518773034214973450e-02
-4.587041586637496948e-02 -1.584685742855072021e-01 -5.580259487032890320e-03 2.460160553455352783e-01
-4.903978481888771057e-02 3.673263639211654663e-02 -6.599383195862174034e-04 -4.842178151011466980e-02
-4.830513522028923035e-02 -1.583798527717590332e-01 -1.628373982384800911e-03 2.440528571605682373e-01
-5.147273093461990356e-02 3.676532581448554993e-02 3.252683207392692566e-03 -4.914325475692749023e-02
-5.073742568492889404e-02 2.318404912948608398e-01 2.269817981868982315e-03 -3.407981693744659424e-01
-4.610061272978782654e-02 3.668631240725517273e-02 -4.546144977211952209e-03 -4.740032926201820374e-02
-4.536688700318336487e-02 -1.583701521158218384e-01 -5.494151730090379715e-03 2.438447922468185425e-01
-4.853429272770881653e-02 3.682983666658401489e-02 -6.172559224069118500e-04 -5.056605488061904907e-02
-4.779769480228424072e-02 -1.582832634449005127e-01 -1.628577010706067085e-03 2.419220507144927979e-01
-5.096336081624031067e-02 3.686191886663436890e-02 3.209864022210240364e-03 -5.127412080764770508e-02
-5.022612214088439941e-02 2.319376915693283081e-01 2.184381708502769470e-03 -3.429425954818725586e-01
-4.558736830949783325e-02 3.678473830223083496e-02 -4.674470052123069763e-03 -4.957163333892822266e-02
-4.485167190432548523e-02 -1.582698673009872437e-01 -5.665902514010667801e-03 2.416328042745590210e-01
-4.801706969738006592e-02 3.693255037069320679e-02 -8.332466240972280502e-04 -5.283190682530403137e-02
-4.727841913700103760e-02 -1.581774353981018066e-01 -1.889884704723954201e-03 2.395880073308944702e-01
-5.044196918606758118e-02 3.697145357728004456e-02 2.901875413954257965e-03 -5.369044095277786255e-02
-4.970254004001617432e-02 2.320516705513000488e-01 1.828066655434668064e-03 -3.454563915729522705e-01
-4.506150633096694946e-02 3.690376877784729004e-02 -5.081061273813247681e-03 -5.219756811857223511e-02
-4.432342946529388428e-02 -1.581449508666992188e-01 -6.125012412667274475e-03 2.388779222965240479e-01
-4.748632758855819702e-02 3.706395626068115234e-02 -1.347454148344695568e-03 -5.573070049285888672e-02
-4.674505069851875305e-02 -1.580386459827423096e-01 -2.462068106979131699e-03 2.365267872810363770e-01
-4.990582168102264404e-02 3.711839020252227783e-02 2.268467796966433525e-03 -5.693173035979270935e-02
-4.916345328092575073e-02 -1.580360084772109985e-01 1.129833166487514973e-03 2.364660501480102539e-01
-5.232417583465576172e-02 3.706977888941764832e-02 5.859154276549816132e-03 -5.586027726531028748e-02
-5.158277973532676697e-02 2.321072369813919067e-01 4.741948563605546951e-03 -3.466888666152954102e-01
-4.694063588976860046e-02 3.691815212368965149e-02 -2.191828330978751183e-03 -5.251439660787582397e-02
-4.620227217674255371e-02 -1.581723093986511230e-01 -3.242116421461105347e-03 2.394761890172958374e-01
-4.936571791768074036e-02 3.699581325054168701e-02 1.547407358884811401e-03 -5.422763153910636902e-02
-4.862580075860023499e-02 -1.581482887268066406e-01 4.628547176253050566e-04 2.389431148767471313e-01
-5.178876593708992004e-02 3.696704283356666565e-02 5.241716746240854263e-03 -5.359378084540367126e-02
-5.104942619800567627e-02 2.320134490728378296e-01 4.169841296970844269e-03 -3.446182906627655029e-01
-4.640915617346763611e-02 3.683242574334144592e-02 -2.722524804994463921e-03 -5.062339082360267639e-02
-4.567250981926918030e-02 -1.582503765821456909e-01 -3.734992584213614464e-03 2.411993145942687988e-01
-4.883751645684242249e-02 3.692472353577613831e-02 1.088993740268051624e-03 -5.265938490629196167e-02
-4.809902235865592957e-02 -1.582128256559371948e-01 3.580609700293280184e-05 2.403669357299804688e-01
-5.126328021287918091e-02 3.690861165523529053e-02 4.843144677579402924e-03 -5.230470374226570129e-02
-5.052510648965835571e-02 2.319607883691787720e-01 3.797050565481185913e-03 -3.434556424617767334e-01
-4.588589072227478027e-02 3.678502142429351807e-02 -3.072062507271766663e-03 -4.957778751850128174e-02
-4.515019059181213379e-02 -1.582927405834197998e-01 -4.063618369400501251e-03 2.421343028545379639e-01
-4.831604659557342529e-02 3.688701614737510681e-02 7.790678064338862896e-04 -5.182762816548347473e-02
-4.757830500602722168e-02 -1.582460999488830566e-01 -2.574847603682428598e-04 2.411009967327117920e-01
-5.074322596192359924e-02 3.687953203916549683e-02 4.564535338431596756e-03 -5.166313424706459045e-02
-5.000563710927963257e-02 2.319357395172119141e-01 3.531272523105144501e-03 -3.429024219512939453e-01
-4.536692053079605103e-02 3.676372393965721130e-02 -3.326775971800088882e-03 -4.910803958773612976e-02
-4.463164880871772766e-02 -1.583103686571121216e-01 -4.308936651796102524e-03 2.425234019756317139e-01
-4.779785498976707458e-02 3.687286749482154846e-02 5.415314226411283016e-04 -5.151554942131042480e-02
-4.706039652228355408e-02 -1.582568436861038208e-01 -4.887796239927411079e-04 2.413381785154342651e-01
-5.022553354501724243e-02 3.687208518385887146e-02 4.337984137237071991e-03 -5.149887502193450928e-02
-4.948809370398521423e-02 2.319315671920776367e-01 3.308006562292575836e-03 -3.428099751472473145e-01
-4.484946280717849731e-02 3.676271066069602966e-02 -3.548193024471402168e-03 -4.908574745059013367e-02
-4.411420598626136780e-02 -1.583081781864166260e-01 -4.529907833784818649e-03 2.424755841493606567e-01
-4.728037118911743164e-02 3.687817975878715515e-02 3.196036559529602528e-04 -5.163274332880973816e-02
-4.654280841350555420e-02 -1.582483500242233276e-01 -7.130511803552508354e-04 2.411510050296783447e-01
-4.970777407288551331e-02 3.688377887010574341e-02 4.109968896955251694e-03 -5.175675451755523682e-02
-4.897009953856468201e-02 2.319465577602386475e-01 3.074833890423178673e-03 -3.431401252746582031e-01
-4.433116689324378967e-02 3.678099438548088074e-02 -3.787968540564179420e-03 -4.948916658759117126e-02
-4.359554871916770935e-02 -1.582864373922348022e-01 -4.777751863002777100e-03 2.419962137937545776e-01
-4.676127806305885315e-02 3.690343722701072693e-02 6.217245390871539712e-05 -5.218989774584770203e-02
-4.602320864796638489e-02 -1.582194119691848755e-01 -9.816255187615752220e-04 2.405126392841339111e-01
-4.918759688735008240e-02 3.691655397415161133e-02 3.828627290204167366e-03 -5.247975140810012817e-02
-4.844926297664642334e-02 2.319833934307098389e-01 2.779032336547970772e-03 -3.439522683620452881e-01
-4.380959644913673401e-02 3.682202100753784180e-02 -4.100013058632612228e-03 -5.039429292082786560e-02
-4.307315498590469360e-02 -1.582408994436264038e-01 -5.107898730784654617e-03 2.409922331571578979e-01
-4.623797535896301270e-02 3.695364296436309814e-02 -2.880542015191167593e-04 -5.329748243093490601e-02
-4.549890011548995972e-02 -1.581641733646392822e-01 -1.354003790766000748e-03 2.392945438623428345e-01
-4.866218566894531250e-02 3.697708994150161743e-02 3.431887133046984673e-03 -5.381516367197036743e-02
-4.792264476418495178e-02 2.320496588945388794e-01 2.355583943426609039e-03 -3.454133272171020508e-01
-4.328164830803871155e-02 3.689428418874740601e-02 -4.552682861685752869e-03 -5.198853090405464172e-02
-4.254376515746116638e-02 -1.581620872020721436e-01 -5.592453293502330780e-03 2.392545193433761597e-01
-4.570700600743293762e-02 3.703930228948593140e-02 -8.073628996498882771e-04 -5.518716573715209961e-02
-4.496622085571289062e-02 -1.580710560083389282e-01 -1.911106170155107975e-03 2.372409254312515259e-01
-4.812764003872871399e-02 3.707814216613769531e-02 2.833712147548794746e-03 -5.604421347379684448e-02
-4.738608002662658691e-02 -1.580843329429626465e-01 1.712827943265438080e-03 2.375314235687255859e-01
-5.054776370525360107e-02 3.701311349868774414e-02 6.463456433266401291e-03 -5.461073294281959534e-02
-4.980750381946563721e-02 2.320417910814285278e-01 5.371241830289363861e-03 -3.452473878860473633e-01
-4.516666755080223083e-02 3.684384748339653015e-02 -1.533706323243677616e-03 -5.087557062506675720e-02
-4.442979022860527039e-02 -1.582560837268829346e-01 -2.551217796280980110e-03 2.413230687379837036e-01
-4.759491235017776489e-02 3.690222278237342834e-02 2.275243634358048439e-03 -5.216349288821220398e-02
-4.685686528682708740e-02 -1.582522839307785034e-01 1.231973641552031040e-03 2.412364184856414795e-01
-5.002191290259361267e-02 3.685205429792404175e-02 6.056702230125665665e-03 -5.105765163898468018e-02
-4.928487166762351990e-02 2.318866401910781860e-01 5.035548936575651169e-03 -3.418234884738922119e-01
-4.464713856577873230e-02 3.669340535998344421e-02 -1.800920930691063404e-03 -4.755692183971405029e-02
-4.391327127814292908e-02 -1.584026813507080078e-01 -2.752059372141957283e-03 2.445572614669799805e-01
-4.708132520318031311e-02 3.675847500562667847e-02 2.139085670933127403e-03 -4.899246618151664734e-02
-4.634615406394004822e-02 2.318496853113174438e-01 1.159236300736665726e-03 -3.409997224807739258e-01
-4.170915856957435608e-02 3.671126440167427063e-02 -5.660758353769779205e-03 -4.795147106051445007e-02
-4.097493365406990051e-02 -1.583290547132492065e-01 -6.619787774980068207e-03 2.429400682449340820e-01
-4.414151608943939209e-02 3.688681870698928833e-02 -1.760986167937517166e-03 -5.182353034615516663e-02
-4.340377822518348694e-02 -1.582098454236984253e-01 -2.797456691041588783e-03 2.403032779693603516e-01
-4.656797647476196289e-02 3.695196285843849182e-02 2.008608775213360786e-03 -5.326073616743087769e-02
-4.582893848419189453e-02 -1.581987291574478149e-01 9.433939703740179539e-04 2.400552481412887573e-01
-4.899291321635246277e-02 3.690972924232482910e-02 5.744498688727617264e-03 -5.232996121048927307e-02
-4.825471714138984680e-02 2.319488376379013062e-01 4.697899799793958664e-03 -3.431949317455291748e-01
-4.361573979258537292e-02 3.676037490367889404e-02 -2.165999030694365501e-03 -4.903427883982658386e-02
-4.288053140044212341e-02 -1.583304554224014282e-01 -3.146684495732188225e-03 2.429644763469696045e-01
-4.604714363813400269e-02 3.683630377054214478e-02 1.712605007924139500e-03 -5.070933699607849121e-02
-4.531041532754898071e-02 -1.583101600408554077e-01 6.984182400628924370e-04 2.425134330987930298e-01
-4.847661778330802917e-02 3.680180385708808899e-02 5.548687186092138290e-03 -4.994910582900047302e-02
-4.774058237671852112e-02 2.318437546491622925e-01 4.549704957753419876e-03 -3.408762216567993164e-01
-4.310370981693267822e-02 3.665736690163612366e-02 -2.267819596454501152e-03 -4.676206409931182861e-02
-4.237056151032447815e-02 -1.584319919347763062e-01 -3.203060943633317947e-03 2.452044785022735596e-01
-4.553920030593872070e-02 3.673556074500083923e-02 1.701028784736990929e-03 -4.848704114556312561e-02
-4.480449110269546509e-02 -1.584107428789138794e-01 7.312879897654056549e-04 2.447320818901062012e-01
-4.797270521521568298e-02 3.670075908303260803e-02 5.625929683446884155e-03 -4.772008210420608521e-02
-4.723868891596794128e-02 2.317415922880172729e-01 4.671528004109859467e-03 -3.386226892471313477e-01
-4.260385781526565552e-02 3.655347600579261780e-02 -2.100925426930189133e-03 -4.447028413414955139e-02
-4.187278822064399719e-02 -1.585382819175720215e-01 -2.990331267938017845e-03 2.475490421056747437e-01
-4.504355415701866150e-02 3.662624582648277283e-02 1.960649620741605759e-03 -4.607560113072395325e-02
-4.431102797389030457e-02 2.317200303077697754e-01 1.039137598127126694e-03 -3.381392657756805420e-01
-3.967662900686264038e-02 3.658330440521240234e-02 -5.723647773265838623e-03 -4.512884840369224548e-02
-3.894496336579322815e-02 -1.584561020135879517e-01 -6.626225076615810394e-03 2.457427382469177246e-01
-4.211408272385597229e-02 3.675985336303710938e-02 -1.711370307020843029e-03 -4.902287572622299194e-02
-4.137888550758361816e-02 -1.583375185728073120e-01 -2.691827714443206787e-03 2.431196123361587524e-01
-4.454563558101654053e-02 3.682278096675872803e-02 2.170564373955130577e-03 -5.041117221117019653e-02
-4.380918294191360474e-02 -1.583302319049835205e-01 1.162340980954468250e-03 2.429557889699935913e-01
-4.697578772902488708e-02 3.677510097622871399e-02 6.021456792950630188e-03 -4.936027154326438904e-02
-4.624028503894805908e-02 2.318101972341537476e-01 5.034251604229211807e-03 -3.401373028755187988e-01
-4.160407930612564087e-02 3.661697730422019958e-02 -1.768494839780032635e-03 -4.587113112211227417e-02
-4.087173938751220703e-02 -1.584795713424682617e-01 -2.685917541384696960e-03 2.462532967329025269e-01
-4.404133185744285583e-02 3.668063879013061523e-02 2.239148365333676338e-03 -4.727562144398689270e-02
-4.330771788954734802e-02 -1.584733426570892334e-01 1.293636043556034565e-03 2.461129277944564819e-01
-4.647718742489814758e-02 3.663010150194168091e-02 6.215894594788551331e-03 -4.616167023777961731e-02
-4.574458301067352295e-02 2.316623777151107788e-01 5.292661488056182861e-03 -3.368769586086273193e-01
-4.111133515834808350e-02 3.646550327539443970e-02 -1.444877940230071545e-03 -4.252972453832626343e-02
-4.038202762603759766e-02 -1.586356908082962036e-01 -2.295472426339983940e-03 2.496969848871231079e-01
-4.355474188923835754e-02 3.651895746588706970e-02 2.698467345908284187e-03 -4.370910301804542542e-02
-4.282436147332191467e-02 2.316021174192428589e-01 1.824285136535763741e-03 -3.355394303798675537e-01
-3.819232061505317688e-02 3.645424544811248779e-02 -4.886503331363201141e-03 -4.228176549077033997e-02
-3.746323287487030029e-02 -1.585972905158996582e-01 -5.732138641178607941e-03 2.488554269075393677e-01
-4.063517972826957703e-02 3.660604730248451233e-02 -7.550299051217734814e-04 -4.563001543283462524e-02
-3.990305960178375244e-02 -1.585050672292709351e-01 -1.667630160227417946e-03 2.468145936727523804e-01
-4.307316243648529053e-02 3.664065897464752197e-02 3.268661675974726677e-03 -4.639387130737304688e-02
-4.234034568071365356e-02 2.317155897617340088e-01 2.340784296393394470e-03 -3.380437195301055908e-01
-3.770603612065315247e-02 3.656040504574775696e-02 -4.420090001076459885e-03 -4.462355375289916992e-02
-3.697482869029045105e-02 -1.584978848695755005e-01 -5.312561057507991791e-03 2.466615289449691772e-01
-4.014478623867034912e-02 3.669953346252441406e-02 -3.793306532315909863e-04 -4.769236221909523010e-02
-3.941079601645469666e-02 -1.584169715642929077e-01 -1.333177904598414898e-03 2.448708564043045044e-01
-4.257913306355476379e-02 3.672399371862411499e-02 3.564239246770739555e-03 -4.823228716850280762e-02
-4.184465482831001282e-02 2.317946553230285645e-01 2.599593484774231911e-03 -3.397885262966156006e-01
-3.720876201987266541e-02 3.663581237196922302e-02 -4.196177236735820770e-03 -4.628698155283927917e-02
-3.647604584693908691e-02 -1.584257185459136963e-01 -5.121916998177766800e-03 2.450690567493438721e-01
-3.964455798268318176e-02 3.676901012659072876e-02 -2.205357304774224758e-04 -4.922502860426902771e-02
-3.890917822718620300e-02 -1.583497822284698486e-01 -1.205036300234496593e-03 2.433883100748062134e-01
-4.207617416977882385e-02 3.678936511278152466e-02 3.662729868665337563e-03 -4.967447370290756226e-02
-4.134038835763931274e-02 -1.583849191665649414e-01 2.669240348041057587e-03 2.441618144512176514e-01
-4.450808465480804443e-02 3.669881075620651245e-02 7.552476599812507629e-03 -4.767796769738197327e-02
-4.377410933375358582e-02 2.317116558551788330e-01 6.598917301744222641e-03 -3.379684984683990479e-01
-3.913987800478935242e-02 3.649642691016197205e-02 -1.604521967237815261e-04 -4.321194812655448914e-02
-3.840994834899902344e-02 -1.586232185363769531e-01 -1.024691155180335045e-03 2.494203448295593262e-01
-4.158241301774978638e-02 3.651334717869758606e-02 3.963715862482786179e-03 -4.358560964465141296e-02
-4.085214436054229736e-02 2.315782308578491211e-01 3.092003753408789635e-03 -3.350153267383575439e-01
-3.622058033943176270e-02 3.641241416335105896e-02 -3.608302678912878036e-03 -4.135893657803535461e-02
-3.549233078956604004e-02 -1.586576104164123535e-01 -4.435481503605842590e-03 2.501833438873291016e-01
-3.866548463702201843e-02 3.652740269899368286e-02 5.681857001036405563e-04 -4.389530792832374573e-02
-3.793493658304214478e-02 -1.586026847362518311e-01 -3.097204607911407948e-04 2.489668279886245728e-01
-4.110699146986007690e-02 3.652368113398551941e-02 4.669615998864173889e-03 -4.381377249956130981e-02
-4.037651792168617249e-02 2.315783649682998657e-01 3.793340874835848808e-03 -3.350197374820709229e-01
-3.574495017528533936e-02 3.640262782573699951e-02 -2.907054033130407333e-03 -4.114300757646560669e-02
-3.501689806580543518e-02 -1.586775183677673340e-01 -3.729914082214236259e-03 2.506212890148162842e-01
-3.819044679403305054e-02 3.649749979376792908e-02 1.282511744648218155e-03 -4.323578253388404846e-02
-3.746049851179122925e-02 -1.586428135633468628e-01 4.177961673121899366e-04 2.498515099287033081e-01
-4.063335433602333069e-02 3.647316619753837585e-02 5.414826329797506332e-03 -4.269960150122642517e-02
-3.990389034152030945e-02 2.315170466899871826e-01 4.560834262520074844e-03 -3.336691856384277344e-01
-3.527354821562767029e-02 3.633048385381698608e-02 -2.112549496814608574e-03 -3.955150768160820007e-02
-3.454693779349327087e-02 -1.587611138820648193e-01 -2.903579501435160637e-03 2.524641454219818115e-01
-3.772216290235519409e-02 3.640218451619148254e-02 2.145703183487057686e-03 -4.113321378827095032e-02
-3.699411824345588684e-02 -1.587504744529724121e-01 1.323039061389863491e-03 2.522259354591369629e-01
-4.016912728548049927e-02 3.635256364941596985e-02 6.367557682096958160e-03 -4.003939032554626465e-02
-3.944207727909088135e-02 2.313826233148574829e-01 5.566769745200872421e-03 -3.307065069675445557e-01
-3.481442481279373169e-02 3.618187829852104187e-02 -1.047360245138406754e-03 -3.627330064773559570e-02
-3.409078717231750488e-02 -1.589250415563583374e-01 -1.772826304659247398e-03 2.560789883136749268e-01
-3.726928681135177612e-02 3.622218221426010132e-02 3.348753554746508598e-03 -3.716258704662322998e-02
-3.654484450817108154e-02 2.312959581613540649e-01 2.605501795187592506e-03 -3.287870585918426514e-01
-3.191892430186271667e-02 3.613700345158576965e-02 -3.970239777117967606e-03 -3.528362885117530823e-02
-3.119618445634841919e-02 -1.589277833700180054e-01 -4.675912205129861832e-03 2.561440169811248779e-01
-3.437473997473716736e-02 3.626061230897903442e-02 4.469680134207010269e-04 -3.801010176539421082e-02
-3.364952653646469116e-02 -1.588677465915679932e-01 -3.132340207230299711e-04 2.548138201236724854e-01
-3.682688251137733459e-02 3.625867515802383423e-02 4.783042240887880325e-03 -3.796789422631263733e-02
-3.610171005129814148e-02 2.313117086887359619e-01 4.023684188723564148e-03 -3.291378915309906006e-01
-3.147547319531440735e-02 3.613271191716194153e-02 -2.559073502197861671e-03 -3.518880531191825867e-02
-3.075282089412212372e-02 -1.589524447917938232e-01 -3.262849524617195129e-03 2.566856145858764648e-01
-3.393187001347541809e-02 3.621593490242958069e-02 1.870862557552754879e-03 -3.702468052506446838e-02
-3.320755064487457275e-02 -1.589327901601791382e-01 1.130368909798562527e-03 2.562479376792907715e-01
-3.638620674610137939e-02 3.617300093173980713e-02 6.255327723920345306e-03 -3.607824444770812988e-02
-3.566274791955947876e-02 2.312046885490417480e-01 5.533762741833925247e-03 -3.267810046672821045e-01
-3.103865310549736023e-02 3.600439429283142090e-02 -1.001857337541878223e-03 -3.235812112689018250e-02
-3.031856566667556763e-02 -1.591031700372695923e-01 -1.649019774049520493e-03 2.600085437297821045e-01
-3.350062668323516846e-02 3.604227676987648010e-02 3.551151137799024582e-03 -3.319405391812324524e-02
-3.277978301048278809e-02 2.311131209135055542e-01 2.887269947677850723e-03 -3.247544467449188232e-01
-2.815752103924751282e-02 3.595018014311790466e-02 -3.607818856835365295e-03 -3.116239234805107117e-02
-2.743851765990257263e-02 -1.591198444366455078e-01 -4.231066908687353134e-03 2.603800594806671143e-01
-3.062091395258903503e-02 3.606224805116653442e-02 9.765343274921178818e-04 -3.363440185785293579e-02
-2.989966794848442078e-02 -1.590736955404281616e-01 3.038462600670754910e-04 2.593564689159393311e-01
-3.308114409446716309e-02 3.604391962289810181e-02 5.490975454449653625e-03 -3.323060274124145508e-02
-3.236026316881179810e-02 2.310867011547088623e-01 4.826363641768693924e-03 -3.241760134696960449e-01
-2.773853018879890442e-02 3.589636087417602539e-02 -1.657156855799257755e-03 -2.997497841715812683e-02
-2.702060341835021973e-02 -1.592017859220504761e-01 -2.256656298413872719e-03 2.621846497058868408e-01
-3.020463883876800537e-02 3.595230355858802795e-02 2.987036248669028282e-03 -3.120920993387699127e-02
-2.948559261858463287e-02 -1.592123508453369141e-01 2.362852217629551888e-03 2.624146640300750732e-01
-3.266983851790428162e-02 3.587578609585762024e-02 7.611145265400409698e-03 -2.952206134796142578e-02
-3.195232525467872620e-02 2.308877706527709961e-01 7.020703982561826706e-03 -3.197939097881317139e-01
-2.733456902205944061e-02 3.566653653979301453e-02 6.248260615393519402e-04 -2.490520477294921875e-02
-2.662123739719390869e-02 -1.594643741846084595e-01 1.267219922738149762e-04 2.679747939109802246e-01
-2.981052547693252563e-02 3.565577417612075806e-02 5.486217793077230453e-03 -2.466815896332263947e-02
-2.909740991890430450e-02 2.306986153125762939e-01 4.992854781448841095e-03 -3.156150877475738525e-01
-2.448343671858310699e-02 3.550590574741363525e-02 -1.319446950219571590e-03 -2.136177010834217072e-02
-2.377332001924514771e-02 -1.595970988273620605e-01 -1.746682333759963512e-03 2.709045708179473877e-01
-2.696526236832141876e-02 3.554973378777503967e-02 3.671408863738179207e-03 -2.232876233756542206e-02
-2.625426650047302246e-02 2.306188344955444336e-01 3.224833635613322258e-03 -3.138510584831237793e-01
-2.164188958704471588e-02 3.545109927654266357e-02 -3.052187617868185043e-03 -2.015287056565284729e-02
-2.093286812305450439e-02 -1.596269458532333374e-01 -3.455244936048984528e-03 2.715654969215393066e-01
-2.412540651857852936e-02 3.554413840174674988e-02 1.976064871996641159e-03 -2.220522612333297729e-02
-2.341452427208423615e-02 -1.596060991287231445e-01 1.531960442662239075e-03 2.711005210876464844e-01
-2.660664543509483337e-02 3.549396246671676636e-02 6.953970529139041901e-03 -2.109882980585098267e-02
-2.589676715433597565e-02 2.305154949426651001e-01 6.531994324177503586e-03 -3.115796148777008057e-01
-2.128645777702331543e-02 3.530110046267509460e-02 3.004019381478428841e-04 -1.684386655688285828e-02
-2.058043517172336578e-02 -1.598251610994338989e-01 -3.647541598184034228e-05 2.759338319301605225e-01
-2.377693727612495422e-02 3.529731184244155884e-02 5.482200998812913895e-03 -1.676060631871223450e-02
-2.307099103927612305e-02 2.303402125835418701e-01 5.146989133208990097e-03 -3.077087998390197754e-01
-1.846418716013431549e-02 3.514530509710311890e-02 -1.007187180221080780e-03 -1.340710744261741638e-02
-1.776128076016902924e-02 -1.599621921777725220e-01 -1.275329268537461758e-03 2.789578735828399658e-01
-2.096052467823028564e-02 3.517793491482734680e-02 4.303827881813049316e-03 -1.412702072411775589e-02
-2.025696635246276855e-02 2.302379012107849121e-01 4.021287895739078522e-03 -3.054489493370056152e-01
-1.565220765769481659e-02 3.505887463688850403e-02 -2.087691100314259529e-03 -1.150051224976778030e-02
-1.495103072375059128e-02 -1.600330770015716553e-01 -2.317701233550906181e-03 2.805230021476745605e-01
-1.815169304609298706e-02 3.512186184525489807e-02 3.292758483439683914e-03 -1.289002783596515656e-02
-1.744925603270530701e-02 -1.600471585988998413e-01 3.034957917407155037e-03 2.808299958705902100e-01
-2.065019868314266205e-02 3.503137081861495972e-02 8.651557378470897675e-03 -1.089418586343526840e-02
-1.994957029819488525e-02 2.300281822681427002e-01 8.433673530817031860e-03 -3.008349239826202393e-01
-1.534900721162557602e-02 3.478704765439033508e-02 2.416975097730755806e-03 -5.504175554960966110e-03
-1.465326640754938126e-02 -1.603694856166839600e-01 2.306891605257987976e-03 2.879403531551361084e-01
-1.786065660417079926e-02 3.471949696540832520e-02 8.065698668360710144e-03 -4.014106933027505875e-03
-1.716626621782779694e-02 2.297248542308807373e-01 7.985416799783706665e-03 -2.941413223743438721e-01
-1.257176883518695831e-02 3.448996692895889282e-02 2.102589933201670647e-03 1.049342215992510319e-03
-1.188196986913681030e-02 -1.606620699167251587e-01 2.123576821759343147e-03 2.943949103355407715e-01
-1.509521156549453735e-02 3.442953526973724365e-02 8.011475205421447754e-03 2.382493577897548676e-03
-1.440662052482366562e-02 2.294356822967529297e-01 8.059125393629074097e-03 -2.877619862556457520e-01
-9.817906655371189117e-03 3.419973328709602356e-02 2.303885295987129211e-03 7.451780140399932861e-03
-9.133912622928619385e-03 -1.609551906585693359e-01 2.452920889481902122e-03 3.008607327938079834e-01
-1.235301606357097626e-02 3.413172066211700439e-02 8.470135740935802460e-03 8.952402509748935699e-03
-1.167038176208734512e-02 2.291311770677566528e-01 8.649183437228202820e-03 -2.810460925102233887e-01
-7.087758276611566544e-03 3.388692811131477356e-02 3.028261242434382439e-03 1.435214653611183167e-02
-6.410019472241401672e-03 2.289653122425079346e-01 3.315304173156619072e-03 -2.773737907409667969e-01
-1.830713124945759773e-03 3.379622846841812134e-02 -2.232171595096588135e-03 1.635293476283550262e-02
-1.154788536950945854e-03 -1.612936407327651978e-01 -1.905112992972135544e-03 3.083307445049285889e-01
-4.380661528557538986e-03 3.385540470480918884e-02 4.261502064764499664e-03 1.504761073738336563e-02
-3.703553229570388794e-03 2.289159744977951050e-01 4.562454298138618469e-03 -2.762877345085144043e-01
8.747663232497870922e-04 3.372923657298088074e-02 -9.633001754991710186e-04 1.783070713281631470e-02
1.549351029098033905e-03 -1.613788902759552002e-01 -6.066860514692962170e-04 3.102095425128936768e-01
-1.678226632066071033e-03 3.375170379877090454e-02 5.597504787147045135e-03 1.733534969389438629e-02
-1.003192621283233166e-03 2.287929356098175049e-01 5.944211967289447784e-03 -2.735762596130371094e-01
3.572666086256504059e-03 3.358667343854904175e-02 4.726867191493511200e-04 2.097554691135883331e-02
4.244399722665548325e-03 -1.615420579910278320e-01 8.921976550482213497e-04 3.138075768947601318e-01
1.013558474369347095e-03 3.356717899441719055e-02 7.168349344283342361e-03 2.140615135431289673e-02
1.684902119450271130e-03 2.285856008529663086e-01 7.596472278237342834e-03 -2.690064907073974609e-01
6.256613880395889282e-03 3.335606679320335388e-02 2.216342603787779808e-03 2.606270276010036469e-02
6.923735141754150391e-03 -1.617975980043411255e-01 2.737596631050109863e-03 3.194440901279449463e-01
3.687783377245068550e-03 3.328525647521018982e-02 9.126477874815464020e-03 2.762575075030326843e-02
4.353488795459270477e-03 2.282751500606536865e-01 9.678993374109268188e-03 -2.621637582778930664e-01
8.918991312384605408e-03 3.301638364791870117e-02 4.435718059539794922e-03 3.355625271797180176e-02
9.579319506883621216e-03 2.280744463205337524e-01 5.106843076646327972e-03 -2.577238678932189941e-01
1.414080802351236343e-02 3.287995606660842896e-02 -4.763403194374404848e-05 3.656545281410217285e-02
1.479840744286775589e-02 -1.622413098812103271e-01 6.836750544607639313e-04 3.292333483695983887e-01
1.155358087271451950e-02 3.287089988589286804e-02 7.268342189490795135e-03 3.676610067486763000e-02
1.221099868416786194e-02 2.278878688812255859e-01 8.003664202988147736e-03 -2.536147534847259521e-01
1.676875725388526917e-02 3.265256062150001526e-02 2.931369002908468246e-03 4.158188775181770325e-02
1.742180809378623962e-02 -1.625113040208816528e-01 3.763006767258048058e-03 3.351882398128509521e-01
1.417158171534538269e-02 3.255689144134521484e-02 1.046677120029926300e-02 4.369434714317321777e-02
1.482271961867809296e-02 2.275272011756896973e-01 1.134065818041563034e-02 -2.456679195165634155e-01
1.937326416373252869e-02 3.224512934684753418e-02 6.427300162613391876e-03 5.057043209671974182e-02
2.001816593110561371e-02 2.272743284702301025e-01 7.438708562403917313e-03 -2.400777190923690796e-01
2.456365339457988739e-02 3.204691037535667419e-02 2.637154189869761467e-03 5.494226887822151184e-02
2.520459145307540894e-02 -1.631127595901489258e-01 3.735999576747417450e-03 3.484560847282409668e-01
2.194233611226081848e-02 3.195586055517196655e-02 1.070512086153030396e-02 5.695357173681259155e-02
2.258145250380039215e-02 2.269226908683776855e-01 1.184419263154268265e-02 -2.323326766490936279e-01
2.711990661919116974e-02 3.163352608680725098e-02 7.197538856416940689e-03 6.406264007091522217e-02
2.775257825851440430e-02 2.266515493392944336e-01 8.478791452944278717e-03 -2.263407558202743530e-01
3.228560835123062134e-02 3.140945360064506531e-02 3.951976541429758072e-03 6.900459527969360352e-02
3.291379660367965698e-02 2.264745235443115234e-01 5.332068540155887604e-03 -2.224288433790206909e-01
3.744328767061233521e-02 3.127676993608474731e-02 8.834916516207158566e-04 7.193124294281005859e-02
3.806882351636886597e-02 -1.638578325510025024e-01 2.322116401046514511e-03 3.648927807807922363e-01
3.479166701436042786e-02 3.123103640973567963e-02 9.619972668588161469e-03 7.294296473264694214e-02
3.541628643870353699e-02 2.262137532234191895e-01 1.107883173972368240e-02 -2.166893631219863892e-01
3.994056209921836853e-02 3.093519620597362518e-02 6.745044142007827759e-03 7.946761697530746460e-02
4.055926576256752014e-02 2.259598076343536377e-01 8.334396407008171082e-03 -2.110796123743057251e-01
4.507846385240554810e-02 3.071969188749790192e-02 4.112804308533668518e-03 8.422067016363143921e-02
4.569285735487937927e-02 2.257824391126632690e-01 5.797217600047588348e-03 -2.071618288755416870e-01
5.020850524306297302e-02 3.057807870209217072e-02 1.653981278650462627e-03 8.734417706727981567e-02
5.082006752490997314e-02 -1.645675450563430786e-01 3.400864778086543083e-03 3.805484771728515625e-01
4.752871766686439514e-02 3.050595335662364960e-02 1.101183425635099411e-02 8.893978595733642578e-02
4.813883453607559204e-02 2.254683524370193481e-01 1.279063057154417038e-02 -2.002486586570739746e-01
5.264820158481597900e-02 3.016581572592258453e-02 8.785656653344631195e-03 9.644151479005813599e-02
5.325151979923248291e-02 2.251607477664947510e-01 1.071448717266321182e-02 -1.934566497802734375e-01
5.775473266839981079e-02 2.988718450069427490e-02 6.845354102551937103e-03 1.025868877768516541e-01
5.835247784852981567e-02 2.249103635549545288e-01 8.897091262042522430e-03 -1.879285126924514771e-01
6.285068392753601074e-02 2.966226264834403992e-02 5.138521082699298859e-03 1.075477600097656250e-01
6.344392895698547363e-02 2.247101962566375732e-01 7.289476227015256882e-03 -1.835095733404159546e-01
6.793813407421112061e-02 2.948471158742904663e-02 3.619285067543387413e-03 1.114639714360237122e-01
6.852782517671585083e-02 2.245546132326126099e-01 5.848564207553863525e-03 -1.800749003887176514e-01
7.301892340183258057e-02 2.934946306049823761e-02 2.247066469863057137e-03 1.144472882151603699e-01
7.360590994358062744e-02 2.244391441345214844e-01 4.536012187600135803e-03 -1.775258630514144897e-01
7.809469103813171387e-02 2.925257384777069092e-02 9.854951640591025352e-04 1.165845692157745361e-01
7.867974042892456055e-02 2.243603914976119995e-01 3.317186608910560608e-03 -1.757872849702835083e-01
8.316694945096969604e-02 2.919112332165241241e-02 -1.985590643016621470e-04 1.179402619600296021e-01
8.375077694654464722e-02 2.243159264326095581e-01 2.160246251150965691e-03 -1.748052984476089478e-01
8.823709189891815186e-02 2.916311845183372498e-02 -1.335859880782663822e-03 1.185583323240280151e-01
8.882035315036773682e-02 -1.659396737813949585e-01 1.035306719131767750e-03 4.108195006847381592e-01
8.550155907869338989e-02 2.916759066283702850e-02 9.251696988940238953e-03 1.184631511569023132e-01
8.608490973711013794e-02 2.241557687520980835e-01 1.162096019834280014e-02 -1.712866425514221191e-01
9.056802839040756226e-02 2.886943705379962921e-02 8.195227012038230896e-03 1.250395625829696655e-01
9.114541858434677124e-02 2.238730341196060181e-01 1.069601811468601227e-02 -1.650466322898864746e-01
9.562287479639053345e-02 2.859961055219173431e-02 7.395085878670215607e-03 1.309913098812103271e-01
9.619487076997756958e-02 2.236148566007614136e-01 1.001491211354732513e-02 -1.593494117259979248e-01
1.006671711802482605e-01 2.835096418857574463e-02 6.827923934906721115e-03 1.364760696887969971e-01
1.012341901659965515e-01 2.233744561672210693e-01 9.557445533573627472e-03 -1.540449559688568115e-01
1.057016775012016296e-01 2.811697125434875488e-02 6.476546172052621841e-03 1.416377425193786621e-01
1.062640175223350525e-01 2.231455743312835693e-01 9.309301152825355530e-03 -1.489949375391006470e-01
1.107269302010536194e-01 2.789155766367912292e-02 6.329401861876249313e-03 1.466102898120880127e-01
1.112847551703453064e-01 2.229222953319549561e-01 9.261608123779296875e-03 -1.440691351890563965e-01
1.157432049512863159e-01 2.766894362866878510e-02 6.380225066095590591e-03 1.515212208032608032e-01
1.162965819239616394e-01 2.226989567279815674e-01 9.410649538040161133e-03 -1.391420811414718628e-01
1.207505613565444946e-01 2.744349464774131775e-02 6.627807859331369400e-03 1.564948409795761108e-01
1.212994307279586792e-01 2.224699258804321289e-01 9.757704101502895355e-03 -1.340898275375366211e-01
1.257488280534744263e-01 2.720957621932029724e-02 7.075908128172159195e-03 1.616554707288742065e-01
1.262930184602737427e-01 2.222295254468917847e-01 1.030901726335287094e-02 -1.287868171930313110e-01
1.307376176118850708e-01 2.696141600608825684e-02 7.733281236141920090e-03 1.671305745840072632e-01
1.312768459320068359e-01 2.219718247652053833e-01 1.107589248567819595e-02 -1.231027320027351379e-01
1.357162743806838989e-01 2.669295668601989746e-02 8.613837882876396179e-03 1.730538457632064819e-01
1.362501382827758789e-01 2.216905653476715088e-01 1.207491476088762283e-02 -1.168992891907691956e-01
1.406839489936828613e-01 2.639771066606044769e-02 9.736929088830947876e-03 1.795685887336730957e-01
1.412118971347808838e-01 2.213789820671081543e-01 1.332830078899860382e-02 -1.100268438458442688e-01
1.456394791603088379e-01 2.606860175728797913e-02 1.112776435911655426e-02 1.868311166763305664e-01
1.461608558893203735e-01 2.210295945405960083e-01 1.486438605934381485e-02 -1.023207679390907288e-01
1.505814492702484131e-01 4.159353971481323242e-01 1.281797140836715698e-02 -3.902772068977355957e-01
1.589001566171646118e-01 2.206338942050933838e-01 5.012426991015672684e-03 -9.358064085245132446e-02
1.633128374814987183e-01 2.544045634567737579e-02 3.140814136713743210e-03 2.006794810295104980e-01
1.638216376304626465e-01 2.205173522233963013e-01 7.154403720051050186e-03 -9.101101011037826538e-02
1.682319939136505127e-01 4.155360162258148193e-01 5.334183573722839355e-03 -3.814281523227691650e-01
1.765427142381668091e-01 2.203387320041656494e-01 -2.294379752129316330e-03 -8.706815540790557861e-02
1.809494793415069580e-01 2.524974942207336426e-02 -4.035742953419685364e-03 2.048900127410888672e-01
1.814544796943664551e-01 2.204291820526123047e-01 6.205710815265774727e-05 -8.906326442956924438e-02
1.858630627393722534e-01 2.530634030699729919e-02 -1.719208084978163242e-03 2.036392390727996826e-01
1.863691806793212891e-01 2.204528301954269409e-01 2.353576710447669029e-03 -8.958551287651062012e-02
1.907782405614852905e-01 4.155409634113311768e-01 5.618665018118917942e-04 -3.815249502658843994e-01
1.990890651941299438e-01 2.204110473394393921e-01 -7.068632636219263077e-03 -8.866492658853530884e-02
2.034972906112670898e-01 2.539112605154514313e-02 -8.841930888593196869e-03 2.017794847488403320e-01
2.040051072835922241e-01 2.206384092569351196e-01 -4.806341603398323059e-03 -9.367948770523071289e-02
2.084178775548934937e-01 2.558567561209201813e-02 -6.679931189864873886e-03 1.974831819534301758e-01
2.089295834302902222e-01 2.208025306463241577e-01 -2.730267588049173355e-03 -9.729945659637451172e-02
2.133456468582153320e-01 2.571981772780418396e-02 -4.676256794482469559e-03 1.945208162069320679e-01
2.138600349426269531e-01 2.209083437919616699e-01 -7.858403841964900494e-04 -9.963358193635940552e-02
2.182781994342803955e-01 2.579766698181629181e-02 -2.778512192890048027e-03 1.928013116121292114e-01
2.187941521406173706e-01 2.209592610597610474e-01 1.077514025382697582e-03 -1.007568240165710449e-01
2.232133448123931885e-01 4.160657525062561035e-01 -9.376224479638040066e-04 -3.930996060371398926e-01
2.315346598625183105e-01 2.209571152925491333e-01 -8.799614384770393372e-03 -1.007124483585357666e-01
2.359537929296493530e-01 2.596237324178218842e-02 -1.081386301666498184e-02 1.891812831163406372e-01
2.364730387926101685e-01 2.212373465299606323e-01 -7.030237466096878052e-03 -1.068932637572288513e-01
2.408977895975112915e-01 2.621684782207012177e-02 -9.168103337287902832e-03 1.835633963346481323e-01
2.414221316576004028e-01 2.214687764644622803e-01 -5.496835336089134216e-03 -1.119975745677947998e-01
2.458515018224716187e-01 2.642601728439331055e-02 -7.736786734312772751e-03 1.789460778236389160e-01
2.463800311088562012e-01 2.216578274965286255e-01 -4.157864954322576523e-03 -1.161674633622169495e-01
2.508131861686706543e-01 2.659569308161735535e-02 -6.481214426457881927e-03 1.752007901668548584e-01
2.513450980186462402e-01 2.218098044395446777e-01 -2.977198455482721329e-03 -1.195196732878684998e-01
2.557812929153442383e-01 2.673062868416309357e-02 -5.367591977119445801e-03 1.722224950790405273e-01
2.563159167766571045e-01 2.219289839267730713e-01 -1.923142117448151112e-03 -1.221489012241363525e-01
2.607544958591461182e-01 2.683464437723159790e-02 -4.366120323538780212e-03 1.699266731739044189e-01
2.612911760807037354e-01 2.220188230276107788e-01 -9.675867040641605854e-04 -1.241304278373718262e-01
2.657315433025360107e-01 2.691074088215827942e-02 -3.450195305049419403e-03 1.682470738887786865e-01
2.662697732448577881e-01 2.220819145441055298e-01 -8.525376324541866779e-05 -1.255222856998443604e-01
2.707113921642303467e-01 2.696117758750915527e-02 -2.595699392259120941e-03 1.671337485313415527e-01
2.712506353855133057e-01 2.221201807260513306e-01 7.469753618352115154e-04 -1.263669282197952271e-01
2.756930291652679443e-01 4.172314405441284180e-01 -1.780363032594323158e-03 -4.188140928745269775e-01
2.840376496315002441e-01 2.221347540616989136e-01 -1.015664450824260712e-02 -1.266929656267166138e-01
2.884803712368011475e-01 2.715976536273956299e-02 -1.269050408154726028e-02 1.627684235572814941e-01
2.890235483646392822e-01 2.224610745906829834e-01 -9.435135871171951294e-03 -1.338908374309539795e-01
2.934727668762207031e-01 2.747552655637264252e-02 -1.211295276880264282e-02 1.558005660772323608e-01
2.940222918987274170e-01 2.227687984704971313e-01 -8.996941149234771729e-03 -1.406789720058441162e-01
2.984776496887207031e-01 2.777684852480888367e-02 -1.181052066385746002e-02 1.491520404815673828e-01
2.990331947803497314e-01 2.230659127235412598e-01 -8.827479556202888489e-03 -1.472333371639251709e-01
3.034945130348205566e-01 2.807147987186908722e-02 -1.177214644849300385e-02 1.426516771316528320e-01
3.040559589862823486e-01 2.233600318431854248e-01 -8.919113315641880035e-03 -1.537217944860458374e-01
3.085231482982635498e-01 2.836691588163375854e-02 -1.199354883283376694e-02 1.361340731382369995e-01
3.090904951095581055e-01 2.236585766077041626e-01 -9.270867332816123962e-03 -1.603083908557891846e-01
3.135636448860168457e-01 2.867057733237743378e-02 -1.247703563421964645e-02 1.294354647397994995e-01
3.141370713710784912e-01 2.239690124988555908e-01 -9.888325817883014679e-03 -1.671575605869293213e-01
3.186164498329162598e-01 2.898999676108360291e-02 -1.323147676885128021e-02 1.223895624279975891e-01
3.191962540149688721e-01 2.242989838123321533e-01 -1.078368630260229111e-02 -1.744382232427597046e-01
3.236822187900543213e-01 2.933301962912082672e-02 -1.427245046943426132e-02 1.148233860731124878e-01
3.242688775062561035e-01 2.246565371751785278e-01 -1.197598315775394440e-02 -1.823280155658721924e-01
3.287620246410369873e-01 2.970797941088676453e-02 -1.562254317104816437e-02 1.065530031919479370e-01
3.293561637401580811e-01 2.250502854585647583e-01 -1.349148247390985489e-02 -1.910175383090972900e-01
3.338571786880493164e-01 3.012391179800033569e-02 -1.731183379888534546e-02 9.737903624773025513e-02
3.344596624374389648e-01 2.254896461963653564e-01 -1.536425296217203140e-02 -2.007150799036026001e-01
3.389694690704345703e-01 3.059076890349388123e-02 -1.937855407595634460e-02 8.708181977272033691e-02
3.395812809467315674e-01 -1.642481237649917603e-01 -1.763691753149032593e-02 3.735883533954620361e-01
3.362963199615478516e-01 3.111986443400382996e-02 -1.016515120863914490e-02 7.539695501327514648e-02
3.369187116622924805e-01 2.263860553503036499e-01 -8.657212369143962860e-03 -2.204757034778594971e-01
3.414464294910430908e-01 3.138891607522964478e-02 -1.306672673672437668e-02 6.946385651826858521e-02
3.420742154121398926e-01 2.266957461833953857e-01 -1.167744956910610199e-02 -2.273128777742385864e-01
3.466081321239471436e-01 3.174260258674621582e-02 -1.622370630502700806e-02 6.166379898786544800e-02
3.472429811954498291e-01 -1.631430238485336304e-01 -1.499043032526969910e-02 3.491842150688171387e-01
3.439801037311553955e-01 3.218888118863105774e-02 -8.006746880710124969e-03 5.181224644184112549e-02
3.446238934993743896e-01 2.274247258901596069e-01 -6.970501504838466644e-03 -2.433860898017883301e-01
3.491723835468292236e-01 3.240302205085754395e-02 -1.183822285383939743e-02 4.709004238247871399e-02
3.498204350471496582e-01 -1.625471860170364380e-01 -1.089642196893692017e-02 3.360145092010498047e-01
3.465695083141326904e-01 3.272812068462371826e-02 -4.176131915301084518e-03 3.991545736789703369e-02
3.472240567207336426e-01 2.279097139835357666e-01 -3.377822926267981529e-03 -2.540821433067321777e-01
3.517822623252868652e-01 3.283614665269851685e-02 -8.459465578198432922e-03 3.753343969583511353e-02
3.524389863014221191e-01 -1.621634811162948608e-01 -7.708797231316566467e-03 3.275353610515594482e-01
3.491957187652587891e-01 3.306736797094345093e-02 -1.158089842647314072e-03 3.243142738938331604e-02
3.498570621013641357e-01 2.282059043645858765e-01 -5.094612715765833855e-04 -2.606166601181030273e-01
3.544211685657501221e-01 3.309123218059539795e-02 -5.721794441342353821e-03 3.190552815794944763e-02
3.550829887390136719e-01 -1.619482040405273438e-01 -5.083683878183364868e-03 3.227776885032653809e-01
3.518440425395965576e-01 3.324577212333679199e-02 1.371869933791458607e-03 2.849592082202434540e-02
3.525089621543884277e-01 2.283480167388916016e-01 1.941788243129849434e-03 -2.637538611888885498e-01
3.570758998394012451e-01 3.319840878248214722e-02 -3.333288710564374924e-03 2.954090386629104614e-02
3.577398657798767090e-01 2.283679991960525513e-01 -2.742470707744359970e-03 -2.641918361186981201e-01
3.623072504997253418e-01 3.328530490398406982e-02 -8.026307448744773865e-03 2.762481756508350372e-02
3.629729449748992920e-01 -1.617206335067749023e-01 -7.473811041563749313e-03 3.177645802497863770e-01
3.597385287284851074e-01 3.350696712732315063e-02 -1.118519459851086140e-03 2.273408882319927216e-02
3.604086637496948242e-01 2.286449372768402100e-01 -6.638377089984714985e-04 -2.703015208244323730e-01
3.649815618991851807e-01 3.353247046470642090e-02 -6.069868337363004684e-03 2.217194065451622009e-02
3.656522333621978760e-01 -1.615019142627716064e-01 -5.626429338008165359e-03 3.129335939884185791e-01
3.624221682548522949e-01 3.369973972439765930e-02 6.322422996163368225e-04 1.848158799111843109e-02
3.630961775779724121e-01 2.288126200437545776e-01 1.001873984932899475e-03 -2.740018069744110107e-01
3.676724433898925781e-01 3.367638960480690002e-02 -4.478161688894033432e-03 1.899695955216884613e-02
3.683459460735321045e-01 -1.613810509443283081e-01 -4.098222590982913971e-03 3.102636039257049561e-01
3.651183247566223145e-01 3.379904478788375854e-02 2.107049804180860519e-03 1.629105024039745331e-02
3.657943308353424072e-01 2.288907170295715332e-01 2.432870678603649139e-03 -2.757263183593750000e-01
3.703721463680267334e-01 3.373413905501365662e-02 -3.081656061112880707e-03 1.772292889654636383e-02
3.710468113422393799e-01 2.289001494646072388e-01 -2.727197483181953430e-03 -2.759307026863098145e-01
3.756248056888580322e-01 3.381721302866935730e-02 -8.245811797678470612e-03 1.589081995189189911e-02
3.763011693954467773e-01 -1.611855179071426392e-01 -7.927995175123214722e-03 3.059607446193695068e-01
3.730774521827697754e-01 3.404850512742996216e-02 -1.808780361898243427e-03 1.078809332102537155e-02
3.737584352493286133e-01 2.291963547468185425e-01 -1.593018532730638981e-03 -2.824649810791015625e-01
3.783423602581024170e-01 3.409715741872787476e-02 -7.242318242788314819e-03 9.715094231069087982e-03
3.790242969989776611e-01 -1.609201878309249878e-01 -7.048015948385000229e-03 3.001042008399963379e-01
3.758058845996856689e-01 3.430151194334030151e-02 -1.045931829139590263e-03 5.206839181482791901e-03
3.764919042587280273e-01 2.294384539127349854e-01 -9.417950641363859177e-04 -2.878059148788452148e-01
3.810806870460510254e-01 3.432993963360786438e-02 -6.697913166135549545e-03 4.579836037009954453e-03
3.817672729492187500e-01 -1.606953144073486328e-01 -6.606316659599542618e-03 2.951419949531555176e-01
3.785533905029296875e-01 3.452019020915031433e-02 -7.034767768345773220e-04 3.828719782177358866e-04
3.792437911033630371e-01 -1.605916619300842285e-01 -6.958193262107670307e-04 2.928437590599060059e-01
3.760319650173187256e-01 3.454020246863365173e-02 5.161055829375982285e-03 -5.853745096828788519e-05
3.767227530479431152e-01 2.295877635478973389e-01 5.159885156899690628e-03 -2.911086380481719971e-01
3.813145160675048828e-01 3.439261391758918762e-02 -6.622875225730240345e-04 3.197186626493930817e-03
3.820023536682128906e-01 2.295240610837936401e-01 -5.983437877148389816e-04 -2.896946370601654053e-01
3.865928351879119873e-01 3.441064059734344482e-02 -6.392236333340406418e-03 2.799529116600751877e-03
3.872810602188110352e-01 -1.606190502643585205e-01 -6.336245685815811157e-03 2.934587895870208740e-01
3.840686678886413574e-01 3.459265828132629395e-02 -4.670698544941842556e-04 -1.215744065120816231e-03
3.847605288028717041e-01 2.297213077545166016e-01 -4.913847078569233418e-04 -2.940460145473480225e-01
3.893549442291259766e-01 3.460636362433433533e-02 -6.372304633259773254e-03 -1.518089906312525272e-03
3.900470733642578125e-01 -1.604236215353012085e-01 -6.402666680514812469e-03 2.891474962234497070e-01
3.868386149406433105e-01 3.478904440999031067e-02 -6.197164766490459442e-04 -5.547861102968454361e-03
3.875343799591064453e-01 -1.603240221738815308e-01 -7.306736661121249199e-04 2.869394719600677490e-01
3.843279182910919189e-01 3.480834886431694031e-02 5.008115898817777634e-03 -5.973812658339738846e-03
3.850240707397460938e-01 2.298581153154373169e-01 4.888639319688081741e-03 -2.970724105834960938e-01
3.896212279796600342e-01 3.466682136058807373e-02 -1.052808831445872784e-03 -2.851717174053192139e-03
3.903145790100097656e-01 -1.604400128126144409e-01 -1.109843258745968342e-03 2.894988358020782471e-01
3.871057629585266113e-01 3.469774499535560608e-02 4.680133890360593796e-03 -3.533903276547789574e-03
3.877997398376464844e-01 2.297522574663162231e-01 4.609455820173025131e-03 -2.947365343570709229e-01
3.923947811126708984e-01 3.456490114331245422e-02 -1.285274745896458626e-03 -6.034155958332121372e-04
3.930860757827758789e-01 2.297052592039108276e-01 -1.297343056648969650e-03 -2.936915755271911621e-01
