-1.410844852216541767e-03 2.068603783845901489e-02 2.365819737315177917e-02 -1.544445566833019257e-02
-9.971241233870387077e-04 2.154608517885208130e-01 2.334930747747421265e-02 -3.005700707435607910e-01
3.312092972919344902e-03 2.001401409506797791e-02 1.733790710568428040e-02 -6.156380986794829369e-04
3.712373087182641029e-03 2.148830741643905640e-01 1.732559315860271454e-02 -2.877781987190246582e-01
8.010034449398517609e-03 1.951839216053485870e-02 1.157002989202737808e-02 1.031830348074436188e-02
8.400402963161468506e-03 2.144725173711776733e-01 1.177639607340097427e-02 -2.786917984485626221e-01
1.268985308706760406e-02 1.918456703424453735e-02 6.202559918165206909e-03 1.768199540674686432e-02
1.307354401797056198e-02 -1.760257780551910400e-01 6.556199863553047180e-03 3.123154342174530029e-01
9.553028270602226257e-03 1.900215446949005127e-02 1.280250865966081619e-02 2.170731872320175171e-02
9.933071210980415344e-03 2.139381915330886841e-01 1.323665492236614227e-02 -2.669089436531066895e-01
1.421183533966541290e-02 1.862984895706176758e-02 7.898475974798202515e-03 2.991937287151813507e-02
1.458443235605955124e-02 2.136376500129699707e-01 8.496863767504692078e-03 -2.602610588073730469e-01
1.885718479752540588e-02 1.839543506503105164e-02 3.291642060503363609e-03 3.508972004055976868e-02
1.922509446740150452e-02 -1.767735630273818970e-01 3.993436694145202637e-03 3.288093805313110352e-01
1.568962261080741882e-02 1.829130947589874268e-02 1.056962367147207260e-02 3.738846629858016968e-02
1.605544798076152802e-02 2.132601141929626465e-01 1.131739374250173569e-02 -2.519409954547882080e-01
2.032065019011497498e-02 1.797839440405368805e-02 6.278573535382747650e-03 4.429006949067115784e-02
2.068021893501281738e-02 2.130097597837448120e-01 7.164374925196170807e-03 -2.464053183794021606e-01
2.494041435420513153e-02 1.778621599078178406e-02 2.236268715932965279e-03 4.852878302335739136e-02
2.529613859951496124e-02 -1.773677319288253784e-01 3.206844441592693329e-03 3.419164419174194336e-01
2.174878306686878204e-02 1.770845055580139160e-02 1.004517264664173126e-02 5.024647712707519531e-02
2.210295200347900391e-02 2.126849293708801270e-01 1.105010230094194412e-02 -2.392502576112747192e-01
2.635665051639080048e-02 1.740688271820545197e-02 6.265097297728061676e-03 5.689759925007820129e-02
2.670478820800781250e-02 2.124384492635726929e-01 7.403049152344465256e-03 -2.338020801544189453e-01
3.095355816185474396e-02 1.721150428056716919e-02 2.727007726207375526e-03 6.120678409934043884e-02
3.129778802394866943e-02 -1.779494434595108032e-01 3.951143473386764526e-03 3.547488451004028320e-01
2.773879840970039368e-02 1.711610890924930573e-02 1.104612089693546295e-02 6.331444531679153442e-02
2.808112092316150665e-02 2.120779603719711304e-01 1.231240946799516678e-02 -2.258629947900772095e-01
3.232267871499061584e-02 1.678222604095935822e-02 7.795149460434913635e-03 7.067815959453582764e-02
3.265832364559173584e-02 2.117915600538253784e-01 9.208712726831436157e-03 -2.195352017879486084e-01
3.689415752887725830e-02 1.653919368982315063e-02 4.818008746951818466e-03 7.603824883699417114e-02
3.722494095563888550e-02 2.115917503833770752e-01 6.338773760944604874e-03 -2.151206880807876587e-01
4.145677387714385986e-02 1.637974753975868225e-02 2.036359859630465508e-03 7.955500483512878418e-02
4.178436845541000366e-02 -1.787713319063186646e-01 3.627459984272718430e-03 3.728797137737274170e-01
3.820894286036491394e-02 1.629889756441116333e-02 1.108505390584468842e-02 8.134276419878005981e-02
3.853492066264152527e-02 2.112601995468139648e-01 1.271190959960222244e-02 -2.078222930431365967e-01
4.276012629270553589e-02 1.595881022512912750e-02 8.555463515222072601e-03 8.884333074092864990e-02
4.307930171489715576e-02 2.109570950269699097e-01 1.033233013004064560e-02 -2.011281102895736694e-01
4.729844257235527039e-02 1.568890176713466644e-02 6.309768185019493103e-03 9.479618817567825317e-02
4.761222004890441895e-02 2.107198536396026611e-01 8.205691352486610413e-03 -1.958893537521362305e-01
5.182661861181259155e-02 1.548149343580007553e-02 4.287904594093561172e-03 9.937077015638351440e-02
5.213624984025955200e-02 2.105417251586914062e-01 6.275319959968328476e-03 -1.919562518596649170e-01
5.634708330035209656e-02 1.533057168126106262e-02 2.436195034533739090e-03 1.026996523141860962e-01
5.665369331836700439e-02 -1.798262149095535278e-01 4.490188322961330414e-03 3.961502015590667725e-01
5.305717140436172485e-02 1.523174718022346497e-02 1.241319160908460617e-02 1.048863232135772705e-01
5.336180329322814941e-02 2.101736217737197876e-01 1.451091840863227844e-02 -1.838545948266983032e-01
5.756527930498123169e-02 1.484708674252033234e-02 1.083382684737443924e-02 1.133704409003257751e-01
5.786221846938133240e-02 2.098121345043182373e-01 1.310123503208160400e-02 -1.758748888969421387e-01
6.205846369266510010e-02 1.450516656041145325e-02 9.583737701177597046e-03 1.209120750427246094e-01
6.234856694936752319e-02 2.094885110855102539e-01 1.200197916477918625e-02 -1.687319278717041016e-01
6.653833389282226562e-02 1.419683918356895447e-02 8.627340197563171387e-03 1.277129650115966797e-01
6.682227551937103271e-02 2.091941386461257935e-01 1.118159946054220200e-02 -1.622356921434402466e-01
7.100615650415420532e-02 1.391391828656196594e-02 7.936885580420494080e-03 1.339536607265472412e-01
7.128443568944931030e-02 2.089212834835052490e-01 1.061595883220434189e-02 -1.562147587537765503e-01
7.546286284923553467e-02 1.364896260201931000e-02 7.491663563996553421e-03 1.397982537746429443e-01
7.573583722114562988e-02 2.086628228425979614e-01 1.028762850910425186e-02 -1.505118012428283691e-01
7.990909367799758911e-02 1.339507661759853363e-02 7.277392782270908356e-03 1.453988254070281982e-01
8.017699420452117920e-02 2.084120512008666992e-01 1.018536929041147232e-02 -1.449793577194213867e-01
8.434523642063140869e-02 1.314573455601930618e-02 7.285782136023044586e-03 1.508993804454803467e-01
8.460815250873565674e-02 2.081626057624816895e-01 1.030376926064491272e-02 -1.394761651754379272e-01
8.877140283584594727e-02 1.289460621774196625e-02 7.514246273785829544e-03 1.564395427703857422e-01
8.902929723262786865e-02 2.079081684350967407e-01 1.064303703606128693e-02 -1.338633745908737183e-01
9.318745881319046021e-02 1.263539772480726242e-02 7.965769618749618530e-03 1.621581763029098511e-01
9.344016760587692261e-02 2.076424062252044678e-01 1.120893284678459167e-02 -1.280011534690856934e-01
9.759301692247390747e-02 1.236169598996639252e-02 8.648909628391265869e-03 1.681968867778778076e-01
9.784024953842163086e-02 2.073587924242019653e-01 1.201284769922494888e-02 -1.217450648546218872e-01
1.019874289631843567e-01 1.206680573523044586e-02 9.577946737408638000e-03 1.747034639120101929e-01
1.022287607192993164e-01 2.070503830909729004e-01 1.307201571762561798e-02 -1.149426102638244629e-01
1.063697710633277893e-01 1.174358837306499481e-02 1.077316328883171082e-02 1.818356066942214966e-01
1.066046431660652161e-01 2.067097425460815430e-01 1.440987549722194672e-02 -1.074294000864028931e-01
1.107388362288475037e-01 1.138428971171379089e-02 1.226128730922937393e-02 1.897647082805633545e-01
1.109665185213088989e-01 2.063287049531936646e-01 1.605658233165740967e-02 -9.902518987655639648e-02
1.150930970907211304e-01 1.098035182803869247e-02 1.407607831060886383e-02 1.986799985170364380e-01
1.153127029538154602e-01 2.058981806039810181e-01 1.804967783391475677e-02 -8.952955156564712524e-02
1.194306686520576477e-01 4.007568061351776123e-01 1.625908724963665009e-02 -3.764635920524597168e-01
1.274458020925521851e-01 2.054077535867691040e-01 8.729815483093261719e-03 -7.869876176118850708e-02
1.315539628267288208e-01 1.016175467520952225e-02 7.155839819461107254e-03 2.167256176471710205e-01
1.317571997642517090e-01 2.051806747913360596e-01 1.149035245180130005e-02 -7.369148731231689453e-02
1.358608007431030273e-01 4.001360237598419189e-01 1.001652237027883530e-02 -3.627271354198455811e-01
1.438635289669036865e-01 2.048731595277786255e-01 2.761979820206761360e-03 -6.690270453691482544e-02
1.479609906673431396e-01 9.711721912026405334e-03 1.423925743438303471e-03 2.266503721475601196e-01
1.481552273035049438e-01 2.048133015632629395e-01 5.956932902336120605e-03 -6.558306515216827393e-02
1.522514969110488892e-01 3.998493254184722900e-01 4.645271692425012589e-03 -3.563806116580963135e-01
1.602484732866287231e-01 2.046616524457931519e-01 -2.482340438291430473e-03 -6.223652884364128113e-02
1.643417179584503174e-01 9.575376287102699280e-03 -3.727070987224578857e-03 2.296621650457382202e-01
1.645332127809524536e-01 2.047503888607025146e-01 8.661724859848618507e-04 -6.419406831264495850e-02
1.686282306909561157e-01 9.616029448807239532e-03 -4.177089431323111057e-04 2.287620157003402710e-01
1.688205450773239136e-01 2.047439515590667725e-01 4.157531075179576874e-03 -6.405264884233474731e-02
1.729154288768768311e-01 3.998060524463653564e-01 2.876478480175137520e-03 -3.554209470748901367e-01
1.809115409851074219e-01 2.046433091163635254e-01 -4.231940489262342453e-03 -6.183238327503204346e-02
1.850044131278991699e-01 9.582292288541793823e-03 -5.468588322401046753e-03 2.295123338699340820e-01
1.851960569620132446e-01 2.047819644212722778e-01 -8.783414377830922604e-04 -6.489054113626480103e-02
1.892917007207870483e-01 9.672614745795726776e-03 -2.176152309402823448e-03 2.275151312351226807e-01
1.894851475954055786e-01 2.048255950212478638e-01 2.374150324612855911e-03 -6.585343182086944580e-02
1.935816556215286255e-01 3.999134302139282227e-01 1.057081739418208599e-03 -3.577863574028015137e-01
2.015799283981323242e-01 2.047764658927917480e-01 -6.098645273596048355e-03 -6.477029621601104736e-02
2.056754529476165771e-01 9.742481634020805359e-03 -7.394051644951105118e-03 2.259822487831115723e-01
2.058703154325485229e-01 2.049693167209625244e-01 -2.874406520277261734e-03 -6.902383267879486084e-02
2.099696993827819824e-01 9.888697415590286255e-03 -4.254883155226707458e-03 2.227508127689361572e-01
2.101674675941467285e-01 2.050712108612060547e-01 2.001331595238298178e-04 -7.127122581005096436e-02
2.142688930034637451e-01 4.001902937889099121e-01 -1.225291402079164982e-03 -3.638910055160522461e-01
2.222726941108703613e-01 2.050857692956924438e-01 -8.503111079335212708e-03 -7.159468531608581543e-02
2.263744175434112549e-01 1.008674968034029007e-02 -9.935005567967891693e-03 2.183933854103088379e-01
2.265761494636535645e-01 2.053492963314056396e-01 -5.567137617617845535e-03 -7.740683108568191528e-02
2.306831330060958862e-01 1.030759979039430618e-02 -7.115274202078580856e-03 2.135144621133804321e-01
2.308892905712127686e-01 2.055305540561676025e-01 -2.844984875991940498e-03 -8.140442520380020142e-02
2.349998950958251953e-01 1.044949796050786972e-02 -4.473073408007621765e-03 2.103795409202575684e-01
2.352088838815689087e-01 2.056351155042648315e-01 -2.654824638739228249e-04 -8.371104300022125244e-02
2.393215894699096680e-01 4.007608890533447266e-01 -1.939703244715929031e-03 -3.764777183532714844e-01
2.473368048667907715e-01 2.056665271520614624e-01 -9.469257667660713196e-03 -8.440701663494110107e-02
2.514501512050628662e-01 1.068158540874719620e-02 -1.115739811211824417e-02 2.052733600139617920e-01
2.516637742519378662e-01 2.059613019227981567e-01 -7.051930762827396393e-03 -9.090817719697952271e-02
2.557829916477203369e-01 1.094113290309906006e-02 -8.870094083249568939e-03 1.995415389537811279e-01
2.560018301010131836e-01 2.061888128519058228e-01 -4.879263229668140411e-03 -9.592623263597488403e-02
2.601256072521209717e-01 1.113713812083005905e-02 -6.797787733376026154e-03 1.952133029699325562e-01
2.603483498096466064e-01 2.063556611537933350e-01 -2.893521916121244431e-03 -9.960625320672988892e-02
2.644754648208618164e-01 1.127530075609683990e-02 -4.885646980255842209e-03 1.921623796224594116e-01
2.647009491920471191e-01 2.064668089151382446e-01 -1.042399439029395580e-03 -1.020577549934387207e-01
2.688302993774414062e-01 4.016036689281463623e-01 -3.083554562181234360e-03 -3.950693905353546143e-01
2.768623530864715576e-01 2.065256088972091675e-01 -1.098494231700897217e-02 -1.033602356910705566e-01
2.809928655624389648e-01 1.156279630959033966e-02 -1.305214688181877136e-02 1.858368366956710815e-01
2.812241315841674805e-01 2.068690359592437744e-01 -9.335409849882125854e-03 -1.109347939491271973e-01
2.853615283966064453e-01 1.188209466636180878e-02 -1.155410613864660263e-02 1.787883043289184570e-01
2.855991721153259277e-01 2.071674615144729614e-01 -7.978339679539203644e-03 -1.175170317292213440e-01
2.897424995899200439e-01 1.216073241084814072e-02 -1.032868027687072754e-02 1.726381480693817139e-01
2.899857163429260254e-01 2.074289768934249878e-01 -6.875917781144380569e-03 -1.232851669192314148e-01
2.941342890262603760e-01 1.240620575845241547e-02 -9.341620840132236481e-03 1.672205626964569092e-01
2.943824231624603271e-01 2.076606154441833496e-01 -5.997209809720516205e-03 -1.283946782350540161e-01
2.985356450080871582e-01 1.262509264051914215e-02 -8.565102703869342804e-03 1.623901873826980591e-01
2.987881302833557129e-01 2.078686058521270752e-01 -5.317299161106348038e-03 -1.329824477434158325e-01
3.029455244541168213e-01 1.282322220504283905e-02 -7.976948283612728119e-03 1.580182164907455444e-01
3.032019734382629395e-01 2.080584615468978882e-01 -4.816583823412656784e-03 -1.371705383062362671e-01
3.073631525039672852e-01 1.300583407282829285e-02 -7.559994701296091080e-03 1.539889574050903320e-01
3.076232671737670898e-01 2.082352042198181152e-01 -4.480215720832347870e-03 -1.410693675279617310e-01
3.117879629135131836e-01 1.317771151661872864e-02 -7.301602978259325027e-03 1.501967757940292358e-01
3.120515346527099609e-01 2.084034532308578491e-01 -4.297667182981967926e-03 -1.447806805372238159e-01
3.162195980548858643e-01 1.334331091493368149e-02 -7.193280849605798721e-03 1.465433090925216675e-01
3.164864480495452881e-01 2.085675299167633057e-01 -4.262414760887622833e-03 -1.484002470970153809e-01
3.206578195095062256e-01 1.350687630474567413e-02 -7.230419665575027466e-03 1.429349333047866821e-01
3.209279477596282959e-01 2.087316215038299561e-01 -4.371720831841230392e-03 -1.520202606916427612e-01
3.251025676727294922e-01 1.367254648357629776e-02 -7.412126287817955017e-03 1.392802745103836060e-01
3.253760337829589844e-01 2.088998705148696899e-01 -4.626520909368991852e-03 -1.557318121194839478e-01
3.295540213584899902e-01 1.384446490556001663e-02 -7.741156965494155884e-03 1.354879736900329590e-01
3.298309147357940674e-01 2.090764343738555908e-01 -5.031397566199302673e-03 -1.596270799636840820e-01
3.340124487876892090e-01 1.402687747031450272e-02 -8.223938755691051483e-03 1.314643323421478271e-01
3.342929780483245850e-01 2.092656642198562622e-01 -5.594652611762285233e-03 -1.638017594814300537e-01
3.384782969951629639e-01 1.422424428164958954e-02 -8.870687335729598999e-03 1.271109730005264282e-01
3.387627899646759033e-01 2.094721496105194092e-01 -6.328468210995197296e-03 -1.683572977781295776e-01
3.429522216320037842e-01 1.444134581834077835e-02 -9.695614688098430634e-03 1.223224774003028870e-01
3.432410359382629395e-01 2.097008526325225830e-01 -7.249164860695600510e-03 -1.734034866094589233e-01
3.474350571632385254e-01 1.468339934945106506e-02 -1.071723457425832748e-02 1.169837787747383118e-01
3.477287292480468750e-01 2.099572569131851196e-01 -8.377558551728725433e-03 -1.790609955787658691e-01
3.519278764724731445e-01 1.495618466287851334e-02 -1.195877883583307266e-02 1.109673753380775452e-01
3.522270023822784424e-01 2.102474421262741089e-01 -9.739431552588939667e-03 -1.854643523693084717e-01
3.564319610595703125e-01 1.526618283241987228e-02 -1.344871800392866135e-02 1.041303128004074097e-01
3.567372858524322510e-01 2.105782628059387207e-01 -1.136611215770244598e-02 -1.927651166915893555e-01
3.609488308429718018e-01 1.562072988599538803e-02 -1.522141415625810623e-02 9.631071984767913818e-02
3.612612485885620117e-01 2.109574973583221436e-01 -1.329519972205162048e-02 -2.011354118585586548e-01
3.654803931713104248e-01 1.602819189429283142e-02 -1.731790788471698761e-02 8.732403814792633057e-02
3.658009767532348633e-01 2.113940417766571045e-01 -1.557142753154039383e-02 -2.107720077037811279e-01
3.700288534164428711e-01 1.649815402925014496e-02 -1.978686824440956116e-02 7.695856690406799316e-02
3.703588247299194336e-01 -1.783346384763717651e-01 -1.824769563972949982e-02 3.633335828781127930e-01
3.667921125888824463e-01 1.704184897243976593e-02 -1.098102424293756485e-02 6.495311856269836426e-02
3.671329617500305176e-01 2.123195081949234009e-01 -9.681962430477142334e-03 -2.311740517616271973e-01
3.713793456554412842e-01 1.733723096549510956e-02 -1.430544350296258926e-02 5.843919515609741211e-02
3.717260956764221191e-01 -1.775767207145690918e-01 -1.313665974885225296e-02 3.465745449066162109e-01
3.681745529174804688e-01 1.772960647940635681e-02 -6.205168552696704865e-03 4.977826774120330811e-02
3.685291409492492676e-01 2.129399776458740234e-01 -5.209603346884250641e-03 -2.448559701442718506e-01
3.727879524230957031e-01 1.789282448589801788e-02 -1.010672282427549362e-02 4.617918282747268677e-02
3.731458187103271484e-01 -1.770827621221542358e-01 -9.183138608932495117e-03 3.356562852859497070e-01
3.696041405200958252e-01 1.816867478191852570e-02 -2.470012987032532692e-03 4.009169340133666992e-02
3.699675202369689941e-01 2.133259624242782593e-01 -1.668179058469831944e-03 -2.533695101737976074e-01
3.742340505123138428e-01 1.822786591947078705e-02 -6.735569331794977188e-03 3.878676146268844604e-02
3.745985925197601318e-01 -1.767968535423278809e-01 -5.959834437817335129e-03 3.293369710445404053e-01
3.710626661777496338e-01 1.840943098068237305e-02 6.269049481488764286e-04 3.478055447340011597e-02
3.714308440685272217e-01 2.135223895311355591e-01 1.322516123764216900e-03 -2.577044963836669922e-01
3.757013082504272461e-01 1.838157884776592255e-02 -3.831574227660894394e-03 3.539526462554931641e-02
3.760689198970794678e-01 2.135582715272903442e-01 -3.123668953776359558e-03 -2.584941089153289795e-01
3.803400993347167969e-01 1.848104782402515411e-02 -8.293550461530685425e-03 3.320194408297538757e-02
3.807097077369689941e-01 -1.765209883451461792e-01 -7.629511877894401550e-03 3.232566714286804199e-01
3.771792948246002197e-01 1.870876178145408630e-02 -1.164378365501761436e-03 2.817750722169876099e-02
3.775534629821777344e-01 2.138473987579345703e-01 -6.008282653056085110e-04 -2.648725509643554688e-01
3.818304240703582764e-01 1.873402111232280731e-02 -5.898279603570699692e-03 2.762079425156116486e-02
3.822050988674163818e-01 -1.763028502464294434e-01 -5.345863755792379379e-03 3.184369206428527832e-01
3.786790370941162109e-01 1.889483071863651276e-02 1.022874843329191208e-03 2.407291345298290253e-02
3.790569305419921875e-01 2.140021026134490967e-01 1.504333107732236385e-03 -2.682871222496032715e-01
3.833369910717010498e-01 1.885871030390262604e-02 -3.861408913508057594e-03 2.486991509795188904e-02
3.837141692638397217e-01 -1.762076467275619507e-01 -3.364010713994503021e-03 3.163320124149322510e-01
3.801900148391723633e-01 1.896205358207225800e-02 2.962629776448011398e-03 2.259010821580886841e-02
3.805692493915557861e-01 2.140413969755172729e-01 3.414432052522897720e-03 -2.691566050052642822e-01
3.848500847816467285e-01 1.887088082730770111e-02 -1.968700205907225609e-03 2.460129559040069580e-02
3.852275013923645020e-01 2.140210121870040894e-01 -1.476674224250018597e-03 -2.687021195888519287e-01
3.895079195499420166e-01 1.892016269266605377e-02 -6.850716657936573029e-03 2.351468242704868317e-02
3.898863196372985840e-01 -1.761028766632080078e-01 -6.380422972142696381e-03 3.140282928943634033e-01
3.863642513751983643e-01 1.910938136279582977e-02 -9.985749784391373396e-05 1.934002153575420380e-02
3.867464363574981689e-01 2.142327725887298584e-01 2.869429590646177530e-04 -2.733744084835052490e-01
3.910310864448547363e-01 1.910672150552272797e-02 -5.180545151233673096e-03 1.939900591969490051e-02
3.914132416248321533e-01 -1.759405583143234253e-01 -4.792565014213323593e-03 3.104429244995117188e-01
3.878944218158721924e-01 1.924934983253479004e-02 1.416293205693364143e-03 1.625241711735725403e-02
3.882794082164764404e-01 2.143509685993194580e-01 1.741341548040509224e-03 -2.759833037853240967e-01
3.925664424896240234e-01 1.920420862734317780e-02 -3.778324695304036140e-03 1.724832132458686829e-02
3.929505050182342529e-01 -1.758633553981781006e-01 -3.433358389884233475e-03 3.087367415428161621e-01
3.894332349300384521e-01 1.930734887719154358e-02 2.741376636549830437e-03 1.497301831841468811e-02
3.898193836212158203e-01 2.143898755311965942e-01 3.040837123990058899e-03 -2.768437266349792480e-01
3.941071927547454834e-01 1.922467723488807678e-02 -2.496037166565656662e-03 1.679674163460731506e-02
3.944916725158691406e-01 2.143823355436325073e-01 -2.160102361813187599e-03 -2.766726613044738770e-01
3.987793326377868652e-01 1.929126866161823273e-02 -7.693555671721696854e-03 1.532817911356687546e-02
3.991651535034179688e-01 -1.757195144891738892e-01 -7.386992219835519791e-03 3.055737912654876709e-01
3.956507742404937744e-01 1.950692757964134216e-02 -1.275515998713672161e-03 1.057038456201553345e-02
3.960409164428710938e-01 2.146471440792083740e-01 -1.064108335413038731e-03 -2.825147211551666260e-01
4.003338515758514404e-01 1.954039186239242554e-02 -6.714402697980403900e-03 9.832412004470825195e-03
4.007246494293212891e-01 -1.754846274852752686e-01 -6.517754402011632919e-03 3.003893196582794189e-01
3.972149491310119629e-01 1.972961612045764923e-02 -5.099678528495132923e-04 5.657973699271678925e-03
3.976095616817474365e-01 -1.753850132226943970e-01 -3.968083765357732773e-04 2.981799542903900146e-01
3.941018581390380859e-01 1.974258758127689362e-02 5.566790699958801270e-03 5.371909588575363159e-03
3.944967091083526611e-01 2.147842645645141602e-01 5.674229003489017487e-03 -2.855494320392608643e-01
3.987923860549926758e-01 1.958184875547885895e-02 -3.675990956253372133e-05 8.917681872844696045e-03
3.991840183734893799e-01 2.147043198347091675e-01 1.415937149431556463e-04 -2.837768495082855225e-01
4.034781157970428467e-01 1.958035677671432495e-02 -5.533942952752113342e-03 8.950738236308097839e-03
4.038697183132171631e-01 -1.754617989063262939e-01 -5.354928318411111832e-03 2.998825013637542725e-01
4.003604948520660400e-01 1.973607204854488373e-02 6.427218904718756676e-04 5.515568889677524567e-03
4.007551968097686768e-01 2.148488014936447144e-01 7.530332659371197224e-04 -2.869645059108734131e-01
4.050521850585937500e-01 1.971611753106117249e-02 -4.986256826668977737e-03 5.955830216407775879e-03
4.054464995861053467e-01 -1.753339767456054688e-01 -4.867140203714370728e-03 2.970613837242126465e-01
4.019398391246795654e-01 1.985702477395534515e-02 1.074087223969399929e-03 2.847413299605250359e-03
4.023369550704956055e-01 2.149635553359985352e-01 1.131035503931343555e-03 -2.894964218139648438e-01
4.066362380981445312e-01 1.982549577951431274e-02 -4.658893216401338577e-03 3.542996244505047798e-03
4.070327579975128174e-01 -1.752293258905410767e-01 -4.588033072650432587e-03 2.947523593902587891e-01
4.035281538963317871e-01 1.995772682130336761e-02 1.307013793848454952e-03 6.259667570702731609e-04
4.039273262023925781e-01 2.150609046220779419e-01 1.319533213973045349e-03 -2.916443049907684326e-01
4.082285463809967041e-01 1.992016844451427460e-02 -4.513352643698453903e-03 1.454504323191940784e-03
4.086269438266754150e-01 -1.751367598772048950e-01 -4.484262783080339432e-03 2.927100062370300293e-01
4.051242172718048096e-01 2.004883438348770142e-02 1.369937439449131489e-03 -1.383820897899568081e-03
4.055251777172088623e-01 2.151511162519454956e-01 1.342260977253317833e-03 -2.936342060565948486e-01
4.098282158374786377e-01 2.001005038619041443e-02 -4.530422855168581009e-03 -5.282464553602039814e-04
4.102284014225006104e-01 -1.750466376543045044e-01 -4.540987778455018997e-03 2.907218337059020996e-01
4.067274630069732666e-01 2.013976871967315674e-02 1.273448811843991280e-03 -3.389795310795307159e-03
4.071302711963653564e-01 2.152434289455413818e-01 1.205652952194213867e-03 -2.956706583499908447e-01
4.114351272583007812e-01 2.010431699454784393e-02 -4.707760177552700043e-03 -2.607734873890876770e-03
4.118372201919555664e-01 -1.749498099088668823e-01 -4.759915173053741455e-03 2.885861396789550781e-01
4.083382189273834229e-01 2.023969963192939758e-02 1.011807587929069996e-03 -5.594222806394100189e-03
4.087430238723754883e-01 -1.748967468738555908e-01 8.999230922199785709e-04 2.874077558517456055e-01
4.052450954914093018e-01 2.021235972642898560e-02 6.648078560829162598e-03 -4.991193301975727081e-03
4.056493341922760010e-01 2.152383327484130859e-01 6.548254750669002533e-03 -2.955691814422607422e-01
4.099541008472442627e-01 2.002364955842494965e-02 6.368710310198366642e-04 -8.282492053695023060e-04
4.103545844554901123e-01 2.151364684104919434e-01 6.203060620464384556e-04 -2.933101654052734375e-01
4.146572947502136230e-01 2.000567130744457245e-02 -5.245897453278303146e-03 -4.316691192798316479e-04
4.150574207305908203e-01 -1.750406473875045776e-01 -5.254530813544988632e-03 2.905915081501007080e-01
4.115566015243530273e-01 2.015582658350467682e-02 5.572994705289602280e-04 -3.743995679542422295e-03
4.119597077369689941e-01 2.152697741985321045e-01 4.824195639230310917e-04 -2.962510287761688232e-01
4.162651002407073975e-01 2.014095522463321686e-02 -5.442601162940263748e-03 -3.416000632569193840e-03
4.166679382324218750e-01 -1.749025136232376099e-01 -5.510921124368906021e-03 2.875447571277618408e-01
4.131698906421661377e-01 2.029758505523204803e-02 2.399740915279835463e-04 -6.871153134852647781e-03
4.135758280754089355e-01 -1.748277992010116577e-01 1.025510282488539815e-04 2.858874797821044922e-01
4.100792706012725830e-01 2.029268257319927216e-02 5.820300430059432983e-03 -6.763102486729621887e-03
4.104851186275482178e-01 2.153306752443313599e-01 5.685038398951292038e-03 -2.976039946079254150e-01
4.147917330265045166e-01 2.012815326452255249e-02 -2.670411777216941118e-04 -3.133532591164112091e-03
4.151943027973175049e-01 2.152539342641830444e-01 -3.297118237242102623e-04 -2.959007024765014648e-01
4.194993972778320312e-01 2.013668231666088104e-02 -6.247725803405046463e-03 -3.321779659017920494e-03
4.199021160602569580e-01 -1.748951077461242676e-01 -6.314161233603954315e-03 2.873833775520324707e-01
4.164042174816131592e-01 2.031631208956241608e-02 -5.664937780238687992e-04 -7.284267339855432510e-03
4.168105423450469971e-01 -1.747975051403045654e-01 -7.121791131794452667e-04 2.852198779582977295e-01
4.133145809173583984e-01 2.033459208905696869e-02 4.992218222469091415e-03 -7.687588222324848175e-03
4.137212932109832764e-01 2.153845876455307007e-01 4.838466644287109375e-03 -2.987912297248840332e-01
4.180289804935455322e-01 2.019400708377361298e-02 -1.137358252890408039e-03 -4.586284514516592026e-03
4.184328615665435791e-01 -1.749116182327270508e-01 -1.229083980433642864e-03 2.877375781536102295e-01
4.149346351623535156e-01 2.022784389555454254e-02 4.525667522102594376e-03 -5.332740023732185364e-03
4.153391718864440918e-01 2.152846008539199829e-01 4.419012926518917084e-03 -2.965843379497528076e-01
4.196448624134063721e-01 2.009993232786655426e-02 -1.512673916295170784e-03 -2.511006779968738556e-03
4.200468659400939941e-01 -1.750002950429916382e-01 -1.562894089147448540e-03 2.896942794322967529e-01
4.165468811988830566e-01 2.014390937983989716e-02 4.230991471558809280e-03 -3.481167601421475410e-03
4.169497489929199219e-01 2.152049243450164795e-01 4.161368124186992645e-03 -2.948261797428131104e-01
4.212538301944732666e-01 2.002389729022979736e-02 -1.735155354253947735e-03 -8.337185718119144440e-04
4.216543138027191162e-01 2.151706963777542114e-01 -1.751829753629863262e-03 -2.940635979175567627e-01
4.259577393531799316e-01 2.007375843822956085e-02 -7.633101660758256912e-03 -1.933692139573395252e-03
4.263592064380645752e-01 -1.749378889799118042e-01 -7.671775761991739273e-03 2.883311510086059570e-01
4.228604435920715332e-01 2.029261179268360138e-02 -1.905152574181556702e-03 -6.761467084288597107e-03
4.232662916183471680e-01 -1.748019605875015259e-01 -2.040381776168942451e-03 2.853197455406188965e-01
4.197702705860137939e-01 2.034902758896350861e-02 3.666013246402144432e-03 -8.005997166037559509e-03
4.201772511005401611e-01 2.154182046651840210e-01 3.505893284454941750e-03 -2.995299994945526123e-01
4.244856238365173340e-01 2.024646289646625519e-02 -2.484706696122884750e-03 -5.743448622524738312e-03
4.248905479907989502e-01 -1.748397648334503174e-01 -2.599575789645314217e-03 2.861544787883758545e-01
4.213937520980834961e-01 2.031916379928588867e-02 3.123513888567686081e-03 -7.347189821302890778e-03
4.218001365661621094e-01 2.153961807489395142e-01 2.976570278406143188e-03 -2.990429699420928955e-01
4.261080622673034668e-01 2.023192681372165680e-02 -3.004289232194423676e-03 -5.422782618552446365e-03
4.265126883983612061e-01 -1.748468130826950073e-01 -3.112745005637407303e-03 2.863107323646545410e-01
4.230157434940338135e-01 2.031939476728439331e-02 2.613469958305358887e-03 -7.352292072027921677e-03
4.234221279621124268e-01 2.154037654399871826e-01 2.466424135491251945e-03 -2.992095053195953369e-01
4.277302026748657227e-01 2.024674601852893829e-02 -3.517765784636139870e-03 -5.749724339693784714e-03
4.281351566314697266e-01 -1.748245805501937866e-01 -3.632760373875498772e-03 2.858212292194366455e-01
4.246386587619781494e-01 2.034899406135082245e-02 2.083664294332265854e-03 -8.005223236978054047e-03
4.250456392765045166e-01 2.154410034418106079e-01 1.923559815622866154e-03 -3.000299930572509766e-01
4.293544590473175049e-01 2.029168419539928436e-02 -4.077040124684572220e-03 -6.741042248904705048e-03
4.297603070735931396e-01 -1.747715622186660767e-01 -4.211861174553632736e-03 2.846527397632598877e-01
4.262648522853851318e-01 2.041020803153514862e-02 1.481193932704627514e-03 -9.355593472719192505e-03
4.266730546951293945e-01 2.155108898878097534e-01 1.294082030653953552e-03 -3.015708327293395996e-01
4.309832751750946045e-01 2.037051506340503693e-02 -4.737334325909614563e-03 -8.480045944452285767e-03
4.313907027244567871e-01 -1.746831834316253662e-01 -4.906935151666402817e-03 2.827044427394866943e-01
4.278970360755920410e-01 2.050841785967350006e-02 7.471535354852676392e-04 -1.152206491678953171e-02
4.283072054386138916e-01 2.156196534633636475e-01 5.167121998965740204e-04 -3.039691746234893799e-01
4.326196014881134033e-01 2.049033530056476593e-02 -5.562670994549989700e-03 -1.112332101911306381e-02
4.330294132232666016e-01 -1.745513975620269775e-01 -5.785137414932250977e-03 2.797993421554565430e-01
4.295383691787719727e-01 2.065259777009487152e-02 -1.891506690299138427e-04 -1.470257807523012161e-02
4.299514293670654297e-01 -1.744666397571563721e-01 -4.832022241316735744e-04 2.779206633567810059e-01
4.264620840549468994e-01 2.066219970583915710e-02 5.075211171060800552e-03 -1.491462532430887222e-02
4.268753230571746826e-01 2.157109975814819336e-01 4.776918329298496246e-03 -3.059919476509094238e-01
4.311895668506622314e-01 2.052130550146102905e-02 -1.342920470051467419e-03 -1.180633995682001114e-02
4.315999746322631836e-01 -1.745813637971878052e-01 -1.579047297127544880e-03 2.804525792598724365e-01
4.281083643436431885e-01 2.056307904422283173e-02 4.030004143714904785e-03 -1.272795815020799637e-02
4.285196065902709961e-01 2.156269997358322144e-01 3.775445045903325081e-03 -3.041366636753082275e-01
4.328321516513824463e-01 2.045145072042942047e-02 -2.307287883013486862e-03 -1.026543136686086655e-02
4.332411885261535645e-01 -1.746373325586318970e-01 -2.512596547603607178e-03 2.816886305809020996e-01
4.297484457492828369e-01 2.052036672830581665e-02 3.121176036074757576e-03 -1.178570371121168137e-02
4.301588535308837891e-01 2.155974209308624268e-01 2.885461784899234772e-03 -3.034822344779968262e-01
4.344708025455474854e-01 2.043446153402328491e-02 -3.184182802215218544e-03 -9.890692308545112610e-03
4.348794817924499512e-01 -1.746416836977005005e-01 -3.381996648386120796e-03 2.817858755588531494e-01
4.313866496086120605e-01 2.052835002541542053e-02 2.253721235319972038e-03 -1.196178514510393143e-02
4.317972064018249512e-01 2.156179100275039673e-01 2.014485420659184456e-03 -3.039327859878540039e-01
4.361095726490020752e-01 2.046730555593967438e-02 -4.064170178025960922e-03 -1.061521656811237335e-02
4.365189075469970703e-01 -1.745961308479309082e-01 -4.276474472135305405e-03 2.807826399803161621e-01
4.330269992351531982e-01 2.058656513690948486e-02 1.339178415946662426e-03 -1.324598956853151321e-02
4.334387183189392090e-01 2.156892865896224976e-01 1.074258703738451004e-03 -3.055060803890228271e-01
4.377525150775909424e-01 2.055204287171363831e-02 -5.035863257944583893e-03 -1.248456072062253952e-02
4.381635487079620361e-01 -1.744973212480545044e-01 -5.285554099828004837e-03 2.786052525043487549e-01
4.346736073493957520e-01 2.069962583482265472e-02 2.865506103262305260e-04 -1.574003882706165314e-02
4.350875914096832275e-01 2.158174663782119751e-01 -2.825019146257545799e-05 -3.083325326442718506e-01
4.394039511680603027e-01 2.069591730833053589e-02 -6.194901186972856522e-03 -1.565852575004100800e-02
4.398178756237030029e-01 -1.743366420269012451e-01 -6.508071441203355789e-03 2.750634253025054932e-01
4.363311231136322021e-01 2.087755315005779266e-02 -1.006803242489695549e-03 -1.966503821313381195e-02
4.367486834526062012e-01 -1.742299497127532959e-01 -1.400103908963501453e-03 2.727000713348388672e-01
4.332640767097473145e-01 2.091195620596408844e-02 4.053897224366664886e-03 -2.042413502931594849e-02
4.336823225021362305e-01 2.159755378961563110e-01 3.645414486527442932e-03 -3.118252456188201904e-01
4.380018413066864014e-01 2.080184035003185272e-02 -2.591090742498636246e-03 -1.799491047859191895e-02
4.384178817272186279e-01 -1.742828488349914551e-01 -2.950988942757248878e-03 2.738693654537200928e-01
4.349322319030761719e-01 2.088107541203498840e-02 2.526398515328764915e-03 -1.974284090101718903e-02
4.353498518466949463e-01 2.159667015075683594e-01 2.131541725248098373e-03 -3.116275966167449951e-01
4.396691620349884033e-01 2.081445045769214630e-02 -4.101010039448738098e-03 -1.827320270240306854e-02
4.400854706764221191e-01 -1.742484420537948608e-01 -4.466474056243896484e-03 2.731129825115203857e-01
4.366005063056945801e-01 2.093694917857646942e-02 9.957856964319944382e-04 -2.097532153129577637e-02
4.370192289352416992e-01 -1.741992682218551636e-01 5.762793007306754589e-04 2.720216214656829834e-01
4.335352480411529541e-01 2.091445401310920715e-02 6.016711704432964325e-03 -2.047948911786079407e-02
4.339535236358642578e-01 2.159496098756790161e-01 5.607122089713811874e-03 -3.112580180168151855e-01
4.382725358009338379e-01 2.074822038412094116e-02 -6.180384079925715923e-04 -1.681205816566944122e-02
4.386875033378601074e-01 -1.743648648262023926e-01 -9.542796178720891476e-04 2.756758034229278564e-01
4.352001845836639404e-01 2.077069133520126343e-02 4.559236578643321991e-03 -1.730794832110404968e-02
4.356155991554260254e-01 2.158269584178924561e-01 4.213077481836080551e-03 -3.085488975048065186e-01
4.399321377277374268e-01 2.064523473381996155e-02 -1.957900589331984520e-03 -1.454026810824871063e-02
4.403450489044189453e-01 -1.744485795497894287e-01 -2.248705830425024033e-03 2.775242626667022705e-01
4.368560910224914551e-01 2.070537582039833069e-02 3.301779739558696747e-03 -1.586704328656196594e-02
4.372701942920684814e-01 2.157798260450363159e-01 2.984438790008425713e-03 -3.075063824653625488e-01
4.415857791900634766e-01 2.061547152698040009e-02 -3.165689064189791679e-03 -1.388374902307987213e-02
4.419980943202972412e-01 -1.744609326124191284e-01 -3.443364053964614868e-03 2.777986824512481689e-01
4.385088682174682617e-01 2.070996724069118500e-02 2.112609567120671272e-03 -1.596828363835811615e-02
4.389230608940124512e-01 2.158015519380569458e-01 1.793244038708508015e-03 -3.079839050769805908e-01
4.432390928268432617e-01 2.065410092473030090e-02 -4.366434179246425629e-03 -1.473597995936870575e-02
4.436521828174591064e-01 -1.744049638509750366e-01 -4.661154001951217651e-03 2.765660881996154785e-01
4.401640892028808594e-01 2.078318037092685699e-02 8.701680926606059074e-04 -1.758331060409545898e-02
4.405797421932220459e-01 2.158926427364349365e-01 5.185018526390194893e-04 -3.099915683269500732e-01
4.448975920677185059e-01 2.076330780982971191e-02 -5.681329406797885895e-03 -1.714516058564186096e-02
4.453128576278686523e-01 -1.742767095565795898e-01 -6.024232599884271622e-03 2.737398445606231689e-01
4.418273270130157471e-01 2.093067951500415802e-02 -5.494357901625335217e-04 -2.083704061806201935e-02
4.422459602355957031e-01 -1.741833835840225220e-01 -9.661765652708709240e-04 2.716724872589111328e-01
4.387622773647308350e-01 2.095233649015426636e-02 4.467273131012916565e-03 -2.131502330303192139e-02
4.391813278198242188e-01 2.160099446773529053e-01 4.040972795337438583e-03 -3.125851452350616455e-01
4.435015320777893066e-01 2.083065174520015717e-02 -2.210729988291859627e-03 -1.863055303692817688e-02
4.439181387424468994e-01 -1.742595285177230835e-01 -2.583341207355260849e-03 2.733540534973144531e-01
4.404329657554626465e-01 2.089919149875640869e-02 2.883739769458770752e-03 -2.014255523681640625e-02
4.408509433269500732e-01 2.159796655178070068e-01 2.480888506397604942e-03 -3.119142353534698486e-01
4.451705217361450195e-01 2.082246169447898865e-02 -3.757396014407277107e-03 -1.844994537532329559e-02
4.455869793891906738e-01 -1.742454022169113159e-01 -4.126395098865032196e-03 2.730451226234436035e-01
4.421020746231079102e-01 2.093518152832984924e-02 1.334507251158356667e-03 -2.093642763793468475e-02
4.425207674503326416e-01 2.160379737615585327e-01 9.157787426374852657e-04 -3.131980001926422119e-01
4.468415379524230957e-01 2.090298384428024292e-02 -5.348181352019309998e-03 -2.022640965878963470e-02
4.472596049308776855e-01 -1.741418689489364624e-01 -5.752709694206714630e-03 2.707643210887908936e-01
4.437767565250396729e-01 2.106170542538166046e-02 -3.374231746420264244e-04 -2.372747659683227539e-02
4.441979825496673584e-01 -1.740553975105285645e-01 -8.119727135635912418e-04 2.688489556312561035e-01
4.407168924808502197e-01 2.107812464237213135e-02 4.565006587654352188e-03 -2.408994734287261963e-02
4.411384463310241699e-01 2.161343097686767578e-01 4.083207808434963226e-03 -3.153290748596191406e-01
4.454611241817474365e-01 2.095443755388259888e-02 -2.223373623564839363e-03 -2.136124111711978912e-02
4.458802044391632080e-01 -1.741355508565902710e-01 -2.650598529726266861e-03 2.706193625926971436e-01
4.423975050449371338e-01 2.102411724627017975e-02 2.761788666248321533e-03 -2.289840206503868103e-02
4.428179860115051270e-01 2.161063551902770996e-01 2.303820569068193436e-03 -3.147086799144744873e-01
4.471401274204254150e-01 2.095166034996509552e-02 -3.990353085100650787e-03 -2.130009047687053680e-02
4.475591480731964111e-01 -1.741128414869308472e-01 -4.416354931890964508e-03 2.701211571693420410e-01
4.440768957138061523e-01 2.107185497879981995e-02 9.860686259344220161e-04 -2.395142242312431335e-02
4.444983303546905518e-01 -1.740642189979553223e-01 5.070401821285486221e-04 2.690424621105194092e-01
4.410170316696166992e-01 2.105048857629299164e-02 5.887889303267002106e-03 -2.348050288856029510e-02
4.414380490779876709e-01 2.160875052213668823e-01 5.418279208242893219e-03 -3.142999410629272461e-01
4.457598030567169189e-01 2.088879607617855072e-02 -8.677194127812981606e-04 -1.991319283843040466e-02
4.461775720119476318e-01 -1.742206960916519165e-01 -1.265983330085873604e-03 2.724958360195159912e-01
4.426931738853454590e-01 2.091929130256175995e-02 4.183933138847351074e-03 -2.058612182736396790e-02
4.431115388870239258e-01 2.159809917211532593e-01 3.772210795432329178e-03 -3.119460344314575195e-01
4.474311769008636475e-01 2.080550231039524078e-02 -2.466709818691015244e-03 -1.807586103677749634e-02
4.478472769260406494e-01 -1.742809861898422241e-01 -2.828227123245596886e-03 2.738277614116668701e-01
4.443616569042205811e-01 2.088120579719543457e-02 2.648328198119997978e-03 -1.974584348499774933e-02
4.447792768478393555e-01 2.159650772809982300e-01 2.253411337733268738e-03 -3.115920126438140869e-01
4.490985870361328125e-01 2.081109397113323212e-02 -3.978428896516561508e-03 -1.819928362965583801e-02
4.495148062705993652e-01 -1.742535829544067383e-01 -4.342414438724517822e-03 2.732257544994354248e-01
4.460297524929046631e-01 2.093006484210491180e-02 1.122100395150482655e-03 -2.082361653447151184e-02
4.464483559131622314e-01 2.160359025001525879e-01 7.056281319819390774e-04 -3.131522834300994873e-01
4.507690668106079102e-01 2.090390957891941071e-02 -5.557417869567871094e-03 -2.024691924452781677e-02
4.511871337890625000e-01 -1.741379052400588989e-01 -5.962355993688106537e-03 2.706774175167083740e-01
4.477043747901916504e-01 2.106862142682075500e-02 -5.488080205395817757e-04 -2.388009428977966309e-02
4.481257498264312744e-01 -1.740454584360122681e-01 -1.026409910991787910e-03 2.686296403408050537e-01
4.446448385715484619e-01 2.109112776815891266e-02 4.346182569861412048e-03 -2.437685988843441010e-02
4.450666606426239014e-01 2.161504775285720825e-01 3.858645446598529816e-03 -3.156853616237640381e-01
4.493896663188934326e-01 2.097378112375736237e-02 -2.455061767250299454e-03 -2.178804203867912292e-02
4.498091638088226318e-01 -1.741128712892532349e-01 -2.890822477638721466e-03 2.701192796230316162e-01
4.463268816471099854e-01 2.105020917952060699e-02 2.511563012376427650e-03 -2.347403019666671753e-02
4.467478990554809570e-01 2.161360532045364380e-01 2.042082371190190315e-03 -3.153634667396545410e-01
4.510706067085266113e-01 2.098507247865200043e-02 -4.265187308192253113e-03 -2.203724160790443420e-02
4.514903128147125244e-01 -1.740754544734954834e-01 -4.705931991338729858e-03 2.692969143390655518e-01
4.480088055133819580e-01 2.111333794891834259e-02 6.800065166316926479e-04 -2.486656047403812408e-02
4.484310746192932129e-01 2.162255346775054932e-01 1.826753286877647042e-04 -3.173348605632781982e-01
4.527556002140045166e-01 2.110097743570804596e-02 -6.164021790027618408e-03 -2.459432929754257202e-02
4.531776010990142822e-01 -1.739320307970046997e-01 -6.655908655375242233e-03 2.661374211311340332e-01
4.496989548206329346e-01 2.128427475690841675e-02 -1.333159976638853550e-03 -2.863737940788269043e-02
4.501246511936187744e-01 -1.738185286521911621e-01 -1.905907527543604374e-03 2.636246085166931152e-01
4.466482698917388916e-01 2.133057080209255219e-02 3.366584889590740204e-03 -2.965883724391460419e-02
4.470748901367187500e-01 2.164040803909301758e-01 2.773408079519867897e-03 -3.212776780128479004e-01
4.514029622077941895e-01 2.124274522066116333e-02 -3.652145387604832649e-03 -2.772141247987747192e-02
4.518278241157531738e-01 -1.738266348838806152e-01 -4.206573590636253357e-03 2.638069987297058105e-01
4.483512938022613525e-01 2.135509811341762543e-02 1.069566234946250916e-03 -3.019976057112216949e-02
4.487783908843994141e-01 -1.737821698188781738e-01 4.655709490180015564e-04 2.628204226493835449e-01
4.453027546405792236e-01 2.133312821388244629e-02 5.721979774534702301e-03 -2.971561066806316376e-02
4.457294046878814697e-01 2.163725644350051880e-01 5.127667449414730072e-03 -3.205877244472503662e-01
4.500568807125091553e-01 2.117795869708061218e-02 -1.284086843952536583e-03 -2.629213593900203705e-02
4.504804313182830811e-01 -1.739255487918853760e-01 -1.809929497539997101e-03 2.659853696823120117e-01
4.470019042491912842e-01 2.122218348085880280e-02 3.509777830913662910e-03 -2.726787328720092773e-02
4.474263489246368408e-01 2.162936329841613770e-01 2.964420476928353310e-03 -3.188413679599761963e-01
4.517522454261779785e-01 2.112958021461963654e-02 -3.412406891584396362e-03 -2.522504329681396484e-02
4.521748125553131104e-01 -1.739432662725448608e-01 -3.916907589882612228e-03 2.663792669773101807e-01
4.486959576606750488e-01 2.123436518013477325e-02 1.410677912645041943e-03 -2.753649279475212097e-02
4.491206407546997070e-01 2.163360565900802612e-01 8.599479915574193001e-04 -3.197740018367767334e-01
4.534473717212677002e-01 2.120187133550643921e-02 -5.535532254725694656e-03 -2.682000398635864258e-02
4.538713991641998291e-01 -1.738402545452117920e-01 -6.071932148188352585e-03 2.641112804412841797e-01
4.503946006298065186e-01 2.136782929301261902e-02 -7.897066534496843815e-04 -3.048060089349746704e-02
4.508219659328460693e-01 -1.737427860498428345e-01 -1.399318687617778778e-03 2.619530558586120605e-01
4.473471045494079590e-01 2.139910869300365448e-02 3.839742625132203102e-03 -3.117089904844760895e-02
4.477750957012176514e-01 2.164657860994338989e-01 3.216324606910347939e-03 -3.226398825645446777e-01
4.521043896675109863e-01 2.129818312823772430e-02 -3.236472839489579201e-03 -2.894438803195953369e-02
4.525303542613983154e-01 -1.737772077322006226e-01 -3.815360600128769875e-03 2.627156376838684082e-01
4.490548074245452881e-01 2.139899879693984985e-02 1.438952167518436909e-03 -3.116824664175510406e-02
4.494827985763549805e-01 -1.737435609102249146e-01 8.155871764756739140e-04 2.619683444499969482e-01
4.460079371929168701e-01 2.136674150824546814e-02 6.054954137653112411e-03 -3.045723214745521545e-02
4.464352726936340332e-01 2.164013385772705078e-01 5.445809103548526764e-03 -3.212236166000366211e-01
4.507632851600646973e-01 2.120226062834262848e-02 -9.786630980670452118e-04 -2.682828530669212341e-02
4.511873424053192139e-01 -1.739056408405303955e-01 -1.515228766947984695e-03 2.655456960201263428e-01
4.477092325687408447e-01 2.123790234327316284e-02 3.795685246586799622e-03 -2.761475555598735809e-02
4.481339752674102783e-01 2.163052111864089966e-01 3.243390005081892014e-03 -3.190976977348327637e-01
4.524600803852081299e-01 2.113722264766693115e-02 -3.138563595712184906e-03 -2.539368346333503723e-02
4.528828263282775879e-01 -1.739395856857299805e-01 -3.646437311545014381e-03 2.662973403930664062e-01
4.494040310382843018e-01 2.123422548174858093e-02 1.679509412497282028e-03 -2.753346972167491913e-02
4.498287141323089600e-01 2.163320481777191162e-01 1.128840027377009392e-03 -3.196860253810882568e-01
4.541553556919097900e-01 2.119404077529907227e-02 -5.264880135655403137e-03 -2.664731256663799286e-02
4.545792341232299805e-01 -1.738520115613937378e-01 -5.797826685011386871e-03 2.643698453903198242e-01
4.511021971702575684e-01 2.135220915079116821e-02 -5.104296724312007427e-04 -3.013611771166324615e-02
4.515292346477508545e-01 -1.737624108791351318e-01 -1.113152015022933483e-03 2.623857259750366211e-01
4.480539858341217041e-01 2.137540467083454132e-02 4.134562332183122635e-03 -3.064810112118721008e-02
4.484815001487731934e-01 2.164378166198730469e-01 3.521600272506475449e-03 -3.220236599445343018e-01
4.528102576732635498e-01 2.126589789986610413e-02 -2.918872982263565063e-03 -2.823225036263465881e-02
4.532355666160583496e-01 -1.738140732049942017e-01 -3.483518026769161224e-03 2.635283172130584717e-01
4.497593045234680176e-01 2.135742828249931335e-02 1.787048298865556717e-03 -3.025131300091743469e-02
4.501864612102508545e-01 2.164537012577056885e-01 1.182022038847208023e-03 -3.223698735237121582e-01
4.545155167579650879e-01 2.131494320929050446e-02 -5.265375599265098572e-03 -2.931441739201545715e-02
4.549418091773986816e-01 -1.737311035394668579e-01 -5.851663649082183838e-03 2.617025971412658691e-01
4.514671862125396729e-01 2.147388458251953125e-02 -6.176120368763804436e-04 -3.282026574015617371e-02
4.518966674804687500e-01 -1.736392080783843994e-01 -1.274017384275794029e-03 2.596677243709564209e-01
4.484238922595977783e-01 2.150091156363487244e-02 3.919337410479784012e-03 -3.341676294803619385e-02
4.488539099693298340e-01 2.165664434432983398e-01 3.251002170145511627e-03 -3.248605132102966309e-01
4.531852304935455322e-01 2.139835059642791748e-02 -3.246208420023322105e-03 -3.115414455533027649e-02
4.536131918430328369e-01 -1.736768931150436401e-01 -3.869291394948959351e-03 2.605028152465820312e-01
4.501396715641021729e-01 2.150007337331771851e-02 1.340764807537198067e-03 -3.339803218841552734e-02
4.505696594715118408e-01 -1.736410856246948242e-01 6.728041335009038448e-04 2.597076296806335449e-01
4.470968544483184814e-01 2.147126011550426483e-02 5.866956431418657303e-03 -3.276301920413970947e-02
4.475262761116027832e-01 2.165085822343826294e-01 5.211696028709411621e-03 -3.235891163349151611e-01
4.518564343452453613e-01 2.131281606853008270e-02 -1.260085962712764740e-03 -2.926718629896640778e-02
4.522826969623565674e-01 -1.737910360097885132e-01 -1.845429651439189911e-03 2.630178928375244141e-01
4.488068819046020508e-01 2.135720103979110718e-02 3.414928447455167770e-03 -3.024652041494846344e-02
4.492340385913848877e-01 2.164300084114074707e-01 2.809997880831360817e-03 -3.218500614166259766e-01
4.535626173019409180e-01 2.126816101372241974e-02 -3.627002937719225883e-03 -2.828228473663330078e-02
4.539879858493804932e-01 -1.738015860319137573e-01 -4.192648921161890030e-03 2.632540762424468994e-01
4.505119621753692627e-01 2.137995511293411255e-02 1.072432845830917358e-03 -3.074829839169979095e-02
4.509395658969879150e-01 -1.737573593854904175e-01 4.574669001158326864e-04 2.622728049755096436e-01
4.474644064903259277e-01 2.135805971920490265e-02 5.702923052012920380e-03 -3.026580251753330231e-02
4.478915631771087646e-01 2.163977622985839844e-01 5.097606685012578964e-03 -3.211439549922943115e-01
4.522195160388946533e-01 2.120359241962432861e-02 -1.325272256508469582e-03 -2.685780823230743408e-02
4.526436030864715576e-01 -1.738993227481842041e-01 -1.862428383901715279e-03 2.654066979885101318e-01
4.491656124591827393e-01 2.124915458261966705e-02 3.445705398917198181e-03 -2.786308526992797852e-02
4.495905935764312744e-01 2.163215279579162598e-01 2.888443646952509880e-03 -3.194568753242492676e-01
4.539170265197753906e-01 2.115855365991592407e-02 -3.500693710520863533e-03 -2.586443163454532623e-02
4.543401896953582764e-01 -1.739130169153213501e-01 -4.017982166260480881e-03 2.657119333744049072e-01
4.508619308471679688e-01 2.126604691147804260e-02 1.296256319619715214e-03 -2.823558636009693146e-02
4.512872695922851562e-01 2.163693904876708984e-01 7.315446273423731327e-04 -3.205092549324035645e-01
4.556146562099456787e-01 2.123702317476272583e-02 -5.678640212863683701e-03 -2.759571000933647156e-02
4.560393691062927246e-01 -1.738030314445495605e-01 -6.230554543435573578e-03 2.632901370525360107e-01
4.525633156299591064e-01 2.140729501843452454e-02 -9.647516417317092419e-04 -3.135143220424652100e-02
4.529914557933807373e-01 -1.737008094787597656e-01 -1.591780339367687702e-03 2.610269486904144287e-01
4.495174586772918701e-01 2.144382894039154053e-02 3.628758713603019714e-03 -3.215762227773666382e-02
4.499463438987731934e-01 2.165135592222213745e-01 2.985606202855706215e-03 -3.236934244632720947e-01
