3.582789748907089233e-02 3.491935506463050842e-02 4.563079029321670532e-02 2.412980608642101288e-02
3.652628511190414429e-02 2.293582260608673096e-01 4.611338675022125244e-02 -2.538141012191772461e-01
4.111344739794731140e-02 3.360920771956443787e-02 4.103710502386093140e-02 5.304981023073196411e-02
4.178563132882118225e-02 2.281194478273391724e-01 4.209810122847557068e-02 -2.264083921909332275e-01
4.634802043437957764e-02 3.242192789912223816e-02 3.756993263959884644e-02 7.925099879503250122e-02
4.699645936489105225e-02 2.269857227802276611e-01 3.915495052933692932e-02 -2.013457864522933960e-01
5.153617635369300842e-02 3.132629022002220154e-02 3.512803465127944946e-02 1.034270226955413818e-01
5.216269940137863159e-02 2.259276658296585083e-01 3.719657659530639648e-02 -1.779694408178329468e-01
5.668125301599502563e-02 3.029370494186878204e-02 3.363718837499618530e-02 1.262117922306060791e-01
5.728712677955627441e-02 2.249180227518081665e-01 3.616142272949218750e-02 -1.556720882654190063e-01
6.178548932075500488e-02 2.929748781025409698e-02 3.304798156023025513e-02 1.481960415840148926e-01
6.237143650650978088e-02 2.239309847354888916e-01 3.601190075278282166e-02 -1.338804513216018677e-01
6.685005873441696167e-02 4.185190796852111816e-01 3.333429247140884399e-02 -4.149881601333618164e-01
7.522044330835342407e-02 2.229409217834472656e-01 2.503453008830547333e-02 -1.119854226708412170e-01
7.967925816774368286e-02 2.746936492621898651e-02 2.279482223093509674e-02 1.884894371032714844e-01
8.022864907979965210e-02 2.222578972578048706e-01 2.656461112201213837e-02 -9.691637009382247925e-02
8.467380702495574951e-02 4.169892370700836182e-01 2.462628297507762909e-02 -3.811012506484985352e-01
9.301359206438064575e-02 2.215264290571212769e-01 1.700425706803798676e-02 -8.075652271509170532e-02
9.744411706924438477e-02 4.164005517959594727e-01 1.538912765681743622e-02 -3.680264353752136230e-01
1.057721301913261414e-01 2.210633456707000732e-01 8.028598502278327942e-03 -7.053110003471374512e-02
1.101933941245079041e-01 2.582721412181854248e-02 6.617976818233728409e-03 2.246740311384201050e-01
1.107099428772926331e-01 2.208539545536041260e-01 1.111145783215761185e-02 -6.591399759054183960e-02
1.151270195841789246e-01 4.158148467540740967e-01 9.793177247047424316e-03 -3.550705909729003906e-01
1.234433129429817200e-01 2.205550372600555420e-01 2.691765781491994858e-03 -5.931576341390609741e-02
1.278544217348098755e-01 4.156382977962493896e-01 1.505450461991131306e-03 -3.511482179164886475e-01
1.361671835184097290e-01 2.204949557781219482e-01 -5.517513491213321686e-03 -5.799094215035438538e-02
1.405770778656005859e-01 2.545255422592163086e-02 -6.677332334220409393e-03 2.329460680484771729e-01
1.410861313343048096e-01 2.206692695617675781e-01 -2.018410945311188698e-03 -6.183559820055961609e-02
1.454995125532150269e-01 2.557632140815258026e-02 -3.255122806876897812e-03 2.302098274230957031e-01
1.460110396146774292e-01 2.207446396350860596e-01 1.349073601886630058e-03 -6.349810212850570679e-02
1.504259407520294189e-01 4.158472120761871338e-01 7.911150896688923240e-05 -3.557550907135009766e-01
1.587428748607635498e-01 2.207241356372833252e-01 -7.035990245640277863e-03 -6.304720789194107056e-02
1.631573587656021118e-01 2.570377290248870850e-02 -8.296933956444263458e-03 2.274075448513031006e-01
1.636714339256286621e-01 2.209433019161224365e-01 -3.748783608898520470e-03 -6.788095086812973022e-02
1.680902987718582153e-01 2.587530203163623810e-02 -5.106402561068534851e-03 2.236168533563613892e-01
1.686078161001205444e-01 2.210698574781417847e-01 -6.340655381791293621e-04 -7.067244499921798706e-02
1.730292141437530518e-01 4.162009060382843018e-01 -2.047514310106635094e-03 -3.635553419589996338e-01
1.813532263040542603e-01 2.211081087589263916e-01 -9.318621829152107239e-03 -7.151874899864196777e-02
1.857753843069076538e-01 2.612098492681980133e-02 -1.074899639934301376e-02 2.182096093893051147e-01
1.862978041172027588e-01 2.213949263095855713e-01 -6.384804379194974899e-03 -7.784453779458999634e-02
1.907257139682769775e-01 2.636508829891681671e-02 -7.941694930195808411e-03 2.128171473741531372e-01
1.912530064582824707e-01 2.215996831655502319e-01 -3.685352392494678497e-03 -8.236034214496612549e-02
1.956849992275238037e-01 2.653075009584426880e-02 -5.332559347152709961e-03 2.091575711965560913e-01
1.962156146764755249e-01 2.217285484075546265e-01 -1.149407704360783100e-03 -8.520271629095077515e-02
2.006501853466033936e-01 4.168669581413269043e-01 -2.853462006896734238e-03 -3.782480657100677490e-01
2.089875340461730957e-01 2.217856347560882568e-01 -1.041842345148324966e-02 -8.646620064973831177e-02
2.134232372045516968e-01 2.681456692516803741e-02 -1.214774698019027710e-02 2.029115706682205200e-01
2.139595299959182739e-01 2.221081256866455078e-01 -8.089515380561351776e-03 -9.357849508523941040e-02
2.184017002582550049e-01 2.710304409265518188e-02 -9.961085394024848938e-03 1.965412646532058716e-01
2.189437597990036011e-01 2.223660498857498169e-01 -6.030260585248470306e-03 -9.926722943782806396e-02
2.233910709619522095e-01 2.733103930950164795e-02 -8.015604689717292786e-03 1.915070861577987671e-01
2.239376902580261230e-01 2.225667387247085571e-01 -4.185463301837444305e-03 -1.036936193704605103e-01
2.283890247344970703e-01 2.750501595437526703e-02 -6.259335670620203018e-03 1.876658797264099121e-01
2.289391309022903442e-01 2.227159589529037476e-01 -2.506018383428454399e-03 -1.069850325584411621e-01
2.333934456110000610e-01 2.763000875711441040e-02 -4.645719192922115326e-03 1.849061995744705200e-01
2.339460551738739014e-01 2.228181213140487671e-01 -9.475950500927865505e-04 -1.092386469244956970e-01
2.384024113416671753e-01 2.770976349711418152e-02 -3.132367972284555435e-03 1.831451654434204102e-01
2.389566153287887573e-01 2.228763997554779053e-01 5.305354134179651737e-04 -1.105242520570755005e-01
2.434141337871551514e-01 4.179907441139221191e-01 -1.679949695244431496e-03 -4.030397534370422363e-01
2.517739534378051758e-01 2.228926569223403931e-01 -9.740744717419147491e-03 -1.108869463205337524e-01
2.562318146228790283e-01 2.791162766516208649e-02 -1.195848360657691956e-02 1.787069886922836304e-01
2.567900419235229492e-01 2.232026457786560059e-01 -8.384344168007373810e-03 -1.177243143320083618e-01
2.612541019916534424e-01 2.820182591676712036e-02 -1.073883008211851120e-02 1.723016798496246338e-01
2.618181407451629639e-01 2.234758138656616211e-01 -7.292796857655048370e-03 -1.237495765089988708e-01
2.662876546382904053e-01 2.845910191535949707e-02 -9.767788462340831757e-03 1.666236519813537598e-01
2.668568193912506104e-01 2.237195074558258057e-01 -6.435315124690532684e-03 -1.291246563196182251e-01
2.713312208652496338e-01 2.869032509624958038e-02 -9.017808362841606140e-03 1.615210771560668945e-01
2.719050347805023193e-01 2.239402085542678833e-01 -5.787386558949947357e-03 -1.339930295944213867e-01
2.763838171958923340e-01 2.890162914991378784e-02 -8.467247709631919861e-03 1.568584442138671875e-01
2.769618630409240723e-01 2.241437733173370361e-01 -5.330078303813934326e-03 -1.384836137294769287e-01
2.814447283744812012e-01 2.909857407212257385e-02 -8.099750615656375885e-03 1.525129973888397217e-01
2.820267081260681152e-01 2.243355661630630493e-01 -5.049490835517644882e-03 -1.427141726016998291e-01
2.865134179592132568e-01 2.928628958761692047e-02 -7.903774268925189972e-03 1.483714580535888672e-01
2.870991528034210205e-01 2.245205193758010864e-01 -4.936345387250185013e-03 -1.467944383621215820e-01
2.915895581245422363e-01 2.946961112320423126e-02 -7.872234098613262177e-03 1.443270891904830933e-01
2.921789586544036865e-01 2.247034162282943726e-01 -4.985691979527473450e-03 -1.508289426565170288e-01
2.966729998588562012e-01 2.965320646762847900e-02 -8.002270944416522980e-03 1.402769386768341064e-01
2.972660660743713379e-01 2.248888462781906128e-01 -5.196732468903064728e-03 -1.549197882413864136e-01
3.017638623714447021e-01 2.984168753027915955e-02 -8.295128121972084045e-03 1.361191719770431519e-01
3.023606836795806885e-01 2.250814586877822876e-01 -5.572745110839605331e-03 -1.591691672801971436e-01
3.068623244762420654e-01 3.003973886370658875e-02 -8.756128139793872833e-03 1.317505091428756714e-01
3.074631094932556152e-01 2.252860218286514282e-01 -6.121118087321519852e-03 -1.636819541454315186e-01
3.119688332080841064e-01 3.025222383439540863e-02 -9.394757449626922607e-03 1.270636618137359619e-01
3.125738799571990967e-01 2.255074977874755859e-01 -6.853484082967042923e-03 -1.685683429241180420e-01
3.170840144157409668e-01 3.048430755734443665e-02 -1.022485084831714630e-02 1.219446584582328796e-01
3.176937103271484375e-01 2.257512509822845459e-01 -7.785957772284746170e-03 -1.739464849233627319e-01
3.222087323665618896e-01 3.074158728122711182e-02 -1.126488763839006424e-02 1.162700802087783813e-01
3.228235840797424316e-01 2.260231226682662964e-01 -8.939485996961593628e-03 -1.799454391002655029e-01
3.273440301418304443e-01 3.103022277355194092e-02 -1.253839489072561264e-02 1.099040433764457703e-01
3.279646337032318115e-01 2.263295799493789673e-01 -1.034031342715024948e-02 -1.867081522941589355e-01
3.324912190437316895e-01 3.135708719491958618e-02 -1.407447643578052521e-02 1.026949509978294373e-01
3.331183791160583496e-01 2.266778796911239624e-01 -1.202057767659425735e-02 -1.943949908018112183e-01
3.376519381999969482e-01 3.172992542386054993e-02 -1.590847782790660858e-02 9.447185695171356201e-02
3.382865190505981445e-01 2.270762324333190918e-01 -1.401904039084911346e-02 -2.031874209642410278e-01
3.428280651569366455e-01 3.215754777193069458e-02 -1.808278821408748627e-02 8.504041284322738647e-02
3.434711992740631104e-01 2.275339812040328979e-01 -1.638198085129261017e-02 -2.132923603057861328e-01
3.480218946933746338e-01 3.265002369880676270e-02 -2.064782753586769104e-02 7.417825609445571899e-02
3.486748933792114258e-01 -1.621699184179306030e-01 -1.916426233947277069e-02 3.602758646011352539e-01
3.454314768314361572e-01 3.321912512183189392e-02 -1.195874530822038651e-02 6.161215156316757202e-02
3.460958600044250488e-01 2.285104840993881226e-01 -1.072650216519832611e-02 -2.348197251558303833e-01
3.506660759449005127e-01 3.354341164231300354e-02 -1.542289648205041885e-02 5.446052178740501404e-02
3.513369560241699219e-01 -1.613540351390838623e-01 -1.433368586003780365e-02 3.422377705574035645e-01
3.481098711490631104e-01 3.396887704730033875e-02 -7.488930597901344299e-03 4.506954550743103027e-02
3.487892448902130127e-01 2.291974127292633057e-01 -6.587539799511432648e-03 -2.499667704105377197e-01
3.533731997013092041e-01 3.417014703154563904e-02 -1.158687472343444824e-02 4.063105583190917969e-02
3.540565967559814453e-01 -1.607837527990341187e-01 -1.077425386756658554e-02 3.296357989311218262e-01
3.508409261703491211e-01 3.448990732431411743e-02 -4.181537777185440063e-03 3.357475250959396362e-02
3.515307009220123291e-01 2.296715676784515381e-01 -3.510042792186141014e-03 -2.604245543479919434e-01
3.561241328716278076e-01 3.459990397095680237e-02 -8.718534372746944427e-03 3.114919364452362061e-02
3.568161427974700928e-01 -1.603959351778030396e-01 -8.095550350844860077e-03 3.210686147212982178e-01
3.536082208156585693e-01 3.484035655856132507e-02 -1.674177590757608414e-03 2.584371156990528107e-02
3.543050289154052734e-01 2.299862802028656006e-01 -1.157303340733051300e-03 -2.673669755458831787e-01
3.589047491550445557e-01 3.488086163997650146e-02 -6.504642777144908905e-03 2.495071291923522949e-02
3.596023619174957275e-01 -1.601472049951553345e-01 -6.005628500133752823e-03 3.155742883682250977e-01
3.563994169235229492e-01 3.505977615714073181e-02 3.058571310248225927e-04 2.100344188511371613e-02
3.571006357669830322e-01 2.301773428916931152e-01 7.259259582497179508e-04 -2.715829610824584961e-01
3.617041707038879395e-01 3.504503518342971802e-02 -4.705733153969049454e-03 2.132883109152317047e-02
3.624050617218017578e-01 -1.600091159343719482e-01 -4.279156681150197983e-03 3.125233352184295654e-01
3.592048883438110352e-01 3.517353534698486328e-02 1.971310004591941833e-03 1.849397458136081696e-02
3.599083721637725830e-01 2.302671670913696289e-01 2.341189421713352203e-03 -2.735663354396820068e-01
3.645136952400207520e-01 3.511188179254531860e-02 -3.130137221887707710e-03 1.985409297049045563e-02
3.652159571647644043e-01 2.302785813808441162e-01 -2.733055269345641136e-03 -2.738147675991058350e-01
3.698215186595916748e-01 3.519573435187339783e-02 -8.209350518882274628e-03 1.800488121807575226e-02
3.705254197120666504e-01 -1.598075330257415771e-01 -7.849253714084625244e-03 3.080863952636718750e-01
3.673292696475982666e-01 3.542537987232208252e-02 -1.687525305896997452e-03 1.293839793652296066e-02
3.680377900600433350e-01 2.305714935064315796e-01 -1.428757328540086746e-03 -2.802764773368835449e-01
3.726492226123809814e-01 3.546995297074317932e-02 -7.034286856651306152e-03 1.195547357201576233e-02
3.733586072921752930e-01 -1.595504134893417358e-01 -6.795177701860666275e-03 3.024107217788696289e-01
3.701676130294799805e-01 3.566771745681762695e-02 -7.469631382264196873e-04 7.592514622956514359e-03
3.708809614181518555e-01 2.308003753423690796e-01 -5.951128550805151463e-04 -2.853260040283203125e-01
3.754969835281372070e-01 3.568691760301589966e-02 -6.301632616668939590e-03 7.169178687036037445e-03
3.762107193470001221e-01 -1.593440920114517212e-01 -6.158248987048864365e-03 2.978572249412536621e-01
3.730238378047943115e-01 3.586509451270103455e-02 -2.011047472478821874e-04 3.238470759242773056e-03
3.737411201000213623e-01 2.309899330139160156e-01 -1.363353221677243710e-04 -2.895078957080841064e-01
3.783609271049499512e-01 3.586992248892784119e-02 -5.926493555307388306e-03 3.132024779915809631e-03
3.790783286094665527e-01 -1.591665297746658325e-01 -5.863852798938751221e-03 2.939392030239105225e-01
3.758949935436248779e-01 3.603852540254592896e-02 1.493105082772672176e-05 -5.873246700502932072e-04
3.766157627105712891e-01 -1.590836346149444580e-01 3.184558181601460092e-06 2.921003103256225586e-01
3.734340965747833252e-01 3.603826835751533508e-02 5.845190957188606262e-03 -5.816093762405216694e-04
3.741548657417297363e-01 2.310758978128433228e-01 5.833558738231658936e-03 -2.914145886898040771e-01
3.787763714790344238e-01 3.587126359343528748e-02 5.266816515359096229e-06 3.102446207776665688e-03
3.794938027858734131e-01 2.309931367635726929e-01 6.731574103469029069e-05 -2.895788252353668213e-01
3.841136693954467773e-01 3.587022796273231506e-02 -5.724260583519935608e-03 3.125337883830070496e-03
3.848310708999633789e-01 -1.591691672801971436e-01 -5.661753937602043152e-03 2.939967215061187744e-01
3.816476762294769287e-01 3.603304922580718994e-02 2.181802847189828753e-04 -4.664638545364141464e-04
3.823683559894561768e-01 2.311518639326095581e-01 2.088510082103312016e-04 -2.930805385112762451e-01
3.869913816452026367e-01 3.602693974971771240e-02 -5.652759689837694168e-03 -3.317558439448475838e-04
3.877119123935699463e-01 -1.590134799480438232e-01 -5.659394897520542145e-03 2.905623018741607666e-01
3.845316469669342041e-01 3.618870303034782410e-02 1.518511853646486998e-04 -3.900139592587947845e-03
3.852554261684417725e-01 2.313084751367568970e-01 7.384840137092396617e-05 -2.965351641178131104e-01
3.898815810680389404e-01 3.618547320365905762e-02 -5.856854841113090515e-03 -3.828935092315077782e-03
3.906053006649017334e-01 -1.588519960641860962e-01 -5.933433305472135544e-03 2.870003581047058105e-01
3.874282538890838623e-01 3.635406866669654846e-02 -1.934264582814648747e-04 -7.548016961663961411e-03
3.881553411483764648e-01 -1.587651073932647705e-01 -3.443867899477481842e-04 2.850738763809204102e-01
3.849800527095794678e-01 3.636175394058227539e-02 5.357090849429368973e-03 -7.717648986726999283e-03
3.857072889804840088e-01 2.314064651727676392e-01 5.202737636864185333e-03 -2.987055480480194092e-01
3.903354108333587646e-01 3.621074184775352478e-02 -7.713732193224132061e-04 -4.386323038488626480e-03
3.910596370697021484e-01 2.313437461853027344e-01 -8.590996731072664261e-04 -2.973125278949737549e-01
3.956865072250366211e-01 3.623405471444129944e-02 -6.805350072681903839e-03 -4.900669679045677185e-03
3.964111804962158203e-01 -1.587896347045898438e-01 -6.903363391757011414e-03 2.856273353099822998e-01
3.932353854179382324e-01 3.643007948994636536e-02 -1.190816750749945641e-03 -9.224837645888328552e-03
3.939639925956726074e-01 -1.586747765541076660e-01 -1.375313499011099339e-03 2.830821275711059570e-01
3.907904922962188721e-01 3.646676987409591675e-02 4.286329261958599091e-03 -1.003424171358346939e-02
3.915198147296905518e-01 2.315269857645034790e-01 4.085644148290157318e-03 -3.013617098331451416e-01
3.961503803730010986e-01 3.634704276919364929e-02 -1.941589755006134510e-03 -7.393055129796266556e-03
3.968773186206817627e-01 -1.587470173835754395e-01 -2.089450834318995476e-03 2.846766412258148193e-01
3.937023580074310303e-01 3.640468046069145203e-02 3.604081925004720688e-03 -8.664548397064208984e-03
3.944304585456848145e-01 2.314747571945190430e-01 3.430790966376662254e-03 -3.002081811428070068e-01
3.990599513053894043e-01 3.630407527089118958e-02 -2.573372330516576767e-03 -6.445215083658695221e-03
3.997860252857208252e-01 -1.587808728218078613e-01 -2.702276688069105148e-03 2.854246795177459717e-01
3.966104090213775635e-01 3.637950867414474487e-02 3.006216837093234062e-03 -8.109307847917079926e-03
3.973380029201507568e-01 2.314582169055938721e-01 2.844030736014246941e-03 -2.998422086238861084e-01
4.019671678543090820e-01 3.629584610462188721e-02 -3.152813762426376343e-03 -6.263702176511287689e-03
4.026930928230285645e-01 -1.587807536125183105e-01 -3.278087824583053589e-03 2.854228019714355469e-01
3.995174765586853027e-01 3.638780117034912109e-02 2.430368447676301003e-03 -8.292199112474918365e-03
4.002452194690704346e-01 2.314748167991638184e-01 2.264524344354867935e-03 -3.002073168754577637e-01
4.048747420310974121e-01 3.632065653800964355e-02 -3.739622188732028008e-03 -6.811073049902915955e-03
4.056011438369750977e-01 -1.587474644184112549e-01 -3.875843482092022896e-03 2.846896052360534668e-01
4.024261832237243652e-01 3.642955049872398376e-02 1.817948766984045506e-03 -9.213202632963657379e-03
4.031547904014587402e-01 2.315253913402557373e-01 1.633684732951223850e-03 -3.013219833374023438e-01
4.077852964401245117e-01 3.638018667697906494e-02 -4.392755217850208282e-03 -8.124281652271747589e-03
4.085128903388977051e-01 -1.586784869432449341e-01 -4.555240739136934280e-03 2.831694483757019043e-01
4.053393304347991943e-01 3.650813549757003784e-02 1.108148135244846344e-03 -1.094669103622436523e-02
4.060694873332977295e-01 2.316141724586486816e-01 8.892143378034234047e-04 -3.032797873020172119e-01
4.107017815113067627e-01 3.647956252098083496e-02 -5.176381208002567291e-03 -1.031654607504606247e-02
4.114313721656799316e-01 -1.585677713155746460e-01 -5.382711999118328094e-03 2.807286977767944336e-01
4.082600176334381104e-01 3.663054853677749634e-02 2.318615734111517668e-04 -1.364705897867679596e-02
4.089926183223724365e-01 2.317491769790649414e-01 -4.107960194232873619e-05 -3.062568306922912598e-01
4.136275947093963623e-01 3.662780672311782837e-02 -6.166215986013412476e-03 -1.358685083687305450e-02
4.143601655960083008e-01 -1.584051698446273804e-01 -6.437953095883131027e-03 2.771441936492919922e-01
4.111920595169067383e-01 3.680803254246711731e-02 -8.950690389610826969e-04 -1.756228134036064148e-02
4.119282066822052002e-01 -1.583010703325271606e-01 -1.246314728632569313e-03 2.748381197452545166e-01
4.087621867656707764e-01 3.683863952755928040e-02 4.250447265803813934e-03 -1.823765039443969727e-02
4.094989597797393799e-01 2.318993806838989258e-01 3.885694313794374466e-03 -3.095764815807342529e-01
4.141369462013244629e-01 3.672228008508682251e-02 -2.305835252627730370e-03 -1.567065715789794922e-02
4.148713946342468262e-01 -1.583665311336517334e-01 -2.619248349219560623e-03 2.762838602066040039e-01
4.117040634155273438e-01 3.679269179701805115e-02 2.906428650021553040e-03 -1.722402684390544891e-02
4.124399125576019287e-01 2.318728417158126831e-01 2.561948262155056000e-03 -3.089885115623474121e-01
4.170773923397064209e-01 3.671448305249214172e-02 -3.617822425439953804e-03 -1.549873407930135727e-02
4.178116619586944580e-01 -1.583553999662399292e-01 -3.927797079086303711e-03 2.760405242443084717e-01
4.146445691585540771e-01 3.682237118482589722e-02 1.593013759702444077e-03 -1.787862926721572876e-02
4.153810143470764160e-01 2.319214344024658203e-01 1.235441071912646294e-03 -3.100585043430328369e-01
4.200194478034973145e-01 3.678190708160400391e-02 -4.965729080140590668e-03 -1.698622293770313263e-02
4.207550883293151855e-01 -1.582684814929962158e-01 -5.305453669279813766e-03 2.741258442401885986e-01
4.175896942615509033e-01 3.692876920104026794e-02 1.770629896782338619e-04 -2.022571489214897156e-02
4.183282852172851562e-01 2.320481836795806885e-01 -2.274512953590601683e-04 -3.128527700901031494e-01
4.229692518711090088e-01 3.692946955561637878e-02 -6.484506651759147644e-03 -2.024158276617527008e-02
4.237078428268432617e-01 -1.580988913774490356e-01 -6.889338139444589615e-03 2.703883647918701172e-01
4.205458462238311768e-01 3.712069243192672729e-02 -1.481570885516703129e-03 -2.445949986577033997e-02
4.212882816791534424e-01 -1.579799801111221313e-01 -1.970760989934206009e-03 2.677555978298187256e-01
4.181286692619323730e-01 3.717004135251045227e-02 3.384351264685392380e-03 -2.554826065897941589e-02
4.188720583915710449e-01 2.322432994842529297e-01 2.873386023566126823e-03 -3.171614706516265869e-01
4.235169291496276855e-01 3.708053380250930786e-02 -3.469843417406082153e-03 -2.357376180589199066e-02
4.242585599422454834e-01 -1.579914838075637817e-01 -3.941318485885858536e-03 2.680123746395111084e-01
4.210987091064453125e-01 3.718649223446846008e-02 1.418928848579525948e-03 -2.591106295585632324e-02
4.218424558639526367e-01 2.322880625724792480e-01 9.007076150737702847e-04 -3.181459605693817139e-01
4.264882206916809082e-01 3.715329989790916443e-02 -5.462211556732654572e-03 -2.517912350594997406e-02
4.272312819957733154e-01 -1.578899025917053223e-01 -5.965793970972299576e-03 2.657754123210906982e-01
4.240734875202178955e-01 3.731669113039970398e-02 -6.502857431769371033e-04 -2.878318354487419128e-02
4.248198270797729492e-01 -1.577959209680557251e-01 -1.225949381478130817e-03 2.636944949626922607e-01
4.216638803482055664e-01 3.734350204467773438e-02 4.047940485179424286e-03 -2.937485091388225555e-02
4.224107563495635986e-01 2.324071675539016724e-01 3.460443578660488129e-03 -3.207778632640838623e-01
4.270589053630828857e-01 3.723610937595367432e-02 -2.955113770440220833e-03 -2.700565941631793976e-02
4.278036355972290039e-01 -1.578433364629745483e-01 -3.495226847007870674e-03 2.647434473037719727e-01
4.246467649936676025e-01 3.732832521200180054e-02 1.799641759134829044e-03 -2.903986908495426178e-02
4.253933429718017578e-01 2.324244230985641479e-01 1.218844437971711159e-03 -3.211544454097747803e-01
4.300418198108673096e-01 3.728513419628143311e-02 -5.204244516789913177e-03 -2.808739244937896729e-02
4.307875335216522217e-01 -1.577617973089218140e-01 -5.765992216765880585e-03 2.629490196704864502e-01
4.276322722434997559e-01 3.744198009371757507e-02 -5.070121842436492443e-04 -3.154698759317398071e-02
4.283811151981353760e-01 -1.576727032661437988e-01 -1.137951971031725407e-03 2.609759271144866943e-01
4.252276718616485596e-01 3.746547922492027283e-02 4.081566818058490753e-03 -3.206570446491241455e-02
4.259769916534423828e-01 2.325286567211151123e-01 3.440252505242824554e-03 -3.234580755233764648e-01
4.306275546550750732e-01 3.735789284110069275e-02 -3.028908744454383850e-03 -2.969221025705337524e-02
4.313746988773345947e-01 -1.577204912900924683e-01 -3.622753079980611801e-03 2.620335221290588379e-01
4.282203018665313721e-01 3.745298460125923157e-02 1.617917558178305626e-03 -3.178985416889190674e-02
4.289693534374237061e-01 2.325516939163208008e-01 9.821204002946615219e-04 -3.239618837833404541e-01
4.336203932762145996e-01 3.741577640175819397e-02 -5.497117061167955399e-03 -3.096938878297805786e-02
4.343686997890472412e-01 -1.576269119977951050e-01 -6.116504780948162079e-03 2.599740922451019287e-01
4.312161803245544434e-01 3.758181631565093994e-02 -9.170231642201542854e-04 -3.463177755475044250e-02
4.319677948951721191e-01 -1.575269699096679688e-01 -1.609658706001937389e-03 2.577616870403289795e-01
4.288172721862792969e-01 3.761792182922363281e-02 3.545574843883514404e-03 -3.542852401733398438e-02
4.295696318149566650e-01 2.326888442039489746e-01 2.837004372850060463e-03 -3.269906938076019287e-01
4.342234134674072266e-01 3.752662241458892822e-02 -3.702809335663914680e-03 -3.341443836688995361e-02
4.349739253520965576e-01 -1.575420349836349487e-01 -4.371098242700099945e-03 2.580979168415069580e-01
4.318231046199798584e-01 3.764204680919647217e-02 7.908602128736674786e-04 -3.596051037311553955e-02
4.325759410858154297e-01 -1.574912369251251221e-01 7.165004353737458587e-05 2.569718360900878906e-01
4.294261038303375244e-01 3.762969374656677246e-02 5.211086943745613098e-03 -3.568848967552185059e-02
4.301787018775939941e-01 2.326765358448028564e-01 4.497317131608724594e-03 -3.267227113246917725e-01
4.348322451114654541e-01 3.749083727598190308e-02 -2.037137281149625778e-03 -3.262493759393692017e-02
4.355820417404174805e-01 -1.576018333435058594e-01 -2.689636079594492912e-03 2.594145536422729492e-01
4.324300289154052734e-01 3.755840286612510681e-02 2.498655114322900772e-03 -3.411550447344779968e-02
4.331811964511871338e-01 2.326444387435913086e-01 1.816344913095235825e-03 -3.260090351104736328e-01
4.378340840339660645e-01 3.749667108058929443e-02 -4.703835584223270416e-03 -3.275386244058609009e-02
4.385839998722076416e-01 -1.575575172901153564e-01 -5.358912982046604156e-03 2.584412395954132080e-01
4.354328513145446777e-01 3.764053434133529663e-02 -1.900879433378577232e-04 -3.592712804675102234e-02
4.361856579780578613e-01 -1.574786901473999023e-01 -9.086304926313459873e-04 2.566958069801330566e-01
4.330360889434814453e-01 3.765622153878211975e-02 4.225285723805427551e-03 -3.627356514334678650e-02
4.337892234325408936e-01 2.327173203229904175e-01 3.499814542010426521e-03 -3.276203870773315430e-01
4.384435713291168213e-01 3.754572570323944092e-02 -3.052592976018786430e-03 -3.383582830429077148e-02
4.391944706439971924e-01 -1.575323194265365601e-01 -3.729309653863310814e-03 2.578824162483215332e-01
4.360438287258148193e-01 3.764267638325691223e-02 1.428338699042797089e-03 -3.597445785999298096e-02
4.367966949939727783e-01 2.327441126108169556e-01 7.088495185598731041e-04 -3.282063901424407959e-01
4.414515793323516846e-01 3.761208057403564453e-02 -5.855278111994266510e-03 -3.530000522732734680e-02
4.422038197517395020e-01 -1.574254184961318970e-01 -6.561278365552425385e-03 2.555297911167144775e-01
4.390552937984466553e-01 3.778959438204765320e-02 -1.450682641007006168e-03 -3.921543434262275696e-02
4.398110806941986084e-01 -1.573115289211273193e-01 -2.234991407021880150e-03 2.530094385147094727e-01
4.366648495197296143e-01 3.784226998686790466e-02 2.825197298079729080e-03 -4.037761315703392029e-02
4.374217092990875244e-01 2.329235970973968506e-01 2.017645165324211121e-03 -3.321678340435028076e-01
4.420801699161529541e-01 3.777298331260681152e-02 -4.625711124390363693e-03 -3.884931281208992004e-02
4.428356289863586426e-01 -1.572823375463485718e-01 -5.402697715908288956e-03 2.523705661296844482e-01
4.396899938583374023e-01 3.791634738445281982e-02 -3.552861453499644995e-04 -4.201155900955200195e-02
4.404483139514923096e-01 -1.572005003690719604e-01 -1.195517368614673615e-03 2.505592405796051025e-01
4.373043179512023926e-01 3.793849796056747437e-02 3.815667703747749329e-03 -4.250052571296691895e-02
4.380630850791931152e-01 2.330055236816406250e-01 2.965657040476799011e-03 -3.339771330356597900e-01
4.427231848239898682e-01 3.784149140119552612e-02 -3.713885555043816566e-03 -4.036046937108039856e-02
4.434800148010253906e-01 -1.572270095348358154e-01 -4.521095193922519684e-03 2.511483728885650635e-01
4.403354823589324951e-01 3.795921429991722107e-02 5.018725642003118992e-04 -4.295715317130088806e-02
4.410946667194366455e-01 -1.571699380874633789e-01 -3.572705318219959736e-04 2.498840689659118652e-01
4.379512667655944824e-01 3.795712068676948547e-02 4.640411119908094406e-03 -4.291152209043502808e-02
4.387104213237762451e-01 2.330122292041778564e-01 3.782180603593587875e-03 -3.341267406940460205e-01
4.433706402778625488e-01 3.783664479851722717e-02 -2.900354331359267235e-03 -4.025352001190185547e-02
4.441273808479309082e-01 -1.572435945272445679e-01 -3.705424722284078598e-03 2.515129148960113525e-01
4.409825205802917480e-01 3.793107345700263977e-02 1.324833370745182037e-03 -4.233647510409355164e-02
4.417411386966705322e-01 -1.572098582983016968e-01 4.781038442160934210e-04 2.507641613483428955e-01
4.385969340801239014e-01 3.790526837110519409e-02 5.493387114256620407e-03 -4.176793247461318970e-02
4.393550455570220947e-01 2.329480201005935669e-01 4.658028483390808105e-03 -3.327125906944274902e-01
4.440140128135681152e-01 3.776007890701293945e-02 -1.996223581954836845e-03 -3.856440261006355286e-02
4.447692036628723145e-01 -1.573331952095031738e-01 -2.767511643469333649e-03 2.534880340099334717e-01
4.416225552558898926e-01 3.782816603779792786e-02 2.302248962223529816e-03 -4.006653651595115662e-02
4.423791170120239258e-01 2.329170256853103638e-01 1.500918297097086906e-03 -3.320221900939941406e-01
4.470374584197998047e-01 3.777374699711799622e-02 -5.139525514096021652e-03 -3.886632621288299561e-02
4.477929174900054932e-01 -1.572741270065307617e-01 -5.916852038353681564e-03 2.521906197071075439e-01
4.446474313735961914e-01 3.793181106448173523e-02 -8.730398840270936489e-04 -4.235271736979484558e-02
4.454060792922973633e-01 -1.571776121854782104e-01 -1.720094238407909870e-03 2.500546276569366455e-01
4.422625303268432617e-01 3.796885907649993896e-02 3.280998207628726959e-03 -4.317035526037216187e-02
4.430218935012817383e-01 2.330436110496520996e-01 2.417591167613863945e-03 -3.348163068294525146e-01
4.476827681064605713e-01 3.788733482360839844e-02 -4.278734792023897171e-03 -4.137196391820907593e-02
4.484405219554901123e-01 -1.571729928255081177e-01 -5.106173921376466751e-03 2.499579191207885742e-01
4.452970623970031738e-01 3.802149742841720581e-02 -1.070157304638996720e-04 -4.433122277259826660e-02
4.460574984550476074e-01 -1.570989191532135010e-01 -9.936401620507240295e-04 2.483179420232772827e-01
4.429154992103576660e-01 3.803720697760581970e-02 3.972718492150306702e-03 -4.467823728919029236e-02
4.436762630939483643e-01 2.331019639968872070e-01 3.079153830185532570e-03 -3.361050784587860107e-01
4.483382999897003174e-01 3.793633356690406799e-02 -3.642948111519217491e-03 -4.245275631546974182e-02
4.490970075130462646e-01 -1.571331918239593506e-01 -4.492003004997968674e-03 2.490785568952560425e-01
4.459543526172637939e-01 3.805262222886085510e-02 4.895680467598140240e-04 -4.501784592866897583e-02
4.467154145240783691e-01 -1.570763438940048218e-01 -4.107889253646135330e-04 2.478194981813430786e-01
4.435738921165466309e-01 3.805146738886833191e-02 4.545601084828376770e-03 -4.499296844005584717e-02
4.443349242210388184e-01 2.331079393625259399e-01 3.645741846412420273e-03 -3.362382650375366211e-01
4.489970803260803223e-01 3.793429955840110779e-02 -3.079023445025086403e-03 -4.240788891911506653e-02
4.497557580471038818e-01 -1.571433693170547485e-01 -3.927181009203195572e-03 2.493019849061965942e-01
4.466128945350646973e-01 3.803445026278495789e-02 1.058858586475253105e-03 -4.461706429719924927e-02
4.473735690116882324e-01 -1.571026742458343506e-01 1.665173040237277746e-04 2.483997493982315063e-01
4.442315101623535156e-01 3.801690414547920227e-02 5.134512204676866531e-03 -4.423064365983009338e-02
4.449918568134307861e-01 2.330648601055145264e-01 4.249899648129940033e-03 -3.352891802787780762e-01
4.496531486511230469e-01 3.788267821073532104e-02 -2.455883892253041267e-03 -4.126908630132675171e-02
4.504108130931854248e-01 -1.572039723396301270e-01 -3.281265730038285255e-03 2.506379783153533936e-01
4.472667276859283447e-01 3.796468302607536316e-02 1.731493859551846981e-03 -4.307812079787254333e-02
4.480260312557220459e-01 2.330617606639862061e-01 8.699314203113317490e-04 -3.352142274379730225e-01
4.526872634887695312e-01 3.792744129896163940e-02 -5.834353622049093246e-03 -4.225711151957511902e-02
4.534458220005035400e-01 -1.571103632450103760e-01 -6.679495796561241150e-03 2.485793232917785645e-01
4.503036141395568848e-01 3.810634091496467590e-02 -1.707909163087606430e-03 -4.620295390486717224e-02
4.510657191276550293e-01 -1.569910794496536255e-01 -2.631968120113015175e-03 2.459406256675720215e-01
4.479258954524993896e-01 3.816836327314376831e-02 2.286844421178102493e-03 -4.757132381200790405e-02
4.486892819404602051e-01 2.332574427127838135e-01 1.335417851805686951e-03 -3.395318686962127686e-01
4.533544182777404785e-01 3.811652213335037231e-02 -5.455219186842441559e-03 -4.642811045050621033e-02
4.541167616844177246e-01 -1.569267809391021729e-01 -6.383781321346759796e-03 2.445286661386489868e-01
4.509782195091247559e-01 3.828576579689979553e-02 -1.493208226747810841e-03 -5.016100779175758362e-02
4.517439305782318115e-01 -1.568147391080856323e-01 -2.496428322046995163e-03 2.420504242181777954e-01
4.486076533794403076e-01 3.834277763962745667e-02 2.344580134376883507e-03 -5.141889676451683044e-02
4.493744969367980957e-01 -1.568127125501632690e-01 1.316202222369611263e-03 2.420028448104858398e-01
4.462382495403289795e-01 3.829041123390197754e-02 6.156259216368198395e-03 -5.026462674140930176e-02
4.470040500164031982e-01 2.333235442638397217e-01 5.150966346263885498e-03 -3.409988582134246826e-01
4.516705274581909180e-01 3.812869265675544739e-02 -1.669010729528963566e-03 -4.669608175754547119e-02
4.524331092834472656e-01 -1.569692939519882202e-01 -2.602932276204228401e-03 2.454597949981689453e-01
4.492937028408050537e-01 3.818974271416664124e-02 2.306263428181409836e-03 -4.804302379488945007e-02
4.500575065612792969e-01 2.332785427570343018e-01 1.345402910374104977e-03 -3.399974107742309570e-01
4.547230899333953857e-01 3.813748061656951904e-02 -5.454545374959707260e-03 -4.689052700996398926e-02
4.554858207702636719e-01 -1.569058299064636230e-01 -6.392356008291244507e-03 2.440664619207382202e-01
4.523476958274841309e-01 3.830683603882789612e-02 -1.511026755906641483e-03 -5.062589794397354126e-02
4.531138539314270020e-01 -1.567934155464172363e-01 -2.523544710129499435e-03 2.415799051523208618e-01
4.499779641628265381e-01 3.836449235677719116e-02 2.308053430169820786e-03 -5.189794674515724182e-02
4.507452547550201416e-01 -1.567904800176620483e-01 1.270094420760869980e-03 2.415122985839843750e-01
4.476094543933868408e-01 3.831330686807632446e-02 6.100340280681848526e-03 -5.076973885297775269e-02
4.483757317066192627e-01 2.333472520112991333e-01 5.084945354610681534e-03 -3.415217399597167969e-01
4.530426561832427979e-01 3.815332800149917603e-02 -1.745489193126559258e-03 -4.723965749144554138e-02
4.538057446479797363e-01 -1.569435447454452515e-01 -2.690282417461276054e-03 2.448920458555221558e-01
4.506668746471405029e-01 3.821672126650810242e-02 2.207558369264006615e-03 -4.863825067877769470e-02
4.514311850070953369e-01 2.333069443702697754e-01 1.234793337062001228e-03 -3.406238555908203125e-01
4.560973346233367920e-01 3.816745057702064514e-02 -5.577683914452791214e-03 -4.755180329084396362e-02
4.568606913089752197e-01 -1.568740755319595337e-01 -6.528719794005155563e-03 2.433661073446273804e-01
4.537231922149658203e-01 3.834051638841629028e-02 -1.661397749558091164e-03 -5.136897414922714233e-02
4.544900059700012207e-01 -1.567575782537460327e-01 -2.688777167350053787e-03 2.407893091440200806e-01
4.513548612594604492e-01 3.840268403291702271e-02 2.127008978277444839e-03 -5.274052172899246216e-02
4.521229267120361328e-01 -1.567496955394744873e-01 1.072198501788079739e-03 2.406127303838729858e-01
4.489879310131072998e-01 3.835691884160041809e-02 5.884453188627958298e-03 -5.173179879784584045e-02
4.497550725936889648e-01 2.333939969539642334e-01 4.849817138165235519e-03 -3.425523340702056885e-01
4.544229507446289062e-01 3.820338845252990723e-02 -2.001229440793395042e-03 -4.834401980042457581e-02
4.551870226860046387e-01 -1.568898111581802368e-01 -2.968109911307692528e-03 2.437068223953247070e-01
4.520492255687713623e-01 3.827441111207008362e-02 1.906026736833155155e-03 -4.991083592176437378e-02
4.528146982192993164e-01 -1.568748205900192261e-01 9.078099974431097507e-04 2.433728426694869995e-01
4.496771991252899170e-01 3.823415189981460571e-02 5.775266792625188828e-03 -4.902359098196029663e-02
4.504418969154357910e-01 2.332728207111358643e-01 4.794795066118240356e-03 -3.398787975311279297e-01
4.551073312759399414e-01 3.808297216892242432e-02 -2.002780558541417122e-03 -4.568772390484809875e-02
4.558689892292022705e-01 -1.570101976394653320e-01 -2.916535129770636559e-03 2.463626414537429810e-01
4.527288079261779785e-01 3.815327957272529602e-02 2.010717522352933884e-03 -4.723880812525749207e-02
4.534918665885925293e-01 2.332463413476943970e-01 1.065941411070525646e-03 -3.392866551876068115e-01
4.581567943096160889e-01 3.810923919081687927e-02 -5.719791632145643234e-03 -4.626778140664100647e-02
4.589189887046813965e-01 -1.569302231073379517e-01 -6.645147223025560379e-03 2.446050196886062622e-01
4.557803869247436523e-01 3.828600049018859863e-02 -1.753046875819563866e-03 -5.016651749610900879e-02
4.565460979938507080e-01 -1.568107753992080688e-01 -2.756377216428518295e-03 2.419627904891967773e-01
4.534098803997039795e-01 3.835044801235198975e-02 2.082878723740577698e-03 -5.158828943967819214e-02
4.541768729686737061e-01 -1.568013131618499756e-01 1.051112893037497997e-03 2.417510747909545898e-01
4.510408639907836914e-01 3.830561414361000061e-02 5.886134225875139236e-03 -5.060011893510818481e-02
4.518069624900817871e-01 2.333426773548126221e-01 4.874132107943296432e-03 -3.414201140403747559e-01
4.564738273620605469e-01 3.815171122550964355e-02 -1.954270526766777039e-03 -4.720417410135269165e-02
4.572368562221527100e-01 -1.569421589374542236e-01 -2.898354083299636841e-03 2.448615282773971558e-01
4.540980160236358643e-01 3.822106495499610901e-02 1.998876454308629036e-03 -4.873420670628547668e-02
4.548624455928802490e-01 2.333143055438995361e-01 1.024192315526306629e-03 -3.407858014106750488e-01
4.595287144184112549e-01 3.817778825759887695e-02 -5.791523493826389313e-03 -4.778007790446281433e-02
4.602922797203063965e-01 -1.568606346845626831e-01 -6.747125182300806046e-03 2.430699616670608521e-01
4.571550786495208740e-01 3.835703432559967041e-02 -1.885726000182330608e-03 -5.173352360725402832e-02
4.579222202301025391e-01 -1.567378342151641846e-01 -2.920396393164992332e-03 2.403538376092910767e-01
4.547874629497528076e-01 3.842572122812271118e-02 1.886680372990667820e-03 -5.324882268905639648e-02
4.555559754371643066e-01 -1.567232310771942139e-01 8.217039285227656364e-04 2.400287687778472900e-01
4.524214863777160645e-01 3.838697075843811035e-02 5.622279364615678787e-03 -5.239485576748847961e-02
4.531892538070678711e-01 2.334278523921966553e-01 4.574382212013006210e-03 -3.432986140251159668e-01
4.578577876091003418e-01 3.824112564325332642e-02 -2.291590208187699318e-03 -4.917672649025917053e-02
4.586226344108581543e-01 -1.568478941917419434e-01 -3.275124588981270790e-03 2.427823096513748169e-01
4.554856717586517334e-01 3.832069039344787598e-02 1.580521464347839355e-03 -5.093187838792800903e-02
4.562520682811737061e-01 -1.568238884210586548e-01 5.618838476948440075e-04 2.422492951154708862e-01
4.531156122684478760e-01 3.829003125429153442e-02 5.406869575381278992e-03 -5.025634542107582092e-02
4.538814127445220947e-01 2.333340346813201904e-01 4.401742946356534958e-03 -3.412284553050994873e-01
4.585480690002441406e-01 3.814973682165145874e-02 -2.422826364636421204e-03 -4.716074094176292419e-02
4.593110680580139160e-01 -1.569373905658721924e-01 -3.366041230037808418e-03 2.447567731142044067e-01
4.561723172664642334e-01 3.823247551918029785e-02 1.529094297438859940e-03 -4.898597672581672668e-02
4.569369852542877197e-01 2.333324700593948364e-01 5.493747303262352943e-04 -3.411860764026641846e-01
4.616036117076873779e-01 3.820270672440528870e-02 -6.274346727877855301e-03 -4.832995310425758362e-02
4.623676836490631104e-01 -1.568287163972854614e-01 -7.240945938974618912e-03 2.423667758703231812e-01
4.592311084270477295e-01 3.839591145515441895e-02 -2.393610076978802681e-03 -5.259130895137786865e-02
4.599990248680114746e-01 -1.566916406154632568e-01 -3.445436246693134308e-03 2.393354475498199463e-01
4.568651914596557617e-01 3.847936540842056274e-02 1.341272727586328983e-03 -5.443226546049118042e-02
4.576347768306732178e-01 -1.566617935895919800e-01 2.526273601688444614e-04 2.386735379695892334e-01
4.545015394687652588e-01 3.845654800534248352e-02 5.026098340749740601e-03 -5.392969027161598206e-02
4.552706778049468994e-01 2.335060685873031616e-01 3.947504330426454544e-03 -3.450226187705993652e-01
4.599407911300659180e-01 3.832819312810897827e-02 -2.952947979792952538e-03 -5.109750851988792419e-02
4.607073664665222168e-01 -1.567512899637222290e-01 -3.974898252636194229e-03 2.406522780656814575e-01
4.575723409652709961e-01 3.842721134424209595e-02 8.381474181078374386e-04 -5.328178778290748596e-02
4.583408832550048828e-01 -1.567067503929138184e-01 -2.274882863275706768e-04 2.396654635667800903e-01
4.552067518234252930e-01 3.841845318675041199e-02 4.565821029245853424e-03 -5.308920890092849731e-02
4.559751152992248535e-01 2.334746420383453369e-01 3.504036925733089447e-03 -3.443281054496765137e-01
4.606446027755737305e-01 3.830301761627197266e-02 -3.382524941116571426e-03 -5.054226890206336975e-02
4.614106714725494385e-01 -1.567702740430831909e-01 -4.393370356410741806e-03 2.410715222358703613e-01
4.582752585411071777e-01 3.841416537761688232e-02 4.280600405763834715e-04 -5.299394577741622925e-02
4.590435326099395752e-01 -1.567139178514480591e-01 -6.318188970908522606e-04 2.398240119218826294e-01
4.559092521667480469e-01 3.841704875230789185e-02 4.164661280810832977e-03 -5.305814743041992188e-02
4.566776156425476074e-01 2.334790378808975220e-01 3.103498369455337524e-03 -3.444241881370544434e-01
4.613471925258636475e-01 3.831307590007781982e-02 -3.784985514357686043e-03 -5.076422542333602905e-02
4.621134400367736816e-01 -1.567544043064117432e-01 -4.800269845873117447e-03 2.407221049070358276e-01
4.589783549308776855e-01 3.843579068779945374e-02 1.417229577782563865e-05 -5.347108095884323120e-02
4.597470760345458984e-01 -1.566863656044006348e-01 -1.055249362252652645e-03 2.392163127660751343e-01
4.566133618354797363e-01 3.845064714550971985e-02 3.729077056050300598e-03 -5.379927903413772583e-02
4.573823511600494385e-01 2.335189282894134521e-01 2.653091447427868843e-03 -3.453033268451690674e-01
4.620527327060699463e-01 3.835934028029441833e-02 -4.252974875271320343e-03 -5.178495869040489197e-02
4.628199338912963867e-01 -1.567013710737228394e-01 -5.288674030452966690e-03 2.395530939102172852e-01
4.596858918666839600e-01 3.849573060870170593e-02 -4.976122872903943062e-04 -5.479332804679870605e-02
4.604558050632476807e-01 -1.566190868616104126e-01 -1.593478838913142681e-03 2.377325594425201416e-01
4.573234319686889648e-01 3.852559626102447510e-02 3.161172149702906609e-03 -5.545257404446601868e-02
4.580939412117004395e-01 2.336020767688751221e-01 2.052120864391326904e-03 -3.471364676952362061e-01
4.627659916877746582e-01 3.845100104808807373e-02 -4.890608135610818863e-03 -5.380712822079658508e-02
4.635350108146667480e-01 -1.566004902124404907e-01 -5.966750904917716980e-03 2.373287677764892578e-01
4.604029953479766846e-01 3.860620036721229553e-02 -1.220175414346158504e-03 -5.723026022315025330e-02
4.611751139163970947e-01 -1.564982384443283081e-01 -2.364780521020293236e-03 2.350674420595169067e-01
4.580451548099517822e-01 3.865742310881614685e-02 2.336568199098110199e-03 -5.836046859622001648e-02
4.588183164596557617e-01 -1.564979553222656250e-01 1.169358845800161362e-03 2.350587397813796997e-01
4.556883573532104492e-01 3.860727325081825256e-02 5.870533641427755356e-03 -5.725510045886039734e-02
4.564604759216308594e-01 2.336445599794387817e-01 4.725432023406028748e-03 -3.480800688266754150e-01
4.611333906650543213e-01 3.845571726560592651e-02 -2.236169530078768730e-03 -5.391079932451248169e-02
4.619024991989135742e-01 -1.566340923309326172e-01 -3.314385423436760902e-03 2.380657643079757690e-01
4.587697982788085938e-01 3.853504359722137451e-02 1.446929760277271271e-03 -5.566077306866645813e-02
4.595405161380767822e-01 -1.566076278686523438e-01 3.337143280077725649e-04 2.374783158302307129e-01
4.564083516597747803e-01 3.850955888628959656e-02 5.083280615508556366e-03 -5.509932711720466614e-02
4.571785628795623779e-01 2.335582524538040161e-01 3.981294110417366028e-03 -3.461741209030151367e-01
4.618497192859649658e-01 3.837990015745162964e-02 -2.942187944427132607e-03 -5.223840102553367615e-02
4.626173079013824463e-01 -1.566997468471527100e-01 -3.986956086009740829e-03 2.395147979259490967e-01
4.594833254814147949e-01 3.847893700003623962e-02 8.033397607505321503e-04 -5.442306399345397949e-02
4.602529108524322510e-01 -1.566545218229293823e-01 -2.851214958354830742e-04 2.385132163763046265e-01
4.571198225021362305e-01 3.847150132060050964e-02 4.485142882913351059e-03 -5.425963178277015686e-02
4.578892290592193604e-01 2.335288524627685547e-01 3.399950219318270683e-03 -3.455241024494171143e-01
4.625598192214965820e-01 3.835870698094367981e-02 -3.510531736537814140e-03 -5.177097767591476440e-02
4.633269906044006348e-01 -1.567127406597137451e-01 -4.545951262116432190e-03 2.398022860288619995e-01
4.601927399635314941e-01 3.847386315464973450e-02 2.500943664927035570e-04 -5.431108921766281128e-02
4.609622061252593994e-01 -1.566516757011413574e-01 -8.361274376511573792e-04 2.384507358074188232e-01
4.578291773796081543e-01 3.848221153020858765e-02 3.932887222617864609e-03 -5.449581518769264221e-02
4.585988223552703857e-01 2.335475534200668335e-01 2.842970890924334526e-03 -3.459352850914001465e-01
4.632697701454162598e-01 3.838527575135231018e-02 -4.075734876096248627e-03 -5.235723406076431274e-02
4.640374779701232910e-01 -1.566780060529708862e-01 -5.122879520058631897e-03 2.390369921922683716e-01
4.609039127826690674e-01 3.851675987243652344e-02 -3.421399742364883423e-04 -5.525743216276168823e-02
4.616742432117462158e-01 -1.566002815961837769e-01 -1.447288552299141884e-03 2.373175323009490967e-01
4.585422575473785400e-01 3.854231536388397217e-02 3.299061907455325127e-03 -5.582156404852867126e-02
4.593130946159362793e-01 2.336168140172958374e-01 2.182630589231848717e-03 -3.474617898464202881e-01
4.639854431152343750e-01 3.846387937664985657e-02 -4.766605328768491745e-03 -5.409140139818191528e-02
4.647547006607055664e-01 -1.565894037485122681e-01 -5.848433356732130051e-03 2.370838224887847900e-01
4.616229236125946045e-01 3.861561417579650879e-02 -1.106756739318370819e-03 -5.743812397122383118e-02
4.623952209949493408e-01 -1.564904451370239258e-01 -2.255519386380910873e-03 2.348954081535339355e-01
4.592654109001159668e-01 3.866365179419517517e-02 2.442388795316219330e-03 -5.849812924861907959e-02
4.600386917591094971e-01 -1.564932316541671753e-01 1.272426336072385311e-03 2.349543869495391846e-01
4.569088220596313477e-01 3.861051425337791443e-02 5.971514154225587845e-03 -5.732690170407295227e-02
4.576810300350189209e-01 2.336463332176208496e-01 4.824975971132516861e-03 -3.481197953224182129e-01
4.623539745807647705e-01 3.845609351992607117e-02 -2.137420233339071274e-03 -5.391931161284446716e-02
4.631230831146240234e-01 -1.566351503133773804e-01 -3.215806325897574425e-03 2.380884736776351929e-01
4.599903821945190430e-01 3.853259980678558350e-02 1.545963226817548275e-03 -5.560707300901412964e-02
4.607610404491424561e-01 -1.566114872694015503e-01 4.338217258919030428e-04 2.375632226467132568e-01
4.576288163661956787e-01 3.850426897406578064e-02 5.185086280107498169e-03 -5.498283728957176208e-02
4.583989083766937256e-01 2.335514873266220093e-01 4.085429478436708450e-03 -3.460253179073333740e-01
4.630699157714843750e-01 3.837166354060173035e-02 -2.835077233612537384e-03 -5.205692350864410400e-02
4.638373553752899170e-01 -1.567095220088958740e-01 -3.876215778291225433e-03 2.397301644086837769e-01
4.607031643390655518e-01 3.846758976578712463e-02 9.183876099996268749e-04 -5.417289957404136658e-02
4.614725112915039062e-01 -1.566675156354904175e-01 -1.650704070925712585e-04 2.387996464967727661e-01
4.583391845226287842e-01 3.845679014921188354e-02 4.610922653228044510e-03 -5.393534898757934570e-02
4.591082930564880371e-01 2.335123270750045776e-01 3.532215487211942673e-03 -3.451599180698394775e-01
4.637785553932189941e-01 3.834030404686927795e-02 -3.370983060449361801e-03 -5.136526003479957581e-02
4.645453691482543945e-01 -1.567331552505493164e-01 -4.398288205265998840e-03 2.402521818876266479e-01
4.614107012748718262e-01 3.845135495066642761e-02 4.067553963977843523e-04 -5.381482839584350586e-02
4.621797204017639160e-01 -1.566764265298843384e-01 -6.695411284454166889e-04 2.389964014291763306e-01
4.590461850166320801e-01 3.845508396625518799e-02 4.110387060791254044e-03 -5.389763787388801575e-02
4.598152935504913330e-01 2.335178554058074951e-01 3.032434266060590744e-03 -3.452808856964111328e-01
4.644856452941894531e-01 3.835290297865867615e-02 -3.873183391988277435e-03 -5.164325237274169922e-02
4.652526974678039551e-01 -1.567132920026779175e-01 -4.906048532575368881e-03 2.398151457309722900e-01
4.621184468269348145e-01 3.847839310765266418e-02 -1.097456188290379941e-04 -5.441124737262725830e-02
4.628880023956298828e-01 -1.566419899463653564e-01 -1.197970472276210785e-03 2.382370531558990479e-01
4.597551822662353516e-01 3.849706053733825684e-02 3.566770581528544426e-03 -5.482350662350654602e-02
4.605251252651214600e-01 2.335676848888397217e-01 2.470300300046801567e-03 -3.463789522647857666e-01
4.651964604854583740e-01 3.841068595647811890e-02 -4.457278642803430557e-03 -5.291808024048805237e-02
4.659646749496459961e-01 -1.566470712423324585e-01 -5.515640601515769958e-03 2.383552044630050659e-01
4.628317356109619141e-01 3.855324164032936096e-02 -7.485362002626061440e-04 -5.606239289045333862e-02
4.636028110980987549e-01 -1.565579771995544434e-01 -1.869783969596028328e-03 2.363842725753784180e-01
4.604716598987579346e-01 3.859064355492591858e-02 2.857901388779282570e-03 -5.688785389065742493e-02
4.612434506416320801e-01 2.336715012788772583e-01 1.720144296996295452e-03 -3.486677110195159912e-01
4.659169018268585205e-01 3.852512687444686890e-02 -5.253210198134183884e-03 -5.544287338852882385e-02
4.666873812675476074e-01 -1.565211117267608643e-01 -6.362067535519599915e-03 2.355780005455017090e-01
