-3.439462929964065552e-02 -1.624350249767303467e-02 1.526279654353857040e-02 -1.549858949147164822e-03
-3.471949696540832520e-02 1.786562651395797729e-01 1.523179933428764343e-02 -2.893783748149871826e-01
-3.114637359976768494e-02 -1.667953468859195709e-02 9.444232098758220673e-03 8.069314062595367432e-03
-3.147996217012405396e-02 1.783057153224945068e-01 9.605618193745613098e-03 -2.816189527511596680e-01
-2.791384980082511902e-02 -1.695192977786064148e-02 3.973239101469516754e-03 1.407801173627376556e-02
-2.825288847088813782e-02 1.781128197908401489e-01 4.254799336194992065e-03 -2.773486673831939697e-01
-2.469063177704811096e-02 -1.706957817077636719e-02 -1.292174099944531918e-03 1.667317934334278107e-02
-2.503202296793460846e-02 -2.121729701757431030e-01 -9.587105014361441135e-04 3.089481294155120850e-01
-2.927548252046108246e-02 -1.703737676143646240e-02 5.220252089202404022e-03 1.596300490200519562e-02
-2.961622923612594604e-02 1.780093163251876831e-01 5.539512261748313904e-03 -2.750683128833770752e-01
-2.605604380369186401e-02 -1.719122380018234253e-02 3.814601950580254197e-05 1.935662701725959778e-02
-2.639986760914325714e-02 -2.123137265443801880e-01 4.252785583958029747e-04 3.120515942573547363e-01
-3.064614348113536835e-02 -1.719783246517181396e-02 6.666310131549835205e-03 1.950281299650669098e-02
-3.099009953439235687e-02 1.778278797864913940e-01 7.056366652250289917e-03 -2.710693776607513428e-01
-2.743354067206382751e-02 -1.739404350519180298e-02 1.634978922083973885e-03 2.383077517151832581e-02
-2.778142318129539490e-02 1.777044236660003662e-01 2.111594425514340401e-03 -2.683358490467071533e-01
-2.422733418643474579e-02 -1.744760014116764069e-02 -3.255122574046254158e-03 2.501234039664268494e-02
-2.457628585398197174e-02 -2.125227153301239014e-01 -2.754875691607594490e-03 3.166664540767669678e-01
-2.882673963904380798e-02 -1.736163720488548279e-02 3.578453557565808296e-03 2.311602048575878143e-02
-2.917397394776344299e-02 1.777088195085525513e-01 4.040773957967758179e-03 -2.684357166290283203e-01
-2.561979740858078003e-02 -1.747057028114795685e-02 -1.327940379269421101e-03 2.551895007491111755e-02
-2.596920914947986603e-02 -2.125734537839889526e-01 -8.175613475032150745e-04 3.177826106548309326e-01
-3.022067807614803314e-02 -1.743986643850803375e-02 5.538090597838163376e-03 2.484195679426193237e-02
-3.056947514414787292e-02 1.776022315025329590e-01 6.034929770976305008e-03 -2.660885155200958252e-01
-2.701742947101593018e-02 -1.760533452033996582e-02 7.131596794351935387e-04 2.849176153540611267e-02
-2.736953645944595337e-02 1.775063872337341309e-01 1.282994984649121761e-03 -2.639660835266113281e-01
-2.381940931081771851e-02 -1.763385906815528870e-02 -3.996326588094234467e-03 2.912124991416931152e-02
-2.417208626866340637e-02 -2.126982659101486206e-01 -3.413901431486010551e-03 3.205406069755554199e-01
-2.842605113983154297e-02 -1.752787083387374878e-02 2.996910829097032547e-03 2.678303606808185577e-02
-2.877660840749740601e-02 1.775509715080261230e-01 3.532571718096733093e-03 -2.649528384208679199e-01
-2.522558905184268951e-02 -1.762121729552745819e-02 -1.766484929248690605e-03 2.884220890700817108e-02
-2.557801455259323120e-02 -2.127177864313125610e-01 -1.189640723168849945e-03 3.209672570228576660e-01
-2.983237057924270630e-02 -1.757891848683357239e-02 5.229704547673463821e-03 2.790941111743450165e-02
-3.018394857645034790e-02 1.774676442146301270e-01 5.787892732769250870e-03 -2.631189227104187012e-01
-2.663459628820419312e-02 -1.773644238710403442e-02 5.255146534182131290e-04 3.138394653797149658e-02
-2.698932401835918427e-02 1.773779690265655518e-01 1.153193647041916847e-03 -2.611331343650817871e-01
-2.344176545739173889e-02 -1.776042394340038300e-02 -4.069468937814235687e-03 3.191330656409263611e-02
-2.379697374999523163e-02 -2.128237783908843994e-01 -3.431202843785285950e-03 3.233095109462738037e-01
-2.805344946682453156e-02 -1.765314117074012756e-02 3.034987254068255424e-03 2.954648993909358978e-02
-2.840651199221611023e-02 1.774251610040664673e-01 3.625917015597224236e-03 -2.621773183345794678e-01
-2.485800907015800476e-02 -1.774836517870426178e-02 -1.617629430256783962e-03 3.164705261588096619e-02
-2.521297521889209747e-02 1.773967444896697998e-01 -9.846882894635200500e-04 -2.615458071231842041e-01
-2.166504040360450745e-02 -1.771113462746143341e-02 -6.215604487806558609e-03 3.082636743783950806e-02
-2.201926335692405701e-02 -2.127434015274047852e-01 -5.599077325314283371e-03 3.215417265892028809e-01
-2.627413161098957062e-02 -1.754216663539409637e-02 8.317575557157397270e-04 2.709835581481456757e-02
-2.662497572600841522e-02 1.775678545236587524e-01 1.373724662698805332e-03 -2.653220295906066895e-01
-2.307361736893653870e-02 -1.757368445396423340e-02 -3.932715859264135361e-03 2.779386937618255615e-02
-2.342509105801582336e-02 -2.126390188932418823e-01 -3.376838518306612968e-03 3.192333877086639404e-01
-2.767787314951419830e-02 -1.746913604438304901e-02 3.007829422131180763e-03 2.548745088279247284e-02
-2.802725508809089661e-02 1.776095479726791382e-01 3.517578355967998505e-03 -2.662449479103088379e-01
-2.447506412863731384e-02 -1.756242662668228149e-02 -1.807320746593177319e-03 2.754536457359790802e-02
-2.482631243765354156e-02 -2.126584053039550781e-01 -1.256413524970412254e-03 3.196575045585632324e-01
-2.907948009669780731e-02 -1.751859113574028015e-02 5.136736668646335602e-03 2.657862566411495209e-02
-2.942985296249389648e-02 1.775293201208114624e-01 5.668309517204761505e-03 -2.644791901111602783e-01
-2.587926574051380157e-02 -1.767307519912719727e-02 3.787256137002259493e-04 2.998617663979530334e-02
-2.623272687196731567e-02 1.774434447288513184e-01 9.784491267055273056e-04 -2.625772356986999512e-01
-2.268385887145996094e-02 -1.769246160984039307e-02 -4.273095633834600449e-03 3.041414730250835419e-02
-2.303770743310451508e-02 -2.127528786659240723e-01 -3.664812538772821426e-03 3.217458128929138184e-01
-2.729276567697525024e-02 -1.757892593741416931e-02 2.770103514194488525e-03 2.790939994156360626e-02
-2.764434367418289185e-02 1.775031834840774536e-01 3.328291699290275574e-03 -2.638982534408569336e-01
-2.409427985548973083e-02 -1.766610890626907349e-02 -1.949673285707831383e-03 2.983259968459606171e-02
-2.444760315120220184e-02 -2.127600461244583130e-01 -1.353021245449781418e-03 3.218997418880462646e-01
-2.870280295610427856e-02 -1.761885359883308411e-02 5.084973759949207306e-03 2.879043854773044586e-02
-2.905518002808094025e-02 1.774298101663589478e-01 5.660782568156719208e-03 -2.622838020324707031e-01
-2.550658397376537323e-02 -1.777248829603195190e-02 4.151065368205308914e-04 3.217921778559684753e-02
-2.586203441023826599e-02 1.773435026407241821e-01 1.058690831996500492e-03 -2.603726983070373535e-01
-2.231516316533088684e-02 -1.779353991150856018e-02 -4.148763138800859451e-03 3.264395520091056824e-02
-2.267103455960750580e-02 -2.128557562828063965e-01 -3.495884127914905548e-03 3.240150213241577148e-01
-2.692814916372299194e-02 -1.768419705331325531e-02 2.984416205435991287e-03 3.023168817162513733e-02
-2.728183381259441376e-02 1.773948222398757935e-01 3.589049912989139557e-03 -2.615081369876861572e-01
-2.373393625020980835e-02 -1.777817122638225555e-02 -1.641112612560391426e-03 3.230466321110725403e-02
-2.408950030803680420e-02 -2.128765434026718140e-01 -9.950194507837295532e-04 3.244693577289581299e-01
-2.834703214466571808e-02 -1.774044334888458252e-02 5.494367796927690506e-03 3.147280216217041016e-02
-2.870183996856212616e-02 1.773022860288619995e-01 6.123823579400777817e-03 -2.594715356826782227e-01
-2.515579387545585632e-02 -1.790655031800270081e-02 9.343927376903593540e-04 3.513661399483680725e-02
-2.551392465829849243e-02 1.772019863128662109e-01 1.637125038541853428e-03 -2.572513520717620850e-01
-2.196988649666309357e-02 -1.794329658150672913e-02 -3.507902147248387337e-03 3.594749420881271362e-02
-2.232875116169452667e-02 -2.130147665739059448e-01 -2.788952086120843887e-03 3.275215923786163330e-01
-2.658904716372489929e-02 -1.785322278738021851e-02 3.761479398235678673e-03 3.396045044064521790e-02
-2.694611065089702606e-02 1.772145926952362061e-01 4.440688528120517731e-03 -2.575333118438720703e-01
-2.340181916952133179e-02 -1.797048188745975494e-02 -7.099779322743415833e-04 3.654695302248001099e-02
-2.376122958958148956e-02 1.771616488695144653e-01 2.096112802973948419e-05 -2.563599050045013428e-01
-2.021799609065055847e-02 -1.796060614287853241e-02 -5.106236785650253296e-03 3.632964193820953369e-02
-2.057720907032489777e-02 -2.130089551210403442e-01 -4.379644058644771576e-03 3.273971378803253174e-01
-2.483738772571086884e-02 -1.782493293285369873e-02 2.168298698961734772e-03 3.333628922700881958e-02
-2.519388683140277863e-02 1.772658526897430420e-01 2.835024613887071609e-03 -2.586617171764373779e-01
-2.164856903254985809e-02 -1.789645291864871979e-02 -2.338209887966513634e-03 3.491405397653579712e-02
-2.200649864971637726e-02 -2.129848003387451172e-01 -1.639928901568055153e-03 3.268583416938781738e-01
-2.626619488000869751e-02 -1.783953420817852020e-02 4.897237755358219147e-03 3.365869820117950439e-02
-2.662298455834388733e-02 1.772118508815765381e-01 5.570411682128906250e-03 -2.574750781059265137e-01
-2.307874709367752075e-02 -1.798918657004833221e-02 4.209102189633995295e-04 3.695961833000183105e-02
-2.343853190541267395e-02 1.771267205476760864e-01 1.160102547146379948e-03 -2.555904686450958252e-01
-1.989599689841270447e-02 -1.801176927983760834e-02 -3.951706923544406891e-03 3.745814040303230286e-02
-2.025623247027397156e-02 -2.130768299102783203e-01 -3.202544059604406357e-03 3.288916349411010742e-01
-2.451776899397373199e-02 -1.790943555533885956e-02 3.375288797542452812e-03 3.520051017403602600e-02
-2.487595751881599426e-02 1.771639585494995117e-01 4.079299047589302063e-03 -2.564155757427215576e-01
-2.133267931640148163e-02 -1.801600307226181030e-02 -1.049012411385774612e-03 3.755123540759086609e-02
-2.169299870729446411e-02 1.771209686994552612e-01 -2.979877463076263666e-04 -2.554624676704406738e-01
-1.815057918429374695e-02 -1.799672096967697144e-02 -5.407237447798252106e-03 3.712644055485725403e-02
-1.851051300764083862e-02 -2.130407094955444336e-01 -4.664708394557237625e-03 3.280984461307525635e-01
-2.277132868766784668e-02 -1.785266771912574768e-02 1.897260197438299656e-03 3.394813090562820435e-02
-2.312838099896907806e-02 1.772420257329940796e-01 2.576222876086831093e-03 -2.581355869770050049e-01
-1.958354189991950989e-02 -1.791661046445369720e-02 -2.586489077657461166e-03 3.535880148410797119e-02
-1.994187384843826294e-02 -2.130013704299926758e-01 -1.879312912933528423e-03 3.272245526313781738e-01
-2.420190162956714630e-02 -1.785271801054477692e-02 4.665177781134843826e-03 3.394955769181251526e-02
-2.455895580351352692e-02 1.772020161151885986e-01 5.344169214367866516e-03 -2.572578191757202148e-01
-2.101491391658782959e-02 -1.799581758677959442e-02 1.990128948818892241e-04 3.710594400763511658e-02
-2.137483097612857819e-02 1.771232783794403076e-01 9.411317878402769566e-04 -2.555141746997833252e-01
-1.783236488699913025e-02 -1.801209524273872375e-02 -4.169152118265628815e-03 3.746544197201728821e-02
-1.819260790944099426e-02 -2.130740135908126831e-01 -3.419843036681413651e-03 3.288300633430480957e-01
-2.245408669114112854e-02 -1.790354587137699127e-02 3.156757913529872894e-03 3.507062792778015137e-02
-2.281215786933898926e-02 1.771729886531829834e-01 3.858170472085475922e-03 -2.566146552562713623e-01
-1.926869899034500122e-02 -1.800382696092128754e-02 -1.274122390896081924e-03 3.728271275758743286e-02
-1.962877437472343445e-02 -2.131074815988540649e-01 -5.284681101329624653e-04 3.295633792877197266e-01
-2.389092557132244110e-02 -1.797801442444324493e-02 6.062799133360385895e-03 3.671383485198020935e-02
-2.425048500299453735e-02 1.770564764738082886e-01 6.797075737267732620e-03 -2.540500760078430176e-01
-2.070935629308223724e-02 -1.816186681389808655e-02 1.716074533760547638e-03 4.076900333166122437e-02
-2.107259258627891541e-02 1.769354343414306641e-01 2.531454665586352348e-03 -2.513719797134399414e-01
-1.753388345241546631e-02 -1.822257414460182190e-02 -2.495985245332121849e-03 4.210833087563514709e-02
-1.789833605289459229e-02 -2.133086472749710083e-01 -1.653818646445870399e-03 3.340027034282684326e-01
-2.216450870037078857e-02 -1.816319487988948822e-02 5.026235245168209076e-03 4.079870879650115967e-02
-2.252777293324470520e-02 1.768863201141357422e-01 5.842209793627262115e-03 -2.502941787242889404e-01
-1.899004541337490082e-02 -1.831856742501258850e-02 8.363262750208377838e-04 4.422577470541000366e-02
-1.935641653835773468e-02 1.767913848161697388e-01 1.720841741189360619e-03 -2.481931596994400024e-01
-1.582058891654014587e-02 -1.835510507225990295e-02 -3.243021667003631592e-03 4.503205418586730957e-02
-1.618769206106662750e-02 -2.134304046630859375e-01 -2.342380583286285400e-03 3.366900086402893066e-01
-2.045629918575286865e-02 -1.827519573271274567e-02 4.391419701278209686e-03 4.326935112476348877e-02
-2.082180418074131012e-02 1.767835170030593872e-01 5.256806965917348862e-03 -2.480248212814331055e-01
-1.728613302111625671e-02 -1.841312088072299957e-02 2.963105216622352600e-04 4.631157964468002319e-02
-1.765439659357070923e-02 1.767045855522155762e-01 1.222542137838900089e-03 -2.462778389453887939e-01
-1.412030402570962906e-02 -1.843480952084064484e-02 -3.703014692291617393e-03 4.679045081138610840e-02
-1.448900066316127777e-02 -2.135034650564193726e-01 -2.767205704003572464e-03 3.383027315139770508e-01
-1.875906996428966522e-02 -1.834224909543991089e-02 3.998849075287580490e-03 4.474848136305809021e-02
-1.912591420114040375e-02 1.767221391201019287e-01 4.893818870186805725e-03 -2.466700971126556396e-01
-1.559147238731384277e-02 -1.846936903893947601e-02 -3.958309389417991042e-05 4.755242913961410522e-02
-1.596085913479328156e-02 1.766531467437744141e-01 9.114654967561364174e-04 -2.451429814100265503e-01
-1.242779660969972610e-02 -1.848180778324604034e-02 -3.991394303739070892e-03 4.782729968428611755e-02
-1.279743295162916183e-02 -2.135462909936904907e-01 -3.034848254173994064e-03 3.392482399940490723e-01
-1.706835813820362091e-02 -1.838129572570323944e-02 3.750116564333438873e-03 4.560983926057815552e-02
-1.743598468601703644e-02 1.766866743564605713e-01 4.662313498556613922e-03 -2.458875328302383423e-01
-1.390225067734718323e-02 -1.850154809653759003e-02 -2.554372767917811871e-04 4.826234281063079834e-02
-1.427228190004825592e-02 1.766240596771240234e-01 7.098095375113189220e-04 -2.445011734962463379e-01
-1.073980052024126053e-02 -1.850801706314086914e-02 -4.180213902145624161e-03 4.840556532144546509e-02
-1.110996119678020477e-02 -2.135697752237319946e-01 -3.212102456018328667e-03 3.397666811943054199e-01
-1.538135670125484467e-02 -1.840227097272872925e-02 3.583231009542942047e-03 4.607256501913070679e-02
-1.574940234422683716e-02 1.766681224107742310e-01 4.504682496190071106e-03 -2.454776763916015625e-01
-1.221603993326425552e-02 -1.851788349449634552e-02 -4.048710979986935854e-04 4.862273111939430237e-02
-1.258639711886644363e-02 1.766098737716674805e-01 5.675835418514907360e-04 -2.441879063844680786e-01
-9.054199792444705963e-03 -1.852018199861049652e-02 -4.316174425184726715e-03 4.867399483919143677e-02
-9.424603544175624847e-03 -2.135799825191497803e-01 -3.342694835737347603e-03 3.399920165538787842e-01
-1.369620300829410553e-02 -1.841062493622303009e-02 3.457145532593131065e-03 4.625686630606651306e-02
-1.406441535800695419e-02 1.766615808010101318e-01 4.382282961159944534e-03 -2.453332990407943726e-01
-1.053118426352739334e-02 -1.852268539369106293e-02 -5.243832129053771496e-04 4.872867837548255920e-02
-1.090163737535476685e-02 -2.136371135711669922e-01 4.501903895288705826e-04 3.412460982799530029e-01
-1.517437957227230072e-02 -1.852156966924667358e-02 7.275112438946962357e-03 4.870518296957015991e-02
-1.554481126368045807e-02 1.764953136444091797e-01 8.249216713011264801e-03 -2.416735291481018066e-01
-1.201490499079227448e-02 -1.874349825084209442e-02 3.415745683014392853e-03 5.359995737671852112e-02
-1.238977536559104919e-02 1.763293147087097168e-01 4.487744998186826706e-03 -2.380033135414123535e-01
-8.863189257681369781e-03 -1.885646581649780273e-02 -2.723216020967811346e-04 5.609178915619850159e-02
-9.240318089723587036e-03 1.762693822383880615e-01 8.495142101310193539e-04 -2.366770505905151367e-01
-5.714930593967437744e-03 -1.886468939483165741e-02 -3.884026780724525452e-03 5.627372488379478455e-02
-6.092224270105361938e-03 -2.139307409524917603e-01 -2.758552320301532745e-03 3.477286696434020996e-01
-1.037083938717842102e-02 -1.876965537667274475e-02 4.196021240204572678e-03 5.417716503143310547e-02
-1.074623223394155502e-02 1.762918829917907715e-01 5.279564764350652695e-03 -2.371789366006851196e-01
-7.220394443720579147e-03 -1.890509948134422302e-02 5.359860952012240887e-04 5.716463923454284668e-02
-7.598496507853269577e-03 1.762091666460037231e-01 1.679278793744742870e-03 -2.353491336107254028e-01
-4.074313212186098099e-03 -1.893674023449420929e-02 -3.027703845873475075e-03 5.786301568150520325e-02
-4.453048110008239746e-03 -2.140151560306549072e-01 -1.870443462394177914e-03 3.495891392230987549e-01
-8.733350783586502075e-03 -1.886664703488349915e-02 5.121339578181505203e-03 5.631699413061141968e-02
-9.110683575272560120e-03 1.761814951896667480e-01 6.247679237276315689e-03 -2.347457259893417358e-01
-5.587053950875997543e-03 -1.902915537357330322e-02 1.552764791995286942e-03 5.990135297179222107e-02
-5.967637058347463608e-03 1.760704964399337769e-01 2.750791842117905617e-03 -2.322912663221359253e-01
-2.446227008476853371e-03 -1.909065060317516327e-02 -1.895033405162394047e-03 6.125808507204055786e-02
-2.828040160238742828e-03 -2.141853868961334229e-01 -6.698716897517442703e-04 3.533425033092498779e-01
-7.111747749149799347e-03 -1.905390992760658264e-02 6.396978627890348434e-03 6.044843047857284546e-02
-7.492825854569673538e-03 1.759757399559020996e-01 7.605947088450193405e-03 -2.302093654870986938e-01
-3.973311278969049454e-03 -1.925406791269779205e-02 3.001759992912411690e-03 6.486301124095916748e-02
-4.358392674475908279e-03 1.758247166872024536e-01 4.299020394682884216e-03 -2.268713414669036865e-01
-8.418982033617794514e-04 -1.935840770602226257e-02 -2.384064573561772704e-04 6.716455519199371338e-02
-1.229066285304725170e-03 1.757669597864151001e-01 1.104884664528071880e-03 -2.255935817956924438e-01
2.286272821947932243e-03 -1.937076263129711151e-02 -3.406987059861421585e-03 6.743766367435455322e-02
1.898857648484408855e-03 -2.144436985254287720e-01 -2.058233600109815598e-03 3.590437173843383789e-01
-2.390016335994005203e-03 -1.929255388677120209e-02 5.122640635818243027e-03 6.571249663829803467e-02
-2.775867469608783722e-03 1.757555752992630005e-01 6.436890922486782074e-03 -2.253498136997222900e-01
7.392441038973629475e-04 -1.945777237415313721e-02 1.929894438944756985e-03 6.935658305883407593e-02
3.500886668916791677e-04 1.756364554166793823e-01 3.317025955766439438e-03 -2.227168232202529907e-01
3.862817771732807159e-03 -1.953274756669998169e-02 -1.137310522608458996e-03 7.101056724786758423e-02
3.472162876278162003e-03 -2.146383672952651978e-01 2.829008444678038359e-04 3.633344471454620361e-01
-8.206046186387538910e-04 -1.952044479548931122e-02 7.549589965492486954e-03 7.074074447154998779e-02
-1.211013528518378735e-03 1.754924654960632324e-01 8.964404463768005371e-03 -2.195507287979125977e-01
2.298835664987564087e-03 -1.975647546350955963e-02 4.573390353471040726e-03 7.594641298055648804e-02
1.903706230223178864e-03 1.752996146678924561e-01 6.092318799346685410e-03 -2.152900844812393188e-01
5.409698467701673508e-03 -1.990890130400657654e-02 1.786516979336738586e-03 7.930838316679000854e-02
5.011520348489284515e-03 1.751873940229415894e-01 3.372684586793184280e-03 -2.128103524446487427e-01
8.515268564224243164e-03 -1.998261548578739166e-02 -8.835225598886609077e-04 8.093456178903579712e-02
8.115615695714950562e-03 1.751519888639450073e-01 7.351686363108456135e-04 -2.120269984006881714e-01
1.161865610629320145e-02 -1.998046413064002991e-02 -3.505371278151869774e-03 8.088774979114532471e-02
1.121904607862234116e-02 -2.150519937276840210e-01 -1.887616119347512722e-03 3.724626600742340088e-01
6.918006576597690582e-03 -1.990327425301074982e-02 5.561637226492166519e-03 7.918515801429748535e-02
6.519941147416830063e-03 1.751385033130645752e-01 7.145340088754892349e-03 -2.117378860712051392e-01
1.002271100878715515e-02 -2.008487284183502197e-02 2.910582581534981728e-03 8.319042623043060303e-02
9.621013887226581573e-03 1.749952435493469238e-01 4.574391059577465057e-03 -2.085727900266647339e-01
1.312091853469610214e-02 -2.019182406365871429e-02 4.029353440273553133e-04 8.554960787296295166e-02
1.271708216518163681e-02 1.749243438243865967e-01 2.113927388563752174e-03 -2.070061713457107544e-01
1.621556840837001801e-02 -2.022776752710342407e-02 -2.026195870712399483e-03 8.634284883737564087e-02
1.581101305782794952e-02 -2.153206169605255127e-01 -2.993388916365802288e-04 3.783858120441436768e-01
1.150460168719291687e-02 -2.019441500306129456e-02 7.268377579748630524e-03 8.560852706432342529e-02
1.110071316361427307e-02 1.748225986957550049e-01 8.980548009276390076e-03 -2.047723829746246338e-01
1.459716539829969406e-02 -2.042661979794502258e-02 4.885100293904542923e-03 9.072987735271453857e-02
1.418863236904144287e-02 1.746249645948410034e-01 6.699698045849800110e-03 -2.004078030586242676e-01
1.768113300204277039e-02 -2.059215679764747620e-02 2.691541798412799835e-03 9.438101202249526978e-02
1.726928912103176117e-02 1.744911074638366699e-01 4.579162225127220154e-03 -1.974515169858932495e-01
2.075911127030849457e-02 -2.069603465497493744e-02 6.301316316239535809e-04 9.667240083217620850e-02
2.034519053995609283e-02 1.744168847799301147e-01 2.563579706475138664e-03 -1.958116590976715088e-01
2.383352816104888916e-02 -2.074164710938930511e-02 -1.352653373032808304e-03 9.767886996269226074e-02
2.341869473457336426e-02 -2.158441841602325439e-01 6.009239587001502514e-04 3.899347186088562012e-01
1.910181157290935516e-02 -2.073076926171779633e-02 8.399618789553642273e-03 9.744132310152053833e-02
1.868719607591629028e-02 1.742697954177856445e-01 1.034844480454921722e-02 -1.925797462463378906e-01
2.217259258031845093e-02 -2.099865116178989410e-02 6.496849935501813889e-03 1.033496335148811340e-01
2.175261825323104858e-02 1.740295886993408203e-01 8.563842624425888062e-03 -1.872764974832534790e-01
2.523321099579334259e-02 -2.121382951736450195e-02 4.818312823772430420e-03 1.080956310033798218e-01
2.480893395841121674e-02 1.738387495279312134e-01 6.980225443840026855e-03 -1.830632537603378296e-01
2.828571014106273651e-02 -2.138238586485385895e-02 3.318960312753915787e-03 1.118134781718254089e-01
2.785806171596050262e-02 1.736918538808822632e-01 5.555229727178812027e-03 -1.798204928636550903e-01
3.133189678192138672e-02 -2.150915190577507019e-02 1.958820037543773651e-03 1.146097257733345032e-01
3.090171515941619873e-02 1.735846698284149170e-01 4.251014441251754761e-03 -1.774545609951019287e-01
3.437341004610061646e-02 -2.159785106778144836e-02 7.019232725724577904e-04 1.165663748979568481e-01
3.394145146012306213e-02 1.735140383243560791e-01 3.033250803127884865e-03 -1.758950203657150269e-01
3.741173446178436279e-02 -2.165119349956512451e-02 -4.846495285164564848e-04 1.177432537078857422e-01
3.697871044278144836e-02 1.734776943922042847e-01 1.870215521194040775e-03 -1.750925332307815552e-01
4.044826328754425049e-02 -2.167096920311450958e-02 -1.631635124795138836e-03 1.181797981262207031e-01
4.001484438776969910e-02 -2.167695015668869019e-01 7.319607539102435112e-04 4.103475213050842285e-01
3.567945212125778198e-02 -2.165793813765048981e-02 8.938911370933055878e-03 1.178954318165779114e-01
3.524629399180412292e-02 1.733348071575164795e-01 1.129681989550590515e-02 -1.719539910554885864e-01
3.871298953890800476e-02 -2.194699645042419434e-02 7.857739925384521484e-03 1.242712140083312988e-01
3.827404975891113281e-02 1.730615049600601196e-01 1.034316420555114746e-02 -1.659223586320877075e-01
4.173528030514717102e-02 -2.220696583390235901e-02 7.024717051535844803e-03 1.300055235624313354e-01
4.129114001989364624e-02 1.728136539459228516e-01 9.624827653169631958e-03 -1.604529470205307007e-01
4.474741593003273010e-02 -2.244475483894348145e-02 6.415768526494503021e-03 1.352507621049880981e-01
4.429851844906806946e-02 1.725847125053405762e-01 9.120783768594264984e-03 -1.554012000560760498e-01
4.775021225214004517e-02 -2.266663126647472382e-02 6.012759637087583542e-03 1.401451081037521362e-01
4.729688167572021484e-02 1.723686903715133667e-01 8.815662004053592682e-03 -1.506348401308059692e-01
5.074425414204597473e-02 -2.287838049232959747e-02 5.802965257316827774e-03 1.448161602020263672e-01
5.028668791055679321e-02 1.721599847078323364e-01 8.699288591742515564e-03 -1.460304111242294312e-01
5.372988805174827576e-02 -2.308545447885990143e-02 5.778680089861154556e-03 1.493842303752899170e-01
5.326817929744720459e-02 1.719532757997512817e-01 8.766364306211471558e-03 -1.414700597524642944e-01
5.670724436640739441e-02 -2.329312637448310852e-02 5.936963483691215515e-03 1.539655625820159912e-01
5.624138191342353821e-02 1.717433184385299683e-01 9.016275405883789062e-03 -1.368384808301925659e-01
5.967624858021736145e-02 -2.350660786032676697e-02 6.279505323618650436e-03 1.586752533912658691e-01
5.920611694455146790e-02 1.715248823165893555e-01 9.453010745346546173e-03 -1.320200562477111816e-01
6.263661384582519531e-02 -2.373119629919528961e-02 6.812609266489744186e-03 1.636301130056381226e-01
6.216198951005935669e-02 1.712925732135772705e-01 1.008521206676959991e-02 -1.268958449363708496e-01
6.558784097433090210e-02 -2.397239394485950470e-02 7.547294721007347107e-03 1.689517050981521606e-01
6.510839611291885376e-02 1.710407137870788574e-01 1.092632859945297241e-02 -1.213407516479492188e-01
6.852920353412628174e-02 -2.423605695366859436e-02 8.499513380229473114e-03 1.747692078351974487e-01
6.804448366165161133e-02 1.707632243633270264e-01 1.199489831924438477e-02 -1.152203306555747986e-01
7.145974785089492798e-02 -2.452852018177509308e-02 9.690491482615470886e-03 1.812226325273513794e-01
7.096917927265167236e-02 1.704534292221069336e-01 1.331494376063346863e-02 -1.083876043558120728e-01
7.437825202941894531e-02 -2.485676482319831848e-02 1.114719174802303314e-02 1.884662061929702759e-01
7.388111203908920288e-02 1.701039522886276245e-01 1.491651590913534164e-02 -1.006794869899749756e-01
7.728318870067596436e-02 -2.522856928408145905e-02 1.290292572230100632e-02 1.966719776391983032e-01
7.677862048149108887e-02 1.697064638137817383e-01 1.683636568486690521e-02 -9.191288053989410400e-02
8.017274737358093262e-02 -2.565270662307739258e-02 1.499810814857482910e-02 2.060340046882629395e-01
7.965969294309616089e-02 1.692515909671783447e-01 1.911878772079944611e-02 -8.188028633594512939e-02
8.304473012685775757e-02 -2.613912895321846008e-02 1.748118363320827484e-02 2.167728245258331299e-01
8.252194523811340332e-02 1.687286049127578735e-01 2.181663922965526581e-02 -7.034492492675781250e-02
8.589651435613632202e-02 -2.669921144843101501e-02 2.040974050760269165e-02 2.291406393051147461e-01
8.536253124475479126e-02 1.681252270936965942e-01 2.499255351722240448e-02 -5.703510716557502747e-02
8.872503787279129028e-02 3.628800809383392334e-01 2.385185100138187408e-02 -3.417291045188903809e-01
9.598264098167419434e-02 1.674270331859588623e-01 1.701726950705051422e-02 -4.162115603685379028e-02
9.933117777109146118e-02 3.623008728027343750e-01 1.618484593927860260e-02 -3.288867771625518799e-01
1.065771952271461487e-01 1.669523119926452637e-01 9.607111103832721710e-03 -3.114414587616920471e-02
1.099162474274635315e-01 -2.830608934164047241e-02 8.984227664768695831e-03 2.645543813705444336e-01
1.093501225113868713e-01 1.666864901781082153e-01 1.427531521767377853e-02 -2.528135105967521667e-02
1.126838549971580505e-01 3.616008460521697998e-01 1.376968808472156525e-02 -3.134262859821319580e-01
1.199158653616905212e-01 1.662854552268981934e-01 7.501162588596343994e-03 -1.643284223973751068e-02
1.232415810227394104e-01 3.612990379333496094e-01 7.172505836933851242e-03 -3.067396581172943115e-01
1.304675638675689697e-01 1.660756170749664307e-01 1.037712558172643185e-03 -1.180336251854896545e-02
1.337890774011611938e-01 -2.906119823455810547e-02 8.016452775336802006e-04 2.812067866325378418e-01
1.332078427076339722e-01 1.660493016242980957e-01 6.425781175494194031e-03 -1.122318860143423080e-02
1.365288347005844116e-01 3.610785305500030518e-01 6.201317533850669861e-03 -3.018718063831329346e-01
1.437503993511199951e-01 1.658687293529510498e-01 1.638814428588375449e-04 -7.239575497806072235e-03
1.470677852630615234e-01 3.609883487224578857e-01 1.908993363031186163e-05 -2.998707890510559082e-01
1.542875468730926514e-01 1.658661067485809326e-01 -5.978325847536325455e-03 -7.181843742728233337e-03
1.576048731803894043e-01 -2.916959300637245178e-02 -6.121962796896696091e-03 2.836088836193084717e-01
1.570214778184890747e-01 1.660391390323638916e-01 -4.497853806242346764e-04 -1.099858619272708893e-02
1.603422611951828003e-01 3.611675500869750977e-01 -6.697571370750665665e-04 -3.038233816623687744e-01
1.675656139850616455e-01 1.660551428794860840e-01 -6.746225059032440186e-03 -1.135176606476306915e-02
1.708867102861404419e-01 -2.896941825747489929e-02 -6.973260082304477692e-03 2.791950404644012451e-01
1.703073233366012573e-01 1.662513166666030884e-01 -1.389359589666128159e-03 -1.567906327545642853e-02
1.736323535442352295e-01 3.613931536674499512e-01 -1.702940906397998333e-03 -3.088000118732452393e-01
1.808602064847946167e-01 1.662955135107040405e-01 -7.878941483795642853e-03 -1.665464602410793304e-02
1.841861158609390259e-01 -2.871256135404109955e-02 -8.212034590542316437e-03 2.735320031642913818e-01
1.836118698120117188e-01 1.665255874395370483e-01 -2.741394098848104477e-03 -2.172966487705707550e-02
1.869423836469650269e-01 -2.855693548917770386e-02 -3.175987396389245987e-03 2.700870633125305176e-01
1.863712519407272339e-01 1.666101962327957153e-01 2.225753851234912872e-03 -2.359589375555515289e-02
1.897034496068954468e-01 3.617001473903656006e-01 1.753835938870906830e-03 -3.155757486820220947e-01
1.969374567270278931e-01 1.665532588958740234e-01 -4.557678941637277603e-03 -2.234022878110408783e-02
2.002685219049453735e-01 -2.850302867591381073e-02 -5.004483275115489960e-03 2.689012289047241211e-01
1.996984630823135376e-01 1.666899770498275757e-01 3.735409118235111237e-04 -2.535594068467617035e-02
2.030322551727294922e-01 3.618065714836120605e-01 -1.335779088549315929e-04 -3.179209828376770020e-01
2.102683931589126587e-01 1.666865199804306030e-01 -6.491997744888067245e-03 -2.528019063174724579e-02
2.136021107435226440e-01 -2.834172546863555908e-02 -6.997601594775915146e-03 2.653473913669586182e-01
2.130352854728698730e-01 1.668794006109237671e-01 -1.690653734840452671e-03 -2.953440509736537933e-02
2.163728773593902588e-01 3.620255589485168457e-01 -2.281341701745986938e-03 -3.227502703666687012e-01
2.236133813858032227e-01 1.669361591339111328e-01 -8.736346848309040070e-03 -3.078766167163848877e-02
2.269521057605743408e-01 -2.805942296981811523e-02 -9.352100081741809845e-03 2.591260969638824463e-01
2.263909131288528442e-01 1.671947836875915527e-01 -4.169578664004802704e-03 -3.649187460541725159e-02
2.297348082065582275e-01 3.623762726783752441e-01 -4.899416118860244751e-03 -3.304874300956726074e-01
2.369823455810546875e-01 1.673244088888168335e-01 -1.150916423648595810e-02 -3.935355693101882935e-02
2.403288334608078003e-01 -2.763062715530395508e-02 -1.229623518884181976e-02 2.496760040521621704e-01
2.397762089967727661e-01 1.676647514104843140e-01 -7.302715443074703217e-03 -4.685990512371063232e-02
2.431295067071914673e-01 -2.735173329710960388e-02 -8.239913731813430786e-03 2.435100376605987549e-01
2.425824701786041260e-01 1.678869426250457764e-01 -3.369712969288229942e-03 -5.176053941249847412e-02
2.459402084350585938e-01 -2.718653343617916107e-02 -4.404923878610134125e-03 2.398573160171508789e-01
2.453964799642562866e-01 1.679980605840682983e-01 3.922225441783666611e-04 -5.421178787946701050e-02
2.487564384937286377e-01 3.631143867969512939e-01 -6.920132436789572239e-04 -3.467709422111511230e-01
2.560187280178070068e-01 1.680022925138473511e-01 -7.627432234585285187e-03 -5.430630967020988464e-02
2.593787908554077148e-01 -2.700946852564811707e-02 -8.713558316230773926e-03 2.359603792428970337e-01
2.588385939598083496e-01 1.682358831167221069e-01 -3.994350787252187729e-03 -5.945828929543495178e-02
2.622033059597015381e-01 -2.682857029139995575e-02 -5.183516535907983780e-03 2.319617271423339844e-01
2.616667449474334717e-01 1.683670580387115479e-01 -5.442822002805769444e-04 -6.235174462199211121e-02
2.650340795516967773e-01 3.634968101978302002e-01 -1.791317015886306763e-03 -3.552063405513763428e-01
2.723039984703063965e-01 1.684003770351409912e-01 -8.895443752408027649e-03 -6.308880448341369629e-02
2.756720185279846191e-01 -2.659291215240955353e-02 -1.015722006559371948e-02 2.267743349075317383e-01
2.751401662826538086e-01 1.686727106571197510e-01 -5.621733609586954117e-03 -6.909517198801040649e-02
2.785136103630065918e-01 -2.636818960309028625e-02 -7.003637030720710754e-03 2.218087762594223022e-01
2.779862582683563232e-01 1.688531637191772461e-01 -2.567461458966135979e-03 -7.307512313127517700e-02
2.813633084297180176e-01 -2.623188495635986328e-02 -4.028963856399059296e-03 2.187966555356979370e-01
2.808386683464050293e-01 1.689474284648895264e-01 3.469691728241741657e-04 -7.515444606542587280e-02
2.842176258563995361e-01 3.640643954277038574e-01 -1.156119862571358681e-03 -3.677278757095336914e-01
2.914988994598388672e-01 1.689589023590087891e-01 -8.510677143931388855e-03 -7.540972530841827393e-02
2.948780953884124756e-01 -2.604001760482788086e-02 -1.001887209713459015e-02 2.145759463310241699e-01
2.943572998046875000e-01 1.692237257957458496e-01 -5.727353040128946304e-03 -8.125046640634536743e-02
2.977417707443237305e-01 -2.581565827131271362e-02 -7.352362386882305145e-03 2.096199840307235718e-01
2.972254455089569092e-01 1.694106459617614746e-01 -3.159962827339768410e-03 -8.537314087152481079e-02
3.006136715412139893e-01 -2.566586621105670929e-02 -4.867425654083490372e-03 2.063111364841461182e-01
3.001003563404083252e-01 1.695253551006317139e-01 -7.412027916871011257e-04 -8.790323138236999512e-02
3.034908473491668701e-01 3.646579086780548096e-01 -2.499267458915710449e-03 -3.808199167251586914e-01
3.107840120792388916e-01 1.695715487003326416e-01 -1.011566538363695145e-02 -8.892605453729629517e-02
3.141754567623138428e-01 -2.540396153926849365e-02 -1.189418695867061615e-02 2.005482912063598633e-01
3.136673569679260254e-01 1.698860675096511841e-01 -7.883220911026000977e-03 -9.586284309625625610e-02
3.170650899410247803e-01 -2.512201853096485138e-02 -9.800477884709835052e-03 1.943225562572479248e-01
3.165626525878906250e-01 1.701387465000152588e-01 -5.914026871323585510e-03 -1.014358177781105042e-01
3.199654221534729004e-01 -2.489795349538326263e-02 -7.942743599414825439e-03 1.893754005432128906e-01
3.194674551486968994e-01 1.703367233276367188e-01 -4.155235365033149719e-03 -1.058025285601615906e-01
3.228741884231567383e-01 -2.472543343901634216e-02 -6.271285936236381531e-03 1.855665445327758789e-01
3.223796784877777100e-01 1.704856753349304199e-01 -2.559954766184091568e-03 -1.090881079435348511e-01
3.257893919944763184e-01 -2.459949254989624023e-02 -4.741717129945755005e-03 1.827860623598098755e-01
3.252974152565002441e-01 1.705899834632873535e-01 -1.085995696485042572e-03 -1.113889217376708984e-01
3.287092149257659912e-01 -2.451638691127300262e-02 -3.313774010166525841e-03 1.809511780738830566e-01
3.282188773155212402e-01 1.706528216600418091e-01 3.052495885640382767e-04 -1.127752736210823059e-01
3.316319286823272705e-01 -2.447349950671195984e-02 -1.950255944393575191e-03 1.800039410591125488e-01
3.311424851417541504e-01 1.706763058900833130e-01 1.649822923354804516e-03 -1.132935807108879089e-01
3.345559835433959961e-01 -2.446924708783626556e-02 -6.160487537272274494e-04 1.799093931913375854e-01
3.340665996074676514e-01 1.706615090370178223e-01 2.982139121741056442e-03 -1.129678115248680115e-01
3.374798297882080078e-01 3.657405972480773926e-01 7.227829191833734512e-04 -4.047084152698516846e-01
3.447946608066558838e-01 1.706084161996841431e-01 -7.371385116130113602e-03 -1.117976903915405273e-01
3.482068181037902832e-01 -2.440713904798030853e-02 -9.607339277863502502e-03 1.785505264997482300e-01
3.477186858654022217e-01 1.708509624004364014e-01 -6.036328617483377457e-03 -1.171476319432258606e-01
3.511357009410858154e-01 -2.418397553265094757e-02 -8.379281498491764069e-03 1.736247837543487549e-01
3.506520092487335205e-01 1.710568964481353760e-01 -4.906785674393177032e-03 -1.216897144913673401e-01
3.540731668472290039e-01 -2.399441599845886230e-02 -7.340579759329557419e-03 1.694411337375640869e-01
3.535932600498199463e-01 1.712318360805511475e-01 -3.951757214963436127e-03 -1.255484521389007568e-01
3.570179045200347900e-01 -2.383328601717948914e-02 -6.462726276367902756e-03 1.658851206302642822e-01
3.565412461757659912e-01 1.713805794715881348e-01 -3.145023947581648827e-03 -1.288295835256576538e-01
3.599688410758972168e-01 -2.369617857038974762e-02 -5.721615627408027649e-03 1.628594696521759033e-01
3.594949245452880859e-01 1.715072095394134521e-01 -2.464426448568701744e-03 -1.316229701042175293e-01
3.629250824451446533e-01 -2.357935160398483276e-02 -5.096885841339826584e-03 1.602814346551895142e-01
3.624534904956817627e-01 1.716151982545852661e-01 -1.891257124952971935e-03 -1.340050548315048218e-01
3.658857941627502441e-01 -2.347961440682411194e-02 -4.571358207613229752e-03 1.580806076526641846e-01
3.654161989688873291e-01 1.717074811458587646e-01 -1.409746124409139156e-03 -1.360409557819366455e-01
3.688503503799438477e-01 -2.339424379169940948e-02 -4.130565561354160309e-03 1.561968773603439331e-01
3.683824539184570312e-01 1.717866063117980957e-01 -1.006627804599702358e-03 -1.377862840890884399e-01
3.718181848526000977e-01 -2.332091517746448517e-02 -3.762353444471955299e-03 1.545789092779159546e-01
3.713517785072326660e-01 1.718547046184539795e-01 -6.707752472721040249e-04 -1.392885744571685791e-01
3.747888803482055664e-01 -2.325763553380966187e-02 -3.456546925008296967e-03 1.531826555728912354e-01
3.743237257003784180e-01 1.719136387109756470e-01 -3.928937949240207672e-04 -1.405887305736541748e-01
3.777619898319244385e-01 -2.320268377661705017e-02 -3.204668406397104263e-03 1.519702225923538208e-01
3.772979378700256348e-01 1.719650030136108398e-01 -1.652640348765999079e-04 -1.417219936847686768e-01
3.807372450828552246e-01 -2.315457537770271301e-02 -2.999703865498304367e-03 1.509087979793548584e-01
3.802741467952728271e-01 1.720101982355117798e-01 1.847219937189947814e-05 -1.427189558744430542e-01
3.837143480777740479e-01 -2.311201579868793488e-02 -2.835907042026519775e-03 1.499697864055633545e-01
3.832521140575408936e-01 1.720504313707351685e-01 1.634888612898066640e-04 -1.436064541339874268e-01
3.866931200027465820e-01 -2.307386323809623718e-02 -2.708640182390809059e-03 1.491280496120452881e-01
3.862316310405731201e-01 1.720867753028869629e-01 2.739207993727177382e-04 -1.444081664085388184e-01
3.896733820438385010e-01 -2.303910255432128906e-02 -2.614242490381002426e-03 1.483611613512039185e-01
3.892125785350799561e-01 1.721201837062835693e-01 3.529807145241647959e-04 -1.451453566551208496e-01
3.926549851894378662e-01 -2.300681732594966888e-02 -2.549926517531275749e-03 1.476489156484603882e-01
3.921948671340942383e-01 1.721515506505966187e-01 4.030517593491822481e-04 -1.458373814821243286e-01
3.956378996372222900e-01 -2.297616563737392426e-02 -2.513695741072297096e-03 1.469726711511611938e-01
3.951783776283264160e-01 1.721816956996917725e-01 4.257577529642730951e-04 -1.465022116899490356e-01
3.986220061779022217e-01 -2.294635213911533356e-02 -2.504286356270313263e-03 1.463150084018707275e-01
3.981630802154541016e-01 1.722113788127899170e-01 4.220136324875056744e-04 -1.471569240093231201e-01
4.016073048114776611e-01 -2.291662059724330902e-02 -2.521124901250004768e-03 1.456591039896011353e-01
4.011489748954772949e-01 1.722413450479507446e-01 3.920573508366942406e-04 -1.478181183338165283e-01
4.045937955379486084e-01 -2.288621850311756134e-02 -2.564304973930120468e-03 1.449884772300720215e-01
4.041360616683959961e-01 1.722723543643951416e-01 3.354644286446273327e-04 -1.485023498535156250e-01
4.075815081596374512e-01 -2.285439148545265198e-02 -2.634582342579960823e-03 1.442863941192626953e-01
4.071244299411773682e-01 1.723051965236663818e-01 2.511455095373094082e-04 -1.492265313863754272e-01
4.105705320835113525e-01 -2.282035723328590393e-02 -2.733384957537055016e-03 1.435356289148330688e-01
4.101141393184661865e-01 1.723406314849853516e-01 1.373274426441639662e-04 -1.500083804130554199e-01
4.135609269142150879e-01 -2.278328314423561096e-02 -2.862840192392468452e-03 1.427178680896759033e-01
4.131052792072296143e-01 1.723795533180236816e-01 -8.482970770273823291e-06 -1.508668661117553711e-01
4.165528714656829834e-01 3.675016164779663086e-01 -3.025820245966315269e-03 -4.435524642467498779e-01
4.239028990268707275e-01 1.724226176738739014e-01 -1.189686916768550873e-02 -1.518248915672302246e-01
4.273513555526733398e-01 -2.252698130905628204e-02 -1.493336725980043411e-02 1.370812207460403442e-01
4.269008040428161621e-01 1.728056371212005615e-01 -1.219174265861511230e-02 -1.602752953767776489e-01
4.303569197654724121e-01 -2.213966287672519684e-02 -1.539724878966808319e-02 1.285366564989089966e-01
4.299141168594360352e-01 1.731994301080703735e-01 -1.282651536166667938e-02 -1.689638793468475342e-01
4.333781301975250244e-01 -2.173659577965736389e-02 -1.620579324662685394e-02 1.196452230215072632e-01
4.329433739185333252e-01 1.736137568950653076e-01 -1.381288841366767883e-02 -1.781061142683029175e-01
4.364156723022460938e-01 -2.130783535540103912e-02 -1.737501099705696106e-02 1.101875156164169312e-01
4.359894990921020508e-01 1.740587204694747925e-01 -1.517126057296991348e-02 -1.879260987043380737e-01
4.394706785678863525e-01 -2.084291912615299225e-02 -1.892978325486183167e-02 9.993255138397216797e-02
4.390538334846496582e-01 1.745451390743255615e-01 -1.693113148212432861e-02 -1.986620575189590454e-01
4.425447285175323486e-01 -2.033060416579246521e-02 -2.090437337756156921e-02 8.863215148448944092e-02
4.421381056308746338e-01 -2.151467800140380859e-01 -1.913172937929630280e-02 3.746471405029296875e-01
4.378351867198944092e-01 -1.975836604833602905e-02 -1.163878664374351501e-02 7.599376142024993896e-02
4.374400079250335693e-01 1.755284816026687622e-01 -1.011891197413206100e-02 -2.203384041786193848e-01
4.409505724906921387e-01 -1.944737322628498077e-02 -1.452567987143993378e-02 6.913550198078155518e-02
4.405616223812103271e-01 -2.143580913543701172e-01 -1.314296945929527283e-02 3.572003543376922607e-01
4.362744688987731934e-01 -1.905177906155586243e-02 -5.998962558805942535e-03 6.040225178003311157e-02
4.358934462070465088e-01 1.761556714773178101e-01 -4.790917504578828812e-03 -2.341673374176025391e-01
4.394165575504302979e-01 -1.889750361442565918e-02 -9.474264457821846008e-03 5.700054019689559937e-02
4.390386044979095459e-01 1.763589978218078613e-01 -8.334253914654254913e-03 -2.386564612388610840e-01
4.425657689571380615e-01 -1.864290051162242889e-02 -1.310738269239664078e-02 5.138598755002021790e-02
4.421929121017456055e-01 -2.135744839906692505e-01 -1.207966357469558716e-02 3.399047851562500000e-01
4.379214346408843994e-01 -1.828275062143802643e-02 -5.281567573547363281e-03 4.343722388148307800e-02
4.375557899475097656e-01 1.769145429134368896e-01 -4.412823356688022614e-03 -2.509073913097381592e-01
4.410940706729888916e-01 -1.814412139356136322e-02 -9.430970996618270874e-03 4.038037732243537903e-02
4.407311975955963135e-01 -2.131295800209045410e-01 -8.623363450169563293e-03 3.300728797912597656e-01
4.364686012268066406e-01 -1.788593642413616180e-02 -2.021905966103076935e-03 3.468307480216026306e-02
4.361108839511871338e-01 1.772649586200714111e-01 -1.328244456090033054e-03 -2.586371004581451416e-01
4.396561682224273682e-01 -1.783801242709159851e-02 -6.500986404716968536e-03 3.362658619880676270e-02
4.392994046211242676e-01 -2.128661423921585083e-01 -5.828454624861478806e-03 3.242513239383697510e-01
4.350420832633972168e-01 -1.766168139874935150e-02 6.565717048943042755e-04 2.973605133593082428e-02
4.346888661384582520e-01 1.774508506059646606e-01 1.251292647793889046e-03 -2.627396583557128906e-01
4.382378756999969482e-01 -1.768894121050834656e-02 -4.003500100225210190e-03 3.033768758177757263e-02
4.378840923309326172e-01 -2.127532511949539185e-01 -3.396746469661593437e-03 3.217547833919525146e-01
4.336290359497070312e-01 -1.758309453725814819e-02 3.038349095731973648e-03 2.800259366631507874e-02
4.332773685455322266e-01 1.774951517581939697e-01 3.598401090130209923e-03 -2.637201547622680664e-01
4.368272721767425537e-01 -1.767797581851482391e-02 -1.676002051681280136e-03 3.009556978940963745e-02
4.364736974239349365e-01 1.774679720401763916e-01 -1.074090716429054737e-03 -2.631156742572784424e-01
4.400230646133422852e-01 -1.763863302767276764e-02 -6.336404476314783096e-03 2.922827191650867462e-02
4.396702945232391357e-01 -2.126691490411758423e-01 -5.751838907599449158e-03 3.199052810668945312e-01
4.354169070720672607e-01 -1.746575348079204559e-02 6.462666788138449192e-04 2.541400119662284851e-02
4.350675940513610840e-01 1.776469200849533081e-01 1.154546742327511311e-03 -2.670649588108062744e-01
4.386205375194549561e-01 -1.749148592352867126e-02 -4.186752252280712128e-03 2.598190493881702423e-02
4.382707178592681885e-01 -2.125531435012817383e-01 -3.667114302515983582e-03 3.173409402370452881e-01
4.340196549892425537e-01 -1.737915538251399994e-02 2.679704455658793449e-03 2.350378409028053284e-02
4.336720705032348633e-01 1.777042597532272339e-01 3.149779979139566422e-03 -2.683324515819549561e-01
4.372261464595794678e-01 -1.746249757707118988e-02 -2.216869266703724861e-03 2.534225955605506897e-02
4.368768930435180664e-01 -2.125525921583175659e-01 -1.710023963823914528e-03 3.173249065876007080e-01
4.326258599758148193e-01 -1.740632019937038422e-02 4.636474419385194778e-03 2.410319820046424866e-02
4.322777092456817627e-01 1.776488274335861206e-01 5.118538159877061844e-03 -2.671132683753967285e-01
4.358306825160980225e-01 -1.754579320549964905e-02 -2.237271255580708385e-04 2.717967890202999115e-02
4.354797899723052979e-01 1.775793731212615967e-01 3.198664635419845581e-04 -2.655738294124603271e-01
4.390313625335693359e-01 -1.754714921116828918e-02 -4.991610068827867508e-03 2.720997110009193420e-02
4.386804103851318359e-01 -2.125971615314483643e-01 -4.447410814464092255e-03 3.183138072490692139e-01
4.344284832477569580e-01 -1.741215214133262634e-02 1.918865717016160488e-03 2.423166297376155853e-02
4.340802431106567383e-01 1.776822358369827271e-01 2.403498860076069832e-03 -2.678452134132385254e-01
4.376338720321655273e-01 -1.747394166886806488e-02 -2.953405492007732391e-03 2.559481561183929443e-02
4.372844099998474121e-01 -2.125534117221832275e-01 -2.441509161144495010e-03 3.173444569110870361e-01
4.330333471298217773e-01 -1.739677414298057556e-02 3.905379679054021835e-03 2.389255538582801819e-02
4.326854050159454346e-01 1.776689589023590088e-01 4.383231047540903091e-03 -2.675556242465972900e-01
4.362387657165527344e-01 -1.751527749001979828e-02 -9.678816422820091248e-04 2.650657668709754944e-02
4.358884692192077637e-01 1.776205450296401978e-01 -4.377501318231225014e-04 -2.664815783500671387e-01
4.394408762454986572e-01 -1.749516092240810394e-02 -5.767381750047206879e-03 2.606325410306453705e-02
4.390909671783447266e-01 -2.125339359045028687e-01 -5.246116314083337784e-03 3.169209361076354980e-01
4.348402917385101318e-01 -1.733765006065368652e-02 1.092302380129694939e-03 2.258819900453090668e-02
4.344935417175292969e-01 1.777686178684234619e-01 1.544066355563700199e-03 -2.697498798370361328e-01
4.380489289760589600e-01 -1.737533323466777802e-02 -3.850931534543633461e-03 2.341964095830917358e-02
4.377014040946960449e-01 -2.124418467283248901e-01 -3.382538678124547005e-03 3.148850798606872559e-01
4.334525763988494873e-01 -1.727187633514404297e-02 2.915162825956940651e-03 2.113732509315013885e-02
4.331071376800537109e-01 1.778081506490707397e-01 3.337909234687685966e-03 -2.706243991851806641e-01
4.366632997989654541e-01 -1.736127585172653198e-02 -2.074579009786248207e-03 2.310943789780139923e-02
4.363160729408264160e-01 -2.124534100294113159e-01 -1.612390158697962761e-03 3.151370882987976074e-01
4.320670068264007568e-01 -1.730853319168090820e-02 4.690351430326700211e-03 2.194610610604286194e-02
4.317208528518676758e-01 1.777458339929580688e-01 5.129273980855941772e-03 -2.692532837390899658e-01
4.352757632732391357e-01 -1.744893193244934082e-02 -2.557918196544051170e-04 2.504302933812141418e-02
4.349267780780792236e-01 1.776766926050186157e-01 2.450687752570956945e-04 -2.677205801010131836e-01
4.384803175926208496e-01 -1.744876056909561157e-02 -5.109343212097883224e-03 2.503962069749832153e-02
4.381313323974609375e-01 -2.124970704317092896e-01 -4.608550574630498886e-03 3.161061108112335205e-01
4.338814020156860352e-01 -1.730977743864059448e-02 1.713571837171912193e-03 2.197338640689849854e-02
4.335351884365081787e-01 1.777875572443008423e-01 2.153039444237947464e-03 -2.701683938503265381e-01
4.370909631252288818e-01 -1.736505143344402313e-02 -3.250328358262777328e-03 2.319283224642276764e-02
4.367436468601226807e-01 -2.124402374029159546e-01 -2.786471741273999214e-03 3.148484826087951660e-01
4.324948489665985107e-01 -1.727870665490627289e-02 3.510497743263840675e-03 2.128808945417404175e-02
4.321492612361907959e-01 1.777927279472351074e-01 3.936259541660547256e-03 -2.702851593494415283e-01
4.357051253318786621e-01 -1.738517545163631439e-02 -1.469443901441991329e-03 2.363666892051696777e-02
4.353574216365814209e-01 -2.124860286712646484e-01 -9.967104997485876083e-04 3.158556222915649414e-01
4.311076998710632324e-01 -1.734988950192928314e-02 5.320401862263679504e-03 2.285851910710334778e-02
4.307607114315032959e-01 1.776953637599945068e-01 5.777571815997362137e-03 -2.681410312652587891e-01
4.343146085739135742e-01 -1.750856637954711914e-02 4.147515574004501104e-04 2.635857649147510529e-02
4.339644312858581543e-01 1.776074320077896118e-01 9.419230627827346325e-04 -2.661934494972229004e-01
4.375165998935699463e-01 -1.752794720232486725e-02 -4.381946288049221039e-03 2.678640559315681458e-02
4.371660351753234863e-01 -2.125867903232574463e-01 -3.846218110993504524e-03 3.180835545063018799e-01
4.329142868518829346e-01 -1.741026341915130615e-02 2.515453146770596504e-03 2.419016510248184204e-02
4.325660765171051025e-01 1.776755303144454956e-01 2.999256597831845284e-03 -2.676980495452880859e-01
