1.748536154627799988e-02 2.246284484863281250e-02 4.467481374740600586e-02 3.077861107885837555e-02
1.793461851775646210e-02 2.169166058301925659e-01 4.529038816690444946e-02 -2.474809885025024414e-01
2.227295003831386566e-02 2.117807976901531219e-02 4.034076631069183350e-02 5.913655832409858704e-02
2.269651181995868683e-02 2.156991064548492432e-01 4.152349755167961121e-02 -2.205506116151809692e-01
2.701049484312534332e-02 2.000896818935871124e-02 3.711248561739921570e-02 8.493596315383911133e-02
2.741067297756671906e-02 2.145798206329345703e-01 3.881120681762695312e-02 -1.958107799291610718e-01
3.170226886868476868e-02 1.892482675611972809e-02 3.489498794078826904e-02 1.088583320379257202e-01
3.208076581358909607e-02 2.135298103094100952e-01 3.707215562462806702e-02 -1.726143956184387207e-01
3.635136410593986511e-02 1.789741776883602142e-02 3.361986950039863586e-02 1.315292865037918091e-01
3.670931234955787659e-02 2.125220447778701782e-01 3.625045344233512878e-02 -1.503603160381317139e-01
4.095975309610366821e-02 4.071066677570343018e-01 3.324324637651443481e-02 -4.313901960849761963e-01
4.910188540816307068e-02 2.115301638841629028e-01 2.461544424295425415e-02 -1.284157931804656982e-01
5.333248898386955261e-02 1.606438867747783661e-02 2.204712852835655212e-02 1.719302535057067871e-01
5.365377664566040039e-02 2.108639627695083618e-01 2.548573352396488190e-02 -1.137167662382125854e-01
5.787105485796928406e-02 1.538627594709396362e-02 2.321139723062515259e-02 1.868965327739715576e-01
5.817878246307373047e-02 2.101685702800750732e-01 2.694932743906974792e-02 -9.837467223405838013e-02
6.238215416669845581e-02 4.048941433429718018e-01 2.498183399438858032e-02 -3.824347853660583496e-01
7.048003375530242920e-02 2.094265371561050415e-01 1.733313873410224915e-02 -8.198101073503494263e-02
7.466856390237808228e-02 1.406046375632286072e-02 1.569351926445960999e-02 2.161197811365127563e-01
7.494977861642837524e-02 2.089545875787734985e-01 2.001591399312019348e-02 -7.157170772552490234e-02
7.912886887788772583e-02 4.037839472293853760e-01 1.858448050916194916e-02 -3.578729331493377686e-01
8.720454573631286621e-02 2.084027826786041260e-01 1.142702158540487289e-02 -5.938826873898506165e-02
9.137260168790817261e-02 1.311887521296739578e-02 1.023925654590129852e-02 2.368779480457305908e-01
9.163498133420944214e-02 2.080930620431900024e-01 1.497681532055139542e-02 -5.255770310759544373e-02
9.579683840274810791e-02 4.029970765113830566e-01 1.392566133290529251e-02 -3.404779434204101562e-01
1.038567796349525452e-01 2.076797932386398315e-01 7.116102147847414017e-03 -4.343640431761741638e-02
1.080103814601898193e-01 4.026989936828613281e-01 6.247373763471841812e-03 -3.338656723499298096e-01
1.160643547773361206e-01 2.074886858463287354e-01 -4.299393913242965937e-04 -3.921920433640480042e-02
1.202141344547271729e-01 1.237289607524871826e-02 -1.214323448948562145e-03 2.533280551433563232e-01
1.204615905880928040e-01 2.075121700763702393e-01 3.852237481623888016e-03 -3.973765671253204346e-02
1.246118322014808655e-01 4.025786519050598145e-01 3.057484282180666924e-03 -3.312026858329772949e-01
1.326633989810943604e-01 2.074133306741714478e-01 -3.566569183021783829e-03 -3.755713999271392822e-02
1.368116736412048340e-01 1.234269980341196060e-02 -4.317712038755416870e-03 2.539983689785003662e-01
1.370585262775421143e-01 2.075260281562805176e-01 7.622552802786231041e-04 -4.004330933094024658e-02
1.412090510129928589e-01 4.026370346546173096e-01 -3.861089498968794942e-05 -3.324856460094451904e-01
1.492617875337600708e-01 2.075156420469284058e-01 -6.688323803246021271e-03 -3.981488943099975586e-02
1.534121036529541016e-01 1.249023992568254471e-02 -7.484621368348598480e-03 2.507503330707550049e-01
1.536619067192077637e-01 2.077182680368423462e-01 -2.469614846631884575e-03 -4.428397491574287415e-02
1.578162759542465210e-01 4.028755426406860352e-01 -3.355294466018676758e-03 -3.377450704574584961e-01
1.658737808465957642e-01 2.078015059232711792e-01 -1.011019572615623474e-02 -4.612209647893905640e-02
1.700298190116882324e-01 1.282597146928310394e-02 -1.103263720870018005e-02 2.433539032936096191e-01
1.702863276004791260e-01 2.081037610769271851e-01 -6.165559403598308563e-03 -5.278848111629486084e-02
1.744484007358551025e-01 1.307075284421443939e-02 -7.221329025924205780e-03 2.379427999258041382e-01
1.747098267078399658e-01 2.082951217889785767e-01 -2.462473232299089432e-03 -5.700916796922683716e-02
1.788757294416427612e-01 4.034523069858551025e-01 -3.602656535804271698e-03 -3.504680097103118896e-01
1.869447678327560425e-01 2.083817571401596069e-01 -1.061201654374599457e-02 -5.892328545451164246e-02
1.911123991012573242e-01 1.341356243938207626e-02 -1.179048232734203339e-02 2.303926795721054077e-01
1.913806796073913574e-01 2.087019979953765869e-01 -7.182628847658634186e-03 -6.598593294620513916e-02
1.955547183752059937e-01 1.368375401943922043e-02 -8.502347394824028015e-03 2.244222015142440796e-01
1.958283931016921997e-01 2.089261859655380249e-01 -4.013903439044952393e-03 -7.093051820993423462e-02
2.000069171190261841e-01 1.386200916022062302e-02 -5.432513542473316193e-03 2.204833030700683594e-01
2.002841532230377197e-01 2.090611904859542847e-01 -1.022847485728561878e-03 -7.390829175710678101e-02
2.044653743505477905e-01 4.041977822780609131e-01 -2.501013455912470818e-03 -3.669137656688690186e-01
2.125493288040161133e-01 2.091114670038223267e-01 -9.839288890361785889e-03 -7.502048462629318237e-02
2.167315632104873657e-01 1.413194369524717331e-02 -1.133969798684120178e-02 2.145419418811798096e-01
2.170142084360122681e-01 2.094141691923141479e-01 -7.048859726637601852e-03 -8.169636130332946777e-02
2.212024927139282227e-01 1.439396198838949203e-02 -8.682786487042903900e-03 2.087543308734893799e-01
2.214903682470321655e-01 2.096389830112457275e-01 -4.507699981331825256e-03 -8.665487170219421387e-02
2.256831526756286621e-01 1.458193641155958176e-02 -6.240797694772481918e-03 2.046024650335311890e-01
2.259747833013534546e-01 2.097925692796707153e-01 -2.148748375475406647e-03 -9.004257619380950928e-02
2.301706373691558838e-01 1.470149029046297073e-02 -3.949599806219339371e-03 2.019616514444351196e-01
2.304646670818328857e-01 2.098797112703323364e-01 8.963317668531090021e-05 -9.196456521749496460e-02
2.346622645854949951e-01 4.050003588199615479e-01 -1.749658142216503620e-03 -3.846192061901092529e-01
2.427622675895690918e-01 2.099032998085021973e-01 -9.442042559385299683e-03 -9.248846024274826050e-02
2.469603270292282104e-01 1.491794921457767487e-02 -1.129181124269962311e-02 1.972006112337112427e-01
2.472586929798126221e-01 2.101995795965194702e-01 -7.347799371927976608e-03 -9.902288019657135010e-02
2.514626979827880859e-01 1.518370117992162704e-02 -9.328257292509078979e-03 1.913328021764755249e-01
2.517663538455963135e-01 2.104378491640090942e-01 -5.501600913703441620e-03 -1.042781397700309753e-01
2.559751272201538086e-01 1.539517100900411606e-02 -7.587163709104061127e-03 1.866639852523803711e-01
2.562830150127410889e-01 2.106248438358306885e-01 -3.853883827105164528e-03 -1.084027066826820374e-01
2.604955136775970459e-01 1.555833499878644943e-02 -6.021937821060419083e-03 1.830618530511856079e-01
2.608066797256469727e-01 2.107659280300140381e-01 -2.360700862482190132e-03 -1.115146726369857788e-01
2.650220096111297607e-01 1.567788794636726379e-02 -4.590994212776422501e-03 1.804225295782089233e-01
2.653355598449707031e-01 2.108652293682098389e-01 -9.825435699895024300e-04 -1.137051433324813843e-01
2.695528566837310791e-01 1.575737446546554565e-02 -3.256646450608968735e-03 1.786676347255706787e-01
2.698680162429809570e-01 2.109257727861404419e-01 3.167061368003487587e-04 -1.150408685207366943e-01
2.740865349769592285e-01 4.060432016849517822e-01 -1.984111266210675240e-03 -4.076238572597503662e-01
2.822073996067047119e-01 2.109494209289550781e-01 -1.013658847659826279e-02 -1.155671253800392151e-01
2.864263653755187988e-01 1.597417332231998444e-02 -1.244793087244033813e-02 1.739006191492080688e-01
2.867458760738372803e-01 2.112720459699630737e-01 -8.969918824732303619e-03 -1.226830855011940002e-01
2.909713089466094971e-01 1.627974584698677063e-02 -1.142358034849166870e-02 1.671564728021621704e-01
2.912968993186950684e-01 2.115633338689804077e-01 -8.080450817942619324e-03 -1.291082501411437988e-01
2.955281734466552734e-01 1.655806787312030792e-02 -1.066261623054742813e-02 1.610144674777984619e-01
2.958593368530273438e-01 2.118310332298278809e-01 -7.442326284945011139e-03 -1.350130736827850342e-01
3.000959455966949463e-01 1.681646704673767090e-02 -1.014258805662393570e-02 1.553126424551010132e-01
3.004322648048400879e-01 2.120821624994277954e-01 -7.036334834992885590e-03 -1.405526995658874512e-01
3.046739101409912109e-01 1.706168800592422485e-02 -9.847388602793216705e-03 1.499021053314208984e-01
3.050151467323303223e-01 2.123232483863830566e-01 -6.849346682429313660e-03 -1.458711326122283936e-01
3.092616200447082520e-01 1.730005629360675812e-02 -9.766769595444202423e-03 1.446431130170822144e-01
3.096076250076293945e-01 2.125605046749114990e-01 -6.873907055705785751e-03 -1.511049717664718628e-01
3.138588368892669678e-01 1.753765530884265900e-02 -9.896006435155868530e-03 1.394014805555343628e-01
3.142095804214477539e-01 2.127999365329742432e-01 -7.107976824045181274e-03 -1.563869714736938477e-01
3.184655904769897461e-01 1.778046973049640656e-02 -1.023571658879518509e-02 1.340451091527938843e-01
3.188211917877197266e-01 2.130475342273712158e-01 -7.554814219474792480e-03 -1.618493944406509399e-01
3.230821490287780762e-01 1.803454197943210602e-02 -1.079180184751749039e-02 1.284406483173370361e-01
3.234428465366363525e-01 2.133094072341918945e-01 -8.222988806664943695e-03 -1.676273345947265625e-01
3.277090191841125488e-01 1.830612681806087494e-02 -1.157553587108850479e-02 1.224501803517341614e-01
3.280751407146453857e-01 2.135919928550720215e-01 -9.126531891524791718e-03 -1.738621294498443604e-01
3.323469758033752441e-01 1.860183849930763245e-02 -1.260377466678619385e-02 1.159277632832527161e-01
3.327190279960632324e-01 2.139020860195159912e-01 -1.028521917760372162e-02 -1.807047575712203979e-01
3.369970619678497314e-01 1.892881654202938080e-02 -1.389931514859199524e-02 1.087158769369125366e-01
3.373756408691406250e-01 2.142471522092819214e-01 -1.172499731183052063e-02 -1.883195936679840088e-01
3.416605889797210693e-01 1.929489895701408386e-02 -1.549138966947793961e-02 1.006416156888008118e-01
3.420464694499969482e-01 2.146354019641876221e-01 -1.347855664789676666e-02 -1.968882679939270020e-01
3.463391959667205811e-01 1.970881037414073944e-02 -1.741632260382175446e-02 9.151248633861541748e-02
3.467333614826202393e-01 2.150760143995285034e-01 -1.558607257902622223e-02 -2.066140025854110718e-01
3.510348796844482422e-01 2.018036320805549622e-02 -1.971835270524024963e-02 8.111183345317840576e-02
3.514384925365447998e-01 -1.746534556150436401e-01 -1.809611544013023376e-02 3.675089180469512939e-01
3.479454219341278076e-01 2.072089910507202148e-02 -1.074593700468540192e-02 6.917541474103927612e-02
3.483598530292510986e-01 2.159952521324157715e-01 -9.362429380416870117e-03 -2.268784493207931519e-01
3.526797294616699219e-01 2.100834250450134277e-02 -1.389999780803918839e-02 6.283657997846603394e-02
3.530999124050140381e-01 -1.739115864038467407e-01 -1.264326646924018860e-02 3.511017560958862305e-01
3.496216833591461182e-01 2.138786390423774719e-02 -5.621231161057949066e-03 5.445897951722145081e-02
3.500494360923767090e-01 2.165899574756622314e-01 -4.532051738351583481e-03 -2.399921715259552002e-01
3.543812334537506104e-01 2.153304591774940491e-02 -9.331895038485527039e-03 5.125777423381805420e-02
3.548119068145751953e-01 -1.734538674354553223e-01 -8.306739851832389832e-03 3.409818708896636963e-01
3.513428270816802979e-01 2.178528718650341034e-02 -1.487102592363953590e-03 4.569109156727790833e-02
3.517785370349884033e-01 2.169285267591476440e-01 -5.732807330787181854e-04 -2.474606633186340332e-01
3.561170995235443115e-01 2.181477099657058716e-02 -5.522493738681077957e-03 4.504138603806495667e-02
3.565534055233001709e-01 2.170154750347137451e-01 -4.621665924787521362e-03 -2.493788152933120728e-01
3.608936965465545654e-01 2.195982821285724640e-02 -9.609241969883441925e-03 4.184277355670928955e-02
3.613328933715820312e-01 -1.730230152606964111e-01 -8.772387169301509857e-03 3.314784765243530273e-01
3.578724265098571777e-01 2.222269400954246521e-02 -2.142817480489611626e-03 3.604211658239364624e-02
3.583168983459472656e-01 2.173753082752227783e-01 -1.421975204721093178e-03 -2.573161125183105469e-01
3.626644015312194824e-01 2.227368764579296112e-02 -6.568297743797302246e-03 3.491795435547828674e-02
3.631098568439483643e-01 -1.727534532546997070e-01 -5.869938526302576065e-03 3.255212903022766113e-01
3.596548140048980713e-01 2.245157398283481598e-02 6.404875312000513077e-04 3.099304065108299255e-02
3.601038455963134766e-01 2.175643295049667358e-01 1.260348362848162651e-03 -2.614877223968505859e-01
3.644551336765289307e-01 2.242441475391387939e-02 -3.969406243413686752e-03 3.159245476126670837e-02
3.649035990238189697e-01 -1.726403832435607910e-01 -3.337557427585124969e-03 3.230203390121459961e-01
3.614507913589477539e-01 2.252892777323722839e-02 3.122849622741341591e-03 2.928676642477512360e-02
3.619013726711273193e-01 2.176059633493423462e-01 3.708584932610392570e-03 -2.624092400074005127e-01
3.662534952163696289e-01 2.243126556277275085e-02 -1.539599732495844364e-03 3.144111111760139465e-02
3.667021095752716064e-01 2.175752669572830200e-01 -9.107774239964783192e-04 -2.617271840572357178e-01
3.710536360740661621e-01 2.246632240712642670e-02 -6.145320832729339600e-03 3.066834062337875366e-02
3.715029656887054443e-01 -1.725669652223587036e-01 -5.531954113394021988e-03 3.214060366153717041e-01
3.680516183376312256e-01 2.263332717120647430e-02 8.961664861999452114e-04 2.698369137942790985e-02
3.685042858123779297e-01 2.177424132823944092e-01 1.435840269550681114e-03 -2.654163539409637451e-01
3.728591203689575195e-01 2.260000072419643402e-02 -3.872486762702465057e-03 2.771910652518272400e-02
3.733111321926116943e-01 2.177772670984268188e-01 -3.318104660138487816e-03 -2.661831080913543701e-01
3.776666820049285889e-01 2.270283363759517670e-02 -8.641766384243965149e-03 2.545141242444515228e-02
3.781207203865051270e-01 -1.722941249608993530e-01 -8.132738992571830750e-03 3.153952956199645996e-01
3.746748566627502441e-01 2.294271998107433319e-02 -1.824832870624959469e-03 2.015870064496994019e-02
3.751336932182312012e-01 2.180907875299453735e-01 -1.421658904291689396e-03 -2.730994224548339844e-01
3.794955313205718994e-01 2.298915572464466095e-02 -6.883647292852401733e-03 1.913476921617984772e-02
3.799552917480468750e-01 -1.720333993434906006e-01 -6.500951945781707764e-03 3.096379041671752930e-01
3.765146434307098389e-01 2.318056672811508179e-02 -3.081939939875155687e-04 1.491186674684286118e-02
3.769782483577728271e-01 2.183069437742233276e-01 -9.956671419786289334e-06 -2.778682708740234375e-01
3.813443779945373535e-01 2.318512648344039917e-02 -5.567322485148906708e-03 1.481150276958942413e-02
3.818081021308898926e-01 -1.718565374612808228e-01 -5.271092057228088379e-03 3.057326972484588623e-01
3.783709704875946045e-01 2.334012649953365326e-02 8.435614872723817825e-04 1.139205973595380783e-02
3.788377642631530762e-01 2.184499651193618774e-01 1.071402686648070812e-03 -2.810246050357818604e-01
3.832067549228668213e-01 2.331275120377540588e-02 -4.549089353531599045e-03 1.199605688452720642e-02
3.836730122566223145e-01 -1.717436611652374268e-01 -4.309168085455894470e-03 3.032402396202087402e-01
3.802381455898284912e-01 2.343943342566490173e-02 1.755636418238282204e-03 9.201405569911003113e-03
3.807069361209869385e-01 2.185361683368682861e-01 1.939664594829082489e-03 -2.829270660877227783e-01
3.850776553153991699e-01 2.338659949600696564e-02 -3.718876978382468224e-03 1.036697626113891602e-02
3.855453729629516602e-01 -1.716818213462829590e-01 -3.511537564918398857e-03 3.018742501735687256e-01
3.821117579936981201e-01 2.349000237882137299e-02 2.525947289541363716e-03 8.085916750133037567e-03
3.825815618038177490e-01 2.185756415128707886e-01 2.687665633857250214e-03 -2.837989628314971924e-01
3.869530558586120605e-01 2.341545373201370239e-02 -2.988314023241400719e-03 9.730413556098937988e-03
3.874213695526123047e-01 -1.716635078191757202e-01 -2.793705556541681290e-03 3.014689981937408447e-01
3.839881122112274170e-01 2.349814400076866150e-02 3.235674230381846428e-03 7.906302809715270996e-03
3.844580650329589844e-01 2.185735404491424561e-01 3.393800230696797371e-03 -2.837539613246917725e-01
3.888295292854309082e-01 2.340335026383399963e-02 -2.281279070302844048e-03 9.997401386499404907e-03
3.892976045608520508e-01 -1.716858148574829102e-01 -2.081331098452210426e-03 3.019596934318542480e-01
3.858638703823089600e-01 2.346574328839778900e-02 3.957862500101327896e-03 8.621077984571456909e-03
3.863331973552703857e-01 2.185307145118713379e-01 4.130284301936626434e-03 -2.828104794025421143e-01
3.907038271427154541e-01 2.335009165108203888e-02 -1.525925355963408947e-03 1.117225922644138336e-02
3.911708295345306396e-01 2.184938937425613403e-01 -1.302480115555226803e-03 -2.819917201995849609e-01
3.955406844615936279e-01 2.339054457843303680e-02 -6.942314561456441879e-03 1.028012111783027649e-02
3.960084915161132812e-01 -1.716311573982238770e-01 -6.736712064594030380e-03 3.007645905017852783e-01
3.925758898258209229e-01 2.358616143465042114e-02 -7.214201032184064388e-04 5.964690819382667542e-03
3.930476009845733643e-01 2.187184542417526245e-01 -6.021262961439788342e-04 -2.869457602500915527e-01
3.974219858646392822e-01 2.360509149730205536e-02 -6.341041531413793564e-03 5.547194741666316986e-03
3.978940844535827637e-01 -1.714253425598144531e-01 -6.230097729712724686e-03 2.962227165699005127e-01
3.944655656814575195e-01 2.378486096858978271e-02 -3.056433051824569702e-04 1.581451040692627430e-03
3.949412703514099121e-01 -1.713327020406723022e-01 -2.740142808761447668e-04 2.941679358482360840e-01
3.915145993232727051e-01 2.379315160214900970e-02 5.609344225376844406e-03 1.398593652993440628e-03
3.919904828071594238e-01 2.188342064619064331e-01 5.637316033244132996e-03 -2.895092368125915527e-01
3.963671624660491943e-01 2.363232709467411041e-02 -1.528688881080597639e-04 4.946281202137470245e-03
3.968397974967956543e-01 2.187564671039581299e-01 -5.394326217356137931e-05 -2.877848744392395020e-01
4.012149274349212646e-01 2.363528870046138763e-02 -5.809640511870384216e-03 4.881039261817932129e-03
4.016876518726348877e-01 -1.714028716087341309e-01 -5.712019745260477066e-03 2.957253158092498779e-01
3.982595801353454590e-01 2.380005083978176117e-02 2.024861751124262810e-04 1.246386324055492878e-03
3.987355828285217285e-01 2.189190983772277832e-01 2.274138969369232655e-04 -2.913726568222045898e-01
4.031139612197875977e-01 2.379390411078929901e-02 -5.600038915872573853e-03 1.381994923576712608e-03
4.035898447036743164e-01 -1.712472885847091675e-01 -5.572399124503135681e-03 2.922928035259246826e-01
4.001649022102355957e-01 2.395366877317428589e-02 2.734567387960851192e-04 -2.142374170944094658e-03
4.006439745426177979e-01 -1.711722016334533691e-01 2.306092501385137439e-04 2.906268239021301270e-01
3.972205221652984619e-01 2.394646033644676208e-02 6.043145433068275452e-03 -1.983367372304201126e-03
3.976994454860687256e-01 2.189812213182449341e-01 6.003478076308965683e-03 -2.927534878253936768e-01
4.020790755748748779e-01 2.377419359982013702e-02 1.484083186369389296e-04 1.816783449612557888e-03
4.025545716285705566e-01 2.188940197229385376e-01 1.847439853008836508e-04 -2.908193171024322510e-01
4.069324433803558350e-01 2.376943081617355347e-02 -5.631642416119575500e-03 1.921872142702341080e-03
4.074078202247619629e-01 -1.712713092565536499e-01 -5.593204870820045471e-03 2.928226292133331299e-01
4.039824008941650391e-01 2.392994612455368042e-02 2.632479299791157246e-04 -1.619047834537923336e-03
4.044609963893890381e-01 2.190481275320053101e-01 2.308669791091233492e-04 -2.942188978195190430e-01
4.088419675827026367e-01 2.392287924885749817e-02 -5.653511267155408859e-03 -1.463175052776932716e-03
4.093204140663146973e-01 -1.711175441741943359e-01 -5.682774819433689117e-03 2.894306480884552002e-01
4.058980643749237061e-01 2.408498525619506836e-02 1.058384077623486519e-04 -5.039131734520196915e-03
4.063797891139984131e-01 -1.710384786128997803e-01 5.055775545770302415e-06 2.876771986484527588e-01
4.029590189456939697e-01 2.408339455723762512e-02 5.758599378168582916e-03 -5.004145670682191849e-03
4.034406840801239014e-01 2.191222906112670898e-01 5.658516660332679749e-03 -2.958646118640899658e-01
4.078231155872344971e-01 2.392012812197208405e-02 -2.587757189758121967e-04 -1.402467838488519192e-03
4.083015322685241699e-01 2.190457880496978760e-01 -2.868250885512679815e-04 -2.941670417785644531e-01
4.126824438571929932e-01 2.392792887985706329e-02 -6.170165725052356720e-03 -1.574577763676643372e-03
4.131610095500946045e-01 -1.711049973964691162e-01 -6.201657466590404510e-03 2.891552150249481201e-01
4.097388982772827148e-01 2.410484291613101959e-02 -4.185528960078954697e-04 -5.477178841829299927e-03
4.102209806442260742e-01 -1.710111051797866821e-01 -5.280964542180299759e-04 2.870736718177795410e-01
4.068007767200469971e-01 2.411837503314018250e-02 5.213376600295305252e-03 -5.775777157396078110e-03
4.072831273078918457e-01 2.191651761531829834e-01 5.097861401736736298e-03 -2.968092858791351318e-01
4.116664528846740723e-01 2.397092059254646301e-02 -8.383241947740316391e-04 -2.522934228181838989e-03
4.121458530426025391e-01 2.191048860549926758e-01 -8.887829026207327843e-04 -2.954702377319335938e-01
4.165279567241668701e-01 2.399561554193496704e-02 -6.798187736421823502e-03 -3.067758399993181229e-03
4.170078635215759277e-01 -1.710281819105148315e-01 -6.859542801976203918e-03 2.874625325202941895e-01
4.135873019695281982e-01 2.419091574847698212e-02 -1.110292389057576656e-03 -7.375920657068490982e-03
4.140711128711700439e-01 -1.709150969982147217e-01 -1.257810858078300953e-03 2.849564850330352783e-01
4.106528162956237793e-01 2.422477304935455322e-02 4.441319033503532410e-03 -8.122878149151802063e-03
4.111373126506805420e-01 2.192827463150024414e-01 4.278861451894044876e-03 -2.994012236595153809e-01
4.155229628086090088e-01 2.410006895661354065e-02 -1.709162839688360691e-03 -5.371890962123870850e-03
4.160049855709075928e-01 -1.709973365068435669e-01 -1.816600677557289600e-03 2.867712974548339844e-01
4.125850200653076172e-01 2.415048144757747650e-02 3.918825183063745499e-03 -6.484029348939657211e-03
4.130680263042449951e-01 2.192160189151763916e-01 3.789144335314631462e-03 -2.979279458522796631e-01
4.174523651599884033e-01 2.404025383293628693e-02 -2.169414423406124115e-03 -4.052404314279556274e-03
4.179331660270690918e-01 -1.710505187511444092e-01 -2.250462537631392479e-03 2.879452705383300781e-01
4.145121574401855469e-01 2.410345338284969330e-02 3.508442547172307968e-03 -5.446594674140214920e-03
4.149942100048065186e-01 2.191749066114425659e-01 3.399510635063052177e-03 -2.970204949378967285e-01
4.193777143955230713e-01 2.400466613471508026e-02 -2.540899440646171570e-03 -3.267370397225022316e-03
4.198578000068664551e-01 -1.710807532072067261e-01 -2.606246853247284889e-03 2.886127829551696777e-01
4.164361953735351562e-01 2.407826669514179230e-02 3.166008973494172096e-03 -4.890981130301952362e-03
4.169177711009979248e-01 2.191546708345413208e-01 3.068189369514584541e-03 -2.965733110904693604e-01
4.213008582592010498e-01 2.398911491036415100e-02 -2.863276982679963112e-03 -2.924312837421894073e-03
4.217806458473205566e-01 -1.710916608572006226e-01 -2.921763109043240547e-03 2.888538539409637451e-01
4.183588027954101562e-01 2.407183684408664703e-02 2.855313709005713463e-03 -4.749146290123462677e-03
4.188402295112609863e-01 2.191527187824249268e-01 2.760330680757761002e-03 -2.965298295021057129e-01
4.232232868671417236e-01 2.399153076112270355e-02 -3.170265816152095795e-03 -2.977611264213919640e-03
4.237031340599060059e-01 -1.710848063230514526e-01 -3.229817841202020645e-03 2.887033820152282715e-01
4.202814400196075439e-01 2.408304810523986816e-02 2.544249640777707100e-03 -4.996452946215867996e-03
4.207631051540374756e-01 2.191684246063232422e-01 2.444320591166615486e-03 -2.968755662441253662e-01
4.251464605331420898e-01 2.401170879602432251e-02 -3.493190510198473930e-03 -3.422732232138514519e-03
4.256266951560974121e-01 -1.710599660873413086e-01 -3.561645280569791794e-03 2.881560027599334717e-01
4.222055077552795410e-01 2.411258779466152191e-02 2.201474970206618309e-03 -5.648098420351743698e-03
4.226877391338348389e-01 2.192029058933258057e-01 2.088512992486357689e-03 -2.976356148719787598e-01
4.270718097686767578e-01 2.405123785138130188e-02 -3.864199388772249222e-03 -4.294746089726686478e-03
4.275528192520141602e-01 -1.710150837898254395e-01 -3.950094338506460190e-03 2.871664762496948242e-01
4.241325259208679199e-01 2.416297793388366699e-02 1.793235191144049168e-03 -6.759652402251958847e-03
4.246158003807067871e-01 2.192591726779937744e-01 1.658042077906429768e-03 -2.988762557506561279e-01
4.290009737014770508e-01 2.411361970007419586e-02 -4.319482948631048203e-03 -5.670871585607528687e-03
4.294832348823547363e-01 -1.709461212158203125e-01 -4.432900343090295792e-03 2.856460809707641602e-01
4.260643124580383301e-01 2.423877269029617310e-02 1.280021271668374538e-03 -8.431646972894668579e-03
4.265491068363189697e-01 2.193423360586166382e-01 1.111388322897255421e-03 -3.007104396820068359e-01
4.309359490871429443e-01 2.420456893742084503e-02 -4.902820568531751633e-03 -7.677207700908184052e-03
4.314200282096862793e-01 -1.708467304706573486e-01 -5.056364461779594421e-03 2.834548056125640869e-01
4.280031025409698486e-01 2.434697560966014862e-02 6.127313827164471149e-04 -1.081858202815055847e-02
4.284900426864624023e-01 2.194601297378540039e-01 3.963597409892827272e-04 -3.033081293106079102e-01
4.328792393207550049e-01 2.433253638446331024e-02 -5.669802892953157425e-03 -1.050021778792142868e-02
4.333658814430236816e-01 -1.707076430320739746e-01 -5.879806820303201675e-03 2.803884446620941162e-01
4.299517273902893066e-01 2.449768595397472382e-02 -2.720382472034543753e-04 -1.414314750581979752e-02
4.304417073726654053e-01 2.196235358715057373e-01 -5.549011984840035439e-04 -3.069118857383728027e-01
4.348341524600982666e-01 2.450949698686599731e-02 -6.693139206618070602e-03 -1.440401934087276459e-02
4.353243410587310791e-01 -1.705158352851867676e-01 -6.981219630688428879e-03 2.761596441268920898e-01
4.319140315055847168e-01 2.470502257347106934e-02 -1.458026468753814697e-03 -1.871695555746555328e-02
4.324081540107727051e-01 -1.703959852457046509e-01 -1.832365524023771286e-03 2.735055983066558838e-01
4.290002286434173584e-01 2.475205995142459869e-02 3.637746209278702736e-03 -1.975470595061779022e-02
4.294952750205993652e-01 2.198216468095779419e-01 3.242652164772152901e-03 -3.112876713275909424e-01
4.338916838169097900e-01 2.465365640819072723e-02 -2.983101177960634232e-03 -1.758386939764022827e-02
4.343847632408142090e-01 -1.704253852367401123e-01 -3.334778593853116035e-03 2.741563618183135986e-01
4.309762716293334961e-01 2.474398538470268250e-02 2.148348605260252953e-03 -1.957649178802967072e-02
4.314711391925811768e-01 2.198350578546524048e-01 1.756818848662078381e-03 -3.115808069705963135e-01
4.358678460121154785e-01 2.468812465667724609e-02 -4.474797286093235016e-03 -1.834435760974884033e-02
4.363616108894348145e-01 -1.703693717718124390e-01 -4.841684363782405853e-03 2.729233503341674805e-01
4.329542219638824463e-01 2.482133358716964722e-02 6.167826941236853600e-04 -2.128270268440246582e-02
4.334506392478942871e-01 -1.703094542026519775e-01 1.911286381073296070e-04 2.715947628021240234e-01
4.300444424152374268e-01 2.480976469814777374e-02 5.623023957014083862e-03 -2.102787606418132782e-02
4.305406510829925537e-01 2.198506295680999756e-01 5.202466156333684921e-03 -3.119313716888427734e-01
4.349376559257507324e-01 2.465494722127914429e-02 -1.036161324009299278e-03 -1.761230640113353729e-02
4.354307651519775391e-01 -1.704521328210830688e-01 -1.388407428748905659e-03 2.747435271739959717e-01
4.320217072963714600e-01 2.468960359692573547e-02 4.106462933123111725e-03 -1.837699115276336670e-02
4.325155019760131836e-01 2.197524160146713257e-01 3.738922998309135437e-03 -3.097614645957946777e-01
4.369105696678161621e-01 2.457740157842636108e-02 -2.456306014209985733e-03 -1.590172760188579559e-02
4.374020993709564209e-01 -1.705092340707778931e-01 -2.774340566247701645e-03 2.760052084922790527e-01
4.339919090270996094e-01 2.465218491852283478e-02 2.745763398706912994e-03 -1.755146868526935577e-02
4.344849586486816406e-01 2.197346538305282593e-01 2.394733950495719910e-03 -3.093668222427368164e-01
4.388796687126159668e-01 2.457866258919239044e-02 -3.792602336034178734e-03 -1.592961512506008148e-02
4.393712282180786133e-01 -1.704887002706527710e-01 -4.111194517463445663e-03 2.755542993545532227e-01
4.359614551067352295e-01 2.469167113304138184e-02 1.399891218170523643e-03 -1.842246949672698975e-02
4.364552795886993408e-01 2.197935134172439575e-01 1.031441730447113514e-03 -3.106633722782135010e-01
4.408511519432067871e-01 2.465688623487949371e-02 -5.181825719773769379e-03 -1.765535213053226471e-02
4.413442909717559814e-01 -1.703903675079345703e-01 -5.534932948648929596e-03 2.733881473541259766e-01
4.379364848136901855e-01 2.481011860072612762e-02 -6.716987263644114137e-05 -2.103535272181034088e-02
4.384326934814453125e-01 -1.703108698129653931e-01 -4.878769395872950554e-04 2.716263830661773682e-01
4.350264668464660645e-01 2.481804043054580688e-02 4.944650456309318542e-03 -2.121038548648357391e-02
4.355228245258331299e-01 2.198687344789505005e-01 4.520442802459001541e-03 -3.123291134834289551e-01
4.399202167987823486e-01 2.468267455697059631e-02 -1.726139569655060768e-03 -1.822402514517307281e-02
4.404138624668121338e-01 -1.704144775867462158e-01 -2.090620109811425209e-03 2.739138007164001465e-01
4.370055794715881348e-01 2.473723888397216797e-02 3.387655597180128098e-03 -1.942779310047626495e-02
4.375003278255462646e-01 2.198104411363601685e-01 2.999099669978022575e-03 -3.110399544239044189e-01
4.418965280055999756e-01 2.464589290320873260e-02 -3.221699269488453865e-03 -1.741270907223224640e-02
4.423894584178924561e-01 -1.704297065734863281e-01 -3.569953376427292824e-03 2.742519974708557129e-01
4.389808475971221924e-01 2.474299818277359009e-02 1.915086410008370876e-03 -1.955476216971874237e-02
4.394757151603698730e-01 2.198374271392822266e-01 1.523991231806576252e-03 -3.116328418254852295e-01
4.438724517822265625e-01 2.469380199909210205e-02 -4.708665888756513596e-03 -1.846968382596969604e-02
4.443663358688354492e-01 -1.703603118658065796e-01 -5.078059155493974686e-03 2.727238833904266357e-01
4.409591257572174072e-01 2.483373321592807770e-02 3.764185239560902119e-04 -2.155633457005023956e-02
4.414558112621307373e-01 2.199502885341644287e-01 -5.470819087349809706e-05 -3.141204714775085449e-01
4.458548128604888916e-01 2.482911199331283569e-02 -6.337117869406938553e-03 -2.145480178296566010e-02
4.463513791561126709e-01 -1.702013909816741943e-01 -6.766213569790124893e-03 2.692219614982604980e-01
4.429473578929901123e-01 2.501646615564823151e-02 -1.381774200126528740e-03 -2.558735385537147522e-02
4.434477090835571289e-01 -1.700856387615203857e-01 -1.893521286547183990e-03 2.666592895984649658e-01
4.400459825992584229e-01 2.506328187882900238e-02 3.439664375036954880e-03 -2.662026882171630859e-02
4.405472576618194580e-01 2.201357334852218628e-01 2.907259156927466393e-03 -3.182159662246704102e-01
4.449499547481536865e-01 2.497250027954578400e-02 -3.457060083746910095e-03 -2.461761049926280975e-02
4.454494118690490723e-01 -1.700997054576873779e-01 -3.949412144720554352e-03 2.669725716114044189e-01
4.420474171638488770e-01 2.507838979363441467e-02 1.390039105899631977e-03 -2.695340849459171295e-02
4.425489902496337891e-01 2.201803773641586304e-01 8.509709732607007027e-04 -3.191974461078643799e-01
4.469525814056396484e-01 2.504631876945495605e-02 -5.532977636903524399e-03 -2.624626830220222473e-02
4.474535286426544189e-01 -1.699958443641662598e-01 -6.057903170585632324e-03 2.646858096122741699e-01
4.440535902976989746e-01 2.521204017102718353e-02 -7.641867850907146931e-04 -2.990165539085865021e-02
4.445578455924987793e-01 -1.698989421129226685e-01 -1.362219918519258499e-03 2.625400722026824951e-01
4.411598742008209229e-01 2.524242550134658813e-02 3.888581413775682449e-03 -3.057221136987209320e-02
4.416647255420684814e-01 2.203083932399749756e-01 3.277137177065014839e-03 -3.220257163047790527e-01
4.460708796977996826e-01 2.513993345201015472e-02 -3.163377055898308754e-03 -2.831111289560794830e-02
4.465736746788024902e-01 -1.699365079402923584e-01 -3.729599295184016228e-03 2.633720636367797852e-01
4.431749582290649414e-01 2.523847669363021851e-02 1.537841744720935822e-03 -3.048488870263099670e-02
4.436797201633453369e-01 -1.699054986238479614e-01 9.281439706683158875e-04 2.626828551292419434e-01
4.402815997600555420e-01 2.520319633185863495e-02 6.181800737977027893e-03 -2.970718778669834137e-02
4.407856762409210205e-01 2.202359586954116821e-01 5.587656982243061066e-03 -3.204332888126373291e-01
4.451903998851776123e-01 2.503487467765808105e-02 -8.210087544284760952e-04 -2.599348686635494232e-02
4.456910789012908936e-01 -1.700752973556518555e-01 -1.340878545306622982e-03 2.664302885532379150e-01
4.422895908355712891e-01 2.506577037274837494e-02 3.987727221101522446e-03 -2.667525969445705414e-02
4.427908957004547119e-01 2.201303094625473022e-01 3.454222111031413078e-03 -3.180973529815673828e-01
4.471935033798217773e-01 2.495932951569557190e-02 -2.907724818214774132e-03 -2.432709001004695892e-02
4.476926922798156738e-01 -1.701208055019378662e-01 -3.394266823306679726e-03 2.674370110034942627e-01
4.442902803421020508e-01 2.504942566156387329e-02 1.954473322257399559e-03 -2.631456963717937469e-02
4.447912573814392090e-01 2.201432883739471436e-01 1.428181887604296207e-03 -3.183802068233489990e-01
4.491941332817077637e-01 2.500103041529655457e-02 -4.939422011375427246e-03 -2.524721622467041016e-02
4.496941566467285156e-01 -1.700497418642044067e-01 -5.444366484880447388e-03 2.658731937408447266e-01
4.462931454181671143e-01 2.514949254691600800e-02 -1.269027125090360641e-04 -2.852195873856544495e-02
4.467961490154266357e-01 -1.699706315994262695e-01 -6.973419222049415112e-04 2.641209363937377930e-01
4.433967471122741699e-01 2.516126073896884918e-02 4.585076589137315750e-03 -2.878186851739883423e-02
4.438999593257904053e-01 2.202171534299850464e-01 4.009439144283533096e-03 -3.200146257877349854e-01
4.483042955398559570e-01 2.503833733499050140e-02 -2.390853362157940865e-03 -2.606998197734355927e-02
4.488050639629364014e-01 -1.700492501258850098e-01 -2.912253141403198242e-03 2.658576369285583496e-01
4.454040825366973877e-01 2.511414885520935059e-02 2.404899802058935165e-03 -2.774240635335445404e-02
4.459063708782196045e-01 2.202015370130538940e-01 1.850051688961684704e-03 -3.196655809879302979e-01
4.503104090690612793e-01 2.505327947437763214e-02 -4.543260205537080765e-03 -2.639980241656303406e-02
4.508114755153656006e-01 -1.700032204389572144e-01 -5.071256309747695923e-03 2.648462057113647461e-01
4.474113881587982178e-01 2.519074082374572754e-02 2.256682055303826928e-04 -2.943190559744834900e-02
4.479152262210845947e-01 -1.699344515800476074e-01 -3.629699058365076780e-04 2.633222043514251709e-01
4.445165395736694336e-01 2.519268542528152466e-02 4.903474356979131699e-03 -2.947517670691013336e-02
4.450203776359558105e-01 2.202439755201339722e-01 4.313970915973186493e-03 -3.206069767475128174e-01
4.494252502918243408e-01 2.506085485219955444e-02 -2.098168712109327316e-03 -2.656671777367591858e-02
4.499264657497406006e-01 -1.700309514999389648e-01 -2.629503142088651657e-03 2.654534876346588135e-01
4.465258419513702393e-01 2.512843720614910126e-02 2.679566387087106705e-03 -2.805765904486179352e-02
4.470284283161163330e-01 2.202118635177612305e-01 2.118413103744387627e-03 -3.198939561843872070e-01
4.514326751232147217e-01 2.505980245769023895e-02 -4.279465880244970322e-03 -2.654371038079261780e-02
4.519338607788085938e-01 -1.700005233287811279e-01 -4.810340236872434616e-03 2.647859454154968262e-01
4.485338628292083740e-01 2.518976107239723206e-02 4.853786085732281208e-04 -2.941033244132995605e-02
4.490376412868499756e-01 -1.699391454458236694e-01 -1.028280239552259445e-04 2.634257078170776367e-01
4.456388652324676514e-01 2.518427185714244843e-02 5.165685899555683136e-03 -2.928966097533702850e-02
4.461425542831420898e-01 2.202317714691162109e-01 4.579892847687005997e-03 -3.203382790088653564e-01
4.505471885204315186e-01 2.504489012062549591e-02 -1.826873165555298328e-03 -2.621456608176231384e-02
4.510480761528015137e-01 -1.700508147478103638e-01 -2.351164352148771286e-03 2.658914029598236084e-01
4.476470649242401123e-01 2.510461397469043732e-02 2.966663567349314690e-03 -2.753217332065105438e-02
4.481491446495056152e-01 2.201838940382003784e-01 2.416020026430487633e-03 -3.192776143550872803e-01
4.525528252124786377e-01 2.502761967480182648e-02 -3.969531971961259842e-03 -2.583374083042144775e-02
4.530533850193023682e-01 -1.700371801853179932e-01 -4.486206918954849243e-03 2.655941247940063477e-01
4.496526420116424561e-01 2.514851093292236328e-02 8.256753790192306042e-04 -2.850041911005973816e-02
4.501556158065795898e-01 2.202586084604263306e-01 2.556670224294066429e-04 -3.209227323532104492e-01
4.545607864856719971e-01 2.513302117586135864e-02 -6.162787321954965591e-03 -2.815917879343032837e-02
4.550634324550628662e-01 -1.699000149965286255e-01 -6.725971121340990067e-03 2.625729739665985107e-01
4.516654312610626221e-01 2.531729824841022491e-02 -1.474511576816439629e-03 -3.222379460930824280e-02
4.521718025207519531e-01 -1.697834730148315430e-01 -2.118987496942281723e-03 2.599935531616210938e-01
4.487761259078979492e-01 2.536865882575511932e-02 3.080883296206593513e-03 -3.335698693990707397e-02
4.492834806442260742e-01 2.204462885856628418e-01 2.413743641227483749e-03 -3.250662684440612793e-01
4.536924064159393311e-01 2.529005892574787140e-02 -4.087581764906644821e-03 -3.162312880158424377e-02
4.541982114315032959e-01 -1.697730422019958496e-01 -4.720044322311878204e-03 2.597673237323760986e-01
4.508027732372283936e-01 2.541597746312618256e-02 4.753021057695150375e-04 -3.440062329173088074e-02
4.513110816478729248e-01 -1.697127819061279297e-01 -2.127103944076225162e-04 2.584322392940521240e-01
4.479168355464935303e-01 2.541220001876354218e-02 4.955934360623359680e-03 -3.431778401136398315e-02
4.484250545501708984e-01 2.204627394676208496e-01 4.269578494131565094e-03 -3.254329562187194824e-01
4.528343081474304199e-01 2.528025209903717041e-02 -2.239080611616373062e-03 -3.140664473176002502e-02
4.533399343490600586e-01 -1.698095202445983887e-01 -2.867213450372219086e-03 2.605689764022827148e-01
4.499437510967254639e-01 2.535324543714523315e-02 2.344166394323110580e-03 -3.301691263914108276e-02
4.504508078098297119e-01 2.204415053129196167e-01 1.683828071691095829e-03 -3.249593079090118408e-01
4.548596441745758057e-01 2.529561519622802734e-02 -4.815358202904462814e-03 -3.174585103988647461e-02
4.553655385971069336e-01 -1.697569489479064941e-01 -5.450275260955095291e-03 2.594138979911804199e-01
4.519703984260559082e-01 2.544238232076168060e-02 -2.619972801767289639e-04 -3.498312830924987793e-02
4.524792432785034180e-01 -1.696758121252059937e-01 -9.616598254069685936e-04 2.576171159744262695e-01
4.490857422351837158e-01 2.545985579490661621e-02 4.190682899206876755e-03 -3.536896780133247375e-02
4.495949447154998779e-01 2.205214649438858032e-01 3.483303356915712357e-03 -3.267267644405364990e-01
4.540053606033325195e-01 2.535009197890758514e-02 -3.051231615245342255e-03 -3.294738009572029114e-02
4.545123577117919922e-01 -1.697279661893844604e-01 -3.710179356858134270e-03 2.587713003158569336e-01
4.511178135871887207e-01 2.544675022363662720e-02 1.465246547013521194e-03 -3.507956862449645996e-02
4.516267478466033936e-01 -1.696961820125579834e-01 7.636551745235919952e-04 2.580653131008148193e-01
4.482328295707702637e-01 2.541485801339149475e-02 5.924961064010858536e-03 -3.437666222453117371e-02
4.487411081790924072e-01 2.204513400793075562e-01 5.237428005784749985e-03 -3.251843154430389404e-01
4.531501531600952148e-01 2.525521442294120789e-02 -1.266258535906672478e-03 -3.085435181856155396e-02
4.536552429199218750e-01 -1.698485612869262695e-01 -1.883345656096935272e-03 2.614288032054901123e-01
4.502582848072052002e-01 2.530022896826267242e-02 3.345230128616094589e-03 -3.184757381677627563e-02
4.507642686367034912e-01 2.203740477561950684e-01 2.708278596401214600e-03 -3.234731554985046387e-01
4.551717638969421387e-01 2.521363832056522369e-02 -3.761184634640812874e-03 -2.993739396333694458e-02
4.556760191917419434e-01 -1.698541790246963501e-01 -4.359932616353034973e-03 2.615564763545989990e-01
4.522789418697357178e-01 2.532974258065223694e-02 8.711967966519296169e-04 -3.249843791127204895e-02
4.527855515480041504e-01 2.204391956329345703e-01 2.212280523963272572e-04 -3.249063789844512939e-01
4.571943283081054688e-01 2.531408891081809998e-02 -6.276899483054876328e-03 -3.215368092060089111e-02
4.577006101608276367e-01 -1.697172820568084717e-01 -6.919973064213991165e-03 2.585422396659851074e-01
4.543062746524810791e-01 2.550276555120944977e-02 -1.749128336086869240e-03 -3.631530329585075378e-02
4.548163115978240967e-01 -1.695940643548965454e-01 -2.475434448570013046e-03 2.558152377605438232e-01
4.514244496822357178e-01 2.556314878165721893e-02 2.640870399773120880e-03 -3.764744475483894348e-02
4.519357085227966309e-01 2.206471264362335205e-01 1.887921593151986599e-03 -3.294959962368011475e-01
4.563486576080322266e-01 2.549835480749607086e-02 -4.701998084783554077e-03 -3.621829301118850708e-02
4.568586051464080811e-01 -1.695558577775955200e-01 -5.426364019513130188e-03 2.549774050712585449e-01
4.534674882888793945e-01 2.564315125346183777e-02 -3.268158470746129751e-04 -3.941213712096214294e-02
4.539803564548492432e-01 -1.694741100072860718e-01 -1.115058548748493195e-03 2.531676590442657471e-01
4.505908787250518799e-01 2.566374465823173523e-02 3.948294557631015778e-03 -3.986677154898643494e-02
4.511041641235351562e-01 2.207288593053817749e-01 3.150959033519029617e-03 -3.313013613224029541e-01
4.555187225341796875e-01 2.556219324469566345e-02 -3.475068137049674988e-03 -3.762644156813621521e-02
4.560299813747406006e-01 -1.695097535848617554e-01 -4.227596800774335861e-03 2.539580464363098145e-01
4.526397883892059326e-01 2.567230723798274994e-02 8.515639347024261951e-04 -4.005533829331398010e-02
4.531532227993011475e-01 -1.694618463516235352e-01 5.045713260187767446e-05 2.528961300849914551e-01
4.497639834880828857e-01 2.565938606858253479e-02 5.108379758894443512e-03 -3.977086767554283142e-02
4.502771794795989990e-01 2.207077145576477051e-01 4.312962759286165237e-03 -3.308376967906951904e-01
4.546913206577301025e-01 2.552463300526142120e-02 -2.303790999576449394e-03 -3.679778054356575012e-02
4.552018046379089355e-01 -1.695642024278640747e-01 -3.039746778085827827e-03 2.551573812961578369e-01
4.518105387687683105e-01 2.560101449489593506e-02 2.063401043415069580e-03 -3.848277777433395386e-02
4.523225426673889160e-01 -1.695504635572433472e-01 1.293745473958551884e-03 2.548504471778869629e-01
4.489315450191497803e-01 2.555298991501331329e-02 6.390754599124193192e-03 -3.742411732673645020e-02
4.494425952434539795e-01 2.205827236175537109e-01 5.642272066324949265e-03 -3.280838727951049805e-01
4.538542628288269043e-01 2.538089640438556671e-02 -9.194050217047333717e-04 -3.362697362899780273e-02
4.543618857860565186e-01 -1.697278618812561035e-01 -1.591944484971463680e-03 2.587657272815704346e-01
4.509673118591308594e-01 2.541678398847579956e-02 3.583370009437203407e-03 -3.441889584064483643e-02
4.514756500720977783e-01 2.204871624708175659e-01 2.894992241635918617e-03 -3.259690701961517334e-01
4.558854103088378906e-01 2.532411552965641022e-02 -3.624389413744211197e-03 -3.237460553646087646e-02
4.563918709754943848e-01 -1.697456687688827515e-01 -4.271881654858589172e-03 2.591625750064849854e-01
4.529969692230224609e-01 2.543700113892555237e-02 9.113701526075601578e-04 -3.486468270421028137e-02
4.535056948661804199e-01 -1.696979999542236328e-01 2.140764554496854544e-04 2.581056356430053711e-01
4.501117467880249023e-01 2.542088739573955536e-02 5.376189481467008591e-03 -3.450974449515342712e-02
4.506201744079589844e-01 2.204653322696685791e-01 4.685994703322649002e-03 -3.254915773868560791e-01
4.550294876098632812e-01 2.527697570621967316e-02 -1.823837286792695522e-03 -3.133459389209747314e-02
4.555350244045257568e-01 -1.698187738656997681e-01 -2.450529253110289574e-03 2.607723474502563477e-01
4.521386325359344482e-01 2.533807232975959778e-02 2.764917444437742233e-03 -3.268251195549964905e-02
4.526453912258148193e-01 2.204202711582183838e-01 2.111267298460006714e-03 -3.244917988777160645e-01
4.570538103580474854e-01 2.526831626892089844e-02 -4.378568846732378006e-03 -3.114381246268749237e-02
4.575591683387756348e-01 -1.697905659675598145e-01 -5.001444835215806961e-03 2.601544260978698730e-01
4.541633725166320801e-01 2.540241926908493042e-02 2.016434300458058715e-04 -3.410182520747184753e-02
4.546714127063751221e-01 -1.697224229574203491e-01 -4.803930642083287239e-04 2.586447298526763916e-01
4.512769579887390137e-01 2.540638297796249390e-02 4.692501388490200043e-03 -3.418969362974166870e-02
4.517850875854492188e-01 2.204607278108596802e-01 4.008707590401172638e-03 -3.253884017467498779e-01
4.561943113803863525e-01 2.528193034231662750e-02 -2.499060705304145813e-03 -3.144400194287300110e-02
4.566999375820159912e-01 -1.698040962219238281e-01 -3.127940697595477104e-03 2.604494094848632812e-01
4.533038437366485596e-01 2.536237053573131561e-02 2.081047277897596359e-03 -3.321847692131996155e-02
4.538111090660095215e-01 2.204544097185134888e-01 1.416677725501358509e-03 -3.252440989017486572e-01
4.582201838493347168e-01 2.531232312321662903e-02 -5.088204052299261093e-03 -3.211473673582077026e-02
4.587264358997344971e-01 -1.697362959384918213e-01 -5.730498582124710083e-03 2.589584887027740479e-01
4.553317129611968994e-01 2.546699717640876770e-02 -5.513292271643877029e-04 -3.552640974521636963e-02
4.558410644531250000e-01 -1.696470379829406738e-01 -1.261857338249683380e-03 2.569825053215026855e-01
4.524480998516082764e-01 2.549289911985397339e-02 3.877792973071336746e-03 -3.609815239906311035e-02
4.529579579830169678e-01 2.205590307712554932e-01 3.155829850584268570e-03 -3.275550901889801025e-01
4.573691487312316895e-01 2.539229020476341248e-02 -3.395271720364689827e-03 -3.387861698865890503e-02
4.578770101070404053e-01 -1.696808040142059326e-01 -4.072844050824642181e-03 2.577311396598815918e-01
4.544833898544311523e-01 2.549905329942703247e-02 1.081778784282505512e-03 -3.623363748192787170e-02
4.549933671951293945e-01 -1.696383953094482422e-01 3.571059787645936012e-04 2.567903995513916016e-01
4.516005814075469971e-01 2.547845803201198578e-02 5.492914002388715744e-03 -3.577986359596252441e-02
4.521101713180541992e-01 2.205212116241455078e-01 4.777316935360431671e-03 -3.267246782779693604e-01
4.565205872058868408e-01 2.533156983554363251e-02 -1.757176709361374378e-03 -3.253902494907379150e-02
4.570272266864776611e-01 -1.697651445865631104e-01 -2.407957101240754128e-03 2.595889866352081299e-01
4.536319077014923096e-01 2.539110369980335236e-02 2.783822361379861832e-03 -3.385248035192489624e-02
4.541397392749786377e-01 2.204730212688446045e-01 2.106772735714912415e-03 -3.256557881832122803e-01
4.585492014884948730e-01 2.532114088535308838e-02 -4.406343214213848114e-03 -3.230921551585197449e-02
4.590556323528289795e-01 -1.697373390197753906e-01 -5.052527412772178650e-03 2.589802145957946777e-01
4.556608796119689941e-01 2.545636892318725586e-02 1.270768989343196154e-04 -3.529206290841102600e-02
4.561699926853179932e-01 -1.696674078702926636e-01 -5.787643021903932095e-04 2.574309706687927246e-01
4.527766406536102295e-01 2.546280622482299805e-02 4.569854587316513062e-03 -3.543446585536003113e-02
4.532859027385711670e-01 2.205189317464828491e-01 3.861165605485439301e-03 -3.266720473766326904e-01
4.576962888240814209e-01 2.534221671521663666e-02 -2.672275761142373085e-03 -3.277399763464927673e-02
4.582031369209289551e-01 -1.697413176298141479e-01 -3.327755490317940712e-03 2.590646147727966309e-01
4.548082947731018066e-01 2.542798779904842377e-02 1.853536465205252171e-03 -3.466608375310897827e-02
4.553168714046478271e-01 2.205233126878738403e-01 1.160214771516621113e-03 -3.267636299133300781e-01
4.597273468971252441e-01 2.538486011326313019e-02 -5.375057924538850784e-03 -3.371504321694374084e-02
4.602350294589996338e-01 -1.696595996618270874e-01 -6.049358751624822617e-03 2.572671473026275635e-01
4.568418264389038086e-01 2.554819174110889435e-02 -9.040153236128389835e-04 -3.731767088174819946e-02
4.573527872562408447e-01 -1.695607900619506836e-01 -1.650368678383529186e-03 2.550798952579498291e-01
4.539615809917449951e-01 2.558469213545322418e-02 3.451229073107242584e-03 -3.812313079833984375e-02
4.544732868671417236e-01 2.206569761037826538e-01 2.688766457140445709e-03 -3.297151625156402588e-01
4.588864147663116455e-01 2.549685910344123840e-02 -3.905536839738488197e-03 -3.618554025888442993e-02
4.593963623046875000e-01 -1.695688664913177490e-01 -4.629247356206178665e-03 2.552625834941864014e-01
4.560049772262573242e-01 2.561887167394161224e-02 4.760043229907751083e-04 -3.887687250971794128e-02
4.565173685550689697e-01 -1.695099025964736938e-01 -3.015331167262047529e-04 2.539561986923217773e-01
4.531271457672119141e-01 2.561635337769985199e-02 4.777590744197368622e-03 -3.882182016968727112e-02
4.536394774913787842e-01 2.206694632768630981e-01 4.001154564321041107e-03 -3.299935460090637207e-01
4.580528736114501953e-01 2.549079060554504395e-02 -2.598716411739587784e-03 -3.605153784155845642e-02
4.585627019405364990e-01 -1.695937961339950562e-01 -3.319747280329465866e-03 2.558103501796722412e-01
4.551708102226257324e-01 2.557539381086826324e-02 1.796459546312689781e-03 -3.791784122586250305e-02
4.556823372840881348e-01 2.206715345382690430e-01 1.038102665916085243e-03 -3.300334215164184570e-01
4.600957632064819336e-01 2.553482353687286377e-02 -5.562565755099058151e-03 -3.702330961823463440e-02
4.606064558029174805e-01 -1.695069223642349243e-01 -6.303031928837299347e-03 2.538993954658508301e-01
4.572163224220275879e-01 2.570446021854877472e-02 -1.225044252350926399e-03 -4.076493903994560242e-02
4.577304124832153320e-01 -1.693999022245407104e-01 -2.040343126282095909e-03 2.515312135219573975e-01
