3.647919744253158569e-02 -1.576587185263633728e-02 -2.092206291854381561e-02 4.319123178720474243e-02
3.616388142108917236e-02 -2.105816602706909180e-01 -2.005823887884616852e-02 3.292003273963928223e-01
3.195224702358245850e-02 -1.517998985946178436e-02 -1.347423251718282700e-02 3.026004880666732788e-02
3.164865076541900635e-02 -2.101061493158340454e-01 -1.286903116852045059e-02 3.186614513397216797e-01
2.744652517139911652e-02 -1.480329688638448715e-02 -6.495802663266658783e-03 2.194803021848201752e-02
2.715045958757400513e-02 -2.098314911127090454e-01 -6.056841928511857986e-03 3.125743865966796875e-01
2.295383065938949585e-02 -1.462378073483705521e-02 1.946460106410086155e-04 1.798750087618827820e-02
2.266135439276695251e-02 -2.097485214471817017e-01 5.543960141949355602e-04 3.107318282127380371e-01
1.846638508141040802e-02 -1.463447418063879013e-02 6.769032683223485947e-03 1.822379976511001587e-02
1.817369461059570312e-02 -2.098528444766998291e-01 7.133508566766977310e-03 3.130347132682800293e-01
1.397663820534944534e-02 -1.483323797583580017e-02 1.339420303702354431e-02 2.260999381542205811e-02
1.367997284978628159e-02 -2.101446837186813354e-01 1.384640298783779144e-02 3.194886744022369385e-01
9.477078914642333984e-03 -1.522264536470174789e-02 2.023617736995220184e-02 3.120434284210205078e-02
9.172626771032810211e-03 1.796033531427383423e-01 2.086026407778263092e-02 -2.550257742404937744e-01
1.276469323784112930e-02 -1.581013575196266174e-02 1.575974747538566589e-02 4.416314139962196350e-02
1.244849059730768204e-02 1.790823191404342651e-01 1.664301007986068726e-02 -2.435060739517211914e-01
1.603013649582862854e-02 -1.627334579825401306e-02 1.177288871258497238e-02 5.437967181205749512e-02
1.570467092096805573e-02 1.786778420209884644e-01 1.286048255860805511e-02 -2.345656901597976685e-01
1.927822642028331757e-02 -1.662547886371612549e-02 8.169168606400489807e-03 6.214593723416328430e-02
1.894571818411350250e-02 1.783784031867980957e-01 9.412087500095367432e-03 -2.279484122991561890e-01
2.251328527927398682e-02 -1.687678508460521698e-02 4.853119142353534698e-03 6.768850237131118774e-02
2.217574976384639740e-02 -2.120679765939712524e-01 6.206889171153306961e-03 3.618986606597900391e-01
1.793438941240310669e-02 -1.703479699790477753e-02 1.344486232846975327e-02 7.117933779954910278e-02
1.759369485080242157e-02 1.778918504714965820e-01 1.486844941973686218e-02 -2.172315269708633423e-01
2.115153148770332336e-02 -1.743946410715579987e-02 1.052381843328475952e-02 8.010420948266983032e-02
2.080274187028408051e-02 1.775300502777099609e-01 1.212590280920267105e-02 -2.092399299144744873e-01
2.435334213078022003e-02 -1.776316203176975250e-02 7.941104471683502197e-03 8.724328875541687012e-02
2.399807982146739960e-02 1.772440671920776367e-01 9.685969911515712738e-03 -2.029236704111099243e-01
2.754296176135540009e-02 -1.801505684852600098e-02 5.627496633678674698e-03 9.279890358448028564e-02
2.718265913426876068e-02 1.770257800817489624e-01 7.483474910259246826e-03 -1.981032490730285645e-01
3.072317503392696381e-02 -1.820239983499050140e-02 3.521409817039966583e-03 9.693095088005065918e-02
3.035912849009037018e-02 1.768689006567001343e-01 5.460029002279043198e-03 -1.946388930082321167e-01
3.389650583267211914e-02 -1.833072304725646973e-02 1.567250816151499748e-03 9.976141899824142456e-02
3.352989256381988525e-02 -2.134750932455062866e-01 3.562479047104716301e-03 3.929384052753448486e-01
2.926038950681686401e-02 -1.840388402342796326e-02 1.142124738544225693e-02 1.013807952404022217e-01
2.889231219887733459e-02 1.765525341033935547e-01 1.344886329025030136e-02 -1.876769959926605225e-01
3.242336213588714600e-02 -1.875921897590160370e-02 9.695323184132575989e-03 1.092179939150810242e-01
3.204817697405815125e-02 1.762224733829498291e-01 1.187968347221612930e-02 -1.803904026746749878e-01
3.557262569665908813e-02 -1.906744576990604401e-02 8.271874859929084778e-03 1.160163357853889465e-01
3.519127890467643738e-02 1.759350150823593140e-01 1.059220172464847565e-02 -1.740454435348510742e-01
3.870997950434684753e-02 -1.933692023158073425e-02 7.111292798072099686e-03 1.219600737094879150e-01
3.832323849201202393e-02 1.756824254989624023e-01 9.550494141876697540e-03 -1.684708446264266968e-01
4.183688759803771973e-02 -1.957491412758827209e-02 6.181077565997838974e-03 1.272096037864685059e-01
4.144538938999176025e-02 1.754579395055770874e-01 8.725269697606563568e-03 -1.635168641805648804e-01
4.495454952120780945e-02 -1.978781633079051971e-02 5.454932339489459991e-03 1.319058239459991455e-01
4.455879330635070801e-02 1.752555668354034424e-01 8.093048818409442902e-03 -1.590511649847030640e-01
4.806390404701232910e-02 -1.998130418360233307e-02 4.912025760859251022e-03 1.361738890409469604e-01
4.766427725553512573e-02 1.750699430704116821e-01 7.635503541678190231e-03 -1.549553275108337402e-01
5.116567760705947876e-02 -2.016049250960350037e-02 4.536396823823451996e-03 1.401266157627105713e-01
5.076246708631515503e-02 1.748961955308914185e-01 7.338929455727338791e-03 -1.511217057704925537e-01
5.426039174199104309e-02 -2.033007144927978516e-02 4.316495265811681747e-03 1.438674330711364746e-01
5.385379120707511902e-02 1.747297942638397217e-01 7.193843834102153778e-03 -1.474505960941314697e-01
5.734838545322418213e-02 -2.049442939460277557e-02 4.244831856340169907e-03 1.474931389093399048e-01
5.693849921226501465e-02 1.745664775371551514e-01 7.194694597274065018e-03 -1.438476145267486572e-01
6.042982637882232666e-02 -2.065776661038398743e-02 4.317742306739091873e-03 1.510963886976242065e-01
6.001667305827140808e-02 1.744020879268646240e-01 7.339669857174158096e-03 -1.402212530374526978e-01
6.350471079349517822e-02 -2.082420513033866882e-02 4.535244777798652649e-03 1.547681540250778198e-01
6.308823078870773315e-02 1.742325127124786377e-01 7.630608044564723969e-03 -1.364805698394775391e-01
6.657288223505020142e-02 -2.099789492785930634e-02 4.900996573269367218e-03 1.585998982191085815e-01
6.615292280912399292e-02 1.740535497665405273e-01 8.072994649410247803e-03 -1.325328648090362549e-01
6.963399052619934082e-02 -2.118310704827308655e-02 5.422337446361780167e-03 1.626860052347183228e-01
6.921032816171646118e-02 1.738608032464981079e-01 8.676057681441307068e-03 -1.282813847064971924e-01
7.268754392862319946e-02 -2.138435654342174530e-02 6.110429763793945312e-03 1.671260446310043335e-01
7.225985825061798096e-02 1.736495941877365112e-01 9.452951140701770782e-03 -1.236229613423347473e-01
7.573284953832626343e-02 -2.160649560391902924e-02 6.980491336435079575e-03 1.720272153615951538e-01
7.530072331428527832e-02 1.734148561954498291e-01 1.042103581130504608e-02 -1.184454336762428284e-01
7.876902073621749878e-02 -2.185484394431114197e-02 8.052127435803413391e-03 1.775069385766983032e-01
7.833192497491836548e-02 1.731509566307067871e-01 1.160226576030254364e-02 -1.126249730587005615e-01
8.179493993520736694e-02 -2.213530801236629486e-02 9.349766187369823456e-03 1.836956888437271118e-01
8.135223388671875000e-02 1.728516221046447754e-01 1.302368007600307465e-02 -1.060231253504753113e-01
8.480926603078842163e-02 -2.245452068746089935e-02 1.090321782976388931e-02 1.907400935888290405e-01
8.436017483472824097e-02 1.725097596645355225e-01 1.471801940351724625e-02 -9.848347306251525879e-02
8.781037479639053345e-02 -2.281999774277210236e-02 1.274835038930177689e-02 1.988063901662826538e-01
8.735397458076477051e-02 1.721173226833343506e-01 1.672447845339775085e-02 -8.982791751623153687e-02
9.079632163047790527e-02 -2.324031293392181396e-02 1.492791995406150818e-02 2.080843150615692139e-01
9.033150970935821533e-02 1.716650277376174927e-01 1.908960565924644470e-02 -7.985248416662216187e-02
9.376481175422668457e-02 -2.372529543936252594e-02 1.749255694448947906e-02 2.187916189432144165e-01
9.329030662775039673e-02 1.711422950029373169e-01 2.186838909983634949e-02 -6.832250207662582397e-02
9.671315550804138184e-02 -2.428624592721462250e-02 2.050193771719932556e-02 2.311790138483047485e-01
9.622742980718612671e-02 1.705368310213088989e-01 2.512551844120025635e-02 -5.496705323457717896e-02
9.963816404342651367e-02 3.652896881103515625e-01 2.402617782354354858e-02 -3.396179974079132080e-01
1.069439575076103210e-01 1.698342561721801758e-01 1.723381876945495605e-02 -3.945644199848175049e-02
1.103406399488449097e-01 3.647048771381378174e-01 1.644468866288661957e-02 -3.266524970531463623e-01
1.176347434520721436e-01 1.693527102470397949e-01 9.911639615893363953e-03 -2.882933616638183594e-02
1.210217922925949097e-01 3.643311262130737305e-01 9.335052222013473511e-03 -3.183686137199401855e-01
1.283084154129028320e-01 1.690774857997894287e-01 2.967679873108863831e-03 -2.275644056499004364e-02
1.316899657249450684e-01 -2.608690597116947174e-02 2.512551145628094673e-03 2.708613574504852295e-01
1.311682313680648804e-01 1.689991056919097900e-01 7.929777726531028748e-03 -2.102805487811565399e-02
1.345482170581817627e-01 3.640064299106597900e-01 7.509216666221618652e-03 -3.111985325813293457e-01
1.418283432722091675e-01 1.687783151865005493e-01 1.285246224142611027e-03 -1.615691371262073517e-02
1.452039033174514771e-01 -2.636204473674297333e-02 9.621079661883413792e-04 2.769312560558319092e-01
1.446766704320907593e-01 1.687461733818054199e-01 6.500733084976673126e-03 -1.544807665050029755e-02
1.480515897274017334e-01 3.637742996215820312e-01 6.191771477460861206e-03 -3.060728907585144043e-01
1.553270816802978516e-01 1.685646474361419678e-01 7.031382847344502807e-05 -1.144366804510354996e-02
1.586983650922775269e-01 3.636856079101562500e-01 -1.585595455253496766e-04 -3.041044175624847412e-01
1.659720838069915771e-01 1.685658991336822510e-01 -6.240647751837968826e-03 -1.147149316966533661e-02
1.693433970212936401e-01 -2.646599337458610535e-02 -6.470077671110630035e-03 2.792359292507171631e-01
1.688140779733657837e-01 1.687476634979248047e-01 -8.853591862134635448e-04 -1.548061426728963852e-02
1.721890270709991455e-01 3.638823032379150391e-01 -1.194971497170627117e-03 -3.084427416324615479e-01
1.794666796922683716e-01 1.687773913145065308e-01 -7.363826502114534378e-03 -1.613692566752433777e-02
1.828422248363494873e-01 -2.623818628489971161e-02 -7.686565164476633072e-03 2.742135524749755859e-01
1.823174655437469482e-01 1.689925938844680786e-01 -2.202293835580348969e-03 -2.088377997279167175e-02
1.856973171234130859e-01 3.641460537910461426e-01 -2.619969425722956657e-03 -3.142607510089874268e-01
1.929802298545837402e-01 1.690615266561508179e-01 -8.905184455215930939e-03 -2.240521833300590515e-02
1.963614672422409058e-01 -2.593159489333629608e-02 -9.353288449347019196e-03 2.674547731876373291e-01
1.958428323268890381e-01 1.693225800991058350e-01 -4.004193004220724106e-03 -2.816351503133773804e-02
1.992292851209640503e-01 -2.574171312153339386e-02 -4.567463416606187820e-03 2.632533609867095947e-01
1.987144500017166138e-01 1.694451272487640381e-01 6.976037984713912010e-04 -3.086668811738491058e-02
2.021033465862274170e-01 3.645570874214172363e-01 8.027003786992281675e-05 -3.233294188976287842e-01
2.093944996595382690e-01 1.694339811801910400e-01 -6.386318709701299667e-03 -3.062119148671627045e-02
2.127831727266311646e-01 -2.559580840170383453e-02 -6.998742464929819107e-03 2.600399553775787354e-01
2.122712582349777222e-01 1.696253567934036255e-01 -1.797943143174052238e-03 -3.484221920371055603e-02
2.156637609004974365e-01 3.647730350494384766e-01 -2.494787564501166344e-03 -3.280918598175048828e-01
2.229592204093933105e-01 1.696866899728775024e-01 -9.056624956429004669e-03 -3.619673103094100952e-02
2.263529598712921143e-01 -2.530422247946262360e-02 -9.780559688806533813e-03 2.536150217056274414e-01
2.258468717336654663e-01 1.699560135602951050e-01 -4.708258900791406631e-03 -4.213673993945121765e-02
2.292459905147552490e-01 -2.509811334311962128e-02 -5.550994072109460831e-03 2.490569800138473511e-01
2.287440299987792969e-01 1.701026707887649536e-01 -5.698543973267078400e-04 -4.537167400121688843e-02
2.321460843086242676e-01 3.652327954769134521e-01 -1.477287849411368370e-03 -3.382343351840972900e-01
2.394507378339767456e-01 1.701318919658660889e-01 -8.241974748671054840e-03 -4.601763561367988586e-02
2.428533732891082764e-01 -2.487091347575187683e-02 -9.162327274680137634e-03 2.440535277128219604e-01
2.423559576272964478e-01 1.703806966543197632e-01 -4.281256813555955887e-03 -5.150528997182846069e-02
2.457635700702667236e-01 -2.467960119247436523e-02 -5.311362911015748978e-03 2.398237884044647217e-01
2.452699840068817139e-01 1.705178171396255493e-01 -5.148868076503276825e-04 -5.452974140644073486e-02
2.486803382635116577e-01 3.656471371650695801e-01 -1.605481607839465141e-03 -3.473750650882720947e-01
2.559932768344879150e-01 1.705480664968490601e-01 -8.552983403205871582e-03 -5.519884452223777771e-02
2.594042420387268066e-01 -2.445020526647567749e-02 -9.656960144639015198e-03 2.347733229398727417e-01
2.589152455329895020e-01 1.708083748817443848e-01 -4.961493425071239471e-03 -6.094000115990638733e-02
2.623313963413238525e-01 -2.424208261072635651e-02 -6.180293392390012741e-03 2.301734238862991333e-01
2.618465721607208252e-01 1.709676384925842285e-01 -1.576825161464512348e-03 -6.445255875587463379e-02
2.652659118175506592e-01 3.661121726036071777e-01 -2.865876303985714912e-03 -3.576325774192810059e-01
2.725881636142730713e-01 1.710310727357864380e-01 -1.001852750778198242e-02 -6.585469841957092285e-02
2.760087847709655762e-01 -2.394582331180572510e-02 -1.133562158793210983e-02 2.236505597829818726e-01
2.755298614501953125e-01 1.713362932205200195e-01 -6.862610112875699997e-03 -7.258639484643936157e-02
2.789565920829772949e-01 -2.368660271167755127e-02 -8.314338512718677521e-03 2.179234772920608521e-01
2.784828543663024902e-01 1.715532094240188599e-01 -3.955868538469076157e-03 -7.737050950527191162e-02
2.819139361381530762e-01 -2.351181022822856903e-02 -5.503279156982898712e-03 2.140617072582244873e-01
2.814436852931976318e-01 1.716883927583694458e-01 -1.222044811584055424e-03 -8.035211265087127686e-02
2.848774492740631104e-01 -2.341602556407451630e-02 -2.829087199643254280e-03 2.119450122117996216e-01
2.844091355800628662e-01 1.717462539672851562e-01 1.409813063219189644e-03 -8.162900060415267944e-02
2.878440618515014648e-01 3.668479621410369873e-01 -2.227670047432184219e-04 -3.738667964935302734e-01
2.951810061931610107e-01 1.717291921377182007e-01 -7.700102869421243668e-03 -8.125411719083786011e-02
2.986156046390533447e-01 -2.328154072165489197e-02 -9.325184859335422516e-03 2.089895009994506836e-01
2.981499731540679932e-01 1.719724982976913452e-01 -5.145395174622535706e-03 -8.662039786577224731e-02
3.015894293785095215e-01 -2.307531982660293579e-02 -6.877803243696689606e-03 2.044347226619720459e-01
3.011279106140136719e-01 1.721443086862564087e-01 -2.789108781144022942e-03 -9.040985256433486938e-02
3.045707941055297852e-01 -2.293755300343036652e-02 -4.597305785864591599e-03 2.013918012380599976e-01
3.041120469570159912e-01 1.722498536109924316e-01 -5.694698775187134743e-04 -9.273780137300491333e-02
3.075570464134216309e-01 3.673799633979797363e-01 -2.424225909635424614e-03 -3.856003582477569580e-01
3.149046599864959717e-01 1.722925007343292236e-01 -1.013623271137475967e-02 -9.368274360895156860e-02
3.183504939079284668e-01 -2.268271148204803467e-02 -1.200988795608282089e-02 1.957850456237792969e-01
3.178968429565429688e-01 1.726089566946029663e-01 -8.094186894595623016e-03 -1.006621420383453369e-01
3.213490247726440430e-01 -2.239606529474258423e-02 -1.010742969810962677e-02 1.894561350345611572e-01
3.209010958671569824e-01 1.728690117597579956e-01 -6.318307016044855118e-03 -1.063980609178543091e-01
3.243584930896759033e-01 -2.216182276606559753e-02 -8.446267805993556976e-03 1.842847913503646851e-01
3.239152431488037109e-01 1.730799525976181030e-01 -4.760572221130132675e-03 -1.110506057739257812e-01
3.273768424987792969e-01 -2.197345718741416931e-02 -6.981584243476390839e-03 1.801265925168991089e-01
3.269373774528503418e-01 1.732476949691772461e-01 -3.379052504897117615e-03 -1.147505715489387512e-01
3.304023444652557373e-01 -2.182567119598388672e-02 -5.674063693732023239e-03 1.768643707036972046e-01
3.299658298492431641e-01 1.733770221471786499e-01 -2.136776223778724670e-03 -1.176031157374382019e-01
3.334333598613739014e-01 -2.171425148844718933e-02 -4.488838370889425278e-03 1.744049191474914551e-01
3.329990804195404053e-01 1.734716594219207764e-01 -1.000740332528948784e-03 -1.196907088160514832e-01
3.364685177803039551e-01 -2.163594402372837067e-02 -3.394554601982235909e-03 1.726763248443603516e-01
3.360357880592346191e-01 1.735344231128692627e-01 5.897200026083737612e-05 -1.210755407810211182e-01
3.395064771175384521e-01 -2.158837020397186279e-02 -2.362538827583193779e-03 1.716259866952896118e-01
3.390747010707855225e-01 1.735673099756240845e-01 1.069981022737920284e-03 -1.218013092875480652e-01
3.425460457801818848e-01 -2.156994864344596863e-02 -1.366045209579169750e-03 1.712189912796020508e-01
3.421146571636199951e-01 1.735715270042419434e-01 2.058334648609161377e-03 -1.218945607542991638e-01
3.455860912799835205e-01 3.686639368534088135e-01 -3.795565280597656965e-04 -4.139274060726165771e-01
3.529593646526336670e-01 1.735473573207855225e-01 -8.658104576170444489e-03 -1.213641539216041565e-01
3.564303219318389893e-01 -2.144948206841945648e-02 -1.108538731932640076e-02 1.685746908187866211e-01
3.560013175010681152e-01 1.738293766975402832e-01 -7.713893428444862366e-03 -1.275846213102340698e-01
3.594779074192047119e-01 -2.118122763931751251e-02 -1.026558596640825272e-02 1.626547127962112427e-01
3.590542972087860107e-01 1.740861684083938599e-01 -7.012491580098867416e-03 -1.332489699125289917e-01
3.625360131263732910e-01 -2.093463763594627380e-02 -9.677471593022346497e-03 1.572133898735046387e-01
3.621173202991485596e-01 1.743245273828506470e-01 -6.533203646540641785e-03 -1.385067701339721680e-01
3.656038045883178711e-01 -2.070324867963790894e-02 -9.303338825702667236e-03 1.521078944206237793e-01
3.651897311210632324e-01 1.745506674051284790e-01 -6.261181551963090897e-03 -1.434954553842544556e-01
3.686807453632354736e-01 -2.048105373978614807e-02 -9.131090715527534485e-03 1.472056210041046143e-01
3.682711422443389893e-01 1.747704595327377319e-01 -6.186977960169315338e-03 -1.483439356088638306e-01
3.717665374279022217e-01 -2.026235125958919525e-02 -9.153856895864009857e-03 1.423807144165039062e-01
3.713612854480743408e-01 1.749894917011260986e-01 -6.306242663413286209e-03 -1.531759798526763916e-01
3.748610913753509521e-01 -2.004159614443778992e-02 -9.369762614369392395e-03 1.375108063220977783e-01
3.744602501392364502e-01 1.752132922410964966e-01 -6.619546096771955490e-03 -1.581133455038070679e-01
3.779645264148712158e-01 -1.981326006352901459e-02 -9.781813248991966248e-03 1.324739605188369751e-01
3.775682449340820312e-01 1.754474341869354248e-01 -7.132333703339099884e-03 -1.632788777351379395e-01
3.810772001743316650e-01 -1.957169175148010254e-02 -1.039791107177734375e-02 1.271454840898513794e-01
3.806857764720916748e-01 1.756976544857025146e-01 -7.855001837015151978e-03 -1.687996536493301392e-01
3.841997087001800537e-01 -1.931098103523254395e-02 -1.123099494725465775e-02 1.213949471712112427e-01
3.838135004043579102e-01 1.759700626134872437e-01 -8.803095668554306030e-03 -1.748099923133850098e-01
3.873329162597656250e-01 -1.902480237185955048e-02 -1.229929551482200623e-02 1.150828972458839417e-01
3.869524002075195312e-01 1.762712001800537109e-01 -9.997637942433357239e-03 -1.814548522233963013e-01
3.904778361320495605e-01 -1.870627515017986298e-02 -1.362673472613096237e-02 1.080574914813041687e-01
3.901036977767944336e-01 1.766082644462585449e-01 -1.146558485925197601e-02 -1.888932585716247559e-01
3.936358690261840820e-01 -1.834778673946857452e-02 -1.524345017969608307e-02 1.001507937908172607e-01
3.932689130306243896e-01 1.769892722368240356e-01 -1.324043422937393188e-02 -1.973021626472473145e-01
3.968087136745452881e-01 -1.794081367552280426e-02 -1.718647778034210205e-02 9.117476642131805420e-02
3.964498937129974365e-01 -2.128122597932815552e-01 -1.536298170685768127e-02 3.783861994743347168e-01
3.921936452388763428e-01 -1.747553795576095581e-02 -7.795257959514856339e-03 8.089914917945861816e-02
3.918441236019134521e-01 1.777572929859161377e-01 -6.177274975925683975e-03 -2.142329663038253784e-01
3.953992724418640137e-01 -1.727580837905406952e-02 -1.046193484216928482e-02 7.649497687816619873e-02
3.950537443161010742e-01 -2.122462242841720581e-01 -8.932035416364669800e-03 3.658588528633117676e-01
3.908088207244873047e-01 -1.699849218130111694e-02 -1.614857930690050125e-03 7.037294656038284302e-02
3.904688656330108643e-01 1.781465709209442139e-01 -2.073989744530990720e-04 -2.228190302848815918e-01
3.940317928791046143e-01 -1.697241328656673431e-02 -4.663779865950345993e-03 6.979846209287643433e-02
3.936923444271087646e-01 1.782160848379135132e-01 -3.267810447141528130e-03 -2.243522554636001587e-01
3.972566723823547363e-01 -1.685900427401065826e-02 -7.754855789244174957e-03 6.729809194803237915e-02
3.969194889068603516e-01 1.783732622861862183e-01 -6.408893968909978867e-03 -2.278214097023010254e-01
4.004869461059570312e-01 -1.665651425719261169e-02 -1.096532214432954788e-02 6.283304840326309204e-02
4.001538157463073730e-01 -2.116195410490036011e-01 -9.708661586046218872e-03 3.520362675189971924e-01
3.959214389324188232e-01 -1.636088825762271881e-02 -2.667935797944664955e-03 5.630778521299362183e-02
3.955942094326019287e-01 1.787992119789123535e-01 -1.541780075058341026e-03 -2.372156977653503418e-01
3.991701900959014893e-01 -1.630067452788352966e-02 -6.286093965172767639e-03 5.498050525784492493e-02
3.988441824913024902e-01 -2.113319337368011475e-01 -5.186483729630708694e-03 3.456735014915466309e-01
3.946175575256347656e-01 -1.613658852875232697e-02 1.726986258290708065e-03 5.135961621999740601e-02
3.942948281764984131e-01 1.789605617523193359e-01 2.754178596660494804e-03 -2.407779395580291748e-01
3.978740274906158447e-01 -1.620062813162803650e-02 -2.061380073428153992e-03 5.277246236801147461e-02
3.975500166416168213e-01 1.789508163928985596e-01 -1.005930826067924500e-03 -2.405601292848587036e-01
4.011290371417999268e-01 -1.615674793720245361e-02 -5.817133467644453049e-03 5.180532485246658325e-02
4.008058905601501465e-01 -2.111948132514953613e-01 -4.781026858836412430e-03 3.426472246646881104e-01
3.965820074081420898e-01 -1.600516401231288910e-02 2.071917755529284477e-03 4.846050217747688293e-02
3.962619006633758545e-01 1.790870130062103271e-01 3.041127929463982582e-03 -2.435680031776428223e-01
3.998436331748962402e-01 -1.607824116945266724e-02 -1.830232096835970879e-03 5.007262527942657471e-02
3.995220661163330078e-01 1.790699064731597900e-01 -8.287795353680849075e-04 -2.431871891021728516e-01
4.031034708023071289e-01 -1.604019664227962494e-02 -5.692523438483476639e-03 4.923420026898384094e-02
4.027826786041259766e-01 -2.110800594091415405e-01 -4.707839339971542358e-03 3.401156663894653320e-01
3.985610604286193848e-01 -1.589144207537174225e-02 2.094473922625184059e-03 4.595188051462173462e-02
3.982432484626770020e-01 1.792004108428955078e-01 3.013511653989553452e-03 -2.460694909095764160e-01
4.018272459506988525e-01 -1.596444845199584961e-02 -1.907878206111490726e-03 4.756245017051696777e-02
4.015079438686370850e-01 1.791848093271255493e-01 -9.566291701048612595e-04 -2.457218170166015625e-01
4.050916433334350586e-01 -1.592346653342247009e-02 -5.871065426617860794e-03 4.665920883417129517e-02
4.047731757164001465e-01 -2.109607458114624023e-01 -4.937881138175725937e-03 3.374840021133422852e-01
4.005539715290069580e-01 -1.576887071132659912e-02 1.811798545531928539e-03 4.324803128838539124e-02
4.002386033535003662e-01 1.793270558118820190e-01 2.676759148016571999e-03 -2.488627135753631592e-01
4.038251340389251709e-01 -1.583302393555641174e-02 -2.300495048984885216e-03 4.466332495212554932e-02
4.035084843635559082e-01 1.793218404054641724e-01 -1.407228526659309864e-03 -2.487445473670959473e-01
4.070948958396911621e-01 -1.577998511493206024e-02 -6.382119376212358475e-03 4.349418357014656067e-02
4.067793190479278564e-01 -2.108098417520523071e-01 -5.512235686182975769e-03 3.341566622257232666e-01
4.025631248950958252e-01 -1.560987252742052078e-02 1.170897856354713440e-03 3.974058479070663452e-02
4.022509157657623291e-01 1.794952750205993652e-01 1.965709496289491653e-03 -2.525726854801177979e-01
4.058408141136169434e-01 -1.565469615161418915e-02 -3.085744101554155350e-03 4.072961583733558655e-02
4.055277109146118164e-01 -2.107322663068771362e-01 -2.271151868626475334e-03 3.324373662471771240e-01
4.013130664825439453e-01 -1.557805854827165604e-02 4.377595614641904831e-03 3.903909400105476379e-02
4.010015130043029785e-01 1.794808506965637207e-01 5.158377345651388168e-03 -2.522594332695007324e-01
4.045911431312561035e-01 -1.571438275277614594e-02 1.131883836933411658e-04 4.204605519771575928e-02
4.042768478393554688e-01 1.794059425592422485e-01 9.541094768792390823e-04 -2.506011426448822021e-01
4.078649580478668213e-01 -1.572961732745170593e-02 -4.057913552969694138e-03 4.238256439566612244e-02
4.075503647327423096e-01 -2.107931524515151978e-01 -3.210262395441532135e-03 3.337824344635009766e-01
4.033344984054565430e-01 -1.562565006315708160e-02 3.465386107563972473e-03 4.008887335658073425e-02
4.030219912528991699e-01 1.794464290142059326e-01 4.267163574695587158e-03 -2.514986693859100342e-01
4.066109359264373779e-01 -1.573618873953819275e-02 -7.628101157024502754e-04 4.252713546156883240e-02
4.062961935997009277e-01 1.793966889381408691e-01 8.773257286520674825e-05 -2.503963708877563477e-01
4.098841249942779541e-01 -1.572651043534278870e-02 -4.920194856822490692e-03 4.231422767043113708e-02
4.095695912837982178e-01 -2.107775658369064331e-01 -4.073910415172576904e-03 3.334407210350036621e-01
4.053540527820587158e-01 -1.559786591678857803e-02 2.594904508441686630e-03 3.947589173913002014e-02
4.050421118736267090e-01 1.794867813587188721e-01 3.384422278031706810e-03 -2.523871958255767822e-01
4.086318314075469971e-01 -1.568333618342876434e-02 -1.663321396335959435e-03 4.136132448911666870e-02
4.083181619644165039e-01 1.794624328613281250e-01 -8.360949577763676643e-04 -2.518459260463714600e-01
4.119074046611785889e-01 -1.564757525920867920e-02 -5.873013753443956375e-03 4.057315737009048462e-02
4.115944504737854004e-01 -2.106848210096359253e-01 -5.061550531536340714e-03 3.313973248004913330e-01
4.073807597160339355e-01 -1.549118570983409882e-02 1.566395978443324566e-03 3.712253272533416748e-02
4.070709347724914551e-01 1.796082705259323120e-01 2.308846684172749519e-03 -2.550657689571380615e-01
4.106630980968475342e-01 -1.554657239466905594e-02 -2.792468760162591934e-03 3.834451362490653992e-02
4.103521704673767090e-01 -2.106283754110336304e-01 -2.025578403845429420e-03 3.301450908184051514e-01
4.061396121978759766e-01 -1.547764148563146591e-02 4.577323328703641891e-03 3.682407364249229431e-02
4.058300554752349854e-01 1.795783787965774536e-01 5.313804838806390762e-03 -2.544111609458923340e-01
4.094216227531433105e-01 -1.561904698610305786e-02 2.255815634271129966e-04 3.994309157133102417e-02
4.091092348098754883e-01 1.794996708631515503e-01 1.024443423375487328e-03 -2.526686489582061768e-01
4.126992225646972656e-01 -1.563689485192298889e-02 -4.028929863125085831e-03 4.033722355961799622e-02
4.123865067958831787e-01 -2.107008397579193115e-01 -3.222185187041759491e-03 3.317462801933288574e-01
4.081724882125854492e-01 -1.553317345678806305e-02 3.412740072235465050e-03 3.804896399378776550e-02
4.078618288040161133e-01 1.795396655797958374e-01 4.173719324171543121e-03 -2.535552680492401123e-01
4.114526212215423584e-01 -1.564162410795688629e-02 -8.973857620730996132e-04 4.044120758771896362e-02
4.111397862434387207e-01 1.794931888580322266e-01 -8.856159547576680779e-05 -2.525247037410736084e-01
4.147296547889709473e-01 -1.562750339508056641e-02 -5.139056127518415451e-03 4.013027250766754150e-02
4.144170880317687988e-01 -2.106753885746002197e-01 -4.336450248956680298e-03 3.311873674392700195e-01
4.102035760879516602e-01 -1.549197640269994736e-02 2.287296578288078308e-03 3.714008629322052002e-02
4.098937511444091797e-01 1.795970946550369263e-01 3.030098276212811470e-03 -2.548202872276306152e-01
4.134856760501861572e-01 -1.556798350065946579e-02 -2.066307701170444489e-03 3.881682828068733215e-02
4.131743311882019043e-01 1.795835345983505249e-01 -1.289971056394279003e-03 -2.545173168182373047e-01
4.167659878730773926e-01 -1.551997102797031403e-02 -6.380317267030477524e-03 3.775844722986221313e-02
4.164555966854095459e-01 -2.105498462915420532e-01 -5.625148303806781769e-03 3.284215033054351807e-01
4.122445881366729736e-01 -1.534827146679162979e-02 9.432816877961158752e-04 3.396999090909957886e-02
4.119376242160797119e-01 1.797601431608200073e-01 1.622681505978107452e-03 -2.584151625633239746e-01
4.155328273773193359e-01 -1.538493949919939041e-02 -3.545621875673532486e-03 3.477913141250610352e-02
4.152251482009887695e-01 -2.104558646678924561e-01 -2.850039396435022354e-03 3.263412714004516602e-01
4.110160171985626221e-01 -1.529345382004976273e-02 3.676786087453365326e-03 3.276092931628227234e-02
4.107101559638977051e-01 1.797755807638168335e-01 4.332004580646753311e-03 -2.587596774101257324e-01
4.143056571483612061e-01 -1.540794875472784042e-02 -8.431886672042310238e-04 3.528648242354393005e-02
4.139975011348724365e-01 1.797260791063308716e-01 -1.374590792693197727e-04 -2.576623558998107910e-01
4.175920188426971436e-01 -1.539390441030263901e-02 -5.290706176310777664e-03 3.497720509767532349e-02
4.172841608524322510e-01 -2.104395925998687744e-01 -4.591162316501140594e-03 3.259861767292022705e-01
4.130753576755523682e-01 -1.525256969034671783e-02 1.928561250679194927e-03 3.185893595218658447e-02
4.127703011035919189e-01 1.798416674137115479e-01 2.565740142017602921e-03 -2.602148950099945068e-01
4.163671433925628662e-01 -1.531681232154369354e-02 -2.638557692989706993e-03 3.327620401978492737e-02
4.160608053207397461e-01 -2.104008197784423828e-01 -1.973033649846911430e-03 3.251254856586456299e-01
4.118527770042419434e-01 -1.525083836168050766e-02 4.529475700110197067e-03 3.182099014520645142e-02
4.115477800369262695e-01 1.798058599233627319e-01 5.165895447134971619e-03 -2.594293951988220215e-01
4.151438772678375244e-01 -1.538944989442825317e-02 -2.269243850605562329e-05 3.487842902541160583e-02
4.148361086845397949e-01 1.797328293323516846e-01 6.748761516064405441e-04 -2.578116655349731445e-01
4.184307456016540527e-01 -1.539875287562608719e-02 -4.481357056647539139e-03 3.508405759930610657e-02
4.181227684020996094e-01 -2.104561477899551392e-01 -3.779675811529159546e-03 3.263497054576873779e-01
4.139136672019958496e-01 -1.528059411793947220e-02 2.747318241745233536e-03 3.247723728418350220e-02
4.136080443859100342e-01 1.798018515110015869e-01 3.396863117814064026e-03 -2.593376040458679199e-01
4.172040820121765137e-01 -1.536842808127403259e-02 -1.789889298379421234e-03 3.441479057073593140e-02
4.168967008590698242e-01 -2.104646712541580200e-01 -1.101593486964702606e-03 3.265324532985687256e-01
4.126874208450317383e-01 -1.532704755663871765e-02 5.429055541753768921e-03 3.350233286619186401e-02
4.123808741569519043e-01 1.797166317701339722e-01 6.099102087318897247e-03 -2.574627399444580078e-01
4.159752130508422852e-01 -1.549186371266841888e-02 9.498473955318331718e-04 3.713767975568771362e-02
4.156653881072998047e-01 1.796164512634277344e-01 1.692601013928651810e-03 -2.552454173564910889e-01
4.192577004432678223e-01 -1.552962325513362885e-02 -3.412307240068912506e-03 3.797091171145439148e-02
4.189471006393432617e-01 -2.106024771928787231e-01 -2.652888884767889977e-03 3.295752704143524170e-01
4.147350490093231201e-01 -1.544286031275987625e-02 3.938616719096899033e-03 3.605692833662033081e-02
4.144262075424194336e-01 1.796223968267440796e-01 4.659755155444145203e-03 -2.553807199001312256e-01
4.180186390876770020e-01 -1.556578185409307480e-02 -4.478593764360994101e-04 3.876831755042076111e-02
4.177073240280151367e-01 1.795625835657119751e-01 3.275069466326385736e-04 -2.540558874607086182e-01
4.212985932826995850e-01 -1.556403748691082001e-02 -4.753610584884881973e-03 3.873033076524734497e-02
4.209873080253601074e-01 -2.106174975633621216e-01 -3.979003988206386566e-03 3.299096524715423584e-01
4.167749583721160889e-01 -1.543913315981626511e-02 2.619189210236072540e-03 3.597460687160491943e-02
4.164661765098571777e-01 1.796451658010482788e-01 3.338681301102042198e-03 -2.558808028697967529e-01
4.200590848922729492e-01 -1.552429981529712677e-02 -1.778934500180184841e-03 3.785333782434463501e-02
4.197486042976379395e-01 1.796231120824813843e-01 -1.021867734380066395e-03 -2.553903162479400635e-01
4.233410656452178955e-01 -1.548422966152429581e-02 -6.129674147814512253e-03 3.697010874748229980e-02
4.230313599109649658e-01 -2.105177491903305054e-01 -5.390272010117769241e-03 3.277127742767333984e-01
4.188210070133209229e-01 -1.531947217881679535e-02 1.163983251899480820e-03 3.333488479256629944e-02
4.185146391391754150e-01 1.797857731580734253e-01 1.830680994316935539e-03 -2.589805722236633301e-01
4.221103489398956299e-01 -1.536227110773324966e-02 -3.348930273205041885e-03 3.427921980619430542e-02
4.218030869960784912e-01 -2.104360312223434448e-01 -2.663346007466316223e-03 3.259036540985107422e-01
4.175943732261657715e-01 -1.527626719325780869e-02 3.854726906865835190e-03 3.238200768828392029e-02
4.172888398170471191e-01 1.797901988029479980e-01 4.502367228269577026e-03 -2.590822279453277588e-01
4.208846688270568848e-01 -1.539574284106492996e-02 -6.792773492634296417e-04 3.501740470528602600e-02
4.205767512321472168e-01 1.797359436750411987e-01 2.107072396029252559e-05 -2.578797638416290283e-01
4.241714477539062500e-01 -1.538630947470664978e-02 -5.136524792760610580e-03 3.480980917811393738e-02
4.238637387752532959e-01 -2.104342281818389893e-01 -4.440328571945428848e-03 3.258676826953887939e-01
4.196550548076629639e-01 -1.524933613836765289e-02 2.077025361359119415e-03 3.178779035806655884e-02
4.193500578403472900e-01 1.798427700996398926e-01 2.712781308218836784e-03 -2.602390944957733154e-01
4.229469299316406250e-01 -1.531780418008565903e-02 -2.492000348865985870e-03 3.329825028777122498e-02
4.226405620574951172e-01 -2.104039341211318970e-01 -1.826035440899431705e-03 3.251938819885253906e-01
4.184324741363525391e-01 -1.525602769106626511e-02 4.677842371165752411e-03 3.193566203117370605e-02
4.181273579597473145e-01 1.797985285520553589e-01 5.316555500030517578e-03 -2.592676877975463867e-01
4.217233359813690186e-01 -1.539891492575407028e-02 1.312016102019697428e-04 3.508739545941352844e-02
4.214153587818145752e-01 1.797211617231369019e-01 8.329495321959257126e-04 -2.575541436672210693e-01
4.250097870826721191e-01 -1.541267801076173782e-02 -4.318132996559143066e-03 3.539140522480010986e-02
4.247015118598937988e-01 -2.104724347591400146e-01 -3.610305022448301315e-03 3.267087936401367188e-01
4.204920828342437744e-01 -1.529927551746368408e-02 2.923870924860239029e-03 3.288952633738517761e-02
4.201861023902893066e-01 1.797806173563003540e-01 3.581661265343427658e-03 -2.588694691658020020e-01
4.237816929817199707e-01 -1.539227459579706192e-02 -1.595727750100195408e-03 3.494102135300636292e-02
4.234738647937774658e-01 1.797525286674499512e-01 -8.969074115157127380e-04 -2.582449615001678467e-01
4.270689189434051514e-01 -1.535661239176988602e-02 -6.061806343495845795e-03 3.415494784712791443e-02
4.267617762088775635e-01 -2.103911191225051880e-01 -5.378707312047481537e-03 3.249191641807556152e-01
4.225539565086364746e-01 -1.519299205392599106e-02 1.119675813242793083e-03 3.054488450288772583e-02
4.222500920295715332e-01 1.799128800630569458e-01 1.730573480017483234e-03 -2.617845535278320312e-01
4.258483350276947021e-01 -1.523372717201709747e-02 -3.505117725580930710e-03 3.144370391964912415e-02
4.255436658859252930e-01 -2.103052437305450439e-01 -2.876243554055690765e-03 3.230186700820922852e-01
4.213375747203826904e-01 -1.514244824647903442e-02 3.584129735827445984e-03 2.943008393049240112e-02
4.210347235202789307e-01 1.799279153347015381e-01 4.172731656581163406e-03 -2.621198594570159912e-01
4.246332943439483643e-01 -1.525334361940622330e-02 -1.069665770046412945e-03 3.187626972794532776e-02
4.243282079696655273e-01 1.798839271068572998e-01 -4.321403685025870800e-04 -2.611439526081085205e-01
4.279258847236633301e-01 -1.523184962570667267e-02 -5.655019544064998627e-03 3.140263631939888000e-02
4.276212453842163086e-01 -2.102722525596618652e-01 -5.026966799050569534e-03 3.222959935665130615e-01
4.234158098697662354e-01 -1.507907640188932419e-02 1.418953062966465950e-03 2.803200855851173401e-02
4.231142401695251465e-01 1.800224930047988892e-01 1.979593187570571899e-03 -2.642028927803039551e-01
4.267146885395050049e-01 -1.512765325605869293e-02 -3.304464509710669518e-03 2.910376712679862976e-02
4.264121353626251221e-01 -2.102020680904388428e-01 -2.722389064729213715e-03 3.207422792911529541e-01
4.222080707550048828e-01 -1.504144631326198578e-02 3.692456288263201714e-03 2.720205113291740417e-02
4.219072461128234863e-01 1.800273656845092773e-01 4.236497450619935989e-03 -2.643135786056518555e-01
4.255078136920928955e-01 -1.515480410307645798e-02 -1.049774233251810074e-03 2.970256283879280090e-02
4.252046942710876465e-01 1.799821853637695312e-01 -4.557229985948652029e-04 -2.633113861083984375e-01
4.288043379783630371e-01 -1.513325795531272888e-02 -5.721950903534889221e-03 2.922775782644748688e-02
4.285016953945159912e-01 -2.101726830005645752e-01 -5.137395579367876053e-03 3.200998604297637939e-01
4.242982268333435059e-01 -1.497794967144727707e-02 1.264601596631109715e-03 2.580123953521251678e-02
4.239986836910247803e-01 1.801258474588394165e-01 1.780626480467617512e-03 -2.664824128150939941e-01
4.276011884212493896e-01 -1.502147596329450607e-02 -3.549022134393453598e-03 2.676159515976905823e-02
4.273007512092590332e-01 -2.100923508405685425e-01 -3.013790119439363480e-03 3.183226585388183594e-01
4.230989217758178711e-01 -1.492760702967643738e-02 3.352663014084100723e-03 2.469081431627273560e-02
4.228003621101379395e-01 1.801460981369018555e-01 3.846479346975684166e-03 -2.669324278831481934e-01
4.264032840728759766e-01 -1.503053214401006699e-02 -1.492169336415827274e-03 2.696122415363788605e-02
4.261026680469512939e-01 -2.101310491561889648e-01 -9.529447997920215130e-04 3.191729784011840820e-01
4.219000637531280518e-01 -1.499554235488176346e-02 5.430514924228191376e-03 2.618968300521373749e-02
4.216001331806182861e-01 1.800481081008911133e-01 5.954308435320854187e-03 -2.647749185562133789e-01
4.252010881900787354e-01 -1.515831798315048218e-02 6.588100804947316647e-04 2.978008985519409180e-02
4.248979389667510986e-01 1.799541860818862915e-01 1.254411879926919937e-03 -2.626948952674865723e-01
4.284970164299011230e-01 -1.518565509468317032e-02 -3.999486099928617477e-03 3.038341552019119263e-02
4.281933009624481201e-01 -2.102500200271606445e-01 -3.391817910596728325e-03 3.218017816543579102e-01
4.239883124828338623e-01 -1.507993601262569427e-02 3.044217824935913086e-03 2.805114164948463440e-02
4.236867129802703857e-01 1.799982339143753052e-01 3.605240723118185997e-03 -2.636697590351104736e-01
4.272866845130920410e-01 -1.517499797046184540e-02 -1.668154378421604633e-03 3.014812618494033813e-02
4.269831776618957520e-01 1.799708306789398193e-01 -1.065191812813282013e-03 -2.630606591701507568e-01
4.305825829505920410e-01 -1.513589452952146530e-02 -6.326404865831136703e-03 2.928610891103744507e-02
4.302798807621002197e-01 -2.101665586233139038e-01 -5.740682594478130341e-03 3.199662864208221436e-01
4.260765314102172852e-01 -1.496331766247749329e-02 6.586430827155709267e-04 2.547851204872131348e-02
4.257772862911224365e-01 1.801491826772689819e-01 1.168213319033384323e-03 -2.669965326786041260e-01
4.293802678585052490e-01 -1.498942263424396515e-02 -4.171717446297407150e-03 2.605462819337844849e-02
4.290804564952850342e-01 -2.100512981414794922e-01 -3.650624770671129227e-03 3.174184262752532959e-01
4.248794317245483398e-01 -1.487754285335540771e-02 2.697743475437164307e-03 2.358645200729370117e-02
4.245818853378295898e-01 1.802056133747100830e-01 3.169472562149167061e-03 -2.682440876960754395e-01
4.281859993934631348e-01 -1.496142335236072540e-02 -2.195409266278147697e-03 2.543682605028152466e-02
4.278867840766906738e-01 -2.100518196821212769e-01 -1.686672680079936981e-03 3.174262642860412598e-01
4.236857295036315918e-01 -1.490588765591382980e-02 4.661852493882179260e-03 2.421190217137336731e-02
4.233876168727874756e-01 1.801488995552062988e-01 5.146090872585773468e-03 -2.669965326786041260e-01
4.269905984401702881e-01 -1.504611782729625702e-02 -1.938396890182048082e-04 2.730507217347621918e-02
4.266896843910217285e-01 1.800786107778549194e-01 3.522617626003921032e-04 -2.654390037059783936e-01
4.302912354469299316e-01 -1.504836417734622955e-02 -4.956518299877643585e-03 2.735500596463680267e-02
4.299902915954589844e-01 -2.100988924503326416e-01 -4.409418441355228424e-03 3.184699714183807373e-01
4.257883131504058838e-01 -1.491441205143928528e-02 1.959981396794319153e-03 2.439975365996360779e-02
4.254900217056274414e-01 1.801793724298477173e-01 2.447976497933268547e-03 -2.676641345024108887e-01
4.290935993194580078e-01 -1.497742533683776855e-02 -2.905306173488497734e-03 2.578989788889884949e-02
4.287940561771392822e-01 -2.100575864315032959e-01 -2.389508299529552460e-03 3.175547420978546143e-01
4.245929121971130371e-01 -1.490168832242488861e-02 3.961586859077215195e-03 2.411921881139278412e-02
4.242948591709136963e-01 1.801632195711135864e-01 4.443971440196037292e-03 -2.673111557960510254e-01
4.278981387615203857e-01 -1.502186432480812073e-02 -9.022518061101436615e-04 2.677011676132678986e-02
4.275977015495300293e-01 1.801130175590515137e-01 -3.668495046440511942e-04 -2.661973536014556885e-01
4.311999678611755371e-01 -1.500369980931282043e-02 -5.690796300768852234e-03 2.636985108256340027e-02
4.308998882770538330e-01 -2.100435793399810791e-01 -5.163399502635002136e-03 3.172518610954284668e-01
4.266990125179290771e-01 -1.484846696257591248e-02 1.181637635454535484e-03 2.294505201280117035e-02
4.264020323753356934e-01 1.802565157413482666e-01 1.640538685023784637e-03 -2.693648338317871094e-01
4.300071597099304199e-01 -1.488880626857280731e-02 -3.746757749468088150e-03 2.383508905768394470e-02
4.297094047069549561e-01 -2.099568247795104980e-01 -3.270055865868926048e-03 3.153335154056549072e-01
4.255102574825286865e-01 -1.478844694793224335e-02 3.036614507436752319e-03 2.162112295627593994e-02
4.252144992351531982e-01 1.802898198366165161e-01 3.469036892056465149e-03 -2.701021730899810791e-01
4.288202822208404541e-01 -1.488145813345909119e-02 -1.933006569743156433e-03 2.367288619279861450e-02
4.285226464271545410e-01 -2.099756300449371338e-01 -1.459548831917345524e-03 3.157452940940856934e-01
4.243231415748596191e-01 -1.483292412012815475e-02 4.855357110500335693e-03 2.260243892669677734e-02
4.240264892578125000e-01 1.802190542221069336e-01 5.307406187057495117e-03 -2.685446143150329590e-01
4.276308715343475342e-01 -1.497822906821966171e-02 -6.348640454234555364e-05 2.580756135284900665e-02
4.273312985897064209e-01 1.801446378231048584e-01 4.526648262981325388e-04 -2.668953835964202881e-01
4.309341907501220703e-01 -1.498377602547407150e-02 -4.885243251919746399e-03 2.593027055263519287e-02
4.306345283985137939e-01 -2.100353240966796875e-01 -4.366637673228979111e-03 3.170678615570068359e-01
4.264338016510009766e-01 -1.485145557671785355e-02 1.974719343706965446e-03 2.301104739308357239e-02
4.261367917060852051e-01 1.802421212196350098e-01 2.434940310195088387e-03 -2.690481841564178467e-01
4.297416210174560547e-01 -1.491449493914842606e-02 -2.946023363620042801e-03 2.440174669027328491e-02
4.294433295726776123e-01 -2.099940776824951172e-01 -2.457988448441028595e-03 3.161537051200866699e-01
4.252434670925140381e-01 -1.483719702810049057e-02 3.865086007863283157e-03 2.269663847982883453e-02
4.249467253684997559e-01 1.802291125059127808e-01 4.319018684327602386e-03 -2.687643170356750488e-01
4.285512864589691162e-01 -1.495420839637517929e-02 -1.056267414242029190e-03 2.527773007750511169e-02
4.282522201538085938e-01 -2.100609987974166870e-01 -5.507128662429749966e-04 3.176271915435791016e-01
4.240509867668151855e-01 -1.493120566010475159e-02 5.801831372082233429e-03 2.477065287530422211e-02
4.237523674964904785e-01 1.801070570945739746e-01 6.297244224697351456e-03 -2.660760879516601562e-01
4.273545145988464355e-01 -1.510419510304927826e-02 9.757223306223750114e-04 2.858636341989040375e-02
4.270524084568023682e-01 1.800037473440170288e-01 1.547449617646634579e-03 -2.637885510921478271e-01
4.306524991989135742e-01 -1.514025498181581497e-02 -3.728321520611643791e-03 2.938205376267433167e-02
4.303496778011322021e-01 -2.102085351943969727e-01 -3.140680491924285889e-03 3.208863139152526855e-01
4.261455237865447998e-01 -1.504200510680675507e-02 3.277046140283346176e-03 2.721460722386837006e-02
4.258446693420410156e-01 1.800328046083450317e-01 3.821338294073939323e-03 -2.644325792789459229e-01
4.294453263282775879e-01 -1.514348667114973068e-02 -1.467313268221914768e-03 2.945318445563316345e-02
4.291424751281738281e-01 1.799994707107543945e-01 -8.782496443018317223e-04 -2.636923491954803467e-01
4.327424466609954834e-01 -1.510992925614118576e-02 -6.152096204459667206e-03 2.871345356106758118e-02
4.324402511119842529e-01 -2.101431190967559814e-01 -5.577827338129281998e-03 3.194490075111389160e-01
4.282374083995819092e-01 -1.494217291474342346e-02 8.111526258289813995e-04 2.501226030290126801e-02
4.279385507106781006e-01 1.801681369543075562e-01 1.311397762037813663e-03 -2.674146294593811035e-01
4.315419197082519531e-01 -1.497250609099864960e-02 -4.036894533783197403e-03 2.568163536489009857e-02
4.312424659729003906e-01 -2.100363373756408691e-01 -3.523261984810233116e-03 3.170881569385528564e-01
4.270417392253875732e-01 -1.486437674611806870e-02 2.818500855937600136e-03 2.329619228839874268e-02
4.267444610595703125e-01 1.802170425653457642e-01 3.284424776211380959e-03 -2.684961259365081787e-01
4.303487837314605713e-01 -1.495162770152091980e-02 -2.085498068481683731e-03 2.522091008722782135e-02
4.300497472286224365e-01 -2.100436091423034668e-01 -1.581079792231321335e-03 3.172450959682464600e-01
4.258489012718200684e-01 -1.489917375147342682e-02 4.763822536915540695e-03 2.406398393213748932e-02
4.255509078502655029e-01 1.801541298627853394e-01 5.245102103799581528e-03 -2.671121060848236084e-01
4.291539788246154785e-01 -1.504227705299854279e-02 -9.713997860671952367e-05 2.722054347395896912e-02
4.288531541824340820e-01 1.800810694694519043e-01 4.472708969842642546e-04 -2.654930353164672852e-01
4.324547648429870605e-01 -1.504726521670818329e-02 -4.862589761614799500e-03 2.733093686401844025e-02
4.321538209915161133e-01 -2.100991457700729370e-01 -4.315970931202173233e-03 3.184756934642791748e-01
4.279518425464630127e-01 -1.491599250584840775e-02 2.053542993962764740e-03 2.443480677902698517e-02
4.276535212993621826e-01 1.801764518022537231e-01 2.542239148169755936e-03 -2.675994932651519775e-01
4.312570393085479736e-01 -1.498169172555208206e-02 -2.809750614687800407e-03 2.588418684899806976e-02
4.309574067592620850e-01 -2.100632339715957642e-01 -2.292067045345902443e-03 3.176792860031127930e-01
4.267561435699462891e-01 -1.490871421992778778e-02 4.061518702656030655e-03 2.427440136671066284e-02
4.264579713344573975e-01 1.801547557115554810e-01 4.547006916254758835e-03 -2.671242952346801758e-01
4.300610721111297607e-01 -1.503179222345352173e-02 -7.954794564284384251e-04 2.698930352926254272e-02
4.297604262828826904e-01 1.801015585660934448e-01 -2.556933613959699869e-04 -2.659445106983184814e-01
4.333624541759490967e-01 -1.501674391329288483e-02 -5.574583541601896286e-03 2.665776945650577545e-02
4.330621361732482910e-01 -2.100583016872406006e-01 -5.041427910327911377e-03 3.175766468048095703e-01
4.288609623908996582e-01 -1.486491691321134567e-02 1.310105086304247379e-03 2.330811135470867157e-02
4.285636544227600098e-01 1.802382171154022217e-01 1.776267308741807938e-03 -2.689611613750457764e-01
4.321684241294860840e-01 -1.490903273224830627e-02 -3.602956188842654228e-03 2.428146824240684509e-02
4.318702518939971924e-01 -2.099791318178176880e-01 -3.117326879873871803e-03 3.158254325389862061e-01
4.276706576347351074e-01 -1.481291372328996658e-02 3.199182217940688133e-03 2.216105349361896515e-02
4.273743927478790283e-01 1.802630126476287842e-01 3.642403054982423782e-03 -2.695107758045196533e-01
4.309796690940856934e-01 -1.491072867065668106e-02 -1.747812377288937569e-03 2.431875281035900116e-02
4.306814372539520264e-01 -2.100075781345367432e-01 -1.261437428183853626e-03 3.164497017860412598e-01
4.264813065528869629e-01 -1.486767549067735672e-02 5.067557096481323242e-03 2.336923964321613312e-02
4.261839389801025391e-01 1.801812350749969482e-01 5.534941796213388443e-03 -2.677105069160461426e-01
4.297875761985778809e-01 -1.501926686614751816e-02 1.807312946766614914e-04 2.671301737427711487e-02
4.294871985912322998e-01 1.801000982522964478e-01 7.149916491471230984e-04 -2.659128904342651367e-01
4.330891966819763184e-01 -1.503205671906471252e-02 -4.603265784680843353e-03 2.699547447264194489e-02
4.327885508537292480e-01 -2.100876867771148682e-01 -4.063356667757034302e-03 3.182224631309509277e-01
4.285867810249328613e-01 -1.490810420364141464e-02 2.301092958077788353e-03 2.426088415086269379e-02
4.282886385917663574e-01 1.801807731389999390e-01 2.786310622468590736e-03 -2.676951289176940918e-01
4.318922460079193115e-01 -1.498083304613828659e-02 -2.567592076957225800e-03 2.586531080305576324e-02
4.315926134586334229e-01 -2.100658714771270752e-01 -2.050285693258047104e-03 3.177370429039001465e-01
4.273913204669952393e-01 -1.491477619856595993e-02 4.304454661905765533e-03 2.440822124481201172e-02
4.270930290222167969e-01 1.801451891660690308e-01 4.792619496583938599e-03 -2.669135034084320068e-01
4.306959211826324463e-01 -1.504484005272388458e-02 -5.456506623886525631e-04 2.727719582617282867e-02
4.303950369358062744e-01 1.800849288702011108e-01 -1.067521608888455376e-07 -2.655778527259826660e-01
4.339967072010040283e-01 -1.503701787441968918e-02 -5.311663728207349777e-03 2.710505388677120209e-02
4.336959719657897949e-01 -2.100823968648910522e-01 -4.769562277942895889e-03 3.181073665618896484e-01
4.294943213462829590e-01 -1.489283796399831772e-02 1.592585002072155476e-03 2.392411977052688599e-02
4.291964769363403320e-01 1.802062392234802246e-01 2.071067225188016891e-03 -2.682558894157409668e-01
4.328005909919738770e-01 -1.494520809501409531e-02 -3.294050693511962891e-03 2.507953159511089325e-02
4.325017035007476807e-01 -2.100197672843933105e-01 -2.792460145428776741e-03 3.167213201522827148e-01
