1.655465178191661835e-02 1.373349595814943314e-02 2.203402668237686157e-02 1.615302264690399170e-02
1.682932116091251373e-02 2.085326313972473145e-01 2.235708758234977722e-02 -2.694972753524780273e-01
2.099997363984584808e-02 1.309888903051614761e-02 1.696714013814926147e-02 3.015251643955707550e-02
2.126195095479488373e-02 2.079734653234481812e-01 1.757019199430942535e-02 -2.571291625499725342e-01
2.542142197489738464e-02 1.260512787848711014e-02 1.242760755121707916e-02 4.104346781969070435e-02
2.567352354526519775e-02 2.075466811656951904e-01 1.324847713112831116e-02 -2.476926594972610474e-01
2.982445806264877319e-02 1.223805453628301620e-02 8.294624276459217072e-03 4.913951084017753601e-02
3.006921894848346710e-02 -1.830018460750579834e-01 9.277414530515670776e-03 3.444278836250305176e-01
2.640918083488941193e-02 1.198690757155418396e-02 1.616597175598144531e-02 5.468485504388809204e-02
2.664892002940177917e-02 2.068733721971511841e-01 1.725966855883598328e-02 -2.328540533781051636e-01
3.078638762235641479e-02 1.150911580771207809e-02 1.260258816182613373e-02 6.522276997566223145e-02
3.101656958460807800e-02 2.064481377601623535e-01 1.390704326331615448e-02 -2.234574705362319946e-01
3.514553233981132507e-02 1.113020256161689758e-02 9.437893517315387726e-03 7.357963174581527710e-02
3.536813706159591675e-02 2.061155885457992554e-01 1.090948656201362610e-02 -2.161107212305068970e-01
3.949044644832611084e-02 1.083938777446746826e-02 6.587272044271230698e-03 7.999347895383834839e-02
3.970723599195480347e-02 2.058662921190261841e-01 8.187142200767993927e-03 -2.106038928031921387e-01
4.382456094026565552e-02 1.062824297696352005e-02 3.975064028054475784e-03 8.465036004781723022e-02
4.403712600469589233e-02 -1.845504641532897949e-01 5.668071098625659943e-03 3.785847723484039307e-01
4.034611582756042480e-02 1.049053668975830078e-02 1.323976647108793259e-02 8.769437670707702637e-02
4.055592790246009827e-02 2.054202258586883545e-01 1.499365456402301788e-02 -2.007821649312973022e-01
4.466433078050613403e-02 1.008708402514457703e-02 1.097801141440868378e-02 9.659259766340255737e-02
4.486607387661933899e-02 2.050499916076660156e-01 1.290986314415931702e-02 -1.926066726446151733e-01
4.896707460284233093e-02 9.745759889483451843e-03 9.057729505002498627e-03 1.041206568479537964e-01
4.916198924183845520e-02 2.047367393970489502e-01 1.114014256745576859e-02 -1.856908798217773438e-01
5.325672402977943420e-02 9.457185864448547363e-03 7.426325231790542603e-03 1.104854121804237366e-01
5.344586819410324097e-02 2.044719457626342773e-01 9.636033326387405396e-03 -1.798453330993652344e-01
5.753530561923980713e-02 9.213431738317012787e-03 6.039126776158809662e-03 1.158617809414863586e-01
5.771957337856292725e-02 2.042483389377593994e-01 8.356362581253051758e-03 -1.749097406864166260e-01
6.180454045534133911e-02 9.007792919874191284e-03 4.858167376369237900e-03 1.203975826501846313e-01
6.198469921946525574e-02 2.040598094463348389e-01 7.266119122505187988e-03 -1.707486808300018311e-01
6.606589257717132568e-02 8.834609761834144592e-03 3.851145505905151367e-03 1.242175996303558350e-01
6.624258309602737427e-02 2.039011716842651367e-01 6.335497368127107620e-03 -1.672478467226028442e-01
7.032060623168945312e-02 8.689113892614841461e-03 2.990540582686662674e-03 1.274269968271255493e-01
7.049439102411270142e-02 2.037680894136428833e-01 5.539080128073692322e-03 -1.643109619617462158e-01
7.456975430250167847e-02 8.567292243242263794e-03 2.252861158922314644e-03 1.301142424345016479e-01
7.474110275506973267e-02 2.036568969488143921e-01 4.855146165937185287e-03 -1.618570834398269653e-01
7.881423830986022949e-02 8.465779945254325867e-03 1.618004171177744865e-03 1.323535442352294922e-01
7.898355275392532349e-02 2.035645097494125366e-01 4.265075083822011948e-03 -1.598184853792190552e-01
8.305484056472778320e-02 8.381765335798263550e-03 1.068705460056662560e-03 1.342069059610366821e-01
8.322247862815856934e-02 2.034883946180343628e-01 3.752843709662556648e-03 -1.581386625766754150e-01
8.729224652051925659e-02 8.312912657856941223e-03 5.900705000385642052e-04 1.357258260250091553e-01
8.745850622653961182e-02 2.034264057874679565e-01 3.304586978629231453e-03 -1.567708849906921387e-01
9.152702987194061279e-02 8.257298730313777924e-03 1.691693905740976334e-04 1.369527280330657959e-01
9.169217944145202637e-02 2.033768296241760254e-01 2.908224007114768028e-03 -1.556768268346786499e-01
9.575971215963363647e-02 8.213357068598270416e-03 -2.053124917438253760e-04 1.379221528768539429e-01
9.592398256063461304e-02 -1.869056522846221924e-01 2.553130732849240303e-03 4.305402934551239014e-01
9.218586981296539307e-02 8.180052042007446289e-03 1.116393692791461945e-02 1.386633217334747314e-01
9.234946966171264648e-02 2.031403332948684692e-01 1.393720321357250214e-02 -1.504767537117004395e-01
9.641227871179580688e-02 7.821618579328060150e-03 1.092766784131526947e-02 1.465702801942825317e-01
9.656871110200881958e-02 2.027853876352310181e-01 1.385907363146543503e-02 -1.426452547311782837e-01
1.006244197487831116e-01 7.467724382877349854e-03 1.100616902112960815e-02 1.543775498867034912e-01
1.007737740874290466e-01 2.024303674697875977e-01 1.409371942281723022e-02 -1.348129659891128540e-01
1.048223823308944702e-01 7.109411060810089111e-03 1.139746047556400299e-02 1.622827947139739990e-01
1.049645692110061646e-01 2.020663619041442871e-01 1.464311685413122177e-02 -1.267828494310379028e-01
1.090058982372283936e-01 6.737729068845510483e-03 1.210745982825756073e-02 1.704836040735244751e-01
1.091406494379043579e-01 2.016843110322952271e-01 1.551713142544031143e-02 -1.183553263545036316e-01
1.131743341684341431e-01 6.343510467559099197e-03 1.315002515912055969e-02 1.791824549436569214e-01
1.133012026548385620e-01 2.012748420238494873e-01 1.673367433249950409e-02 -1.093232631683349609e-01
1.173266991972923279e-01 5.917144007980823517e-03 1.454720925539731979e-02 1.885917186737060547e-01
1.174450442194938660e-01 2.008279860019683838e-01 1.831904426217079163e-02 -9.946686774492263794e-02
1.214616075158119202e-01 5.448342766612768173e-03 1.632970571517944336e-02 1.989389210939407349e-01
1.215705722570419312e-01 2.003329694271087646e-01 2.030848525464534760e-02 -8.854833245277404785e-02
1.255772262811660767e-01 3.951580226421356201e-01 1.853751763701438904e-02 -3.747553825378417969e-01
1.334803849458694458e-01 1.997777372598648071e-01 1.104241050779819489e-02 -7.628556340932846069e-02
1.374759525060653687e-01 4.499235190451145172e-03 9.516699239611625671e-03 2.198607325553894043e-01
1.375659257173538208e-01 1.994838714599609375e-01 1.391391362994909286e-02 -6.980510801076889038e-02
1.415556073188781738e-01 3.944036066532135010e-01 1.251781173050403595e-02 -3.580658435821533203e-01
1.494436860084533691e-01 1.991059482097625732e-01 5.356494802981615067e-03 -6.146219000220298767e-02
1.534257978200912476e-01 3.941507041454315186e-01 4.127250984311103821e-03 -3.524503111839294434e-01
1.613088101148605347e-01 1.989703029394149780e-01 -2.921755192801356316e-03 -5.846879258751869202e-02
1.652882248163223267e-01 3.890360938385128975e-03 -4.091131035238504410e-03 2.332908660173416138e-01
1.653660237789154053e-01 1.990705281496047974e-01 5.746862734667956829e-04 -6.067971885204315186e-02
1.693474352359771729e-01 3.940341994166374207e-03 -6.389081245288252831e-04 2.321844696998596191e-01
1.694262474775314331e-01 1.990714222192764282e-01 4.004781134426593781e-03 -6.069992110133171082e-02
1.734076738357543945e-01 3.941357135772705078e-01 2.790782833471894264e-03 -3.521166145801544189e-01
1.812903881072998047e-01 1.989741921424865723e-01 -4.251549951732158661e-03 -5.855498835444450378e-02
1.852698773145675659e-01 3.913458436727523804e-03 -5.422649439424276352e-03 2.327835112810134888e-01
1.853481382131576538e-01 1.991124749183654785e-01 -7.669792976230382919e-04 -6.160494685173034668e-02
1.893303841352462769e-01 4.001524299383163452e-03 -1.999078318476676941e-03 2.308358997106552124e-01
1.894104182720184326e-01 1.991519778966903687e-01 2.617639489471912384e-03 -6.247694045305252075e-02
1.933934539556503296e-01 3.942362964153289795e-01 1.368100754916667938e-03 -3.543328344821929932e-01
2.012781798839569092e-01 1.990949362516403198e-01 -5.718555767089128494e-03 -6.121882423758506775e-02
2.052600830793380737e-01 4.055434372276067734e-03 -6.942932493984699249e-03 2.296543866395950317e-01
2.053411900997161865e-01 1.992759108543395996e-01 -2.349844668060541153e-03 -6.521046906709671021e-02
2.093267142772674561e-01 4.187726415693759918e-03 -3.654054133221507072e-03 2.267301380634307861e-01
2.094104588031768799e-01 1.993617117404937744e-01 8.805487887002527714e-04 -6.710316240787506104e-02
2.133976966142654419e-01 3.944710195064544678e-01 -4.615145153366029263e-04 -3.595081567764282227e-01
2.212871164083480835e-01 1.993556320667266846e-01 -7.651677355170249939e-03 -6.697078049182891846e-02
2.252742350101470947e-01 4.344218410551548004e-03 -8.991093374788761139e-03 2.232882082462310791e-01
2.253611236810684204e-01 1.995935142040252686e-01 -4.525328520685434341e-03 -7.221724092960357666e-02
2.293529808521270752e-01 4.536733031272888184e-03 -5.969673395156860352e-03 2.190344929695129395e-01
2.294437289237976074e-01 1.997435092926025391e-01 -1.588983694091439247e-03 -7.552552223205566406e-02
2.334385961294174194e-01 3.948881924152374268e-01 -3.099494148045778275e-03 -3.687093555927276611e-01
2.413363605737686157e-01 1.998104304075241089e-01 -1.047368161380290985e-02 -7.700534909963607788e-02
2.453325688838958740e-01 4.840178415179252625e-03 -1.201378833502531052e-02 2.123547792434692383e-01
2.454293668270111084e-01 2.001318186521530151e-01 -7.766692899167537689e-03 -8.409351110458374023e-02
2.494320124387741089e-01 5.122054368257522583e-03 -9.448562748730182648e-03 2.061289250850677490e-01
2.495344430208206177e-01 2.003778368234634399e-01 -5.325984209775924683e-03 -8.951950818300247192e-02
2.535420060157775879e-01 5.332629662007093430e-03 -7.116374559700489044e-03 2.014783173799514771e-01
2.536486685276031494e-01 2.005556374788284302e-01 -3.086808137595653534e-03 -9.344096481800079346e-02
2.576597630977630615e-01 5.478058941662311554e-03 -4.955627489835023880e-03 1.982664763927459717e-01
2.577693164348602295e-01 2.006705403327941895e-01 -9.902978781610727310e-04 -9.597559273242950439e-02
2.617827355861663818e-01 3.958066701889038086e-01 -2.909809816628694534e-03 -3.889707922935485840e-01
2.696988880634307861e-01 2.007261365652084351e-01 -1.068922597914934158e-02 -9.720671921968460083e-02
2.737134099006652832e-01 5.759008228778839111e-03 -1.263335999101400375e-02 1.920846998691558838e-01
2.738285660743713379e-01 2.010593861341476440e-01 -8.791666477918624878e-03 -1.045565977692604065e-01
2.778497636318206787e-01 6.064522545784711838e-03 -1.088279765099287033e-02 1.853396743535995483e-01
2.779710590839385986e-01 2.013404816389083862e-01 -7.176004815846681595e-03 -1.107563972473144531e-01
2.819978594779968262e-01 6.322088185697793961e-03 -9.391132742166519165e-03 1.796539276838302612e-01
2.821243107318878174e-01 2.015771567821502686e-01 -5.798053927719593048e-03 -1.159767135977745056e-01
2.861558496952056885e-01 6.538761779665946960e-03 -8.117588236927986145e-03 1.748713552951812744e-01
2.862866222858428955e-01 2.017759382724761963e-01 -4.620160907506942749e-03 -1.203613206744194031e-01
2.903221547603607178e-01 6.720489356666803360e-03 -7.027387619018554688e-03 1.708604097366333008e-01
2.904565632343292236e-01 2.019423097372055054e-01 -3.610179061070084572e-03 -1.240311264991760254e-01
2.944954037666320801e-01 6.872270256280899048e-03 -6.090801674872636795e-03 1.675106436014175415e-01
2.946328520774841309e-01 2.020808756351470947e-01 -2.740588737651705742e-03 -1.270875185728073120e-01
2.986744642257690430e-01 6.998290307819843292e-03 -5.282339174300432205e-03 1.647295355796813965e-01
2.988144159317016602e-01 2.021954655647277832e-01 -1.987748546525835991e-03 -1.296151429414749146e-01
3.028583228588104248e-01 7.102037779986858368e-03 -4.580051172524690628e-03 1.624400168657302856e-01
3.030003905296325684e-01 2.022892534732818604e-01 -1.331250881776213646e-03 -1.316842734813690186e-01
3.070461750030517578e-01 7.186398841440677643e-03 -3.964936360716819763e-03 1.605783700942993164e-01
3.071898818016052246e-01 2.023648917675018311e-01 -7.533688913099467754e-04 -1.333527565002441406e-01
3.112371861934661865e-01 7.253736723214387894e-03 -3.420423949137330055e-03 1.590923964977264404e-01
3.113822638988494873e-01 2.024244964122772217e-01 -2.385758853051811457e-04 -1.346676200628280640e-01
3.154307603836059570e-01 7.305956445634365082e-03 -2.931928262114524841e-03 1.579400300979614258e-01
3.155768811702728271e-01 2.024697661399841309e-01 2.268723910674452782e-04 -1.356664001941680908e-01
3.196262717247009277e-01 7.344561628997325897e-03 -2.486455719918012619e-03 1.570880860090255737e-01
3.197731673717498779e-01 2.025020271539688110e-01 6.553061539307236671e-04 -1.363782137632369995e-01
3.238232135772705078e-01 7.370692677795886993e-03 -2.072258153930306435e-03 1.565113812685012817e-01
3.239706158638000488e-01 2.025222480297088623e-01 1.057969406247138977e-03 -1.368245780467987061e-01
3.280210494995117188e-01 3.976290225982666016e-01 -1.678522094152867794e-03 -4.291735291481018066e-01
3.359736502170562744e-01 2.025308907032012939e-01 -1.026199292391538620e-02 -1.370202302932739258e-01
3.400242626667022705e-01 7.557418663054704666e-03 -1.300239749252796173e-02 1.524076163768768311e-01
3.401754200458526611e-01 2.028631120920181274e-01 -9.954245761036872864e-03 -1.443487554788589478e-01
3.442326784133911133e-01 7.885120809078216553e-03 -1.284122094511985779e-02 1.451772302389144897e-01
3.443903625011444092e-01 2.031885981559753418e-01 -9.937675669789314270e-03 -1.515290290117263794e-01
3.484541475772857666e-01 8.210339583456516266e-03 -1.296825613826513290e-02 1.380022764205932617e-01
3.486183583736419678e-01 2.035156041383743286e-01 -1.020821090787649155e-02 -1.587435603141784668e-01
3.526886701583862305e-01 8.541284129023551941e-03 -1.338308211416006088e-02 1.307015269994735718e-01
3.528594970703125000e-01 2.038523703813552856e-01 -1.076905149966478348e-02 -1.661733537912368774e-01
3.569365441799163818e-01 8.886208757758140564e-03 -1.409251894801855087e-02 1.230928748846054077e-01
3.571142554283142090e-01 2.042071968317031860e-01 -1.163066085427999496e-02 -1.740025728940963745e-01
3.611983954906463623e-01 9.253614582121372223e-03 -1.511071249842643738e-02 1.149886772036552429e-01
3.613834679126739502e-01 2.045887857675552368e-01 -1.281093899160623550e-02 -1.824230104684829712e-01
3.654752373695373535e-01 9.652465581893920898e-03 -1.645939983427524567e-02 1.061911657452583313e-01
3.656682968139648438e-01 2.050063759088516235e-01 -1.433557644486427307e-02 -1.916388422250747681e-01
3.697684407234191895e-01 1.009240373969078064e-02 -1.816835254430770874e-02 9.648754447698593140e-02
3.699702620506286621e-01 2.054699808359146118e-01 -1.623860187828540802e-02 -2.018716484308242798e-01
3.740796744823455811e-01 1.058398187160491943e-02 -2.027603425085544586e-02 8.564486354589462280e-02
3.742913603782653809e-01 -1.842415481805801392e-01 -1.856313832104206085e-02 3.718623518943786621e-01
3.706065118312835693e-01 1.113913673907518387e-02 -1.112589053809642792e-02 7.338456064462661743e-02
3.708293139934539795e-01 2.064188122749328613e-01 -9.658199734985828400e-03 -2.227877676486968994e-01
3.749576807022094727e-01 1.143622491508722305e-02 -1.411395519971847534e-02 6.683300435543060303e-02
3.751864135265350342e-01 -1.834805607795715332e-01 -1.277729496359825134e-02 3.550297021865844727e-01
3.715167939662933350e-01 1.182071305811405182e-02 -5.676700733602046967e-03 5.834527686238288879e-02
3.717532157897949219e-01 2.070235908031463623e-01 -4.509795457124710083e-03 -2.361232638359069824e-01
3.758936822414398193e-01 1.196636632084846497e-02 -9.232260286808013916e-03 5.513372644782066345e-02
3.761329948902130127e-01 2.072194665670394897e-01 -8.129586465656757355e-03 -2.404477000236511230e-01
3.802773952484130859e-01 1.221458707004785538e-02 -1.293853949755430222e-02 4.965989291667938232e-02
3.805216848850250244e-01 -1.827194690704345703e-01 -1.194534171372652054e-02 3.382326662540435791e-01
3.768672943115234375e-01 1.257040537893772125e-02 -5.180688574910163879e-03 4.180691763758659363e-02
3.771187067031860352e-01 2.077662646770477295e-01 -4.344549961388111115e-03 -2.525060474872589111e-01
3.812740445137023926e-01 1.270661596208810806e-02 -9.394670836627483368e-03 3.880336135625839233e-02
3.815281689167022705e-01 -1.822793632745742798e-01 -8.618604391813278198e-03 3.285074234008789062e-01
3.778825700283050537e-01 1.296421606093645096e-02 -2.048455411568284035e-03 3.311910107731819153e-02
3.781418502330780029e-01 2.081154882907867432e-01 -1.386073417961597443e-03 -2.602094411849975586e-01
3.823041617870330811e-01 1.301334612071514130e-02 -6.590262055397033691e-03 3.203598782420158386e-02
3.825644254684448242e-01 -1.820134818553924561e-01 -5.949542392045259476e-03 3.226323425769805908e-01
3.789241611957550049e-01 1.319268345832824707e-02 5.031046457588672638e-04 2.807913161814212799e-02
3.791880309581756592e-01 2.083074152469635010e-01 1.064687268808484077e-03 -2.644450068473815918e-01
3.833541572093963623e-01 1.317028515040874481e-02 -4.224213305860757828e-03 2.857353165745735168e-02
3.836175799369812012e-01 -1.818908303976058960e-01 -3.652742365375161171e-03 3.199206888675689697e-01
3.799797594547271729e-01 1.328294631093740463e-02 2.745671197772026062e-03 2.608806267380714417e-02
3.802454173564910889e-01 2.083654105663299561e-01 3.267432563006877899e-03 -2.657273113727569580e-01
3.844127357006072998e-01 1.319698244333267212e-02 -2.047113841399550438e-03 2.798439934849739075e-02
3.846766650676727295e-01 2.083482295274734497e-01 -1.487425761297345161e-03 -2.653437256813049316e-01
3.888436257839202881e-01 1.324754022061824799e-02 -6.794299930334091187e-03 2.686969749629497528e-02
3.891085982322692871e-01 -1.817763149738311768e-01 -6.256905850023031235e-03 3.174012303352355957e-01
3.854730427265167236e-01 1.343418844044208527e-02 9.111848339671269059e-05 2.275167778134346008e-02
3.857417404651641846e-01 2.085548341274261475e-01 5.461520631797611713e-04 -2.699024975299835205e-01
3.899128437042236328e-01 1.342509221285581589e-02 -4.851897712796926498e-03 2.295263670384883881e-02
3.901813328266143799e-01 -1.816269457340240479e-01 -4.392845090478658676e-03 3.141008019447326660e-01
3.865487873554229736e-01 1.355730835348367691e-02 1.889170729555189610e-03 2.003574930131435394e-02
3.868199586868286133e-01 2.086521089076995850e-01 2.289885655045509338e-03 -2.720505297183990479e-01
3.909929990768432617e-01 1.349756494164466858e-02 -3.151124808937311172e-03 2.135376073420047760e-02
3.912629485130310059e-01 -1.815790534019470215e-01 -2.724049612879753113e-03 3.130408227443695068e-01
3.876313567161560059e-01 1.358159631490707397e-02 3.536766627803444862e-03 1.950004696846008301e-02
3.879030048847198486e-01 2.086526453495025635e-01 3.926767501980066299e-03 -2.720648944377899170e-01
3.920760452747344971e-01 1.347488630563020706e-02 -1.514530275017023087e-03 2.185396105051040649e-02
3.923455476760864258e-01 2.086185216903686523e-01 -1.077451161108911037e-03 -2.713064253330230713e-01
3.965179026126861572e-01 1.351196505129337311e-02 -6.503579672425985336e-03 2.103646658360958099e-02
3.967881500720977783e-01 -1.815161108970642090e-01 -6.082850508391857147e-03 3.116603493690490723e-01
3.931578397750854492e-01 1.369196362793445587e-02 1.503568055341020226e-04 1.706531271338462830e-02
3.934316635131835938e-01 2.088117599487304688e-01 4.916630568914115429e-04 -2.755701839923858643e-01
3.976078927516937256e-01 1.368279568850994110e-02 -5.019740201532840729e-03 1.726778596639633179e-02
3.978815674781799316e-01 -1.813668012619018555e-01 -4.674384836107492447e-03 3.083627223968505859e-01
3.942542374134063721e-01 1.382143422961235046e-02 1.492869458161294460e-03 1.420927885919809341e-02
3.945306539535522461e-01 2.089219391345977783e-01 1.777055091224610806e-03 -2.780022621154785156e-01
3.987090885639190674e-01 1.377468649297952652e-02 -3.782990155741572380e-03 1.524062268435955048e-02
3.989845812320709229e-01 -1.812928020954132080e-01 -3.478177590295672417e-03 3.067275881767272949e-01
3.953587412834167480e-01 1.387853268533945084e-02 2.656373893842101097e-03 1.294975169003009796e-02
3.956362903118133545e-01 2.089622914791107178e-01 2.915368881076574326e-03 -2.788938879966735840e-01
3.998155593872070312e-01 1.379886828362941742e-02 -2.662508515641093254e-03 1.470712665468454361e-02
4.000915288925170898e-01 -1.812848001718521118e-01 -2.368366112932562828e-03 3.065488040447235107e-01
3.964658379554748535e-01 1.387082133442163467e-02 3.762610256671905518e-03 1.311990525573492050e-02
3.967432379722595215e-01 2.089386135339736938e-01 4.025008063763380051e-03 -2.783735096454620361e-01
4.009220004081726074e-01 1.375947054475545883e-02 -1.542461803182959557e-03 1.557618472725152969e-02
4.011971950531005859e-01 2.089035063982009888e-01 -1.230938127264380455e-03 -2.775930166244506836e-01
4.053752720355987549e-01 1.379914022982120514e-02 -6.782798096537590027e-03 1.470142789185047150e-02
4.056512713432312012e-01 -1.812248826026916504e-01 -6.488769780844449997e-03 3.052366077899932861e-01
4.020267724990844727e-01 1.398893259465694427e-02 -3.840375575236976147e-04 1.051436271518468857e-02
4.023065268993377686e-01 2.091163843870162964e-01 -1.737503189360722899e-04 -2.822897136211395264e-01
4.064888656139373779e-01 1.399691682308912277e-02 -5.819544661790132523e-03 1.033841352909803391e-02
4.067687988281250000e-01 -1.810410916805267334e-01 -5.612776149064302444e-03 3.011795282363891602e-01
4.031479954719543457e-01 1.416040491312742233e-02 4.108145658392459154e-04 6.731754634529352188e-03
4.034311771392822266e-01 2.092764675617218018e-01 5.454496713355183601e-04 -2.858215272426605225e-01
4.076167345046997070e-01 1.414673589169979095e-02 -5.170980934053659439e-03 7.033381145447492599e-03
4.078996479511260986e-01 -1.809006780385971069e-01 -5.030313041061162949e-03 2.980803251266479492e-01
4.042816460132598877e-01 1.429261919111013412e-02 9.312932379543781281e-04 3.815182019025087357e-03
4.045674800872802734e-01 2.094012051820755005e-01 1.007596845738589764e-03 -2.885737717151641846e-01
4.087555110454559326e-01 1.426489651203155518e-02 -4.763878416270017624e-03 4.426777828484773636e-03
4.090408086776733398e-01 -1.807884126901626587e-01 -4.675342701375484467e-03 2.956028580665588379e-01
4.054250419139862061e-01 1.439987961202859879e-02 1.236713957041501999e-03 1.449062023311853409e-03
4.057130515575408936e-01 2.095040678977966309e-01 1.265695202164351940e-03 -2.908433973789215088e-01
4.099031388759613037e-01 1.436409726738929749e-02 -4.551172722131013870e-03 2.238433575257658958e-03
4.101904034614562988e-01 -1.806922852993011475e-01 -4.506404511630535126e-03 2.934819459915161133e-01
4.065765738487243652e-01 1.449362095445394516e-02 1.363234594464302063e-03 -6.188285187818109989e-04
4.068664312362670898e-01 -1.806478500366210938e-01 1.350858015939593315e-03 2.924939095973968506e-01
4.032534658908843994e-01 1.445481088012456894e-02 7.200736086815595627e-03 2.373256429564207792e-04
4.035425782203674316e-01 2.094727605581283569e-01 7.205482572317123413e-03 -2.901650071144104004e-01
4.077320396900177002e-01 1.424880512058734894e-02 1.402182388119399548e-03 4.781707655638456345e-03
4.080170094966888428e-01 2.093506157398223877e-01 1.497816527262330055e-03 -2.874584794044494629e-01
4.122040271759033203e-01 1.420733984559774399e-02 -4.251352977007627487e-03 5.696464329957962036e-03
4.124881625175476074e-01 -1.808533817529678345e-01 -4.137423820793628693e-03 2.970350086688995361e-01
4.088710844516754150e-01 1.432730257511138916e-02 1.803276361897587776e-03 3.050088183954358101e-03
4.091576337814331055e-01 2.094233483076095581e-01 1.864278106950223446e-03 -2.890633344650268555e-01
4.133461117744445801e-01 1.427485980093479156e-02 -3.916988614946603775e-03 4.206979647278785706e-03
4.136316180229187012e-01 -1.807906925678253174e-01 -3.832848975434899330e-03 2.956514656543731689e-01
4.100157916545867920e-01 1.438568532466888428e-02 2.080180449411273003e-03 1.762201311066746712e-03
4.103035032749176025e-01 2.094777375459671021e-01 2.115424489602446556e-03 -2.902636826038360596e-01
4.144930541515350342e-01 1.432569045573472977e-02 -3.689849050715565681e-03 3.085678908973932266e-03
4.147795736789703369e-01 -1.807431429624557495e-01 -3.628135425969958305e-03 2.946021258831024170e-01
4.111647009849548340e-01 1.443033851683139801e-02 2.263907343149185181e-03 7.771580130793154240e-04
4.114533066749572754e-01 2.095197439193725586e-01 2.279450418427586555e-03 -2.911906242370605469e-01
4.156437218189239502e-01 1.436537038534879684e-02 -3.544362029060721397e-03 2.210346283391118050e-03
4.159310162067413330e-01 -1.807055771350860596e-01 -3.500155173242092133e-03 2.937728762626647949e-01
4.123169183731079102e-01 1.446610782295465469e-02 2.375302603468298912e-03 -1.188828809972619638e-05
4.126062393188476562e-01 2.095539122819900513e-01 2.375064650550484657e-03 -2.919444441795349121e-01
4.167973101139068604e-01 1.439817808568477631e-02 -3.463823813945055008e-03 1.486612483859062195e-03
4.170852601528167725e-01 -1.806739270687103271e-01 -3.434091573581099510e-03 2.930746376514434814e-01
4.134717881679534912e-01 1.449681911617517471e-02 2.427401486784219742e-03 -6.893605459481477737e-04
4.137617349624633789e-01 2.095838785171508789e-01 2.413614187389612198e-03 -2.926054298877716064e-01
4.179534018039703369e-01 1.442759297788143158e-02 -3.438494401052594185e-03 8.377454942092299461e-04
4.182419478893280029e-01 -1.806448698043823242e-01 -3.421739442273974419e-03 2.924337983131408691e-01
4.146290719509124756e-01 1.452569384127855301e-02 2.426936756819486618e-03 -1.326326862908899784e-03
4.149195849895477295e-01 2.096127569675445557e-01 2.400410128757357597e-03 -2.932425439357757568e-01
4.191118180751800537e-01 1.445666234940290451e-02 -3.464440582320094109e-03 1.964772091014310718e-04
4.194009602069854736e-01 -1.806154400110244751e-01 -3.460511099547147751e-03 2.917843163013458252e-01
4.157886505126953125e-01 1.455568801611661911e-02 2.375175245106220245e-03 -1.987996743991971016e-03
4.160797595977783203e-01 2.096434980630874634e-01 2.335415454581379890e-03 -2.939205765724182129e-01
4.202726483345031738e-01 1.448832638561725616e-02 -3.542996244505047798e-03 -5.020136595703661442e-04
4.205624163150787354e-01 -1.805826276540756226e-01 -3.553036600351333618e-03 2.910609543323516846e-01
4.169507622718811035e-01 1.458979770541191101e-02 2.268182579427957535e-03 -2.740439260378479958e-03
4.172425568103790283e-01 2.096791416406631470e-01 2.213373780250549316e-03 -2.947068512439727783e-01
4.214361310005187988e-01 1.452570967376232147e-02 -3.680763533338904381e-03 -1.326695550233125687e-03
4.217266440391540527e-01 -1.805432587862014771e-01 -3.707297379150986671e-03 2.901926338672637939e-01
4.181157946586608887e-01 1.463135704398155212e-02 2.096555195748806000e-03 -3.657221561297774315e-03
4.184084236621856689e-01 2.097231745719909668e-01 2.023410750553011894e-03 -2.956779301166534424e-01
4.226028621196746826e-01 1.457243971526622772e-02 -3.890147665515542030e-03 -2.357531571760773659e-03
4.228943288326263428e-01 -1.804935038089752197e-01 -3.937298431992530823e-03 2.890954613685607910e-01
4.192844629287719727e-01 1.468436885625123978e-02 1.844611135311424732e-03 -4.826633725315332413e-03
4.195781350135803223e-01 2.097798138856887817e-01 1.748078502714633942e-03 -2.969270050525665283e-01
4.237737357616424561e-01 1.463298965245485306e-02 -4.190461244434118271e-03 -3.693264676257967949e-03
4.240663945674896240e-01 -1.804286092519760132e-01 -4.264326766133308411e-03 2.876645922660827637e-01
4.204578101634979248e-01 1.475388929247856140e-02 1.488965004682540894e-03 -6.360220722854137421e-03
4.207529127597808838e-01 2.098544538021087646e-01 1.361760543659329414e-03 -2.985729873180389404e-01
4.249500036239624023e-01 1.471311878412961960e-02 -4.609699361026287079e-03 -5.460899323225021362e-03
4.252442419528961182e-01 -1.803424209356307983e-01 -4.718917421996593475e-03 2.857640683650970459e-01
4.216374158859252930e-01 1.484651211649179459e-02 9.963638149201869965e-04 -8.403440937399864197e-03
4.219343364238739014e-01 -1.802897155284881592e-01 8.282950730063021183e-04 2.845936715602874756e-01
4.183285534381866455e-01 1.482041366398334503e-02 6.520168855786323547e-03 -7.827889174222946167e-03
4.186249375343322754e-01 2.098482549190521240e-01 6.363610737025737762e-03 -2.984465062618255615e-01
4.228219091892242432e-01 1.463617198169231415e-02 3.946806828025728464e-04 -3.763431450352072716e-03
4.231146275997161865e-01 2.097524553537368774e-01 3.194120654370635748e-04 -2.963218092918395996e-01
4.273096919059753418e-01 1.462595723569393158e-02 -5.607023835182189941e-03 -3.538158489391207695e-03
4.276022017002105713e-01 -1.804151386022567749e-01 -5.677787121385335922e-03 2.873704135417938232e-01
4.239939153194427490e-01 1.478732563555240631e-02 6.962125917198136449e-05 -7.097806781530380249e-03
4.242896437644958496e-01 -1.803356260061264038e-01 -7.233487849589437246e-05 2.856070995330810547e-01
4.206829369068145752e-01 1.478735823184251785e-02 5.639806855469942093e-03 -7.098654285073280334e-03
4.209786951541900635e-01 2.098279744386672974e-01 5.497833713889122009e-03 -2.979968190193176270e-01
4.251752495765686035e-01 1.462808623909950256e-02 -4.621028783731162548e-04 -3.585068508982658386e-03
4.254678189754486084e-01 -1.804872304201126099e-01 -5.338042392395436764e-04 2.889520227909088135e-01
4.218580722808837891e-01 1.464232429862022400e-02 5.245236214250326157e-03 -3.899211995303630829e-03
4.221509099006652832e-01 2.096886634826660156e-01 5.167251918464899063e-03 -2.949225902557373047e-01
4.263446927070617676e-01 1.449342351406812668e-02 -7.311999797821044922e-04 -6.144879735074937344e-04
4.266345500946044922e-01 2.096258550882339478e-01 -7.434897124767303467e-04 -2.935280203819274902e-01
4.308270514011383057e-01 1.451451051980257034e-02 -6.614050362259149551e-03 -1.079679816029965878e-03
4.311173558235168457e-01 -1.805119663476943970e-01 -6.635644007474184036e-03 2.895091176033020020e-01
4.275071024894714355e-01 1.470397785305976868e-02 -8.454615599475800991e-04 -5.259213969111442566e-03
4.278011918067932129e-01 -1.804058402776718140e-01 -9.506458300165832043e-04 2.871568500995635986e-01
4.241930842399597168e-01 1.472965721040964127e-02 4.792490974068641663e-03 -5.825761239975690842e-03
4.244876801967620850e-01 2.097825556993484497e-01 4.675975535064935684e-03 -2.969927489757537842e-01
4.286833107471466064e-01 1.459425501525402069e-02 -1.263879355974495411e-03 -2.838779240846633911e-03
4.289751946926116943e-01 -1.805095523595809937e-01 -1.320654875598847866e-03 2.894451022148132324e-01
4.253650307655334473e-01 1.463121082633733749e-02 4.468247294425964355e-03 -3.654044354334473610e-03
4.256576299667358398e-01 2.096887975931167603e-01 4.395166411995887756e-03 -2.949238419532775879e-01
4.298514127731323242e-01 1.450446248054504395e-02 -1.503310399129986763e-03 -8.579933783039450645e-04
4.301415085792541504e-01 2.096479386091232300e-01 -1.520470366813242435e-03 -2.940148413181304932e-01
4.343344569206237793e-01 1.454770006239414215e-02 -7.400767412036657333e-03 -1.811848953366279602e-03
4.346254169940948486e-01 -1.804673373699188232e-01 -7.437004242092370987e-03 2.885268926620483398e-01
4.310160875320434570e-01 1.475987490266561508e-02 -1.666466589085757732e-03 -6.492288783192634583e-03
4.313112795352935791e-01 -1.803381443023681641e-01 -1.796312397345900536e-03 2.856643795967102051e-01
4.277045130729675293e-01 1.480938680469989777e-02 3.916975110769271851e-03 -7.584547158330678940e-03
4.280006885528564453e-01 2.098749428987503052e-01 3.765284316614270210e-03 -2.990290522575378418e-01
4.321981966495513916e-01 1.469952519983053207e-02 -2.215296728536486626e-03 -5.161006469279527664e-03
4.324921965599060059e-01 -1.803905814886093140e-01 -2.318516839295625687e-03 2.868221402168273926e-01
4.288843870162963867e-01 1.476435363292694092e-02 3.417926141992211342e-03 -6.591120734810829163e-03
4.291796684265136719e-01 2.098371237516403198e-01 3.286103717982769012e-03 -2.981936931610107422e-01
4.333764016628265381e-01 1.466848142445087433e-02 -2.677770331501960754e-03 -4.476202651858329773e-03
4.336697757244110107e-01 -1.804149597883224487e-01 -2.767294179648160934e-03 2.873606681823730469e-01
4.300614595413208008e-01 1.474634092301130295e-02 2.979918848723173141e-03 -6.193767767399549484e-03
4.303564131259918213e-01 2.098254263401031494e-01 2.856043400242924690e-03 -2.979350090026855469e-01
4.345529079437255859e-01 1.466288231313228607e-02 -3.102656686678528786e-03 -4.352704156190156937e-03
4.348461627960205078e-01 -1.804144382476806641e-01 -3.189710667356848717e-03 2.873496711254119873e-01
4.312378764152526855e-01 1.475285924971103668e-02 2.557282801717519760e-03 -6.337540689855813980e-03
4.315329492092132568e-01 2.098380476236343384e-01 2.430532127618789673e-03 -2.982125282287597656e-01
4.357296824455261230e-01 1.468152832239866257e-02 -3.533718176186084747e-03 -4.764036741107702255e-03
4.360233247280120850e-01 -1.803895682096481323e-01 -3.628998994827270508e-03 2.868018746376037598e-01
4.324155449867248535e-01 1.478395052254199982e-02 2.107038395479321480e-03 -7.023402955383062363e-03
4.327112138271331787e-01 2.098756134510040283e-01 1.966570271179080009e-03 -2.990407943725585938e-01
4.369087219238281250e-01 1.472569257020950317e-02 -4.014245700091123581e-03 -5.738292820751667023e-03
4.372032284736633301e-01 -1.803384572267532349e-01 -4.129011183977127075e-03 2.856754064559936523e-01
4.335964620113372803e-01 1.484213490039110184e-02 1.584496465511620045e-03 -8.306928910315036774e-03
4.338933229446411133e-01 2.099413275718688965e-01 1.418357947841286659e-03 -3.004895150661468506e-01
4.380921423435211182e-01 1.479918789118528366e-02 -4.591432400047779083e-03 -7.359596434980630875e-03
4.383881092071533203e-01 -1.802566200494766235e-01 -4.738624207675457001e-03 2.838711440563201904e-01
4.347829818725585938e-01 1.493259984999895096e-02 9.387988247908651829e-04 -1.030253805220127106e-02
4.350816309452056885e-01 2.100410759449005127e-01 7.327480125240981579e-04 -3.026891052722930908e-01
4.392824769020080566e-01 1.490868814289569855e-02 -5.321034230291843414e-03 -9.775185026228427887e-03
4.395806491374969482e-01 -1.801365464925765991e-01 -5.516537930816411972e-03 2.812241613864898682e-01
4.359779059886932373e-01 1.506365556269884109e-02 1.079450812540017068e-04 -1.319355331361293793e-02
4.362791776657104492e-01 -1.800598502159118652e-01 -1.559259835630655289e-04 2.795234322547912598e-01
4.326779842376708984e-01 1.506433077156543732e-02 5.434542428702116013e-03 -1.320867147296667099e-02
4.329792559146881104e-01 2.101079225540161133e-01 5.170369055122137070e-03 -3.041719794273376465e-01
4.371814429759979248e-01 1.491267234086990356e-02 -9.130706894211471081e-04 -9.862946346402168274e-03
4.374796748161315918e-01 -1.801961660385131836e-01 -1.110329641960561275e-03 2.825317680835723877e-01
4.338757693767547607e-01 1.494159828871488571e-02 4.540305584669113159e-03 -1.050115749239921570e-02
4.341745972633361816e-01 2.099981456995010376e-01 4.330282565206289291e-03 -3.017480969429016113e-01
4.383745491504669189e-01 1.481474190950393677e-02 -1.704679918475449085e-03 -7.702657021582126617e-03
4.386708438396453857e-01 -1.802827268838882446e-01 -1.858733012340962887e-03 2.844419479370117188e-01
4.350651800632476807e-01 1.486569084227085114e-02 3.830105764791369438e-03 -8.826644159853458405e-03
4.353625178337097168e-01 2.099325060844421387e-01 3.653572872281074524e-03 -3.002986609935760498e-01
4.395611584186553955e-01 1.475866883993148804e-02 -2.352400450035929680e-03 -6.465720944106578827e-03
4.398563206195831299e-01 -1.803294718265533447e-01 -2.481715055182576180e-03 2.854740619659423828e-01
4.362497329711914062e-01 1.482778973877429962e-02 3.227766370400786400e-03 -7.990540005266666412e-03
4.365462958812713623e-01 2.099032998085021973e-01 3.067955607548356056e-03 -2.996533215045928955e-01
4.407443702220916748e-01 1.473775506019592285e-02 -2.925110980868339539e-03 -6.004402413964271545e-03
4.410391151905059814e-01 -1.803421229124069214e-01 -3.045198973268270493e-03 2.857541739940643311e-01
4.374322891235351562e-01 1.482312474399805069e-02 2.669884823262691498e-03 -7.887619547545909882e-03
4.377287328243255615e-01 2.099066823720932007e-01 2.512132283300161362e-03 -2.997269630432128906e-01
4.419268667697906494e-01 1.474901661276817322e-02 -3.482407191768288612e-03 -6.252826191484928131e-03
4.422218501567840576e-01 -1.803228259086608887e-01 -3.607463557273149490e-03 2.853293418884277344e-01
4.386154115200042725e-01 1.485039480030536652e-02 2.099122852087020874e-03 -8.489181287586688995e-03
4.389123916625976562e-01 2.099421769380569458e-01 1.929339254274964333e-03 -3.005090653896331787e-01
4.431112408638000488e-01 1.479278132319450378e-02 -4.080842249095439911e-03 -7.218294311314821243e-03
4.434071183204650879e-01 -1.802704036235809326e-01 -4.225207958370447159e-03 2.841742932796478271e-01
4.398016929626464844e-01 1.491155102849006653e-02 1.458277809433639050e-03 -9.838243015110492706e-03
4.400999248027801514e-01 2.100125551223754883e-01 1.261512981727719307e-03 -3.020607233047485352e-01
4.443001747131347656e-01 1.487264968454837799e-02 -4.779701121151447296e-03 -8.980195038020610809e-03
4.445976316928863525e-01 -1.801804304122924805e-01 -4.959305282682180405e-03 2.821908593177795410e-01
4.409940242767333984e-01 1.501190848648548126e-02 6.845119642093777657e-04 -1.205208059400320053e-02
4.412942528724670410e-01 2.101240307092666626e-01 4.434703441802412271e-04 -3.045189678668975830e-01
4.454967379570007324e-01 1.499576773494482040e-02 -5.646908655762672424e-03 -1.169620268046855927e-02
4.457966685295104980e-01 -1.800447404384613037e-01 -5.880832672119140625e-03 2.791997194290161133e-01
4.421957731246948242e-01 1.516060158610343933e-02 -2.968384360428899527e-04 -1.533219311386346817e-02
4.424989819526672363e-01 -1.799570918083190918e-01 -6.034823018126189709e-04 2.772570550441741943e-01
4.388998448848724365e-01 1.517346408218145370e-02 4.941659048199653625e-03 -1.561614032834768295e-02
4.392032921314239502e-01 2.102241963148117065e-01 4.629336297512054443e-03 -3.067358136177062988e-01
4.434077739715576172e-01 1.503658853471279144e-02 -1.505380379967391491e-03 -1.259652897715568542e-02
4.437085092067718506e-01 -1.800637394189834595e-01 -1.757311052642762661e-03 2.796110510826110840e-01
4.401072561740875244e-01 1.508323382586240768e-02 3.834909992292523384e-03 -1.362560875713825226e-02
4.404089152812957764e-01 2.101499736309051514e-01 3.562397789210081100e-03 -3.050961196422576904e-01
4.446119070053100586e-01 1.497744210064411163e-02 -2.539524342864751816e-03 -1.129182334989309311e-02
4.449114501476287842e-01 -1.801079958677291870e-01 -2.765360753983259201e-03 2.805887758731842041e-01
4.413093030452728271e-01 1.505329180508852005e-02 2.846414688974618912e-03 -1.296505611389875412e-02
4.416103661060333252e-01 2.101343125104904175e-01 2.587113529443740845e-03 -3.047485351562500000e-01
4.458130598068237305e-01 1.497558224946260452e-02 -3.507857443764805794e-03 -1.125083118677139282e-02
4.461125731468200684e-01 -1.800958812236785889e-01 -3.732874058187007904e-03 2.803232669830322266e-01
4.425106346607208252e-01 1.507911365479230881e-02 1.873591216281056404e-03 -1.353465951979160309e-02
4.428122341632843018e-01 2.101741433143615723e-01 1.602898002602159977e-03 -3.056258559226989746e-01
4.470157027244567871e-01 1.502938941121101379e-02 -4.509618971496820450e-03 -1.243784744292497635e-02
4.473162889480590820e-01 -1.800276041030883789e-01 -4.758376162499189377e-03 2.788188457489013672e-01
4.437157511711120605e-01 1.516190916299819946e-02 8.180005825124680996e-04 -1.536106877028942108e-02
4.440189898014068604e-01 2.102721184492111206e-01 5.107792094349861145e-04 -3.077858090400695801e-01
4.482244253158569336e-01 1.514289434999227524e-02 -5.644936580210924149e-03 -1.494182553142309189e-02
4.485272765159606934e-01 -1.798976510763168335e-01 -5.943773314356803894e-03 2.759547233581542969e-01
4.449293315410614014e-01 1.530859712511301041e-02 -4.246786993462592363e-04 -1.859693042933940887e-02
4.452354907989501953e-01 -1.798072606325149536e-01 -7.966172997839748859e-04 2.739519774913787842e-01
4.416393637657165527e-01 1.532604731619358063e-02 4.682422149926424026e-03 -1.898209936916828156e-02
4.419458806514739990e-01 2.103805392980575562e-01 4.302780143916606903e-03 -3.101840019226074219e-01
4.461534917354583740e-01 1.519754435867071152e-02 -1.900899689644575119e-03 -1.614720933139324188e-02
4.464574456214904785e-01 -1.798970997333526611e-01 -2.223843941465020180e-03 2.759353518486022949e-01
4.428595006465911865e-01 1.525651477277278900e-02 3.294863272458314896e-03 -1.744814217090606689e-02
4.431646168231964111e-01 2.103310525417327881e-01 2.945900429040193558e-03 -3.090896904468536377e-01
4.473712444305419922e-01 1.516725774854421616e-02 -3.235893324017524719e-03 -1.547915767878293991e-02
4.476746022701263428e-01 -1.799081414937973022e-01 -3.545476356521248817e-03 2.761810421943664551e-01
4.440764188766479492e-01 1.526421774178743362e-02 1.978144748136401176e-03 -1.761800795793533325e-02
4.443817138671875000e-01 2.103577405214309692e-01 1.625784439966082573e-03 -3.096761405467987061e-01
4.485888779163360596e-01 1.521266624331474304e-02 -4.567738622426986694e-03 -1.648094132542610168e-02
4.488931298255920410e-01 -1.798434853553771973e-01 -4.897357430309057236e-03 2.747573256492614746e-01
4.452962577342987061e-01 1.534800138324499130e-02 5.977890104986727238e-04 -1.946621201932430267e-02
4.456032216548919678e-01 -1.797825247049331665e-01 2.084647567244246602e-04 2.734052538871765137e-01
4.420075714588165283e-01 1.533645857125520706e-02 5.676569882780313492e-03 -1.921190507709980011e-02
4.423142969608306885e-01 2.103765457868576050e-01 5.292331799864768982e-03 -3.100984096527099609e-01
4.465218186378479004e-01 1.517959032207727432e-02 -9.096363792195916176e-04 -1.575114764273166656e-02
4.468254148960113525e-01 -1.799293011426925659e-01 -1.224659383296966553e-03 2.766446471214294434e-01
4.432268142700195312e-01 1.521009765565395355e-02 4.308233503252267838e-03 -1.642429456114768982e-02
4.435310363769531250e-01 2.102700024843215942e-01 3.979747649282217026e-03 -3.077448010444641113e-01
4.477364420890808105e-01 1.509156730026006699e-02 -2.175148809328675270e-03 -1.380944252014160156e-02
4.480382502079010010e-01 -1.799991279840469360e-01 -2.451337641105055809e-03 2.781864106655120850e-01
4.444382786750793457e-01 1.515771448612213135e-02 3.112390637397766113e-03 -1.526866108179092407e-02
4.447414278984069824e-01 2.102348953485488892e-01 2.807017415761947632e-03 -3.069679737091064453e-01
4.489461183547973633e-01 1.507305447012186050e-02 -3.332342021167278290e-03 -1.340110413730144501e-02
4.492475986480712891e-01 -1.800009459257125854e-01 -3.600364085286855698e-03 2.782285809516906738e-01
4.456475675106048584e-01 1.517217978835105896e-02 1.964207272976636887e-03 -1.558773033320903778e-02
4.459510147571563721e-01 2.102659046649932861e-01 1.652452629059553146e-03 -3.076502680778503418e-01
4.501563310623168945e-01 1.512044854462146759e-02 -4.500553011894226074e-03 -1.444667205214500427e-02
4.504587352275848389e-01 -1.799366772174835205e-01 -4.789486527442932129e-03 2.768128812313079834e-01
4.468600153923034668e-01 1.525328215211629868e-02 7.467712857760488987e-04 -1.737678796052932739e-02
4.471650719642639160e-01 2.103645205497741699e-01 3.992355486843734980e-04 -3.098240196704864502e-01
4.513723552227020264e-01 1.523687876760959625e-02 -5.797244608402252197e-03 -1.701519824564456940e-02
4.516771137714385986e-01 -1.798014491796493530e-01 -6.137548480182886124e-03 2.738330066204071045e-01
4.480810761451721191e-01 1.540752779692411423e-02 -6.608884432353079319e-04 -2.077938243746757507e-02
4.483892321586608887e-01 -1.797049343585968018e-01 -1.076476066373288631e-03 2.716949582099914551e-01
4.447951316833496094e-01 1.543235592544078827e-02 4.357423167675733566e-03 -2.132730372250080109e-02
4.451037645339965820e-01 2.104915529489517212e-01 3.930876962840557098e-03 -3.126322329044342041e-01
4.493136107921600342e-01 1.531381718814373016e-02 -2.321767853572964668e-03 -1.871222816407680511e-02
4.496198892593383789e-01 -1.797747611999511719e-01 -2.696012379601597786e-03 2.732372581958770752e-01
4.460243880748748779e-01 1.538555510342121124e-02 2.768732607364654541e-03 -2.029478549957275391e-02
4.463320970535278320e-01 2.104676961898803711e-01 2.362836850807070732e-03 -3.121028542518615723e-01
4.505414366722106934e-01 1.531215757131576538e-02 -3.879220224916934967e-03 -1.867570355534553528e-02
4.508476853370666504e-01 -1.797539442777633667e-01 -4.252734128385782242e-03 2.727807760238647461e-01
4.472526013851165771e-01 1.542842667549848557e-02 1.202880870550870895e-03 -2.124045044183731079e-02
4.475611746311187744e-01 -1.797107607126235962e-01 7.780719315633177757e-04 2.718217670917510986e-01
4.439669549465179443e-01 1.540008559823036194e-02 6.214506924152374268e-03 -2.061566151678562164e-02
4.442749619483947754e-01 2.104323655366897583e-01 5.802193656563758850e-03 -3.113313913345336914e-01
4.484836161136627197e-01 1.522823423147201538e-02 -4.244337324053049088e-04 -1.682427525520324707e-02
4.487881958484649658e-01 -1.798876225948333740e-01 -7.609192398376762867e-04 2.757247090339660645e-01
4.451904296875000000e-01 1.524517126381397247e-02 4.753574728965759277e-03 -1.719811558723449707e-02
4.454953372478485107e-01 2.102986276149749756e-01 4.409612622112035751e-03 -3.083774447441101074e-01
4.497013092041015625e-01 1.511412486433982849e-02 -1.757936435751616955e-03 -1.430711988359689713e-02
4.500035941600799561e-01 -1.799825727939605713e-01 -2.044078893959522247e-03 2.778206467628479004e-01
4.464039504528045654e-01 1.516848150640726089e-02 3.512333845719695091e-03 -1.550628710538148880e-02
4.467073082923889160e-01 2.102398872375488281e-01 3.202208317816257477e-03 -3.070789575576782227e-01
4.509121179580688477e-01 1.507245190441608429e-02 -2.939371159300208092e-03 -1.338786724954843521e-02
4.512135386466979980e-01 -1.800072193145751953e-01 -3.207128494977951050e-03 2.783662080764770508e-01
4.476134181022644043e-01 1.516033429652452469e-02 2.360195619985461235e-03 -1.532651763409376144e-02
4.479166269302368164e-01 2.102483510971069336e-01 2.053665230050683022e-03 -3.072638511657714844e-01
4.521215856075286865e-01 1.509720366448163986e-02 -4.091611597687005997e-03 -1.393395010381937027e-02
4.524235129356384277e-01 -1.799658238887786865e-01 -4.370290320366621017e-03 2.774552106857299805e-01
4.488241970539093018e-01 1.521819550544023514e-02 1.178813981823623180e-03 -1.660288311541080475e-02
4.491285681724548340e-01 2.103232145309448242e-01 8.467562729492783546e-04 -3.089136481285095215e-01
4.533350467681884766e-01 1.518921554088592529e-02 -5.331516731530427933e-03 -1.596379652619361877e-02
4.536388218402862549e-01 -1.798558682203292847e-01 -5.650792736560106277e-03 2.750322222709655762e-01
4.500417113304138184e-01 1.534624584019184113e-02 -1.501482329331338406e-04 -1.942760869860649109e-02
4.503486156463623047e-01 -1.797735542058944702e-01 -5.387003766372799873e-04 2.732079327106475830e-01
4.467531442642211914e-01 1.535608246922492981e-02 4.925458226352930069e-03 -1.964484527707099915e-02
4.470602869987487793e-01 2.104070484638214111e-01 4.532561637461185455e-03 -3.107696771621704102e-01
4.512684345245361328e-01 1.522081810981035233e-02 -1.682831905782222748e-03 -1.666075922548770905e-02
4.515728354454040527e-01 -1.798769533634185791e-01 -2.016047015786170959e-03 2.754907310009002686e-01
4.479753077030181885e-01 1.527369860559701920e-02 3.493767697364091873e-03 -1.782736927270889282e-02
4.482807815074920654e-01 2.103453725576400757e-01 3.137220395728945732e-03 -3.094059228897094727e-01
4.524876773357391357e-01 1.517886109650135040e-02 -3.050898201763629913e-03 -1.573526114225387573e-02
4.527912437915802002e-01 -1.798992007970809937e-01 -3.365603508427739143e-03 2.759835124015808105e-01
4.491932690143585205e-01 1.527060288935899734e-02 2.154066693037748337e-03 -1.775902509689331055e-02
4.494986832141876221e-01 2.103615999221801758e-01 1.798886340111494064e-03 -3.097615540027618408e-01
4.537059068679809570e-01 1.521406136453151703e-02 -4.396344535052776337e-03 -1.651184074580669403e-02
4.540101885795593262e-01 -1.798445731401443481e-01 -4.726581275463104248e-03 2.747807502746582031e-01
4.504133164882659912e-01 1.534450240433216095e-02 7.690336788073182106e-04 -1.938919164240360260e-02
4.507201910018920898e-01 2.104554176330566406e-01 3.812498762272298336e-04 -3.118293881416320801e-01
4.549292922019958496e-01 1.532803662121295929e-02 -5.855337716639041901e-03 -1.902624219655990601e-02
4.552358686923980713e-01 -1.797094494104385376e-01 -6.235862616449594498e-03 2.718035280704498291e-01
4.516416788101196289e-01 1.550091989338397980e-02 -7.997921202331781387e-04 -2.283968031406402588e-02
4.519516825675964355e-01 -1.796095520257949829e-01 -1.256585703231394291e-03 2.695907950401306152e-01
4.483594894409179688e-01 1.553030870854854584e-02 4.135230090469121933e-03 -2.348820120096206665e-02
4.486701190471649170e-01 2.105927169322967529e-01 3.665466094389557838e-03 -3.148635625839233398e-01
4.528819620609283447e-01 1.541874092072248459e-02 -2.631804905831813812e-03 -2.102691493928432465e-02
4.531903266906738281e-01 -1.796653717756271362e-01 -3.052343148738145828e-03 2.708244919776916504e-01
4.495970308780670166e-01 1.550000533461570740e-02 2.364146523177623749e-03 -2.281959913671016693e-02
4.499070346355438232e-01 2.105879783630371094e-01 1.907754456624388695e-03 -3.147556781768798828e-01
4.541187882423400879e-01 1.543889846652746201e-02 -4.387359134852886200e-03 -2.147171646356582642e-02
4.544275701045989990e-01 -1.796198636293411255e-01 -4.816793370991945267e-03 2.698237299919128418e-01
4.508351683616638184e-01 1.557049620896577835e-02 5.796812474727630615e-04 -2.437454462051391602e-02
4.511465728282928467e-01 -1.795597672462463379e-01 9.219034836860373616e-05 2.684912085533142090e-01
4.475553929805755615e-01 1.556087192147970200e-02 5.462014582008123398e-03 -2.416262589395046234e-02
4.478666186332702637e-01 2.106040716171264648e-01 4.978762473911046982e-03 -3.151172399520874023e-01
4.520787000656127930e-01 1.541155297309160233e-02 -1.323582371696829796e-03 -2.086833678185939789e-02
4.523869156837463379e-01 -1.796913892030715942e-01 -1.740949111990630627e-03 2.713966965675354004e-01
4.487930834293365479e-01 1.545535866171121597e-02 3.686984768137335777e-03 -2.183482982218265533e-02
4.491021931171417236e-01 2.105242460966110229e-01 3.250288078561425209e-03 -3.133521974086761475e-01
