-2.382573671638965607e-02 1.038333494216203690e-02 -3.456718288362026215e-03 4.721213597804307938e-03
-2.361806854605674744e-02 -1.846888661384582520e-01 -3.362294053658843040e-03 2.963114976882934570e-01
-2.731184661388397217e-02 1.048085000365972519e-02 2.563935937359929085e-03 2.570061944425106049e-03
-2.710223011672496796e-02 2.055659294128417969e-01 2.615337260067462921e-03 -2.893027961254119873e-01
-2.299091033637523651e-02 1.040678936988115311e-02 -3.170718904584646225e-03 4.203818272799253464e-03
-2.278277464210987091e-02 -1.846695393323898315e-01 -3.086642595008015633e-03 2.958846688270568848e-01
-2.647616714239120483e-02 1.049627177417278290e-02 2.831050660461187363e-03 2.229856327176094055e-03
-2.626624144613742828e-02 2.055775076150894165e-01 2.875647740438580513e-03 -2.895585000514984131e-01
-2.215469069778919220e-02 1.041466835886240005e-02 -2.915522316470742226e-03 4.029990173876285553e-03
-2.194639667868614197e-02 -1.846653521060943604e-01 -2.834922401234507561e-03 2.957915961742401123e-01
-2.563970349729061127e-02 1.049690227955579758e-02 3.080909838899970055e-03 2.215943532064557076e-03
-2.542976662516593933e-02 2.055745273828506470e-01 3.125228686258196831e-03 -2.894933223724365234e-01
-2.131827548146247864e-02 1.040815748274326324e-02 -2.664637984707951546e-03 4.173622000962495804e-03
-2.111011184751987457e-02 -1.846754848957061768e-01 -2.581165404990315437e-03 2.960146367549896240e-01
-2.480362169444561005e-02 1.048317551612854004e-02 3.339127171784639359e-03 2.518767490983009338e-03
-2.459395863115787506e-02 2.055570781230926514e-01 3.389502642676234245e-03 -2.891087532043457031e-01
-2.048281766474246979e-02 1.038695871829986572e-02 -2.392672467976808548e-03 4.641254898160696030e-03
-2.027507685124874115e-02 -1.847005933523178101e-01 -2.299847546964883804e-03 2.965683043003082275e-01
-2.396908961236476898e-02 1.045406516641378403e-02 3.631518688052892685e-03 3.160932566970586777e-03
-2.376000769436359406e-02 2.055237442255020142e-01 3.694737330079078674e-03 -2.883740067481994629e-01
-1.964953355491161346e-02 1.034930348396301270e-02 -2.072742674499750137e-03 5.471920594573020935e-03
-1.944254711270332336e-02 -1.847428679466247559e-01 -1.963304355740547180e-03 2.975001633167266846e-01
-2.313740365207195282e-02 1.040702313184738159e-02 3.986698575317859650e-03 4.198680166155099869e-03
-2.292926423251628876e-02 2.054715752601623535e-01 4.070672206580638885e-03 -2.872237265110015869e-01
-1.881983317434787750e-02 1.029180735349655151e-02 -1.673802267760038376e-03 6.740264128893613815e-03
-1.861399598419666290e-02 -1.848060935735702515e-01 -1.538996933959424496e-03 2.988946139812469482e-01
-2.231011912226676941e-02 1.033775508403778076e-02 4.438895266503095627e-03 5.726716015487909317e-03
-2.210336364805698395e-02 2.053957730531692505e-01 4.553429782390594482e-03 -2.855523824691772461e-01
-1.799544878304004669e-02 1.020917110145092010e-02 -1.157618011347949505e-03 8.563173934817314148e-03
-1.779126375913619995e-02 -1.848961561918258667e-01 -9.863545419648289680e-04 3.008806407451629639e-01
-2.148918807506561279e-02 1.023983675986528397e-02 5.031258333474397659e-03 7.886794395744800568e-03
-2.128439024090766907e-02 2.052892744541168213e-01 5.188994109630584717e-03 -2.832044661045074463e-01
-1.717860624194145203e-02 1.009369548410177231e-02 -4.750954685732722282e-04 1.111050788313150406e-02
-1.697673089802265167e-02 -1.850214451551437378e-01 -2.528853074181824923e-04 3.036434948444366455e-01
-2.067716047167778015e-02 1.010411512106657028e-02 5.819984711706638336e-03 1.088082883507013321e-02
-2.047507837414741516e-02 2.051421254873275757e-01 6.037601269781589508e-03 -2.799601554870605469e-01
-1.637223549187183380e-02 9.934564121067523956e-03 4.383981286082416773e-04 1.462088339030742645e-02
-1.617354527115821838e-02 -1.851936727762222290e-01 7.308158092200756073e-04 3.074420988559722900e-01
-1.987741887569427490e-02 9.917858056724071503e-03 6.879657972604036331e-03 1.498974114656448364e-02
-1.967906020581722260e-02 2.049404680728912354e-01 7.179452572017908096e-03 -2.755146622657775879e-01
-1.558025088161230087e-02 9.716831147670745850e-03 1.669159391894936562e-03 1.942400261759757996e-02
-1.538591459393501282e-02 2.048148065805435181e-01 2.057639416307210922e-03 -2.727318108081817627e-01
-1.128961890935897827e-02 9.663553908467292786e-03 -3.396996995434165001e-03 2.059938386082649231e-02
-1.109634712338447571e-02 -1.854095160961151123e-01 -2.985009225085377693e-03 3.122085928916931152e-01
-1.480453833937644958e-02 9.754832834005355835e-03 3.259162418544292450e-03 1.858577504754066467e-02
-1.460944116115570068e-02 2.048298865556716919e-01 3.630877938121557236e-03 -2.730670571327209473e-01
-1.051284372806549072e-02 9.656322188675403595e-03 -1.830463414080440998e-03 2.075883373618125916e-02
-1.031971722841262817e-02 -1.854393333196640015e-01 -1.415286678820848465e-03 3.128636777400970459e-01
-1.402850355952978134e-02 9.702754206955432892e-03 4.841986577957868576e-03 1.973473839461803436e-02
-1.383444853127002716e-02 2.047549337148666382e-01 5.236681550741195679e-03 -2.714165747165679932e-01
-9.739349596202373505e-03 9.558648802340030670e-03 -1.916499022627249360e-04 2.291342616081237793e-02
-9.548177011311054230e-03 -1.855605542659759521e-01 2.666186192072927952e-04 3.155358731746673584e-01
-1.325938757508993149e-02 9.557599201798439026e-03 6.577336229383945465e-03 2.293704636394977570e-02
-1.306823547929525375e-02 2.045846134424209595e-01 7.036077324301004410e-03 -2.676634192466735840e-01
-8.976543322205543518e-03 9.362953715026378632e-03 1.682808739133179188e-03 2.723040618002414703e-02
-8.789285086095333099e-03 -1.857830882072448730e-01 2.227416960522532463e-03 3.204438090324401855e-01
-1.250494644045829773e-02 9.307069703936576843e-03 8.636293001472949982e-03 2.846414968371391296e-02
-1.231880486011505127e-02 2.043041139841079712e-01 9.205576032400131226e-03 -2.614814639091491699e-01
-8.232722990214824677e-03 9.051972068846225739e-03 3.975946456193923950e-03 3.409073501825332642e-02
-8.051683194935321808e-03 2.041166871786117554e-01 4.657761193811893463e-03 -2.573350965976715088e-01
-3.969349898397922516e-03 8.928542956709861755e-03 -4.889405681751668453e-04 3.681331500411033630e-02
-3.790778806433081627e-03 -1.861863881349563599e-01 2.473257482051849365e-04 3.293419480323791504e-01
-7.514506578445434570e-03 8.932036347687244415e-03 6.834164261817932129e-03 3.673701733350753784e-02
-7.335865870118141174e-03 2.039553225040435791e-01 7.568904664367437363e-03 -2.537818551063537598e-01
-3.256759606301784515e-03 8.726119063794612885e-03 2.493267878890037537e-03 4.127880185842514038e-02
-3.082237206399440765e-03 2.038122266530990601e-01 3.318843897432088852e-03 -2.506164312362670898e-01
9.940073359757661819e-04 8.643041364848613739e-03 -1.693484955467283726e-03 4.311147332191467285e-02
1.166868256404995918e-03 -1.864545792341232300e-01 -8.312554564327001572e-04 3.352596163749694824e-01
-2.562223467975854874e-03 8.679186925292015076e-03 5.873936694115400314e-03 4.231466352939605713e-02
-2.388639841228723526e-03 2.037164121866226196e-01 6.720229983329772949e-03 -2.485092133283615112e-01
1.685688621364533901e-03 8.499140851199626923e-03 1.750045805238187313e-03 4.628582671284675598e-02
1.855671405792236328e-03 2.035959511995315552e-01 2.675762400031089783e-03 -2.458444386720657349e-01
5.927590653300285339e-03 8.435888215899467468e-03 -2.241126261651515961e-03 4.768129065632820129e-02
6.096308119595050812e-03 -1.866538524627685547e-01 -1.287500490434467793e-03 3.396562933921813965e-01
2.363231033086776733e-03 8.486391976475715637e-03 5.505625158548355103e-03 4.656763002276420593e-02
2.532958984375000000e-03 2.035289704799652100e-01 6.436978001147508621e-03 -2.443731576204299927e-01
6.603538058698177338e-03 8.315667510032653809e-03 1.549514709040522575e-03 5.033318698406219482e-02
6.769851781427860260e-03 -1.868284642696380615e-01 2.556178485974669456e-03 3.435046076774597168e-01
3.033282235264778137e-03 8.257024921476840973e-03 9.426270611584186554e-03 5.162882804870605469e-02
3.198422724381089211e-03 2.032425552606582642e-01 1.045884657651185989e-02 -2.380651831626892090e-01
7.263273932039737701e-03 7.972760125994682312e-03 5.697543267160654068e-03 5.789832770824432373e-02
7.422728929668664932e-03 2.030125558376312256e-01 6.855509709566831589e-03 -2.329815477132797241e-01
1.148298010230064392e-02 7.793325930833816528e-03 2.195878652855753899e-03 6.185591965913772583e-02
1.163884717971086502e-02 2.028837203979492188e-01 3.432997036725282669e-03 -2.301333844661712646e-01
1.569652184844017029e-02 7.712885271757841110e-03 -1.169670722447335720e-03 6.363044679164886475e-02
1.585077866911888123e-02 -1.873922795057296753e-01 1.029381819535046816e-04 3.559440970420837402e-01
1.210293360054492950e-02 7.728211116045713425e-03 7.221820298582315445e-03 6.329364329576492310e-02
1.225749775767326355e-02 2.027458846569061279e-01 8.487693034112453461e-03 -2.271020412445068359e-01
1.631241478025913239e-02 7.503663189709186554e-03 3.945652395486831665e-03 6.824608892202377319e-02
1.646248809993267059e-02 2.025688290596008301e-01 5.310574080795049667e-03 -2.231893539428710938e-01
2.051386423408985138e-02 7.371373940259218216e-03 8.467870065942406654e-04 7.116398960351943970e-02
2.066129259765148163e-02 -1.877627074718475342e-01 2.270066877827048302e-03 3.641139566898345947e-01
1.690603792667388916e-02 7.326908409595489502e-03 9.552346542477607727e-03 7.214769721031188965e-02
1.705257594585418701e-02 2.023106217384338379e-01 1.099529955536127090e-02 -2.175061851739883423e-01
2.109878882765769958e-02 7.033227942883968353e-03 6.645176559686660767e-03 7.862475514411926270e-02
2.123945392668247223e-02 2.020592838525772095e-01 8.217670954763889313e-03 -2.119542211294174194e-01
2.528063952922821045e-02 6.820815615355968475e-03 3.978587221354246140e-03 8.330957591533660889e-02
2.541705593466758728e-02 2.018855065107345581e-01 5.644778721034526825e-03 -2.081154435873031616e-01
2.945476584136486053e-02 6.683299317955970764e-03 1.482469728216528893e-03 8.634275943040847778e-02
2.958843111991882324e-02 2.017839699983596802e-01 3.209325019270181656e-03 -2.058720737695693970e-01
3.362411260604858398e-02 6.616272032260894775e-03 -9.081165771931409836e-04 8.782149851322174072e-02
3.375643491744995117e-02 -1.884926557540893555e-01 8.483134442940354347e-04 3.802177906036376953e-01
2.998658269643783569e-02 6.617243867367506027e-03 8.452668786048889160e-03 8.780244737863540649e-02
3.011892922222614288e-02 2.016170173883438110e-01 1.020871754735708237e-02 -2.022017091512680054e-01
3.415126726031303406e-02 6.350568495690822601e-03 6.164683494716882706e-03 9.368401020765304565e-02
3.427828103303909302e-02 2.013836205005645752e-01 8.038363419473171234e-03 -1.970476061105728149e-01
3.830595314502716064e-02 6.147621199488639832e-03 4.097411874681711197e-03 9.816019237041473389e-02
3.842890635132789612e-02 2.012106031179428101e-01 6.060615647584199905e-03 -1.932272017002105713e-01
4.245311766862869263e-02 6.002487614750862122e-03 2.196071436628699303e-03 1.013614162802696228e-01
4.257316887378692627e-02 2.010928988456726074e-01 4.223299678415060043e-03 -1.906278431415557861e-01
4.659502580761909485e-02 5.910782609134912491e-03 4.107427666895091534e-04 1.033843532204627991e-01
4.671324044466018677e-02 -1.892170459032058716e-01 2.478429814800620079e-03 3.961968421936035156e-01
4.292890056967735291e-02 5.869646556675434113e-03 1.040236651897430420e-02 1.042963489890098572e-01
4.304629191756248474e-02 2.008409947156906128e-01 1.248829346150159836e-02 -1.850865930318832397e-01
4.706311225891113281e-02 5.542602855712175369e-03 8.786561898887157440e-03 1.115095987915992737e-01
4.717396572232246399e-02 2.005375474691390991e-01 1.101675350219011307e-02 -1.783883124589920044e-01
5.118471384048461914e-02 5.259694997221231461e-03 7.448987569659948349e-03 1.177495568990707397e-01
5.128990858793258667e-02 2.002741247415542603e-01 9.803978726267814636e-03 -1.725739985704421997e-01
5.529539287090301514e-02 5.013241898268461227e-03 6.352498661726713181e-03 1.231855750083923340e-01
5.539565533399581909e-02 2.000436037778854370e-01 8.816209621727466583e-03 -1.674864441156387329e-01
5.939652770757675171e-02 4.796579480171203613e-03 5.466481205075979233e-03 1.279646456241607666e-01
5.949246138334274292e-02 1.998398005962371826e-01 8.025773800909519196e-03 -1.629886627197265625e-01
6.348925828933715820e-02 4.603876266628503799e-03 4.766000434756278992e-03 1.322153359651565552e-01
6.358133256435394287e-02 1.996572315692901611e-01 7.410306949168443680e-03 -1.589601784944534302e-01
6.757447868585586548e-02 4.429979249835014343e-03 4.231103695929050446e-03 1.360512673854827881e-01
6.766308099031448364e-02 1.994910687208175659e-01 6.952128838747739792e-03 -1.552938073873519897e-01
7.165289670228958130e-02 4.270274192094802856e-03 3.846252569928765297e-03 1.395742148160934448e-01
7.173830270767211914e-02 1.993369311094284058e-01 6.637737154960632324e-03 -1.518927961587905884e-01
7.572504132986068726e-02 4.120562691241502762e-03 3.599880961701273918e-03 1.428767740726470947e-01
7.580745220184326172e-02 1.991907805204391479e-01 6.457416340708732605e-03 -1.486682891845703125e-01
7.979127019643783569e-02 3.976950887590646744e-03 3.484050743281841278e-03 1.460448205471038818e-01
7.987081259489059448e-02 1.990488320589065552e-01 6.404947023838758469e-03 -1.455369293689727783e-01
8.385178446769714355e-02 3.835748415440320969e-03 3.494208445772528648e-03 1.491597443819046021e-01
8.392850309610366821e-02 1.989074945449829102e-01 6.477403454482555389e-03 -1.424187868833541870e-01
8.790665119886398315e-02 3.693372942507266998e-03 3.629027400165796280e-03 1.523005813360214233e-01
8.798051625490188599e-02 1.987631767988204956e-01 6.675038952380418777e-03 -1.392352581024169922e-01
9.195578098297119141e-02 3.546257736161351204e-03 3.890333930030465126e-03 1.555460393428802490e-01
9.202671051025390625e-02 1.986122876405715942e-01 7.001254707574844360e-03 -1.359070390462875366e-01
9.599895030260086060e-02 3.390762489289045334e-03 4.283113870769739151e-03 1.589764207601547241e-01
9.606676548719406128e-02 1.984511315822601318e-01 7.462642155587673187e-03 -1.323522180318832397e-01
1.000357940793037415e-01 3.223082749173045158e-03 4.815598018467426300e-03 1.626757085323333740e-01
1.001002490520477295e-01 1.982757598161697388e-01 8.069111965596675873e-03 -1.284841448068618774e-01
1.040657684206962585e-01 3.039156552404165268e-03 5.499429069459438324e-03 1.667335182428359985e-01
1.041265502572059631e-01 1.980819553136825562e-01 8.834099397063255310e-03 -1.242094337940216064e-01
1.080881878733634949e-01 2.834566403180360794e-03 6.349910516291856766e-03 1.712474226951599121e-01
1.081448793411254883e-01 1.978650540113449097e-01 9.774859063327312469e-03 -1.194255575537681580e-01
1.121021807193756104e-01 2.604432404041290283e-03 7.386347744613885880e-03 1.763251423835754395e-01
1.121542677283287048e-01 1.976199001073837280e-01 1.091285049915313721e-02 -1.140185073018074036e-01
1.161066666245460510e-01 2.343297004699707031e-03 8.632481098175048828e-03 1.820872724056243896e-01
1.161535382270812988e-01 1.973406672477722168e-01 1.227422617375850677e-02 -1.078599691390991211e-01
1.201003491878509521e-01 2.044996013864874840e-03 1.011702697724103928e-02 1.886700093746185303e-01
1.201412454247474670e-01 1.970207542181015015e-01 1.389042660593986511e-02 -1.008043140172958374e-01
1.240816637873649597e-01 1.702515757642686367e-03 1.187434047460556030e-02 1.962284445762634277e-01
1.241157129406929016e-01 1.966526210308074951e-01 1.579890958964824677e-02 -9.268513321876525879e-02
1.280487626791000366e-01 1.307829166762530804e-03 1.394520699977874756e-02 2.049401700496673584e-01
1.280749291181564331e-01 1.962276101112365723e-01 1.804400980472564697e-02 -8.331131190061569214e-02
1.319994777441024780e-01 3.910863101482391357e-01 1.637778431177139282e-02 -3.702471554279327393e-01
1.398212015628814697e-01 1.957355588674545288e-01 8.972841314971446991e-03 -7.244543731212615967e-02
1.437359154224395752e-01 4.861215711571276188e-04 7.523932494223117828e-03 2.230549007654190063e-01
1.437456309795379639e-01 1.954997330904006958e-01 1.198503095656633377e-02 -6.724521517753601074e-02
1.476556360721588135e-01 3.904478251934051514e-01 1.064012665301561356e-02 -3.561228215694427490e-01
1.554645895957946777e-01 1.951762139797210693e-01 3.517669625580310822e-03 -6.010387465357780457e-02
1.593681126832962036e-01 4.008028554380871356e-06 2.315592020750045776e-03 2.336868196725845337e-01
1.593681871891021729e-01 1.950927972793579102e-01 6.989328656345605850e-03 -5.826479569077491760e-02
1.632700413465499878e-01 3.901138305664062500e-01 5.824032705277204514e-03 -3.487343788146972656e-01
1.710723191499710083e-01 1.949095427989959717e-01 -1.150654745288193226e-03 -5.422062799334526062e-02
1.749705076217651367e-01 -1.958919892786070704e-04 -2.235067309811711311e-03 2.380990386009216309e-01
1.749666035175323486e-01 1.949579119682312012e-01 2.526913303881883621e-03 -5.528805777430534363e-02
1.788657605648040771e-01 3.900435566902160645e-01 1.421152148395776749e-03 -3.471726477146148682e-01
1.866666227579116821e-01 1.949014067649841309e-01 -5.522300954908132553e-03 -5.404192581772804260e-02
1.905646473169326782e-01 -1.409256801707670093e-04 -6.603139452636241913e-03 2.368935644626617432e-01
1.905618309974670410e-01 1.950747370719909668e-01 -1.865268102847039700e-03 -5.786485224962234497e-02
1.944633275270462036e-01 -2.041987681877799332e-05 -3.022565273568034172e-03 2.342289835214614868e-01
1.944629251956939697e-01 1.951445937156677246e-01 1.662014517933130264e-03 -5.940581858158111572e-02
1.983658075332641602e-01 3.902426660060882568e-01 4.738981369882822037e-04 -3.515639007091522217e-01
2.061706632375717163e-01 1.951139867305755615e-01 -6.557379849255084991e-03 -5.873158201575279236e-02
2.100729495286941528e-01 8.666145731694996357e-05 -7.732011843472719193e-03 2.318752557039260864e-01
2.100746780633926392e-01 1.953182369470596313e-01 -3.094506682828068733e-03 -6.323654949665069580e-02
2.139810472726821899e-01 2.407899009995162487e-04 -4.359237384051084518e-03 2.284684330224990845e-01
2.139858603477478027e-01 1.954247653484344482e-01 2.101312566082924604e-04 -6.558635085821151733e-02
2.178943604230880737e-01 3.905436992645263672e-01 -1.101595815271139145e-03 -3.582029640674591064e-01
2.257052361965179443e-01 1.954374313354492188e-01 -8.265655487775802612e-03 -6.586761027574539185e-02
2.296139746904373169e-01 4.349541559349745512e-04 -9.583007544279098511e-03 2.241960316896438599e-01
2.296226769685745239e-01 1.956925541162490845e-01 -5.099087022244930267e-03 -7.149427384138107300e-02
2.335365265607833862e-01 6.440709112212061882e-04 -6.528972182422876358e-03 2.195755243301391602e-01
2.335494160652160645e-01 1.958587318658828735e-01 -2.137461910024285316e-03 -7.515974342823028564e-02
2.374665886163711548e-01 3.910112679004669189e-01 -3.640656825155019760e-03 -3.685162961483001709e-01
2.452868074178695679e-01 1.959412395954132080e-01 -1.101098209619522095e-02 -7.698352634906768799e-02
2.492056339979171753e-01 9.788499446585774422e-04 -1.255065295845270157e-02 2.122051566839218140e-01
2.492252141237258911e-01 1.962779760360717773e-01 -8.306549862027168274e-03 -8.441025018692016602e-02
2.531507611274719238e-01 1.276072813197970390e-03 -9.994754567742347717e-03 2.056404203176498413e-01
2.531763017177581787e-01 1.965395212173461914e-01 -5.881946533918380737e-03 -9.017852693796157837e-02
2.571070790290832520e-01 1.502363942563533783e-03 -7.685516960918903351e-03 2.006428539752960205e-01
2.571371197700500488e-01 1.967333853244781494e-01 -3.672659862786531448e-03 -9.445454925298690796e-02
2.610718011856079102e-01 1.664267037995159626e-03 -5.561750847846269608e-03 1.970673948526382446e-01
2.611050903797149658e-01 1.968653351068496704e-01 -1.620402908883988857e-03 -9.736481308937072754e-02
2.650423943996429443e-01 1.766637898981571198e-03 -3.567699110135436058e-03 1.948064416646957397e-01
2.650777101516723633e-01 1.969394385814666748e-01 3.284296835772693157e-04 -9.899979829788208008e-02
2.690165042877197266e-01 3.920566737651824951e-01 -1.651566359214484692e-03 -3.915790915489196777e-01
2.768576443195343018e-01 1.969582140445709229e-01 -9.483148343861103058e-03 -9.941734373569488525e-02
2.807967960834503174e-01 1.973444363102316856e-03 -1.147149503231048584e-02 1.902586519718170166e-01
2.808362841606140137e-01 1.972576081752777100e-01 -7.666321936994791031e-03 -1.060208752751350403e-01
2.847814261913299561e-01 2.246359130367636681e-03 -9.786739014089107513e-03 1.842335313558578491e-01
2.848263680934906006e-01 1.975069642066955566e-01 -6.102068815380334854e-03 -1.115206032991409302e-01
2.887764871120452881e-01 2.472981577739119530e-03 -8.332480676472187042e-03 1.792309284210205078e-01
2.888259589672088623e-01 1.977131813764572144e-01 -4.747861996293067932e-03 -1.160689145326614380e-01
2.927802205085754395e-01 2.659572521224617958e-03 -7.069240324199199677e-03 1.751123219728469849e-01
2.928334176540374756e-01 1.978819817304611206e-01 -3.566993866115808487e-03 -1.197923049330711365e-01
2.967910468578338623e-01 2.811314305290579796e-03 -5.962840281426906586e-03 1.717631369829177856e-01
2.968472838401794434e-01 1.980181038379669189e-01 -2.527577336877584457e-03 -1.227949038147926331e-01
3.008076250553131104e-01 2.932451665401458740e-03 -4.983475431799888611e-03 1.690895259380340576e-01
3.008662760257720947e-01 1.981253772974014282e-01 -1.601684954948723316e-03 -1.251613646745681763e-01
3.048287928104400635e-01 3.026409773156046867e-03 -4.104912281036376953e-03 1.670158207416534424e-01
3.048893213272094727e-01 1.982068717479705811e-01 -7.645957521162927151e-04 -1.269592642784118652e-01
3.088534474372863770e-01 3.095888765528798103e-03 -3.303780918940901756e-03 1.654823571443557739e-01
3.089153766632080078e-01 1.982649713754653931e-01 5.866093033546349034e-06 -1.282409876585006714e-01
3.128806650638580322e-01 3.142941510304808617e-03 -2.558953827247023582e-03 1.644437909126281738e-01
3.129435479640960693e-01 1.983014345169067383e-01 7.299219141714274883e-04 -1.290453225374221802e-01
3.169095516204833984e-01 3.169030649587512016e-03 -1.850984524935483932e-03 1.638678014278411865e-01
3.169729411602020264e-01 1.983174234628677368e-01 1.426371396519243717e-03 -1.293984949588775635e-01
3.209393024444580078e-01 3.934189081192016602e-01 -1.161598484031856060e-03 -4.216310679912567139e-01
3.288076817989349365e-01 1.983134448528289795e-01 -9.594219736754894257e-03 -1.293145716190338135e-01
3.327739536762237549e-01 3.330237232148647308e-03 -1.218051090836524963e-02 1.603261232376098633e-01
3.328405618667602539e-01 1.986244320869445801e-01 -8.973988704383373260e-03 -1.361744254827499390e-01
3.368130326271057129e-01 3.632160834968090057e-03 -1.169747766107320786e-02 1.536638885736465454e-01
3.368856906890869141e-01 1.989196240901947021e-01 -8.624199777841567993e-03 -1.426862478256225586e-01
3.408640623092651367e-01 3.922247327864170074e-03 -1.147792488336563110e-02 1.472634673118591309e-01
3.409425020217895508e-01 1.992066651582717896e-01 -8.532655425369739532e-03 -1.490183025598526001e-01
3.449266552925109863e-01 4.207936581224203110e-03 -1.151302177459001541e-02 1.409605741500854492e-01
3.450108170509338379e-01 1.994928717613220215e-01 -8.693809621036052704e-03 -1.553321629762649536e-01
3.490006625652313232e-01 4.496467765420675278e-03 -1.180045306682586670e-02 1.345954388380050659e-01
3.490906059741973877e-01 1.997854411602020264e-01 -9.108544327318668365e-03 -1.617868840694427490e-01
3.530862927436828613e-01 4.795063287019729614e-03 -1.234428212046623230e-02 1.280086785554885864e-01
3.531821966171264648e-01 2.000916600227355957e-01 -9.784108959138393402e-03 -1.685430258512496948e-01
3.571840524673461914e-01 5.111109465360641479e-03 -1.315496955066919327e-02 1.210373193025588989e-01
3.572862744331359863e-01 2.004190385341644287e-01 -1.073422282934188843e-02 -1.757666766643524170e-01
3.612946271896362305e-01 5.452341400086879730e-03 -1.424955669790506363e-02 1.135107204318046570e-01
3.614036738872528076e-01 2.007755488157272339e-01 -1.197934243828058243e-02 -1.836335659027099609e-01
3.654192090034484863e-01 5.827029701322317123e-03 -1.565201394259929657e-02 1.052463799715042114e-01
3.655357360839843750e-01 2.011697441339492798e-01 -1.354708615690469742e-02 -1.923333108425140381e-01
3.695591390132904053e-01 6.244185380637645721e-03 -1.739375293254852295e-02 9.604547917842864990e-02
3.696840107440948486e-01 2.016110569238662720e-01 -1.547284238040447235e-02 -2.020740061998367310e-01
3.737162351608276367e-01 6.713771261274814606e-03 -1.951432228088378906e-02 8.568809926509857178e-02
3.738505244255065918e-01 -1.881230920553207397e-01 -1.780056022107601166e-02 3.721508979797363281e-01
3.700880408287048340e-01 7.247150409966707230e-03 -1.035754289478063583e-02 7.390887290239334106e-02
3.702329993247985840e-01 2.025160491466522217e-01 -8.879365399479866028e-03 -2.220238149166107178e-01
3.742833137512207031e-01 7.522128522396087646e-03 -1.331984158605337143e-02 6.784502416849136353e-02
3.744337558746337891e-01 -1.874063462018966675e-01 -1.196294091641902924e-02 3.562958836555480957e-01
3.706856369972229004e-01 7.883626036345958710e-03 -4.837023094296455383e-03 5.986486747860908508e-02
3.708432912826538086e-01 2.030745893716812134e-01 -3.639725968241691589e-03 -2.343402355909347534e-01
3.749048113822937012e-01 8.004835806787014008e-03 -8.326530456542968750e-03 5.719238147139549255e-02
3.750648796558380127e-01 2.032451778650283813e-01 -7.182683330029249191e-03 -2.381059527397155762e-01
3.791297972202301025e-01 8.226573467254638672e-03 -1.194480247795581818e-02 5.230271816253662109e-02
3.792943358421325684e-01 -1.867220848798751831e-01 -1.089874748140573502e-02 3.411931693553924561e-01
3.755598962306976318e-01 8.553223684430122375e-03 -4.074884578585624695e-03 4.509342089295387268e-02
3.757309615612030029e-01 2.037333697080612183e-01 -3.173016244545578957e-03 -2.488723844289779663e-01
3.798056244850158691e-01 8.656875230371952057e-03 -8.150463923811912537e-03 4.280802607536315918e-02
3.799787461757659912e-01 -1.863472610712051392e-01 -7.294303271919488907e-03 3.329083025455474854e-01
3.762518167495727539e-01 8.877751417458057404e-03 -6.361373816616833210e-04 3.793406859040260315e-02
3.764293789863586426e-01 2.040088176727294922e-01 1.225439773406833410e-04 -2.549495100975036621e-01
3.805095553398132324e-01 8.885118179023265839e-03 -4.976445809006690979e-03 3.777207806706428528e-02
3.806872367858886719e-01 -1.861651241779327393e-01 -4.221004433929920197e-03 3.288807272911071777e-01
3.769639432430267334e-01 9.016667492687702179e-03 2.356610493734478951e-03 3.486970067024230957e-02
3.771442770957946777e-01 2.041047513484954834e-01 3.054004395380616188e-03 -2.570687532424926758e-01
3.812263607978820801e-01 8.939325809478759766e-03 -2.087370725348591805e-03 3.657587990164756775e-02
3.814051449298858643e-01 2.040911465883255005e-01 -1.355853164568543434e-03 -2.567648887634277344e-01
3.854869902133941650e-01 8.988580666482448578e-03 -6.491151172667741776e-03 3.549005836248397827e-02
3.856667578220367432e-01 -1.860396862030029297e-01 -5.781350191682577133e-03 3.261179029941558838e-01
3.819459676742553711e-01 9.164097718894481659e-03 7.410081452690064907e-04 3.161742165684700012e-02
3.821292519569396973e-01 2.042754143476486206e-01 1.373356557451188564e-03 -2.608316242694854736e-01
3.862147629261016846e-01 9.133885614573955536e-03 -3.843275830149650574e-03 3.228416666388511658e-02
3.863974213600158691e-01 -1.859327405691146851e-01 -3.197592450305819511e-03 3.237520158290863037e-01
3.826787769794464111e-01 9.234595112502574921e-03 3.277448005974292755e-03 3.006242588162422180e-02
3.828634619712829590e-01 2.043093889951705933e-01 3.878696588799357414e-03 -2.615846395492553711e-01
3.869496583938598633e-01 9.132289327681064606e-03 -1.352996099740266800e-03 3.231915459036827087e-02
3.871322870254516602e-01 2.042736113071441650e-01 -7.066130056045949459e-04 -2.607903480529785156e-01
3.912177681922912598e-01 9.161760099232196808e-03 -5.922419950366020203e-03 3.166962042450904846e-02
3.914009928703308105e-01 -1.858747601509094238e-01 -5.289027467370033264e-03 3.224780857563018799e-01
3.876835107803344727e-01 9.322104044258594513e-03 1.160534215159714222e-03 2.813192084431648254e-02
3.878699541091918945e-01 2.044273912906646729e-01 1.723172608762979507e-03 -2.641846239566802979e-01
3.919585049152374268e-01 9.280888363718986511e-03 -3.560519777238368988e-03 2.904131449759006500e-02
3.921441137790679932e-01 -1.857898235321044922e-01 -2.979693468660116196e-03 3.205987215042114258e-01
3.884283304214477539e-01 9.374436922371387482e-03 3.432281315326690674e-03 2.697761915624141693e-02
3.886158168315887451e-01 2.044470012187957764e-01 3.971833735704421997e-03 -2.646204233169555664e-01
3.927047550678253174e-01 9.268582798540592194e-03 -1.320574665442109108e-03 2.931261807680130005e-02
3.928901255130767822e-01 2.044094502925872803e-01 -7.343222387135028839e-04 -2.637866735458374023e-01
3.969783186912536621e-01 9.297984652221202850e-03 -6.010055541992187500e-03 2.866455167531967163e-02
3.971642553806304932e-01 -1.857372671365737915e-01 -5.436764564365148544e-03 3.194451928138732910e-01
3.934495151042938232e-01 9.461692534387111664e-03 9.521393221803009510e-04 2.505268715322017670e-02
3.936387598514556885e-01 2.045699805021286011e-01 1.453193021006882191e-03 -2.673296630382537842e-01
3.977301716804504395e-01 9.427315555512905121e-03 -3.893400542438030243e-03 2.581124380230903625e-02
3.979187011718750000e-01 -1.856385916471481323e-01 -3.377175657078623772e-03 3.172632157802581787e-01
3.942059278488159180e-01 9.531305171549320221e-03 2.968088956549763680e-03 2.351716719567775726e-02
3.943965733051300049e-01 2.046105712652206421e-01 3.438432235270738602e-03 -2.682278156280517578e-01
3.984887599945068359e-01 9.439712390303611755e-03 -1.926124095916748047e-03 2.553762868046760559e-02
3.986775577068328857e-01 2.045892328023910522e-01 -1.415371545590460300e-03 -2.677523791790008545e-01
4.027693569660186768e-01 9.487509727478027344e-03 -6.770419422537088394e-03 2.448378317058086395e-02
4.029591083526611328e-01 -1.855366975069046021e-01 -6.280743516981601715e-03 3.150228857994079590e-01
3.992483615875244141e-01 9.674156084656715393e-03 1.971427445823792368e-05 2.036586962640285492e-02
3.994418382644653320e-01 2.047958225011825562e-01 4.270316858310252428e-04 -2.723108232021331787e-01
4.035377502441406250e-01 9.667782112956047058e-03 -5.019185133278369904e-03 2.050674706697463989e-02
4.037311077117919922e-01 -1.853818297386169434e-01 -4.609050229191780090e-03 3.116018474102020264e-01
4.000234901905059814e-01 9.805480949580669403e-03 1.622986746951937675e-03 1.746893301606178284e-02
4.002195894718170166e-01 2.049041241407394409e-01 1.972365425899624825e-03 -2.747014760971069336e-01
4.043176770210266113e-01 9.754082188010215759e-03 -3.521664068102836609e-03 1.860288158059120178e-02
4.045127630233764648e-01 -1.853171885013580322e-01 -3.149606520310044289e-03 3.101726174354553223e-01
4.008064270019531250e-01 9.849495254456996918e-03 3.053845604881644249e-03 1.649804785847663879e-02
4.010033905506134033e-01 2.049275189638137817e-01 3.383806673809885979e-03 -2.752197980880737305e-01
4.051019549369812012e-01 9.757451713085174561e-03 -2.120589371770620346e-03 1.852846890687942505e-02
4.052971005439758301e-01 2.049097567796707153e-01 -1.750019844621419907e-03 -2.748227715492248535e-01
4.093953073024749756e-01 9.812812320888042450e-03 -7.246475201100111008e-03 1.730768010020256042e-02
4.095915555953979492e-01 -1.852044761180877686e-01 -6.900321692228317261e-03 3.076954782009124756e-01
4.058874547481536865e-01 1.001512072980403900e-02 -7.464122027158737183e-04 1.284438464790582657e-02
4.060877561569213867e-01 2.051477730274200439e-01 -4.895245074294507504e-04 -2.800739407539367676e-01
4.101907312870025635e-01 1.003280375152826309e-02 -6.091003306210041046e-03 1.245454140007495880e-02
4.103913903236389160e-01 -1.850012689828872681e-01 -5.841912701725959778e-03 3.032094836235046387e-01
4.066913425922393799e-01 1.020345184952020645e-02 2.222768380306661129e-04 8.689881302416324615e-03
4.068954288959503174e-01 2.053222209215164185e-01 3.960744652431458235e-04 -2.839229106903076172e-01
4.110018610954284668e-01 1.019461639225482941e-02 -5.282383877784013748e-03 8.884914219379425049e-03
4.112057685852050781e-01 -1.848511844873428345e-01 -5.104685202240943909e-03 2.998965084552764893e-01
4.075087308883666992e-01 1.034315768629312515e-02 8.932449272833764553e-04 5.608051083981990814e-03
4.077155888080596924e-01 2.054522931575775146e-01 1.005405909381806850e-03 -2.867929041385650635e-01
4.118246436119079590e-01 1.031601242721080780e-02 -4.730452317744493484e-03 6.206941790878772736e-03
4.120309650897979736e-01 -1.847377866506576538e-01 -4.606313537806272507e-03 2.973936200141906738e-01
4.083362221717834473e-01 1.044953148812055588e-02 1.341558760032057762e-03 3.261495847254991531e-03
4.085451960563659668e-01 2.055522203445434570e-01 1.406788593158125877e-03 -2.889978587627410889e-01
4.126562476158142090e-01 1.041023340076208115e-02 -4.373168572783470154e-03 4.128430504351854324e-03
4.128644466400146484e-01 -1.846487224102020264e-01 -4.290599841624498367e-03 2.954283654689788818e-01
4.091714620590209961e-01 1.053412817418575287e-02 1.617967500351369381e-03 1.395346364006400108e-03
4.093821644783020020e-01 -1.846109926700592041e-01 1.645874464884400368e-03 2.945883274078369141e-01
4.056899249553680420e-01 1.048745773732662201e-02 7.537641096860170364e-03 2.424933947622776031e-03
4.058996737003326416e-01 2.055004984140396118e-01 7.586139719933271408e-03 -2.878702878952026367e-01
4.100096821784973145e-01 1.027119345963001251e-02 1.828734064474701881e-03 7.195562589913606644e-03
4.102151095867156982e-01 2.053668648004531860e-01 1.972645288333296776e-03 -2.849098145961761475e-01
4.143224656581878662e-01 1.021684054285287857e-02 -3.725551068782806396e-03 8.394616656005382538e-03
4.145267903804779053e-01 -1.848514825105667114e-01 -3.557658754289150238e-03 2.998997569084167480e-01
4.108297526836395264e-01 1.032099593430757523e-02 2.440336626023054123e-03 6.096946075558662415e-03
4.110361933708190918e-01 2.054078578948974609e-01 2.562275622040033340e-03 -2.858150303363800049e-01
4.151443541049957275e-01 1.024946477264165878e-02 -3.154024947434663773e-03 7.674920372664928436e-03
4.153493344783782959e-01 -1.848271042108535767e-01 -3.000526688992977142e-03 2.993610501289367676e-01
4.116527736186981201e-01 1.033748034387826920e-02 2.986694453284144402e-03 5.733323749154806137e-03
4.118595421314239502e-01 2.054164707660675049e-01 3.101360751315951347e-03 -2.860057651996612549e-01
4.159678816795349121e-01 1.025042682886123657e-02 -2.618754515424370766e-03 7.653686683624982834e-03
4.161728620529174805e-01 -1.848338693380355835e-01 -2.465680940076708794e-03 2.995092272758483887e-01
4.124762117862701416e-01 1.032313983887434006e-02 3.524503437802195549e-03 6.049680989235639572e-03
4.126826524734497070e-01 2.053943723440170288e-01 3.645497141405940056e-03 -2.855191528797149658e-01
4.167905449867248535e-01 1.022061519324779510e-02 -2.064885804429650307e-03 8.311316370964050293e-03
4.169949591159820557e-01 -1.848716586828231812e-01 -1.898659393191337585e-03 3.003420233726501465e-01
4.132975339889526367e-01 1.027730014175176620e-02 4.108181223273277283e-03 7.060911040753126144e-03
4.135030806064605713e-01 2.053400874137878418e-01 4.249399527907371521e-03 -2.843230068683624268e-01
4.176098704338073730e-01 1.015779376029968262e-02 -1.437060767784714699e-03 9.697117842733860016e-03
4.178130328655242920e-01 2.053003311157226562e-01 -1.243118429556488991e-03 -2.834388613700866699e-01
4.219190478324890137e-01 1.019612699747085571e-02 -6.911895703524351120e-03 8.851721882820129395e-03
4.221229553222656250e-01 -1.848260164260864258e-01 -6.734861526638269424e-03 2.993458807468414307e-01
4.184264540672302246e-01 1.039128005504608154e-02 -7.479439373128116131e-04 4.546530544757843018e-03
4.186342656612396240e-01 -1.847199350595474243e-01 -6.570133264176547527e-04 2.969933748245239258e-01
4.149398803710937500e-01 1.041137427091598511e-02 5.282854195684194565e-03 4.103312734514474869e-03
4.151481091976165771e-01 2.054571658372879028e-01 5.364920478314161301e-03 -2.869081497192382812e-01
4.192572236061096191e-01 1.025911606848239899e-02 -3.732423065230250359e-04 7.461999543011188507e-03
4.194624125957489014e-01 2.053864151239395142e-01 -2.240023022750392556e-04 -2.853386700153350830e-01
4.235701560974121094e-01 1.026766188442707062e-02 -5.930775776505470276e-03 7.273603696376085281e-03
4.237754940986633301e-01 -1.847687363624572754e-01 -5.785303656011819839e-03 2.980794012546539307e-01
4.200801253318786621e-01 1.043520588427782059e-02 1.762847241479903460e-04 3.577534807845950127e-03
4.202888309955596924e-01 2.055546343326568604e-01 2.478354144841432571e-04 -2.890497744083404541e-01
4.243999123573303223e-01 1.042914390563964844e-02 -5.533159710466861725e-03 3.711314406245946884e-03
4.246084988117218018e-01 -1.846130192279815674e-01 -5.458933766931295395e-03 2.946433424949645996e-01
4.209162592887878418e-01 1.058633252978324890e-02 4.339331644587218761e-04 2.437568473396822810e-04
4.211279749870300293e-01 2.057020515203475952e-01 4.388082888908684254e-04 -2.923022210597991943e-01
4.252420067787170410e-01 1.057385280728340149e-02 -5.407236050814390182e-03 5.190618103370070457e-04
4.254534840583801270e-01 -1.844701319932937622e-01 -5.396855063736438751e-03 2.914910614490509033e-01
4.217640757560729980e-01 1.072835084050893784e-02 4.329659277573227882e-04 -2.889084629714488983e-03
4.219786524772644043e-01 -1.843998134136199951e-01 3.751842305064201355e-04 2.899304032325744629e-01
4.182906448841094971e-01 1.071679219603538513e-02 6.173792760819196701e-03 -2.634157426655292511e-03
4.185049831867218018e-01 2.057496607303619385e-01 6.121109239757061005e-03 -2.933627963066101074e-01
4.226199984550476074e-01 1.054097432643175125e-02 2.538533881306648254e-04 1.244336599484086037e-03
4.228308200836181641e-01 2.056592851877212524e-01 2.787401317618787289e-04 -2.913584709167480469e-01
4.269439876079559326e-01 1.053335983306169510e-02 -5.548429675400257111e-03 1.412339508533477783e-03
4.271546602249145508e-01 -1.845085769891738892e-01 -5.520182661712169647e-03 2.923395037651062012e-01
4.234644770622253418e-01 1.069163996726274490e-02 3.266075509600341320e-04 -2.079279161989688873e-03
4.236783087253570557e-01 -1.844349950551986694e-01 2.850219607353210449e-04 2.907066643238067627e-01
4.199896156787872314e-01 1.068289298564195633e-02 6.099155638366937637e-03 -1.886342070065438747e-03
4.202032685279846191e-01 2.057168483734130859e-01 6.061428692191839218e-03 -2.926386892795562744e-01
4.243176281452178955e-01 1.050899643450975418e-02 2.086549502564594150e-04 1.949753845110535622e-03
4.245277941226959229e-01 2.056279480457305908e-01 2.476500230841338634e-04 -2.906673252582550049e-01
4.286403656005859375e-01 1.050247345119714737e-02 -5.565696395933628082e-03 2.093689981848001480e-03
4.288504123687744141e-01 -1.845392137765884399e-01 -5.523822735995054245e-03 2.930153906345367432e-01
4.251596331596374512e-01 1.066105347126722336e-02 3.364849544595927000e-04 -1.404546550475060940e-03
4.253728389739990234e-01 2.057781815528869629e-01 3.083940246142446995e-04 -2.939812839031219482e-01
4.294884204864501953e-01 1.065183058381080627e-02 -5.571231711655855179e-03 -1.201115432195365429e-03
4.297014474868774414e-01 -1.843897849321365356e-01 -5.595254246145486832e-03 2.897188365459442139e-01
4.260136485099792480e-01 1.081150863319635391e-02 1.991224416997283697e-04 -4.723519086837768555e-03
4.262298643589019775e-01 -1.843132972717285156e-01 1.046520555973984301e-04 2.880222201347351074e-01
4.225436151027679443e-01 1.080716121941804886e-02 5.865096580237150192e-03 -4.627692047506570816e-03
4.227597415447235107e-01 2.058445066213607788e-01 5.772542674094438553e-03 -2.954543530941009521e-01
4.268766343593597412e-01 1.064074039459228516e-02 -1.365443458780646324e-04 -9.564617648720741272e-04
4.270894527435302734e-01 2.057646512985229492e-01 -1.556735805934295058e-04 -2.936824560165405273e-01
4.312047660350799561e-01 1.064491830766201019e-02 -6.029322743415832520e-03 -1.048641395755112171e-03
4.314176440238952637e-01 -1.843900531530380249e-01 -6.050295662134885788e-03 2.897258698940277100e-01
4.277298450469970703e-01 1.081765443086624146e-02 -2.557781699579209089e-04 -4.859089385718107224e-03
4.279462099075317383e-01 -1.843006312847137451e-01 -3.529599634930491447e-04 2.877431213855743408e-01
4.242601990699768066e-01 1.082635484635829926e-02 5.401902366429567337e-03 -5.051101092249155045e-03
4.244767129421234131e-01 2.058704197406768799e-01 5.300880409777164459e-03 -2.960247695446014404e-01
4.285941123962402344e-01 1.067330222576856613e-02 -6.196150206960737705e-04 -1.674764091148972511e-03
4.288075864315032959e-01 -1.844397634267807007e-01 -6.531103281304240227e-04 2.908126115798950195e-01
4.251188039779663086e-01 1.069150120019912720e-02 5.163141526281833649e-03 -2.076236531138420105e-03
4.253326356410980225e-01 2.057390213012695312e-01 5.121617112308740616e-03 -2.931256592273712158e-01
4.294474124908447266e-01 1.054442860186100006e-02 -7.408963865600526333e-04 1.168137416243553162e-03
4.296582937240600586e-01 2.056770026683807373e-01 -7.175336359068751335e-04 -2.917484641075134277e-01
4.337718486785888672e-01 1.056528463959693909e-02 -6.552502978593111038e-03 7.080800714902579784e-04
4.339831471443176270e-01 -1.844620853662490845e-01 -6.538341287523508072e-03 2.913164198398590088e-01
4.302938878536224365e-01 1.075248140841722488e-02 -7.120125810615718365e-04 -3.421417437493801117e-03
4.305089414119720459e-01 -1.843592524528503418e-01 -7.804409251548349857e-04 2.890367805957794189e-01
4.268217682838439941e-01 1.077382080256938934e-02 5.000294651836156845e-03 -3.892192151397466660e-03
4.270372390747070312e-01 2.058237046003341675e-01 4.922450520098209381e-03 -2.949932813644409180e-01
4.311537146568298340e-01 1.063192356377840042e-02 -9.774148929864168167e-04 -7.619608659297227859e-04
4.313663542270660400e-01 -1.844760030508041382e-01 -9.926541242748498917e-04 2.916124165058135986e-01
4.276768267154693604e-01 1.066009420901536942e-02 4.839594475924968719e-03 -1.383412978611886501e-03
4.278900325298309326e-01 2.057123035192489624e-01 4.811926279217004776e-03 -2.925354540348052979e-01
4.320042729377746582e-01 1.052207779139280319e-02 -1.038783346302807331e-03 1.661184593103826046e-03
4.322147369384765625e-01 2.056589126586914062e-01 -1.005559577606618404e-03 -2.913493216037750244e-01
4.363279044628143311e-01 1.055131200700998306e-02 -6.832545623183250427e-03 1.016305992379784584e-03
4.365389347076416016e-01 -1.844719797372817993e-01 -6.812219507992267609e-03 2.915356755256652832e-01
4.328494966030120850e-01 1.074643060564994812e-02 -9.815061930567026138e-04 -3.287935163825750351e-03
4.330644309520721436e-01 -1.843614280223846436e-01 -1.047264900989830494e-03 2.890851497650146484e-01
4.293771982192993164e-01 1.077543850988149643e-02 4.734437912702560425e-03 -3.927886486053466797e-03
4.295926988124847412e-01 2.058291733264923096e-01 4.655880387872457504e-03 -2.951132953166961670e-01
4.337092936038970947e-01 1.064115483313798904e-02 -1.246385392732918262e-03 -9.656119509600102901e-04
4.339221119880676270e-01 -1.844629049301147461e-01 -1.265697646886110306e-03 2.913238108158111572e-01
4.302328526973724365e-01 1.067707687616348267e-02 4.560778383165597916e-03 -1.758039114065468311e-03
4.304463863372802734e-01 2.057333290576934814e-01 4.525617696344852448e-03 -2.929984927177429199e-01
4.345610439777374268e-01 1.054714061319828033e-02 -1.334352302365005016e-03 1.108300522901117802e-03
4.347719848155975342e-01 2.056882083415985107e-01 -1.312186359427869320e-03 -2.919953465461730957e-01
4.388857483863830566e-01 1.058498583734035492e-02 -7.152093108743429184e-03 2.734592126216739416e-04
4.390974640846252441e-01 -1.844336688518524170e-01 -7.146623916923999786e-03 2.906912565231323242e-01
4.354088008403778076e-01 1.078945491462945938e-02 -1.332798623479902744e-03 -4.237034358084201813e-03
4.356245696544647217e-01 -1.843133568763732910e-01 -1.417539315298199654e-03 2.880250811576843262e-01
4.319383203983306885e-01 1.082878094166517258e-02 4.342962522059679031e-03 -5.104587879031896591e-03
4.321548938751220703e-01 2.058881819248199463e-01 4.240870475769042969e-03 -2.964141070842742920e-01
4.362726509571075439e-01 1.070602890104055405e-02 -1.687411451712250710e-03 -2.396694384515285492e-03
4.364867806434631348e-01 -1.843916773796081543e-01 -1.735345344059169292e-03 2.897533476352691650e-01
4.327989220619201660e-01 1.075497176498174667e-02 4.059721715748310089e-03 -3.476374316960573196e-03
4.330140352249145508e-01 2.058184593915939331e-01 3.990194294601678848e-03 -2.948756515979766846e-01
4.371303915977478027e-01 1.063985563814640045e-02 -1.907318597659468651e-03 -9.369513718411326408e-04
4.373432099819183350e-01 -1.844546943902969360e-01 -1.926057622767984867e-03 2.911435961723327637e-01
4.336540997028350830e-01 1.069467142224311829e-02 3.896814072504639626e-03 -2.146176295354962349e-03
4.338679909706115723e-01 2.057605236768722534e-01 3.853890579193830490e-03 -2.935970723628997803e-01
4.379832148551940918e-01 1.058383565396070480e-02 -2.018050989136099815e-03 2.988263149745762348e-04
4.381949007511138916e-01 2.057346701622009277e-01 -2.012074459344148636e-03 -2.930201292037963867e-01
4.423095881938934326e-01 1.064146403223276138e-02 -7.872477173805236816e-03 -9.724692208692431450e-04
4.425224065780639648e-01 -1.843667030334472656e-01 -7.891926914453506470e-03 2.892162203788757324e-01
4.388350844383239746e-01 1.086689066141843796e-02 -2.107601845636963844e-03 -5.945239216089248657e-03
4.390524029731750488e-01 -1.842247694730758667e-01 -2.226506592705845833e-03 2.860719561576843262e-01
4.353679120540618896e-01 1.092886272817850113e-02 3.494932781904935837e-03 -7.312348578125238419e-03
4.355864822864532471e-01 2.060005217790603638e-01 3.348685801029205322e-03 -2.988905310630798340e-01
4.397065043449401855e-01 1.083099376410245895e-02 -2.629124792292714119e-03 -5.153379403054714203e-03
4.399231374263763428e-01 -1.842531561851501465e-01 -2.732192398980259895e-03 2.866988778114318848e-01
4.362380504608154297e-01 1.090765465050935745e-02 3.001784905791282654e-03 -6.844516377896070480e-03
4.364562034606933594e-01 2.059864252805709839e-01 2.864894689992070198e-03 -2.985788285732269287e-01
4.405759572982788086e-01 1.082375645637512207e-02 -3.106682095676660538e-03 -4.993750248104333878e-03
4.407924115657806396e-01 -1.842534989118576050e-01 -3.206557128578424454e-03 2.867073714733123779e-01
4.371073544025421143e-01 1.091403048485517502e-02 2.527590142562985420e-03 -6.985157728195190430e-03
4.373256266117095947e-01 2.059996426105499268e-01 2.387887099757790565e-03 -2.988695204257965088e-01
4.414456188678741455e-01 1.084373425692319870e-02 -3.589503467082977295e-03 -5.434464197605848312e-03
4.416624903678894043e-01 -1.842265576124191284e-01 -3.698192769661545753e-03 2.861137688159942627e-01
4.379779696464538574e-01 1.094794273376464844e-02 2.024082699790596962e-03 -7.733237929642200470e-03
4.381969273090362549e-01 2.060408145189285278e-01 1.869417843408882618e-03 -2.997768521308898926e-01
4.423177540302276611e-01 1.089225988835096359e-02 -4.126119427382946014e-03 -6.504937075078487396e-03
4.425355792045593262e-01 -1.841702759265899658e-01 -4.256218206137418747e-03 2.848733067512512207e-01
4.388521909713745117e-01 1.101212110370397568e-02 1.441247994080185890e-03 -9.148967452347278595e-03
4.390724301338195801e-01 2.061133682727813721e-01 1.258268603123724461e-03 -3.013768196105957031e-01
4.431946873664855957e-01 1.097351033240556717e-02 -4.769267514348030090e-03 -8.297321386635303497e-03
4.434141516685485840e-01 -1.840797215700149536e-01 -4.935214295983314514e-03 2.828770279884338379e-01
4.397325515747070312e-01 1.111227553337812424e-02 7.223266293294727802e-04 -1.135833840817213058e-02
4.399548172950744629e-01 -1.840200275182723999e-01 4.951598239131271839e-04 2.815524041652679443e-01
4.362744092941284180e-01 1.109485793858766556e-02 6.126207765191793442e-03 -1.097431033849716187e-02
4.364963173866271973e-01 2.061284184455871582e-01 5.906721577048301697e-03 -3.017180562019348145e-01
4.406188726425170898e-01 1.092278026044368744e-02 -1.276396214962005615e-04 -7.178151980042457581e-03
4.408373236656188965e-01 2.060465663671493530e-01 -2.712026762310415506e-04 -2.999013364315032959e-01
4.449582695960998535e-01 1.092847716063261032e-02 -6.269229575991630554e-03 -7.303965743631124496e-03
4.451768398284912109e-01 -1.841030120849609375e-01 -6.415308918803930283e-03 2.833943665027618408e-01
4.414947628974914551e-01 1.110985688865184784e-02 -7.474215817637741566e-04 -1.130498852580785751e-02
4.417169690132141113e-01 -1.840013712644577026e-01 -9.735213243402540684e-04 2.811420261859893799e-01
4.380369484424591064e-01 1.113445684313774109e-02 4.649319220334291458e-03 -1.184778846800327301e-02
4.382596313953399658e-01 2.061894237995147705e-01 4.412363283336162567e-03 -3.030601739883422852e-01
4.423834085464477539e-01 1.100486703217029572e-02 -1.648840261623263359e-03 -8.988965302705764771e-03
4.426035284996032715e-01 -1.840934008359909058e-01 -1.828619511798024178e-03 2.831732630729675293e-01
4.389216601848602295e-01 1.105458661913871765e-02 3.834845963865518570e-03 -1.008582580834627151e-02
4.391427338123321533e-01 2.061213254928588867e-01 3.633129410445690155e-03 -3.015563488006591797e-01
4.432651698589324951e-01 1.094778720289468765e-02 -2.397997537627816200e-03 -7.729827892035245895e-03
4.434841275215148926e-01 -1.841396987438201904e-01 -2.552594058215618134e-03 2.841955423355102539e-01
4.398013353347778320e-01 1.101857330650091171e-02 3.131316741928458214e-03 -9.291366674005985260e-03
4.400216937065124512e-01 2.060954719781875610e-01 2.945489250123500824e-03 -3.009846806526184082e-01
4.441436231136322021e-01 1.093166787177324295e-02 -3.074204316362738609e-03 -7.374266628175973892e-03
4.443622529506683350e-01 -1.841460615396499634e-01 -3.221689723432064056e-03 2.843371331691741943e-01
4.406793117523193359e-01 1.102169230580329895e-02 2.465052995830774307e-03 -9.360156022012233734e-03
4.408997595310211182e-01 2.061081975698471069e-01 2.277849707752466202e-03 -3.012643158435821533e-01
4.450219273567199707e-01 1.095386128872632980e-02 -3.747436450794339180e-03 -7.863868027925491333e-03
4.452410042285919189e-01 -1.841141432523727417e-01 -3.904713783413171768e-03 2.836343348026275635e-01
4.415587186813354492e-01 1.106327958405017853e-02 1.767973182722926140e-03 -1.027754414826631546e-02
4.417799711227416992e-01 2.061598300933837891e-01 1.562422257848083973e-03 -3.024021387100219727e-01
