4.863974463660269976e-04 2.998959971591830254e-03 3.757279738783836365e-02 -4.220171645283699036e-02
5.463766283355653286e-04 1.975625455379486084e-01 3.672876581549644470e-02 -3.227973282337188721e-01
4.497627727687358856e-03 1.937358290888369083e-03 3.027281910181045532e-02 -1.876160502433776855e-02
4.536374937742948532e-03 1.966123729944229126e-01 2.989758737385272980e-02 -3.017414808273315430e-01
8.468622341752052307e-03 1.077347900718450546e-03 2.386275678873062134e-02 2.185613993788138032e-04
8.490169420838356018e-03 1.958490908145904541e-01 2.386712841689586639e-02 -2.848408818244934082e-01
1.240715105086565018e-02 3.950117970816791058e-04 1.817031018435955048e-02 1.527299731969833374e-02
1.241505146026611328e-02 1.952517330646514893e-01 1.847577095031738281e-02 -2.716220617294311523e-01
1.632008515298366547e-02 -1.289224019274115562e-04 1.304332911968231201e-02 2.683047391474246979e-02
1.631750725209712982e-02 1.948035657405853271e-01 1.357993856072425842e-02 -2.617087662220001221e-01
2.021357975900173187e-02 -5.095684318803250790e-04 8.345763199031352997e-03 3.522631153464317322e-02
2.020338736474514008e-02 -1.957502067089080811e-01 9.050289168953895569e-03 3.305306732654571533e-01
1.628838293254375458e-02 -7.582395337522029877e-04 1.566090248525142670e-02 4.071547091007232666e-02
1.627321913838386536e-02 1.941356807947158813e-01 1.647521182894706726e-02 -2.469854354858398438e-01
2.015593275427818298e-02 -1.217650948092341423e-03 1.153550390154123306e-02 5.084827914834022522e-02
2.013157866895198822e-02 1.937370151281356812e-01 1.255246996879577637e-02 -2.381728887557983398e-01
2.400632016360759735e-02 -1.561996992677450180e-03 7.789011579006910324e-03 5.844286829233169556e-02
2.397507987916469574e-02 1.934474110603332520e-01 8.957869373261928558e-03 -2.317724227905273438e-01
2.784402854740619659e-02 -1.801384263671934605e-03 4.322420805692672729e-03 6.372259557247161865e-02
2.780799940228462219e-02 -1.969850361347198486e-01 5.596872419118881226e-03 3.577661216259002686e-01
2.386830002069473267e-02 -1.943103154189884663e-03 1.275219488888978958e-02 6.685328483581542969e-02
2.382943779230117798e-02 1.929937154054641724e-01 1.408926118165254593e-02 -2.217791378498077393e-01
2.768931165337562561e-02 -2.326753223314881325e-03 9.653678163886070251e-03 7.531460374593734741e-02
2.764277718961238861e-02 1.926554888486862183e-01 1.115997042506933212e-02 -2.143069803714752197e-01
3.149588778614997864e-02 -2.624226268380880356e-03 6.873830687254667282e-03 8.187530189752578735e-02
3.144340217113494873e-02 1.923985183238983154e-01 8.511336520314216614e-03 -2.086310088634490967e-01
3.529137372970581055e-02 -2.844095928594470024e-03 4.338716622442007065e-03 8.672460168600082397e-02
3.523448854684829712e-02 1.922153979539871216e-01 6.073208525776863098e-03 -2.045862972736358643e-01
3.907879814505577087e-02 -2.992877271026372910e-03 1.981482608243823051e-03 9.000621736049652100e-02
3.901894018054008484e-02 -1.981431692838668823e-01 3.781606908887624741e-03 3.833136558532714844e-01
3.505607694387435913e-02 -3.075118176639080048e-03 1.144787948578596115e-02 9.182544052600860596e-02
3.499457612633705139e-02 1.918808966875076294e-01 1.328438892960548401e-02 -1.972238123416900635e-01
3.883219137787818909e-02 -3.428527619689702988e-03 9.339912794530391693e-03 9.961996972560882568e-02
3.876362368464469910e-02 1.915583312511444092e-01 1.133231166750192642e-02 -1.901016682386398315e-01
4.259478673338890076e-02 -3.723895410075783730e-03 7.530278526246547699e-03 1.061344891786575317e-01
4.252031072974205017e-02 1.912893354892730713e-01 9.652968496084213257e-03 -1.841631829738616943e-01
4.634609818458557129e-02 -3.969391342252492905e-03 5.969704594463109970e-03 1.115491911768913269e-01
4.626670852303504944e-02 1.910665184259414673e-01 8.200688287615776062e-03 -1.792443692684173584e-01
5.008804053068161011e-02 -4.171826876699924469e-03 4.615801386535167694e-03 1.160142719745635986e-01
5.000460147857666016e-02 1.908836811780929565e-01 6.936086807399988174e-03 -1.752088367938995361e-01
5.382227525115013123e-02 -4.336841870099306107e-03 3.431909717619419098e-03 1.196540966629981995e-01
5.373553931713104248e-02 1.907357722520828247e-01 5.824991967529058456e-03 -1.719441115856170654e-01
5.755025520920753479e-02 -4.469064995646476746e-03 2.386109437793493271e-03 1.225707083940505981e-01
5.746087431907653809e-02 1.906186193227767944e-01 4.837523680180311203e-03 -1.693584769964218140e-01
6.127324700355529785e-02 -4.572237841784954071e-03 1.450354116968810558e-03 1.248466148972511292e-01
6.118180230259895325e-02 1.905288994312286377e-01 3.947286400943994522e-03 -1.673783808946609497e-01
6.499238312244415283e-02 -4.649324808269739151e-03 5.997187108732759953e-04 1.265471726655960083e-01
6.489939242601394653e-02 -1.997798681259155273e-01 3.130662254989147186e-03 4.194192588329315186e-01
6.090379506349563599e-02 -4.702411592006683350e-03 1.151904743164777756e-02 1.277249157428741455e-01
6.080974638462066650e-02 1.902526468038558960e-01 1.407354511320590973e-02 -1.613017469644546509e-01
6.461480259895324707e-02 -5.067927297204732895e-03 1.084751076996326447e-02 1.357875913381576538e-01
6.451344490051269531e-02 1.898969858884811401e-01 1.356326229870319366e-02 -1.534534692764282227e-01
6.831137835979461670e-02 -5.416520405560731888e-03 1.049419306218624115e-02 1.434773206710815430e-01
6.820305436849594116e-02 1.895535737276077271e-01 1.336373947560787201e-02 -1.458764970302581787e-01
7.199412584304809570e-02 -5.757174920290708542e-03 1.044620946049690247e-02 1.509923040866851807e-01
7.187897711992263794e-02 1.892136484384536743e-01 1.346605550497770309e-02 -1.383768469095230103e-01
7.566325366497039795e-02 -6.098559126257896423e-03 1.069851871579885483e-02 1.585237979888916016e-01
7.554128021001815796e-02 1.888685971498489380e-01 1.386899501085281372e-02 -1.307648867368698120e-01
7.931865006685256958e-02 -6.449246313422918320e-03 1.125369686633348465e-02 1.662610471248626709e-01
7.918966561555862427e-02 1.885098218917846680e-01 1.457891799509525299e-02 -1.228505149483680725e-01
8.295986801385879517e-02 -6.817931775003671646e-03 1.212190836668014526e-02 1.743960380554199219e-01
8.282350748777389526e-02 1.881284564733505249e-01 1.560982875525951385e-02 -1.144383102655410767e-01
8.658607304096221924e-02 -7.213646080344915390e-03 1.332106254994869232e-02 1.831282526254653931e-01
8.644179999828338623e-02 1.877151876688003540e-01 1.698362641036510468e-02 -1.053227856755256653e-01
9.019610285758972168e-02 -7.645978592336177826e-03 1.487717125564813614e-02 1.926696449518203735e-01
9.004318714141845703e-02 1.872600317001342773e-01 1.873056404292583466e-02 -9.528327733278274536e-02
9.378838539123535156e-02 -8.125305175781250000e-03 1.682489924132823944e-02 2.032497674226760864e-01
9.362588077783584595e-02 1.867520362138748169e-01 2.088989503681659698e-02 -8.407858759164810181e-02
9.736092388629913330e-02 -8.663033135235309601e-03 1.920832321047782898e-02 2.151212543249130249e-01
9.718766063451766968e-02 1.861791163682937622e-01 2.351074665784835815e-02 -7.144115865230560303e-02
1.009112447500228882e-01 3.809562623500823975e-01 2.208192460238933563e-02 -3.566145896911621094e-01
1.085303723812103271e-01 1.855274289846420288e-01 1.494963187724351883e-02 -5.705127492547035217e-02
1.122409179806709290e-01 3.804318904876708984e-01 1.380860712379217148e-02 -3.449802398681640625e-01
1.198495551943778992e-01 1.851162463426589966e-01 6.909002084285020828e-03 -4.797512292861938477e-02
1.235518828034400940e-01 -1.010409370064735413e-02 5.949499551206827164e-03 2.468796223402023315e-01
1.233498007059097290e-01 1.849323809146881104e-01 1.088709197938442230e-02 -4.392077401280403137e-02
1.270484477281570435e-01 3.798965513706207275e-01 1.000867690891027451e-02 -3.331489264965057373e-01
1.346463710069656372e-01 1.846335679292678833e-01 3.345697885379195213e-03 -3.732665255665779114e-02
1.383390426635742188e-01 -1.053619477897882462e-02 2.599164843559265137e-03 2.564100027084350586e-01
1.381283253431320190e-01 1.845485568046569824e-01 7.727364543825387955e-03 -3.545198217034339905e-02
1.418192982673645020e-01 3.795588314533233643e-01 7.018324919044971466e-03 -3.256868720054626465e-01
1.494104713201522827e-01 1.843376755714416504e-01 5.045877769589424133e-04 -3.079894743859767914e-02
1.530972272157669067e-01 3.794523775577545166e-01 -1.113911712309345603e-04 -3.233226239681243896e-01
1.606862694025039673e-01 1.843320131301879883e-01 -6.577843800187110901e-03 -3.067483194172382355e-02
1.643729060888290405e-01 -1.069498807191848755e-02 -7.191340439021587372e-03 2.599254846572875977e-01
1.641590148210525513e-01 1.845288872718811035e-01 -1.992830773815512657e-03 -3.501699119806289673e-02
1.678495854139328003e-01 -1.056443620473146439e-02 -2.693170681595802307e-03 2.570365071296691895e-01
1.676383018493652344e-01 1.845958679914474487e-01 2.447559498250484467e-03 -3.649466484785079956e-02
1.713302135467529297e-01 3.796826303005218506e-01 1.717666164040565491e-03 -3.284043669700622559e-01
1.789238750934600830e-01 1.845362633466720581e-01 -4.850421100854873657e-03 -3.518025204539299011e-02
1.826145946979522705e-01 -1.051579322665929794e-02 -5.554025992751121521e-03 2.559683918952941895e-01
1.824042797088623047e-01 1.846850067377090454e-01 -4.346584901213645935e-04 -3.846119344234466553e-02
1.860979795455932617e-01 3.798131942749023438e-01 -1.203882275149226189e-03 -3.312812149524688721e-01
1.936942487955093384e-01 1.847084015607833862e-01 -7.829506881535053253e-03 -3.897818922996520996e-02
1.973884105682373047e-01 -1.030040439218282700e-02 -8.609070442616939545e-03 2.512241899967193604e-01
1.971824020147323608e-01 1.849434226751327515e-01 -3.584586549550294876e-03 -4.416171461343765259e-02
2.008812725543975830e-01 -1.012694835662841797e-02 -4.467820748686790466e-03 2.473880946636199951e-01
2.006787359714508057e-01 1.850585192441940308e-01 4.799409653060138226e-04 -4.670073091983795166e-02
2.043799012899398804e-01 3.801735937595367432e-01 -4.540736845228821039e-04 -3.392322063446044922e-01
2.119833827018737793e-01 1.850581020116806030e-01 -7.238717749714851379e-03 -4.669249057769775391e-02
2.156845331192016602e-01 -9.959305636584758759e-03 -8.172567002475261688e-03 2.436977922916412354e-01
2.154853492975234985e-01 1.852784156799316406e-01 -3.298611612990498543e-03 -5.155172199010848999e-02
2.191909253597259521e-01 3.804475069046020508e-01 -4.329646006226539612e-03 -3.452735543251037598e-01
2.267998754978179932e-01 1.853874176740646362e-01 -1.123511698096990585e-02 -5.395907536149024963e-02
2.305076271295547485e-01 -9.571649134159088135e-03 -1.231429912149906158e-02 2.351580113172531128e-01
2.303161919116973877e-01 1.857240647077560425e-01 -7.611138280481100082e-03 -6.138364598155021667e-02
2.340306639671325684e-01 -9.287944063544273376e-03 -8.838810957968235016e-03 2.288882285356521606e-01
2.338449060916900635e-01 1.859591901302337646e-01 -4.261046648025512695e-03 -6.656961143016815186e-02
2.375640869140625000e-01 -9.101406671106815338e-03 -5.592438858002424240e-03 2.247658967971801758e-01
2.373820692300796509e-01 1.861000210046768188e-01 -1.097121159546077251e-03 -6.967584788799285889e-02
2.411040663719177246e-01 3.812376856803894043e-01 -2.490638056769967079e-03 -3.627047240734100342e-01
2.487288266420364380e-01 1.861512213945388794e-01 -9.744732640683650970e-03 -7.080817967653274536e-02
2.524518370628356934e-01 -8.829675614833831787e-03 -1.116089615970849991e-02 2.187843769788742065e-01
2.522752583026885986e-01 1.864500194787979126e-01 -6.785208359360694885e-03 -7.739816606044769287e-02
2.560042440891265869e-01 -8.574001491069793701e-03 -8.333171717822551727e-03 2.131363004446029663e-01
2.558327615261077881e-01 1.866660863161087036e-01 -4.070445429533720016e-03 -8.216358721256256104e-02
2.595660984516143799e-01 -8.397273719310760498e-03 -5.713717546314001083e-03 2.092323303222656250e-01
2.593981623649597168e-01 1.868059039115905762e-01 -1.529070781543850899e-03 -8.524749428033828735e-02
2.631342709064483643e-01 -8.294091559946537018e-03 -3.234020667150616646e-03 2.069526165723800659e-01
2.629683911800384521e-01 1.868739575147628784e-01 9.050317457877099514e-04 -8.674871921539306641e-02
2.667058706283569336e-01 3.819829225540161133e-01 -8.299426408484578133e-04 -3.791459798812866211e-01
2.743455171585083008e-01 1.868727654218673706e-01 -8.412862196564674377e-03 -8.672484010457992554e-02
2.780829668045043945e-01 -8.127588778734207153e-03 -1.014735922217369080e-02 2.032919824123382568e-01
2.779204249382019043e-01 1.871380060911178589e-01 -6.081519182771444321e-03 -9.257458895444869995e-02
2.816631793975830078e-01 -7.896258495748043060e-03 -7.933011278510093689e-03 1.981834322214126587e-01
2.815052568912506104e-01 1.873382627964019775e-01 -3.969341982156038284e-03 -9.699140489101409912e-02
2.852520346641540527e-01 -7.726580835878849030e-03 -5.909170024096965790e-03 1.944365650415420532e-01
2.850974798202514648e-01 1.874793916940689087e-01 -2.020438900217413902e-03 -1.001045778393745422e-01
2.888470888137817383e-01 -7.613539230078458786e-03 -4.022530280053615570e-03 1.919402182102203369e-01
2.886947989463806152e-01 1.875657290220260620e-01 -1.837260206229984760e-04 -1.020089238882064819e-01
2.924461364746093750e-01 -7.553592789918184280e-03 -2.223904477432370186e-03 1.906160265207290649e-01
2.922950387001037598e-01 1.876001060009002686e-01 1.588416052982211113e-03 -1.027676165103912354e-01
2.960470616817474365e-01 3.826992511749267578e-01 -4.669362679123878479e-04 -3.949489891529083252e-01
3.037010431289672852e-01 1.875839382410049438e-01 -8.365916088223457336e-03 -1.024133041501045227e-01
3.074527084827423096e-01 -7.417132612317800522e-03 -1.041418220847845078e-02 1.876185089349746704e-01
3.073043823242187500e-01 1.878522485494613647e-01 -6.661811843514442444e-03 -1.083314120769500732e-01
3.110614120960235596e-01 -7.173602003604173660e-03 -8.828439749777317047e-03 1.822423189878463745e-01
3.109179437160491943e-01 1.880735605955123901e-01 -5.183593835681676865e-03 -1.132125258445739746e-01
3.146794140338897705e-01 -6.973737385123968124e-03 -7.447844371199607849e-03 1.778305172920227051e-01
3.145399391651153564e-01 1.882539987564086914e-01 -3.891233820468187332e-03 -1.171926185488700867e-01
3.183050155639648438e-01 -6.811981089413166046e-03 -6.235086359083652496e-03 1.742601245641708374e-01
3.181687891483306885e-01 1.883986443281173706e-01 -2.749883802607655525e-03 -1.203832328319549561e-01
3.219367563724517822e-01 -6.683797109872102737e-03 -5.157548468559980392e-03 1.714308559894561768e-01
3.218030929565429688e-01 1.885115951299667358e-01 -1.728931325487792492e-03 -1.228746399283409119e-01
3.255733251571655273e-01 -6.585546769201755524e-03 -4.186423961073160172e-03 1.692623198032379150e-01
3.254415988922119141e-01 1.885960698127746582e-01 -8.011776371859014034e-04 -1.247383505105972290e-01
3.292135298252105713e-01 -6.514388136565685272e-03 -3.295944537967443466e-03 1.676917076110839844e-01
3.290832340717315674e-01 1.886545866727828979e-01 5.788955604657530785e-05 -1.260291635990142822e-01
3.328563272953033447e-01 -6.468195002526044846e-03 -2.462693722918629646e-03 1.666720211505889893e-01
3.327269554138183594e-01 1.886889189481735229e-01 8.707465603947639465e-04 -1.267867982387542725e-01
3.365007340908050537e-01 3.837983906269073486e-01 -1.664989395067095757e-03 -4.191948771476745605e-01
3.441767096519470215e-01 1.887000650167465210e-01 -1.004888676106929779e-02 -1.270373165607452393e-01
3.479507267475128174e-01 -6.276493892073631287e-03 -1.258963346481323242e-02 1.624584347009658813e-01
3.478251695632934570e-01 1.890234053134918213e-01 -9.340465068817138672e-03 -1.341694444417953491e-01
3.516056537628173828e-01 -5.963519215583801270e-03 -1.202385406941175461e-02 1.555521190166473389e-01
3.514863848686218262e-01 1.893285065889358521e-01 -8.912811055779457092e-03 -1.408996731042861938e-01
3.552729487419128418e-01 -5.664668977260589600e-03 -1.173080503940582275e-02 1.489581465721130371e-01
3.551596701145172119e-01 1.896232813596725464e-01 -8.751641958951950073e-03 -1.474024057388305664e-01
3.589521348476409912e-01 -5.372255574911832809e-03 -1.169969048351049423e-02 1.425067484378814697e-01
3.588446676731109619e-01 1.899152845144271851e-01 -8.849555626511573792e-03 -1.538441479206085205e-01
3.626429736614227295e-01 -5.078846123069524765e-03 -1.192643865942955017e-02 1.360338628292083740e-01
3.625414073467254639e-01 1.902118772268295288e-01 -9.205761365592479706e-03 -1.603876948356628418e-01
3.663456439971923828e-01 -4.777072928845882416e-03 -1.241351477801799774e-02 1.293769031763076782e-01
3.662500977516174316e-01 1.905204802751541138e-01 -9.825976565480232239e-03 -1.671963483095169067e-01
3.700605034828186035e-01 -4.459448624402284622e-03 -1.316990330815315247e-02 1.223706454038619995e-01
3.699713349342346191e-01 1.908486783504486084e-01 -1.072249095886945724e-02 -1.744379848241806030e-01
3.737882971763610840e-01 -4.118179436773061752e-03 -1.421125046908855438e-02 1.148431450128555298e-01
3.737059235572814941e-01 1.912044882774353027e-01 -1.191438827663660049e-02 -1.822892427444458008e-01
3.775300383567810059e-01 -3.744973568245768547e-03 -1.556017249822616577e-02 1.066114455461502075e-01
3.774551153182983398e-01 1.915964633226394653e-01 -1.342794392257928848e-02 -1.909397393465042114e-01
3.812870681285858154e-01 -3.330839565023779869e-03 -1.724673807621002197e-02 9.747715294361114502e-02
3.812204301357269287e-01 1.920339912176132202e-01 -1.529719494283199310e-02 -2.005968093872070312e-01
3.850611150264739990e-01 -2.865870250388979912e-03 -1.930913142859935760e-02 8.722159266471862793e-02
3.850038051605224609e-01 -1.977057904005050659e-01 -1.756469905376434326e-02 3.737504780292510986e-01
3.810496926307678223e-01 -2.338798251003026962e-03 -1.008968986570835114e-02 7.558141648769378662e-02
3.810029029846191406e-01 1.929263323545455933e-01 -8.578062057495117188e-03 -2.202676832675933838e-01
3.848614394664764404e-01 -2.071958035230636597e-03 -1.298341620713472366e-02 6.969706714153289795e-02
3.848199844360351562e-01 -1.970053911209106445e-01 -1.158947404474020004e-02 3.582555353641510010e-01
3.808798789978027344e-01 -1.720610307529568672e-03 -4.424363374710083008e-03 6.194082647562026978e-02
3.808454871177673340e-01 1.934645026922225952e-01 -3.185546956956386566e-03 -2.321347296237945557e-01
3.847147524356842041e-01 -1.611792948096990585e-03 -7.828241214156150818e-03 5.954167246818542480e-02
3.846825361251831055e-01 1.936215162277221680e-01 -6.637407932430505753e-03 -2.356007993221282959e-01
3.885549604892730713e-01 -1.404975075274705887e-03 -1.134942378848791122e-02 5.498111248016357422e-02
3.885268568992614746e-01 -1.963623762130737305e-01 -1.024980191141366959e-02 3.440617024898529053e-01
3.845996260643005371e-01 -1.096115563996136189e-03 -3.368567675352096558e-03 4.816432669758796692e-02
3.845776915550231934e-01 1.940739750862121582e-01 -2.405281178653240204e-03 -2.455795109272003174e-01
3.884591758251190186e-01 -1.013539265841245651e-03 -7.316871080547571182e-03 4.634376615285873413e-02
3.884389102458953857e-01 -1.960298120975494385e-01 -6.389996036887168884e-03 3.367092013359069824e-01
3.845182955265045166e-01 -8.175104157999157906e-04 3.441880980972200632e-04 4.201808571815490723e-02
3.845019638538360596e-01 1.942995041608810425e-01 1.184549764730036259e-03 -2.505562305450439453e-01
3.883879482746124268e-01 -8.393432362936437130e-04 -3.826574655249714851e-03 4.250009357929229736e-02
3.883711695671081543e-01 1.943372637033462524e-01 -2.976572839543223381e-03 -2.513876855373382568e-01
3.922578990459442139e-01 -7.420498295687139034e-04 -8.004326373338699341e-03 4.035488143563270569e-02
3.922430574893951416e-01 -1.957483142614364624e-01 -7.197229191660881042e-03 3.305016458034515381e-01
3.883281052112579346e-01 -5.246512009762227535e-04 -5.871960311196744442e-04 3.555778414011001587e-02
3.883176147937774658e-01 1.946057230234146118e-01 1.239596167579293251e-04 -2.573103606700897217e-01
3.922097086906433105e-01 -5.180051666684448719e-04 -5.022247321903705597e-03 3.541167080402374268e-02
3.921993672847747803e-01 -1.955675780773162842e-01 -4.314014222472906113e-03 3.265058100223541260e-01
3.882879912853240967e-01 -3.844721068162471056e-04 2.216102089732885361e-03 3.246555477380752563e-02
3.882803022861480713e-01 1.947056353092193604e-01 2.865413203835487366e-03 -2.595173418521881104e-01
3.921744227409362793e-01 -4.571104364003986120e-04 -2.324933884665369987e-03 3.406799212098121643e-02
3.921652734279632568e-01 -1.955456435680389404e-01 -1.643573981709778309e-03 3.260164856910705566e-01
3.882543742656707764e-01 -4.003308713436126709e-04 4.876755643635988235e-03 3.281568735837936401e-02
3.882463574409484863e-01 1.946513503789901733e-01 5.533069372177124023e-03 -2.583245933055877686e-01
3.921394050121307373e-01 -5.491570918820798397e-04 3.665774420369416475e-04 3.609839826822280884e-02
3.921284079551696777e-01 1.945675313472747803e-01 1.088545424863696098e-03 -2.564688324928283691e-01
3.960197567939758301e-01 -5.699403118342161179e-04 -4.040831699967384338e-03 3.655722364783287048e-02
3.960083723068237305e-01 -1.956337094306945801e-01 -3.309687133878469467e-03 3.279624879360198975e-01
3.920956850051879883e-01 -4.648000758606940508e-04 3.249562811106443405e-03 3.423768281936645508e-02
3.920863866806030273e-01 1.946104019880294800e-01 3.934316337108612061e-03 -2.574182152748107910e-01
3.959785997867584229e-01 -5.674980930052697659e-04 -1.214047661051154137e-03 3.650306537747383118e-02
3.959672451019287109e-01 1.945718377828598022e-01 -4.839863395318388939e-04 -2.565626502037048340e-01
3.998586833477020264e-01 -5.431962199509143829e-04 -5.615239497274160385e-03 3.596756979823112488e-02
3.998478353023529053e-01 -1.955841779708862305e-01 -4.895888268947601318e-03 3.268735408782958984e-01
3.959361314773559570e-01 -3.928638470824807882e-04 1.641583046875894070e-03 3.265071287751197815e-02
3.959282934665679932e-01 1.947055011987686157e-01 2.294597215950489044e-03 -2.595138251781463623e-01
3.998223841190338135e-01 -4.491251020226627588e-04 -2.895679324865341187e-03 3.389196470379829407e-02
3.998134136199951172e-01 1.947142332792282104e-01 -2.217839937657117844e-03 -2.597031593322753906e-01
4.037076830863952637e-01 -3.759887767955660820e-04 -7.411903701722621918e-03 3.227939456701278687e-02
4.037001729011535645e-01 -1.953908652067184448e-01 -6.766315549612045288e-03 3.226146101951599121e-01
3.997923433780670166e-01 -1.732238888507708907e-04 -3.140235785394906998e-04 2.780555374920368195e-02
3.997888863086700439e-01 1.949532330036163330e-01 2.420874807285144925e-04 -2.649764418601989746e-01
4.036879539489746094e-01 -1.721764419926330447e-04 -5.057441070675849915e-03 2.778283879160881042e-02
4.036845266819000244e-01 -1.952212303876876831e-01 -4.501784220337867737e-03 3.188658058643341064e-01
3.997800946235656738e-01 -3.546003063092939556e-05 1.875531626865267754e-03 2.476658672094345093e-02
3.997793793678283691e-01 1.950595378875732422e-01 2.370863454416394234e-03 -2.673240005970001221e-01
4.036805629730224609e-01 -9.616289025871083140e-05 -2.975616604089736938e-03 2.610577270388603210e-02
4.036786556243896484e-01 -1.951753199100494385e-01 -2.453501103445887566e-03 3.178483843803405762e-01
3.997751474380493164e-01 -1.850517219281755388e-05 3.903466509655117989e-03 2.439271286129951477e-02
3.997747600078582764e-01 1.950472444295883179e-01 4.391320515424013138e-03 -2.670560777187347412e-01
4.036757051944732666e-01 -1.370974496239796281e-04 -9.498007711954414845e-04 2.700866945087909698e-02
4.036729633808135986e-01 1.949984580278396606e-01 -4.096273914910852909e-04 -2.659737765789031982e-01
4.075729548931121826e-01 -1.176406949525699019e-04 -5.729102995246648788e-03 2.657991833984851837e-02
4.075706005096435547e-01 -1.951569616794586182e-01 -5.197504535317420959e-03 3.174497485160827637e-01
4.036674499511718750e-01 3.862734592985361814e-05 1.151490607298910618e-03 2.313226461410522461e-02
4.036682248115539551e-01 1.951440423727035522e-01 1.614135806448757648e-03 -2.691871225833892822e-01
4.075711071491241455e-01 -9.027452279042336158e-07 -3.769606817513704300e-03 2.400446496903896332e-02
4.075710773468017578e-01 -1.950685977935791016e-01 -3.289517480880022049e-03 3.154956698417663574e-01
4.036697149276733398e-01 1.000613046926446259e-04 3.020395757630467415e-03 2.177714556455612183e-02
4.036717116832733154e-01 1.951785683631896973e-01 3.455938538536429405e-03 -2.699512839317321777e-01
4.075752794742584229e-01 7.469296178896911442e-06 -1.943087088875472546e-03 2.381965890526771545e-02
4.075754284858703613e-01 -1.950865685939788818e-01 -1.466693822294473648e-03 3.158888816833496094e-01
4.036737084388732910e-01 5.624976256513036788e-05 4.851083736866712570e-03 2.274377644062042236e-02
4.036748409271240234e-01 1.951082944869995117e-01 5.305959377437829971e-03 -2.684046328067779541e-01
4.075770080089569092e-01 -8.897297811927273870e-05 -6.213333108462393284e-05 2.594709023833274841e-02
4.075752198696136475e-01 1.950338631868362427e-01 4.568084550555795431e-04 -2.667554318904876709e-01
4.114758968353271484e-01 -9.459859575144946575e-05 -4.878300242125988007e-03 2.607153169810771942e-02
4.114739894866943359e-01 -1.951462477445602417e-01 -4.356869496405124664e-03 3.172113299369812012e-01
4.075710773468017578e-01 3.748295785044319928e-05 1.987356692552566528e-03 2.315757796168327332e-02
4.075718224048614502e-01 1.951308846473693848e-01 2.450508298352360725e-03 -2.688976526260375977e-01
4.114744365215301514e-01 -2.595903060864657164e-05 -2.927444875240325928e-03 2.455716952681541443e-02
4.114739298820495605e-01 -1.951058059930801392e-01 -2.436301438137888908e-03 3.163150250911712646e-01
4.075718224048614502e-01 5.076259185443632305e-05 3.889998886734247208e-03 2.286476269364356995e-02
4.075728356838226318e-01 1.951167136430740356e-01 4.347294103354215622e-03 -2.685883045196533203e-01
4.114751517772674561e-01 -6.700902304146438837e-05 -1.024471595883369446e-03 2.546262554824352264e-02
4.114738106727600098e-01 1.950696259737014771e-01 -5.152191151864826679e-04 -2.675433456897735596e-01
4.153752028942108154e-01 -4.497543704928830266e-05 -5.866086110472679138e-03 2.497702091932296753e-02
4.153743088245391846e-01 -1.950823068618774414e-01 -5.366546101868152618e-03 3.158033788204193115e-01
4.114726781845092773e-01 1.156675425590947270e-04 9.495216072537004948e-04 2.143286168575286865e-02
4.114749729633331299e-01 1.952239871025085449e-01 1.378178829327225685e-03 -2.709503173828125000e-01
4.153794646263122559e-01 8.239833550760522485e-05 -4.040827509015798569e-03 2.216696366667747498e-02
4.153811037540435791e-01 -1.949813663959503174e-01 -3.597488394007086754e-03 3.135722279548645020e-01
4.114814698696136475e-01 1.916430774144828320e-04 2.673956099897623062e-03 1.975694298744201660e-02
4.114853143692016602e-01 1.952751427888870239e-01 3.069095080718398094e-03 -2.720811069011688232e-01
4.153908193111419678e-01 1.095349070965312421e-04 -2.372527495026588440e-03 2.156822755932807922e-02
4.153929948806762695e-01 -1.949783116579055786e-01 -1.941162860020995140e-03 3.135016560554504395e-01
4.114934504032135010e-01 1.712386729195713997e-04 4.328870214521884918e-03 2.020717598497867584e-02
4.114968478679656982e-01 1.952308416366577148e-01 4.733013454824686050e-03 -2.711068093776702881e-01
4.154014885425567627e-01 4.167338192928582430e-05 -6.891224766150116920e-04 2.306517027318477631e-02
4.154023230075836182e-01 1.951735019683837891e-01 -2.278190513607114553e-04 -2.698351144790649414e-01
4.193057715892791748e-01 5.480108302435837686e-05 -5.624521058052778244e-03 2.277595922350883484e-02
4.193068742752075195e-01 -1.949860453605651855e-01 -5.169001873582601547e-03 3.136789798736572266e-01
4.154071509838104248e-01 2.091638016281649470e-04 1.104577910155057907e-03 1.937041990458965302e-02
4.154113531112670898e-01 1.953152567148208618e-01 1.491986331529915333e-03 -2.729637920856475830e-01
4.193176329135894775e-01 1.720485452096909285e-04 -3.967289812862873077e-03 2.018933370709419250e-02
4.193210899829864502e-01 -1.948927789926528931e-01 -3.563502803444862366e-03 3.116179108619689941e-01
4.154232442378997803e-01 2.797542256303131580e-04 2.668855013325810432e-03 1.781328395009040833e-02
4.154288172721862793e-01 1.953633278608322144e-01 3.025120822712779045e-03 -2.740263938903808594e-01
4.193360805511474609e-01 1.983461843337863684e-04 -2.455407055094838142e-03 1.960912533104419708e-02
4.193400740623474121e-01 -1.948883086442947388e-01 -2.063224557787179947e-03 3.115163445472717285e-01
4.154422879219055176e-01 2.629787486512213945e-04 4.167102277278900146e-03 1.818344183266162872e-02
4.154475629329681396e-01 1.953249275684356689e-01 4.530770704150199890e-03 -2.731817960739135742e-01
4.193540513515472412e-01 1.386166695738211274e-04 -9.328652522526681423e-04 2.092668600380420685e-02
4.193568229675292969e-01 1.952739357948303223e-01 -5.143315065652132034e-04 -2.720504105091094971e-01
4.232622981071472168e-01 1.593253982719033957e-04 -5.955339875072240829e-03 2.047023549675941467e-02
4.232654869556427002e-01 -1.948767155408859253e-01 -5.545935127884149551e-03 3.112682402133941650e-01
4.193679690361022949e-01 3.238070348743349314e-04 6.794297369197010994e-04 1.684147305786609650e-02
4.193744361400604248e-01 1.954360008239746094e-01 1.016259193420410156e-03 -2.756270170211791992e-01
4.232831597328186035e-01 2.995720424223691225e-04 -4.496281035244464874e-03 1.737627387046813965e-02
4.232891499996185303e-01 -1.947576105594635010e-01 -4.148755688220262527e-03 3.086371719837188721e-01
4.193939864635467529e-01 4.232088103890419006e-04 2.023988170549273491e-03 1.464874763041734695e-02
4.194024503231048584e-01 1.955160796642303467e-01 2.316963160410523415e-03 -2.773948907852172852e-01
4.233127832412719727e-01 3.611459396779537201e-04 -3.230934729799628258e-03 1.601789519190788269e-02
4.233199954032897949e-01 -1.947143226861953735e-01 -2.910576993599534035e-03 3.076796829700469971e-01
4.194257259368896484e-01 4.489820566959679127e-04 3.243016544729471207e-03 1.408025156706571579e-02
4.194346964359283447e-01 1.955242753028869629e-01 3.524621482938528061e-03 -2.775776982307434082e-01
4.233451783657073975e-01 3.522178449202328920e-04 -2.026932546868920326e-03 1.621479913592338562e-02
4.233522117137908936e-01 -1.947406083345413208e-01 -1.702636480331420898e-03 3.082575201988220215e-01
4.194574058055877686e-01 4.055640893056988716e-04 4.462514072656631470e-03 1.503811124712228775e-02
4.194655120372772217e-01 1.954632401466369629e-01 4.763275850564241409e-03 -2.762334942817687988e-01
4.233747720718383789e-01 2.736500464379787445e-04 -7.613940397277474403e-04 1.794794574379920959e-02
4.233802556991577148e-01 1.954065114259719849e-01 -4.024351073894649744e-04 -2.749751210212707520e-01
4.272883832454681396e-01 2.903051499743014574e-04 -5.901937372982501984e-03 1.758085936307907104e-02
4.272941946983337402e-01 -1.947465091943740845e-01 -5.550320260226726532e-03 3.083958327770233154e-01
4.233992695808410645e-01 4.540839872788637877e-04 6.175963790155947208e-04 1.396766025573015213e-02
4.234083592891693115e-01 1.955671757459640503e-01 8.969496120698750019e-04 -2.785203456878662109e-01
4.273197054862976074e-01 4.324372566770762205e-04 -4.673457238823175430e-03 1.444534491747617722e-02
4.273283481597900391e-01 -1.946221739053726196e-01 -4.384550265967845917e-03 3.056500852108001709e-01
4.234358966350555420e-01 5.619771545752882957e-04 1.728451345115900040e-03 1.158760953694581985e-02
4.234471321105957031e-01 1.956591010093688965e-01 1.960203517228364944e-03 -2.805494666099548340e-01
4.273603260517120361e-01 5.092395003885030746e-04 -3.650785889476537704e-03 1.275105401873588562e-02
4.273704886436462402e-01 -1.945601701736450195e-01 -3.395764855667948723e-03 3.042798936367034912e-01
4.234792888164520264e-01 6.100147729739546776e-04 2.689832821488380432e-03 1.052794791758060455e-02
4.234915077686309814e-01 1.956932842731475830e-01 2.900391817092895508e-03 -2.813051044940948486e-01
4.274053573608398438e-01 5.300842458382248878e-04 -2.725709928199648857e-03 1.229119487106800079e-02
4.274159669876098633e-01 -1.945526748895645142e-01 -2.479886170476675034e-03 3.041128814220428467e-01
4.235249161720275879e-01 6.045338814146816730e-04 3.602371551096439362e-03 1.064889039844274521e-02
4.235370159149169922e-01 1.956746429204940796e-01 3.815349424257874489e-03 -2.808952629566192627e-01
4.274505078792572021e-01 4.984706174582242966e-04 -1.802556100301444530e-03 1.298855803906917572e-02
4.274604618549346924e-01 -1.945975869894027710e-01 -1.542784972116351128e-03 3.051021993160247803e-01
4.235685169696807861e-01 5.463195848278701305e-04 4.559259396046400070e-03 1.193312741816043854e-02
4.235794544219970703e-01 1.956025958061218262e-01 4.797921981662511826e-03 -2.793078124523162842e-01
4.274914860725402832e-01 4.125238046981394291e-04 -7.882345234975218773e-04 1.488449331372976303e-02
4.274997413158416748e-01 1.955457776784896851e-01 -4.905446548946201801e-04 -2.780470252037048340e-01
4.314106702804565430e-01 4.308207426220178604e-04 -6.051484961062669754e-03 1.448114216327667236e-02
4.314192831516265869e-01 -1.946038305759429932e-01 -5.761862266808748245e-03 3.052486181259155273e-01
4.275271892547607422e-01 5.997609114274382591e-04 3.431102086324244738e-04 1.075413171201944351e-02
4.275391995906829834e-01 1.957167834043502808e-01 5.581928417086601257e-04 -2.818205058574676514e-01
4.314535260200500488e-01 5.868809530511498451e-04 -5.078217480331659317e-03 1.103840675204992294e-02
4.314652681350708008e-01 -1.944618821144104004e-01 -4.857449326664209366e-03 3.021147847175598145e-01
4.275760352611541748e-01 7.289685308933258057e-04 1.184846158139407635e-03 7.903883233666419983e-03
4.275906085968017578e-01 1.958339065313339233e-01 1.342923846095800400e-03 -2.844049632549285889e-01
4.315072894096374512e-01 6.928283837623894215e-04 -4.345175810158252716e-03 8.701198734343051910e-03
4.315211474895477295e-01 -1.943665444850921631e-01 -4.171151667833328247e-03 3.000099956989288330e-01
4.276338219642639160e-01 8.146179025061428547e-04 1.829048502258956432e-03 6.014506332576274872e-03
4.276500940322875977e-01 1.959102898836135864e-01 1.949338591657578945e-03 -2.860907614231109619e-01
4.315683245658874512e-01 7.605926948599517345e-04 -3.772476920858025551e-03 7.206323090940713882e-03
4.315835237503051758e-01 -1.943070590496063232e-01 -3.628350328654050827e-03 2.986966073513031006e-01
4.276973903179168701e-01 8.664295310154557228e-04 2.345581771805882454e-03 4.871574230492115021e-03
4.277147054672241211e-01 1.959546655416488647e-01 2.443013247102499008e-03 -2.870703637599945068e-01
4.316338002681732178e-01 7.979574729688465595e-04 -3.298394149169325829e-03 6.382059305906295776e-03
4.316497743129730225e-01 -1.942765414714813232e-01 -3.170753130689263344e-03 2.980224788188934326e-01
4.277642369270324707e-01 8.904706919565796852e-04 2.789696678519248962e-03 4.341243300586938858e-03
4.277820289134979248e-01 1.959723085165023804e-01 2.876521321013569832e-03 -2.874602079391479492e-01
4.317014813423156738e-01 8.094483055174350739e-04 -2.872682409361004829e-03 6.128570530563592911e-03
4.317176640033721924e-01 -1.942711919546127319e-01 -2.750111045315861702e-03 2.979037463665008545e-01
4.278322458267211914e-01 8.898585219867527485e-04 3.207963891327381134e-03 4.354755394160747528e-03
4.278500378131866455e-01 1.959656625986099243e-01 3.295059083029627800e-03 -2.873142957687377930e-01
4.317693710327148438e-01 7.968699210323393345e-04 -2.451226813718676567e-03 6.406040396541357040e-03
4.317852854728698730e-01 -1.942898482084274292e-01 -2.323106164112687111e-03 2.983145713806152344e-01
4.278995096683502197e-01 8.651475072838366032e-04 3.643185365945100784e-03 4.899882245808839798e-03
4.279167950153350830e-01 1.959346681833267212e-01 3.741182852536439896e-03 -2.866313457489013672e-01
4.318355023860931396e-01 7.595561910420656204e-04 -1.991444034501910210e-03 7.229161448776721954e-03
4.318507015705108643e-01 -1.943337768316268921e-01 -1.846860861405730247e-03 2.992830872535705566e-01
4.279640018939971924e-01 8.144493913277983665e-04 4.138801246881484985e-03 6.018279585987329483e-03
4.279803037643432617e-01 1.958768069744110107e-01 4.259166773408651352e-03 -2.853559255599975586e-01
4.318978488445281982e-01 6.943647749722003937e-04 -1.447952119633555412e-03 8.667252026498317719e-03
4.319117367267608643e-01 -1.944067925214767456e-01 -1.274607027880847454e-03 3.008929789066314697e-01
4.280236065387725830e-01 7.333042449317872524e-04 4.743252415210008621e-03 7.808342110365629196e-03
4.280382692813873291e-01 1.957869082689285278e-01 4.899419378489255905e-03 -2.833742797374725342e-01
4.319539964199066162e-01 5.954221705906093121e-04 -7.680658600293099880e-04 1.084987632930278778e-02
4.319659173488616943e-01 1.957283765077590942e-01 -5.510683404281735420e-04 -2.820752859115600586e-01
4.358804821968078613e-01 6.142935599200427532e-04 -6.192574277520179749e-03 1.043378654867410660e-02
4.358927607536315918e-01 -1.944182962179183960e-01 -5.983898416161537170e-03 3.011564612388610840e-01
4.320043921470642090e-01 7.884233491495251656e-04 3.923099575331434608e-05 6.592363584786653519e-03
4.320201575756072998e-01 1.959098130464553833e-01 1.710782671580091119e-04 -2.860781848430633545e-01
4.359383583068847656e-01 7.854212308302521706e-04 -5.550485569983720779e-03 6.658693775534629822e-03
4.359540641307830811e-01 -1.942564845085144043e-01 -5.417311564087867737e-03 2.975852191448211670e-01
4.320689439773559570e-01 9.422645671293139458e-04 5.343928351067006588e-04 3.198702353984117508e-03
4.320877790451049805e-01 -1.941873431205749512e-01 5.983668961562216282e-04 2.960501909255981445e-01
4.282040297985076904e-01 9.260692750103771687e-04 6.519370712339878082e-03 3.556037321686744690e-03
4.282225668430328369e-01 1.959539204835891724e-01 6.590491626411676407e-03 -2.870628535747528076e-01
4.321416318416595459e-01 7.386038778349757195e-04 8.492346387356519699e-04 7.691364735364913940e-03
4.321564137935638428e-01 1.958483606576919556e-01 1.003061886876821518e-03 -2.847234904766082764e-01
4.360733628273010254e-01 7.121227099560201168e-04 -4.691408015787601471e-03 8.275619708001613617e-03
4.360876083374023438e-01 -1.943422406911849976e-01 -4.525895696133375168e-03 2.994746565818786621e-01
4.322007596492767334e-01 8.439357043243944645e-04 1.463597640395164490e-03 5.367801524698734283e-03
4.322176575660705566e-01 1.959448605775833130e-01 1.570953754708170891e-03 -2.868529856204986572e-01
4.361365437507629395e-01 8.005467243492603302e-04 -4.166105762124061584e-03 6.324995309114456177e-03
4.361525475978851318e-01 -1.942614167928695679e-01 -4.039606079459190369e-03 2.976905703544616699e-01
4.322673380374908447e-01 9.178925538435578346e-04 1.914205146022140980e-03 3.736353479325771332e-03
4.322856962680816650e-01 1.960123330354690552e-01 1.988932257518172264e-03 -2.883419990539550781e-01
4.362059235572814941e-01 8.620815351605415344e-04 -3.777907928451895714e-03 4.967548884451389313e-03
4.362231791019439697e-01 -1.942054927349090576e-01 -3.678556997328996658e-03 2.964560985565185547e-01
4.323390722274780273e-01 9.687121491879224777e-04 2.250565215945243835e-03 2.615300007164478302e-03
4.323584437370300293e-01 1.960583180189132690e-01 2.302871318534016609e-03 -2.893567085266113281e-01
4.362795948982238770e-01 9.036009432747960091e-04 -3.484262619167566299e-03 4.051640629768371582e-03
4.362976849079132080e-01 -1.941682100296020508e-01 -3.403229871764779091e-03 2.956331968307495117e-01
4.324143230915069580e-01 1.002094591967761517e-03 2.509434241801500320e-03 1.878900802694261074e-03
4.324343502521514893e-01 1.960879713296890259e-01 2.547012409195303917e-03 -2.900112271308898926e-01
4.363561272621154785e-01 9.297897340729832649e-04 -3.253211965784430504e-03 3.473923541605472565e-03
4.363747239112854004e-01 -1.941453516483306885e-01 -3.183733439072966576e-03 2.951286435127258301e-01
4.324918091297149658e-01 1.021840027533471584e-03 2.718839561566710472e-03 1.443324610590934753e-03
4.325122535228729248e-01 1.961046904325485229e-01 2.747705904766917229e-03 -2.903805375099182129e-01
4.364343285560607910e-01 9.436705149710178375e-04 -3.059904789552092552e-03 3.167717717587947845e-03
4.364531934261322021e-01 -1.941342651844024658e-01 -2.996550407260656357e-03 2.948836386203765869e-01
4.325705170631408691e-01 1.030279556289315224e-03 2.901122439652681351e-03 1.257153460755944252e-03
4.325911402702331543e-01 1.961105018854141235e-01 2.926265355199575424e-03 -2.905090153217315674e-01
4.365133345127105713e-01 9.469498763792216778e-04 -2.883915090933442116e-03 3.095375606790184975e-03
4.365322887897491455e-01 -1.941335201263427734e-01 -2.822007518261671066e-03 2.948670089244842529e-01
4.326496124267578125e-01 1.028546364977955818e-03 3.075332380831241608e-03 1.295390888117253780e-03
4.326701760292053223e-01 1.961062550544738770e-01 3.101240377873182297e-03 -2.904156446456909180e-01
4.365923106670379639e-01 9.402233408764004707e-04 -2.707072533667087555e-03 3.243760904297232628e-03
4.366111159324645996e-01 -1.941428035497665405e-01 -2.642197534441947937e-03 2.950713336467742920e-01
4.327282607555389404e-01 1.016719732433557510e-03 3.259229473769664764e-03 1.556282280944287777e-03
4.327485859394073486e-01 1.960917711257934570e-01 3.290355205535888672e-03 -2.900965511798858643e-01
4.366704225540161133e-01 9.230629657395184040e-04 -2.511575585231184959e-03 3.622311400249600410e-03
4.366888701915740967e-01 -1.941627860069274902e-01 -2.439129399135708809e-03 2.955117523670196533e-01
4.328056275844573975e-01 9.938603034242987633e-04 3.471105592325329781e-03 2.060557482764124870e-03
4.328255057334899902e-01 1.960658580064773560e-01 3.512316616252064705e-03 -2.895251810550689697e-01
4.367468357086181641e-01 8.940000552684068680e-04 -2.278186846524477005e-03 4.263426642864942551e-03
4.367646872997283936e-01 -1.941952109336853027e-01 -2.192918211221694946e-03 2.962266802787780762e-01
4.328807890415191650e-01 9.579396573826670647e-04 3.731615608558058739e-03 2.852957928553223610e-03
4.328999519348144531e-01 1.960261762142181396e-01 3.788674715906381607e-03 -2.886502742767333984e-01
4.368204772472381592e-01 8.504029246978461742e-04 -1.984330592676997185e-03 5.225159227848052979e-03
4.368374943733215332e-01 -1.942430287599563599e-01 -1.879827468656003475e-03 2.972813546657562256e-01
4.329526126384735107e-01 9.056641138158738613e-04 4.065799526870250702e-03 4.006146918982267380e-03
4.329707324504852295e-01 1.959690749645233154e-01 4.145922139286994934e-03 -2.873912155628204346e-01
4.368901252746582031e-01 7.882409845478832722e-04 -1.601901720277965069e-03 6.596423219889402390e-03
4.369058907032012939e-01 -1.943106949329376221e-01 -1.469973241910338402e-03 2.987734973430633545e-01
4.330196678638458252e-01 8.321737986989319324e-04 4.505496937781572342e-03 5.627333652228116989e-03
4.330363273620605469e-01 1.958892196416854858e-01 4.618043545633554459e-03 -2.856306433677673340e-01
4.369541108608245850e-01 7.017132593318820000e-04 -1.094569684937596321e-03 8.505183272063732147e-03
4.369681477546691895e-01 1.958393454551696777e-01 -9.244660031981766224e-04 -2.845228910446166992e-01
4.408849179744720459e-01 7.305911858566105366e-04 -6.614923942834138870e-03 7.868320681154727936e-03
4.408995211124420166e-01 -1.942958682775497437e-01 -6.457557436078786850e-03 2.984568476676940918e-01
4.370136260986328125e-01 9.175315499305725098e-04 -4.884205991402268410e-04 3.744333051145076752e-03
4.370319545269012451e-01 -1.941974163055419922e-01 -4.135339695494621992e-04 2.962731122970581055e-01
4.331480264663696289e-01 9.304324630647897720e-04 5.511928349733352661e-03 3.459797240793704987e-03
4.331666231155395508e-01 1.959729045629501343e-01 5.581124220043420792e-03 -2.874789535999298096e-01
4.370860755443572998e-01 7.718064589425921440e-04 -1.684549788478761911e-04 6.958961021155118942e-03
4.371015131473541260e-01 1.958961784839630127e-01 -2.927576315414626151e-05 -2.857771217823028564e-01
4.410194456577301025e-01 7.746394840069115162e-04 -5.744818132370710373e-03 6.896582432091236115e-03
4.410349428653717041e-01 -1.942644566297531128e-01 -5.606886465102434158e-03 2.977614402770996094e-01
4.371496438980102539e-01 9.369727922603487968e-04 3.483422333374619484e-04 3.315474372357130051e-03
4.371683895587921143e-01 1.960539221763610840e-01 4.146517021581530571e-04 -2.892575263977050781e-01
4.410894811153411865e-01 9.260649094358086586e-04 -5.370498634874820709e-03 3.556148847565054893e-03
4.411079883575439453e-01 -1.941184550523757935e-01 -5.299375858157873154e-03 2.945397794246673584e-01
4.372256100177764893e-01 1.078645582310855389e-03 5.914199864491820335e-04 1.902419026009738445e-04
4.372471868991851807e-01 -1.940517872571945190e-01 5.952248466201126575e-04 2.930597066879272461e-01
4.333661496639251709e-01 1.061677117832005024e-03 6.456418894231319427e-03 5.645687342621386051e-04
4.333873987197875977e-01 1.960904449224472046e-01 6.467710249125957489e-03 -2.900743186473846436e-01
4.373092055320739746e-01 8.768649422563612461e-04 6.662242813035845757e-04 4.641427658498287201e-03
4.373267292976379395e-01 1.959892511367797852e-01 7.590528111904859543e-04 -2.878312170505523682e-01
4.412465095520019531e-01 8.564876625314354897e-04 -4.997571464627981186e-03 5.091005470603704453e-03
4.412636458873748779e-01 -1.941934376955032349e-01 -4.895751364529132843e-03 2.961929440498352051e-01
4.373797774314880371e-01 9.979649912565946579e-04 1.028107595629990101e-03 1.970019424334168434e-03
4.373997449874877930e-01 1.961051523685455322e-01 1.067508012056350708e-03 -2.903883457183837891e-01
4.413218498229980469e-01 9.679998620413243771e-04 -4.740259144455194473e-03 2.631065901368856430e-03
4.413411915302276611e-01 -1.940856426954269409e-01 -4.687637556344270706e-03 2.938146293163299561e-01
4.374594986438751221e-01 1.102819689549505711e-03 1.188654801808297634e-03 -3.430255455896258354e-04
4.374815523624420166e-01 1.962077021598815918e-01 1.181794214062392712e-03 -2.926506698131561279e-01
4.414057135581970215e-01 1.068922574631869793e-03 -4.671219270676374435e-03 4.047343973070383072e-04
4.414270818233489990e-01 -1.939857304096221924e-01 -4.663124680519104004e-03 2.916101813316345215e-01
4.375473558902740479e-01 1.202402752824127674e-03 1.169078983366489410e-03 -2.539781853556632996e-03
4.375714063644409180e-01 -1.939362883567810059e-01 1.118283369578421116e-03 2.905117869377136230e-01
4.336926937103271484e-01 1.169692375697195530e-03 6.928518880158662796e-03 -1.818249118514358997e-03
4.337160885334014893e-01 1.961915940046310425e-01 6.892153993248939514e-03 -2.923071086406707764e-01
4.376399219036102295e-01 9.720581583678722382e-04 1.046011573635041714e-03 2.541514346376061440e-03
4.376593530178070068e-01 1.960789859294891357e-01 1.096841762773692608e-03 -2.898111939430236816e-01
4.415809214115142822e-01 9.414179367013275623e-04 -4.699381999671459198e-03 3.217457327991724014e-03
4.415997564792633057e-01 -1.941128224134445190e-01 -4.635033197700977325e-03 2.944139838218688965e-01
4.377174973487854004e-01 1.074901549145579338e-03 1.253246446140110493e-03 2.728381077758967876e-04
4.377390146255493164e-01 1.961788535118103027e-01 1.258703181520104408e-03 -2.920144200325012207e-01
4.416625797748565674e-01 1.038981485180556774e-03 -4.581585060805082321e-03 1.065229182131588459e-03
4.416833519935607910e-01 -1.940169632434844971e-01 -4.560280591249465942e-03 2.922990918159484863e-01
4.378030300140380859e-01 1.169709837995469570e-03 1.285701524466276169e-03 -1.818588818423449993e-03
4.378264248371124268e-01 1.962731927633285522e-01 1.249329769052565098e-03 -2.940955758094787598e-01
4.417518675327301025e-01 1.133457873947918415e-03 -4.632581956684589386e-03 -1.018898561596870422e-03
4.417745471000671387e-01 -1.939217448234558105e-01 -4.652959760278463364e-03 2.901988029479980469e-01
4.378961026668548584e-01 1.266238978132605553e-03 1.151016098447144032e-03 -3.947979770600795746e-03
4.379214346408843994e-01 -1.938721984624862671e-01 1.072056475095450878e-03 2.890978753566741943e-01
4.340440034866333008e-01 1.234446885064244270e-03 6.854014005511999130e-03 -3.246734151616692543e-03
4.340686798095703125e-01 1.962574273347854614e-01 6.789079401642084122e-03 -2.937592864036560059e-01
4.379938244819641113e-01 1.039350638166069984e-03 9.138938621617853642e-04 1.057071262039244175e-03
4.380146265029907227e-01 1.961481869220733643e-01 9.350352920591831207e-04 -2.913373708724975586e-01
4.419375956058502197e-01 1.012912369333207607e-03 -4.891712218523025513e-03 1.640308182686567307e-03
4.419578313827514648e-01 -1.940385401248931885e-01 -4.858905915170907974e-03 2.927758395671844482e-01
4.380770623683929443e-01 1.152346259914338589e-03 9.966107318177819252e-04 -1.435557380318641663e-03
4.381001293659210205e-01 -1.939838826656341553e-01 9.678995702415704727e-04 2.915616333484649658e-01
4.342204332351684570e-01 1.124253380112349987e-03 6.799132563173770905e-03 -8.158604032360017300e-04
4.342429339885711670e-01 1.961480379104614258e-01 6.782815326005220413e-03 -2.913458347320556641e-01
4.381658732891082764e-01 9.300335659645497799e-04 9.558983729220926762e-04 3.468557028099894524e-03
4.381844997406005859e-01 1.960382610559463501e-01 1.025269506499171257e-03 -2.889126241207122803e-01
4.421052634716033936e-01 9.017061674967408180e-04 -4.752982873469591141e-03 4.093491006642580032e-03
4.421232938766479492e-01 -1.941517591476440430e-01 -4.671113099902868271e-03 2.952730059623718262e-01
4.382402598857879639e-01 1.036472967825829983e-03 1.234347233548760414e-03 1.120556495152413845e-03
4.382609724998474121e-01 1.961407065391540527e-01 1.256758347153663635e-03 -2.911726534366607666e-01
4.421837925910949707e-01 1.000851625576615334e-03 -4.566695075482130051e-03 1.906365039758384228e-03
4.422038197517395020e-01 -1.940553039312362671e-01 -4.528567660599946976e-03 2.931449413299560547e-01
4.383226931095123291e-01 1.130914315581321716e-03 1.334331347607076168e-03 -9.627756662666797638e-04
4.383453130722045898e-01 1.962337046861648560e-01 1.315075904130935669e-03 -2.932243943214416504e-01
4.422700107097625732e-01 1.093027531169354916e-03 -4.549412056803703308e-03 -1.270126231247559190e-04
4.422918558120727539e-01 -1.939633786678314209e-01 -4.551952704787254333e-03 2.911170423030853271e-01
4.384125769138336182e-01 1.223175670020282269e-03 1.270388602279126644e-03 -2.998021431267261505e-03
4.384370446205139160e-01 -1.939169764518737793e-01 1.210428192280232906e-03 2.900854647159576416e-01
4.345587193965911865e-01 1.187698682770133018e-03 7.012137211859226227e-03 -2.215467859059572220e-03
4.345824718475341797e-01 1.962083876132965088e-01 6.967828143388032913e-03 -2.926777601242065430e-01
4.385066330432891846e-01 9.877863340079784393e-04 1.114272861741483212e-03 2.194560365751385689e-03
4.385263919830322266e-01 1.960937380790710449e-01 1.158163999207317829e-03 -2.901366055011749268e-01
