-3.144767507910728455e-02 1.911996863782405853e-02 6.541220471262931824e-03 -2.724311500787734985e-02
-3.106527402997016907e-02 2.141475081443786621e-01 5.996358115226030350e-03 -3.178550601005554199e-01
-2.678232453763484955e-02 1.894066482782363892e-02 -3.607430262491106987e-04 -2.328714169561862946e-02
-2.640351094305515289e-02 -1.761761158704757690e-01 -8.264858624897897243e-04 2.692819535732269287e-01
-2.992703206837177277e-02 1.895762421190738678e-02 4.559153225272893906e-03 -2.366154640913009644e-02
-2.954787947237491608e-02 -1.762294173240661621e-01 4.085922148078680038e-03 2.704563438892364502e-01
-3.307246789336204529e-02 1.883399672806262970e-02 9.495048783719539642e-03 -2.093505859375000000e-02
-3.269578889012336731e-02 2.138185054063796997e-01 9.076347574591636658e-03 -3.106071352958679199e-01
-2.841941826045513153e-02 1.856841892004013062e-02 2.864205511286854744e-03 -1.507566031068563461e-02
-2.804804965853691101e-02 -1.765944957733154297e-01 2.562692156061530113e-03 2.785095870494842529e-01
-3.157994151115417480e-02 1.849080808460712433e-02 8.132883347570896149e-03 -1.336397789418697357e-02
-3.121012449264526367e-02 2.134951800107955933e-01 7.865604013204574585e-03 -3.034698367118835449e-01
-2.694021910429000854e-02 1.826202496886253357e-02 1.796207739971578121e-03 -8.316681720316410065e-03
-2.657498046755790710e-02 -1.768856346607208252e-01 1.629874110221862793e-03 2.849324345588684082e-01
-3.011269308626651764e-02 1.821302622556686401e-02 7.328522857278585434e-03 -7.236001547425985336e-03
-2.974843233823776245e-02 2.132291197776794434e-01 7.183802779763936996e-03 -2.975977063179016113e-01
-2.548385038971900940e-02 1.800549775362014771e-02 1.231848378665745258e-03 -2.657823031768202782e-03
-2.512373961508274078e-02 -1.771340966224670410e-01 1.178691978566348553e-03 2.904134988784790039e-01
-2.866642177104949951e-02 1.797102577984333038e-02 6.986962165683507919e-03 -1.897435402497649193e-03
-2.830700017511844635e-02 2.129920870065689087e-01 6.949013564735651016e-03 -2.923677265644073486e-01
-2.404715865850448608e-02 1.777174323797225952e-02 1.101658912375569344e-03 2.498703077435493469e-03
-2.369172498583793640e-02 2.128778845071792603e-01 1.151632983237504959e-03 -2.898364365100860596e-01
-1.943416707217693329e-02 1.773952320218086243e-02 -4.645095672458410263e-03 3.209483344107866287e-03
-1.907937601208686829e-02 -1.773155033588409424e-01 -4.580906126648187637e-03 2.944232225418090820e-01
-2.262568660080432892e-02 1.787145622074604034e-02 1.307558268308639526e-03 2.990640932694077492e-04
-2.226825803518295288e-02 -1.772692203521728516e-01 1.313539571128785610e-03 2.933942675590515137e-01
-2.581364102661609650e-02 1.783397607505321503e-02 7.181424647569656372e-03 1.125889248214662075e-03
-2.545696310698986053e-02 2.128522098064422607e-01 7.203942630439996719e-03 -2.892825901508331299e-01
-2.119991742074489594e-02 1.762826927006244659e-02 1.418290659785270691e-03 5.663655232638120651e-03
-2.084735222160816193e-02 -1.775139868259429932e-01 1.531563815660774708e-03 2.987937331199645996e-01
-2.439763210713863373e-02 1.758609339594841003e-02 7.507438305765390396e-03 6.594225764274597168e-03
-2.404591068625450134e-02 2.125995755195617676e-01 7.639322895556688309e-03 -2.837105989456176758e-01
-1.979392021894454956e-02 1.736950501799583435e-02 1.965111121535301208e-03 1.137191243469715118e-02
-1.944652944803237915e-02 2.124632149934768677e-01 2.192549407482147217e-03 -2.806903421878814697e-01
-1.519726496189832687e-02 1.731006056070327759e-02 -3.421257715672254562e-03 1.268329191952943802e-02
-1.485106348991394043e-02 -1.777626574039459229e-01 -3.167591756209731102e-03 3.042848110198974609e-01
-1.840631663799285889e-02 1.740428991615772247e-02 2.918104408308863640e-03 1.060458458960056305e-02
-1.805823110044002533e-02 2.124842703342437744e-01 3.130196128040552139e-03 -2.811562120914459229e-01
-1.380854565650224686e-02 1.731780916452407837e-02 -2.492928178980946541e-03 1.251231506466865540e-02
-1.346218958497047424e-02 -1.777683049440383911e-01 -2.242682036012411118e-03 3.044076561927795410e-01
-1.701755635440349579e-02 1.738553866744041443e-02 3.845470957458019257e-03 1.101827993988990784e-02
-1.666984520852565765e-02 2.124521285295486450e-01 4.065836779773235321e-03 -2.804488837718963623e-01
-1.242080237716436386e-02 1.727241836488246918e-02 -1.543140853755176067e-03 1.351362373679876328e-02
-1.207535341382026672e-02 -1.778273731470108032e-01 -1.272868481464684010e-03 3.057092726230621338e-01
-1.563190110027790070e-02 1.731269806623458862e-02 4.841316957026720047e-03 1.262518577277660370e-02
-1.528564747422933578e-02 2.123648822307586670e-01 5.093820858746767044e-03 -2.785263359546661377e-01
-1.103834901005029678e-02 1.717063784599304199e-02 -4.767057544086128473e-04 1.575882360339164734e-02
-1.069493684917688370e-02 -1.779444664716720581e-01 -1.615292858332395554e-04 3.082913160324096680e-01
-1.425382588058710098e-02 1.717977970838546753e-02 6.004296708852052689e-03 1.555744186043739319e-02
-1.391023024916648865e-02 2.122151106595993042e-01 6.315445527434349060e-03 -2.752250134944915771e-01
-9.665928781032562256e-03 1.700362376868724823e-02 8.109451737254858017e-04 1.944309100508689880e-02
-9.325856342911720276e-03 -1.781299412250518799e-01 1.199806923978030682e-03 3.123817741870880127e-01
-1.288845483213663101e-02 1.697489060461521149e-02 7.447442505508661270e-03 2.007746696472167969e-02
-1.254895702004432678e-02 2.119892537593841553e-01 7.848992012441158295e-03 -2.702464461326599121e-01
-8.309172466397285461e-03 1.675617694854736328e-02 2.444063080474734306e-03 2.490173652768135071e-02
-7.974048145115375519e-03 2.118429988622665405e-01 2.942097838968038559e-03 -2.670090496540069580e-01
-3.737188642844557762e-03 1.667917519807815552e-02 -2.398083452135324478e-03 2.660037390887737274e-02
-3.403605194762349129e-03 -1.784083098173141479e-01 -1.866076025180518627e-03 3.185257017612457275e-01
-6.971771363168954849e-03 1.674017496407032013e-02 4.504438489675521851e-03 2.525487914681434631e-02
-6.636967882513999939e-03 2.117972373962402344e-01 5.009535700082778931e-03 -2.660034596920013428e-01
-2.401022939011454582e-03 1.660415157675743103e-02 -3.105330979451537132e-04 2.825530990958213806e-02
-2.068939851596951485e-03 -1.785133481025695801e-01 2.545730676501989365e-04 3.208402395248413086e-01
-5.639206618070602417e-03 1.660497859120368958e-02 6.671377923339605331e-03 2.823760919272899628e-02
-5.307107232511043549e-03 2.116306275129318237e-01 7.236130069941282272e-03 -2.623329758644104004e-01
-1.074494677595794201e-03 1.640613563358783722e-02 1.989470561966300011e-03 3.262349218130111694e-02
-7.463719812221825123e-04 -1.787442862987518311e-01 2.641940489411354065e-03 3.259334564208984375e-01
-4.321257583796977997e-03 1.633994653820991516e-02 9.160609915852546692e-03 3.408484905958175659e-02
-3.994458820670843124e-03 2.113293409347534180e-01 9.842306375503540039e-03 -2.556937932968139648e-01
2.321280480828136206e-04 1.606825925409793854e-02 4.728430882096290588e-03 4.007724300026893616e-02
5.534932133741676807e-04 2.111220806837081909e-01 5.529975518584251404e-03 -2.511100769042968750e-01
4.775934852659702301e-03 1.592160575091838837e-02 5.077740061096847057e-04 4.331197217106819153e-02
5.094367079436779022e-03 -1.792076230049133301e-01 1.374013489112257957e-03 3.361550569534301758e-01
1.510214642621576786e-03 1.589474827051162720e-02 8.097114972770214081e-03 4.390574246644973755e-02
1.828109612688422203e-03 2.108996659517288208e-01 8.975229226052761078e-03 -2.462115138769149780e-01
6.046102847903966904e-03 1.565067842602729797e-02 4.050999414175748825e-03 4.928884655237197876e-02
6.359116174280643463e-03 2.107143104076385498e-01 5.036776419728994370e-03 -2.421132028102874756e-01
1.057340297847986221e-02 1.552077475935220718e-02 1.945123076438903809e-04 5.215418711304664612e-02
1.088381838053464890e-02 -1.796039640903472900e-01 1.237596035934984684e-03 3.448984920978546143e-01
7.291738875210285187e-03 1.550035923719406128e-02 8.135565556585788727e-03 5.260606855154037476e-02
7.601745892316102982e-03 2.105047106742858887e-01 9.187687188386917114e-03 -2.374989539384841919e-01
1.181184034794569016e-02 1.525271963328123093e-02 4.437707830220460892e-03 5.806782096624374390e-02
1.211689505726099014e-02 2.103107571601867676e-01 5.599064286798238754e-03 -2.332116812467575073e-01
1.632311008870601654e-02 1.510925870388746262e-02 9.348306921310722828e-04 6.123210117220878601e-02
1.662529446184635162e-02 -1.800260841846466064e-01 2.159472787752747536e-03 3.542098402976989746e-01
1.302477344870567322e-02 1.506509538739919662e-02 9.243668988347053528e-03 6.220862269401550293e-02
1.332607492804527283e-02 2.100533097982406616e-01 1.048784144222736359e-02 -2.275435924530029297e-01
1.752714067697525024e-02 1.478305272758007050e-02 5.936970002949237823e-03 6.842904537916183472e-02
1.782280206680297852e-02 2.098193913698196411e-01 7.305550854653120041e-03 -2.223748415708541870e-01
2.201919071376323700e-02 1.459378004074096680e-02 2.858053892850875854e-03 7.260356843471527100e-02
2.231106534600257874e-02 2.096746414899826050e-01 4.310125485062599182e-03 -2.191762626171112061e-01
2.650455944240093231e-02 1.449134480208158493e-02 -7.339995499933138490e-05 7.486313581466674805e-02
2.679438516497612000e-02 -1.806295514106750488e-01 1.423862762749195099e-03 3.675228953361511230e-01
2.318179421126842499e-02 1.447213534265756607e-02 8.774320594966411591e-03 7.528927922248840332e-02
2.347123622894287109e-02 2.094672024250030518e-01 1.028010621666908264e-02 -2.146124541759490967e-01
2.766058035194873810e-02 1.419980544596910477e-02 5.987857468426227570e-03 8.129547536373138428e-02
2.794457785785198212e-02 2.092354148626327515e-01 7.613766938447952271e-03 -2.094922661781311035e-01
3.212928399443626404e-02 1.400542538613080978e-02 3.423921531066298485e-03 8.558264374732971191e-02
3.240939229726791382e-02 2.090781331062316895e-01 5.135574378073215485e-03 -2.060180604457855225e-01
3.659095615148544312e-02 1.388311851769685745e-02 1.015213085338473320e-03 8.828044682741165161e-02
3.686862066388130188e-02 -1.812533736228942871e-01 2.780821872875094414e-03 3.812834918498992920e-01
3.324355185031890869e-02 1.382898446172475815e-02 1.040649227797985077e-02 8.947865664958953857e-02
3.352013230323791504e-02 2.088002413511276245e-01 1.219606492668390274e-02 -1.999029368162155151e-01
3.769613429903984070e-02 1.350599527359008789e-02 8.198006078600883484e-03 9.660219401121139526e-02
3.796625509858131409e-02 2.085094898939132690e-01 1.013005059212446213e-02 -1.934830397367477417e-01
4.213644564151763916e-02 1.324411202222108841e-02 6.260389462113380432e-03 1.023781970143318176e-01
4.240132868289947510e-02 2.082757800817489624e-01 8.307953365147113800e-03 -1.883230358362197876e-01
4.656684398651123047e-02 1.303596608340740204e-02 4.541492555290460587e-03 1.069690957665443420e-01
4.682756215333938599e-02 2.080925405025482178e-01 6.680874619632959366e-03 -1.842775642871856689e-01
5.098941549658775330e-02 1.287563983350992203e-02 2.995323156937956810e-03 1.105054244399070740e-01
5.124692618846893311e-02 2.079545408487319946e-01 5.205431487411260605e-03 -1.812309920787811279e-01
5.540601909160614014e-02 1.275849249213933945e-02 1.580811804160475731e-03 1.130895018577575684e-01
5.566118657588958740e-02 2.078577578067779541e-01 3.842601785436272621e-03 -1.790942698717117310e-01
5.981834232807159424e-02 1.268102787435054779e-02 2.607164205983281136e-04 1.147983819246292114e-01
6.007196381688117981e-02 -1.824446618556976318e-01 2.556683961302042007e-03 4.075635671615600586e-01
5.642307177186012268e-02 1.264094840735197067e-02 1.070795487612485886e-02 1.156877651810646057e-01
5.667588859796524048e-02 2.076078504323959351e-01 1.302171032875776291e-02 -1.735977381467819214e-01
6.082804501056671143e-02 1.230197306722402573e-02 9.549755603075027466e-03 1.231645122170448303e-01
6.107408553361892700e-02 2.072858214378356934e-01 1.201304607093334198e-02 -1.664903312921524048e-01
6.521980464458465576e-02 1.199398282915353775e-02 8.683239109814167023e-03 1.299580335617065430e-01
6.545968353748321533e-02 2.069904804229736328e-01 1.128239929676055908e-02 -1.599728465080261230e-01
6.959949433803558350e-02 1.170883420854806900e-02 8.082943037152290344e-03 1.362479329109191895e-01
6.983366608619689941e-02 2.067140787839889526e-01 1.080790162086486816e-02 -1.538740247488021851e-01
7.396794855594635010e-02 1.143906172364950180e-02 7.730420678853988647e-03 1.421988606452941895e-01
7.419673353433609009e-02 2.064494490623474121e-01 1.057439763098955154e-02 -1.480352580547332764e-01
7.832571864128112793e-02 1.117768324911594391e-02 7.613692898303270340e-03 1.479648202657699585e-01
7.854927331209182739e-02 2.061897814273834229e-01 1.057298947125673294e-02 -1.423064470291137695e-01
8.267306536436080933e-02 1.091801654547452927e-02 7.726860698312520981e-03 1.536932438611984253e-01
8.289142698049545288e-02 2.059284895658493042e-01 1.080072484910488129e-02 -1.365420520305633545e-01
8.700999617576599121e-02 1.065350975841283798e-02 8.069884032011032104e-03 1.595286726951599121e-01
8.722306787967681885e-02 2.056590020656585693e-01 1.126045733690261841e-02 -1.305975168943405151e-01
9.133625030517578125e-02 1.037757284939289093e-02 8.648507297039031982e-03 1.656165570020675659e-01
9.154380112886428833e-02 2.053746581077575684e-01 1.196083799004554749e-02 -1.243255138397216797e-01
9.565129131078720093e-02 1.008341647684574127e-02 9.474327787756919861e-03 1.721068024635314941e-01
9.585296362638473511e-02 2.050684988498687744e-01 1.291646435856819153e-02 -1.175722703337669373e-01
9.995432943105697632e-02 9.763879701495170593e-03 1.056501828134059906e-02 1.791575402021408081e-01
1.001496091485023499e-01 2.047330588102340698e-01 1.414817012846469879e-02 -1.101738512516021729e-01
1.042442694306373596e-01 9.411261416971683502e-03 1.194469258189201355e-02 1.869389563798904419e-01
1.044324934482574463e-01 2.043602913618087769e-01 1.568347215652465820e-02 -1.019520834088325500e-01
1.085197031497955322e-01 9.017133153975009918e-03 1.364442985504865646e-02 1.956373751163482666e-01
1.087000444531440735e-01 2.039412856101989746e-01 1.755717769265174866e-02 -9.271028637886047363e-02
1.127788722515106201e-01 8.572139777243137360e-03 1.570297218859195709e-02 2.054598033428192139e-01
1.129503101110458374e-01 2.034660577774047852e-01 1.981216855347156525e-02 -8.222854137420654297e-02
1.170196309685707092e-01 3.982984721660614014e-01 1.816759631037712097e-02 -3.685954213142395020e-01
1.249856054782867432e-01 2.029231637716293335e-01 1.079568825662136078e-02 -7.023983448743820190e-02
1.290440708398818970e-01 3.978886902332305908e-01 9.390891529619693756e-03 -3.594972193241119385e-01
1.370018422603607178e-01 2.026345133781433105e-01 2.200947375968098640e-03 -6.386797875165939331e-02
1.410545259714126587e-01 7.481073029339313507e-03 9.235878824256360531e-04 2.295085489749908447e-01
1.412041485309600830e-01 2.025898098945617676e-01 5.513758864253759384e-03 -6.288290768861770630e-02
1.452559530735015869e-01 7.389244623482227325e-03 4.256100859493017197e-03 2.315345406532287598e-01
1.454037278890609741e-01 2.024501264095306396e-01 8.886791765689849854e-03 -5.980284139513969421e-02
1.494527310132980347e-01 3.974435329437255859e-01 7.690734695643186569e-03 -3.496687412261962891e-01
1.574016064405441284e-01 2.022130489349365234e-01 6.973599665798246861e-04 -5.457061529159545898e-02
1.614458709955215454e-01 7.081110030412673950e-03 -3.940523311030119658e-04 2.383322566747665405e-01
1.615874916315078735e-01 2.022086828947067261e-01 4.372592549771070480e-03 -5.447494238615036011e-02
1.656316667795181274e-01 3.972676694393157959e-01 3.283093916252255440e-03 -3.457750678062438965e-01
1.735770106315612793e-01 2.020991742610931396e-01 -3.632407635450363159e-03 -5.205868184566497803e-02
1.776189953088760376e-01 7.029493805021047592e-03 -4.673581570386886597e-03 2.394759804010391235e-01
1.777595877647399902e-01 2.022178918123245239e-01 1.159381936304271221e-04 -5.467745661735534668e-02
1.818039417266845703e-01 3.973381817340850830e-01 -9.776109363883733749e-04 -3.473238050937652588e-01
1.897507160902023315e-01 2.022301554679870605e-01 -7.924087345600128174e-03 -5.494930967688560486e-02
1.937953084707260132e-01 7.222712505608797073e-03 -9.023073129355907440e-03 2.352230101823806763e-01
1.939397752285003662e-01 2.024724036455154419e-01 -4.318613093346357346e-03 -6.029236316680908203e-02
1.979892104864120483e-01 7.412644568830728531e-03 -5.524460226297378540e-03 2.310248911380767822e-01
1.981374770402908325e-01 2.026131004095077515e-01 -9.039623546414077282e-04 -6.339550763368606567e-02
2.021897286176681519e-01 3.977479934692382812e-01 -2.171872416511178017e-03 -3.563635051250457764e-01
2.101446986198425293e-01 2.026569992303848267e-01 -9.299142286181449890e-03 -6.436621397733688354e-02
2.141978293657302856e-01 7.669595070183277130e-03 -1.058646664023399353e-02 2.253683358430862427e-01
2.143512219190597534e-01 2.029412388801574707e-01 -6.079100072383880615e-03 -7.063508033752441406e-02
2.184100449085235596e-01 7.906962186098098755e-03 -7.491801865398883820e-03 2.201236784458160400e-01
2.185681909322738647e-01 2.031351923942565918e-01 -3.089328296482563019e-03 -7.491302490234375000e-02
2.226308882236480713e-01 8.057669736444950104e-03 -4.587588831782341003e-03 2.167936116456985474e-01
2.227920442819595337e-01 2.032449096441268921e-01 -2.517165557947009802e-04 -7.733290642499923706e-02
2.268569469451904297e-01 3.983704745769500732e-01 -1.798374694772064686e-03 -3.700952529907226562e-01
2.348243594169616699e-01 2.032741010189056396e-01 -9.200279600918292999e-03 -7.797989994287490845e-02
2.388898283243179321e-01 8.285246789455413818e-03 -1.075987704098224640e-02 2.117861658334732056e-01
2.390555441379547119e-01 2.035593688488006592e-01 -6.524153985083103180e-03 -8.427140861749649048e-02
2.431267201900482178e-01 8.531548082828521729e-03 -8.209582418203353882e-03 2.063460201025009155e-01
2.432973533868789673e-01 2.037699222564697266e-01 -4.082662053406238556e-03 -8.891528099775314331e-02
2.473727613687515259e-01 8.706733584403991699e-03 -5.860967561602592468e-03 2.024767696857452393e-01
2.475468963384628296e-01 2.039120048284530640e-01 -1.811432186514139175e-03 -9.204922616481781006e-02
2.516251206398010254e-01 8.816071785986423492e-03 -3.652416635304689407e-03 2.000616490840911865e-01
2.518014609813690186e-01 2.039900720119476318e-01 3.488161019049584866e-04 -9.377121180295944214e-02
2.558812499046325684e-01 3.991070091724395752e-01 -1.526608131825923920e-03 -3.863440752029418945e-01
2.638633847236633301e-01 2.040067762136459351e-01 -9.253489784896373749e-03 -9.414286166429519653e-02
2.679435312747955322e-01 9.018665179610252380e-03 -1.113634649664163589e-02 1.956062912940979004e-01
2.681238949298858643e-01 2.042981237173080444e-01 -7.224220782518386841e-03 -1.005687564611434937e-01
2.722098529338836670e-01 9.280451573431491852e-03 -9.235596284270286560e-03 1.898262202739715576e-01
2.723954617977142334e-01 2.045333087444305420e-01 -5.439071450382471085e-03 -1.057557910680770874e-01
2.764861285686492920e-01 9.489717893302440643e-03 -7.554187439382076263e-03 1.852061748504638672e-01
2.766759395599365234e-01 2.047189325094223022e-01 -3.850063541904091835e-03 -1.098501980304718018e-01
2.807703018188476562e-01 9.652364999055862427e-03 -6.047067698091268539e-03 1.816155761480331421e-01
2.809633612632751465e-01 2.048603147268295288e-01 -2.414756221696734428e-03 -1.129688397049903870e-01
2.850605547428131104e-01 9.773054160177707672e-03 -4.674132913351058960e-03 1.789512783288955688e-01
2.852560281753540039e-01 2.049615830183029175e-01 -1.095107407309114933e-03 -1.152025088667869568e-01
2.893552482128143311e-01 9.855337440967559814e-03 -3.399157663807272911e-03 1.771347224712371826e-01
2.895523607730865479e-01 2.050257623195648193e-01 1.435367739759385586e-04 -1.166185885667800903e-01
2.936528921127319336e-01 4.001456499099731445e-01 -2.188834827393293381e-03 -4.092562198638916016e-01
3.016557991504669189e-01 2.050548195838928223e-01 -1.037395931780338287e-02 -1.172641664743423462e-01
3.057568967342376709e-01 1.008302532136440277e-02 -1.271924283355474472e-02 1.721278876066207886e-01
3.059585392475128174e-01 2.053846865892410278e-01 -9.276685304939746857e-03 -1.245402693748474121e-01
3.100662529468536377e-01 1.039685960859060287e-02 -1.176749076694250107e-02 1.652015894651412964e-01
3.102741837501525879e-01 2.056852728128433228e-01 -8.463459089398384094e-03 -1.311703026294708252e-01
3.143878877162933350e-01 1.068556774407625198e-02 -1.108686439692974091e-02 1.588305383920669556e-01
3.146016001701354980e-01 2.059644758701324463e-01 -7.910254411399364471e-03 -1.373292952775955200e-01
3.187208771705627441e-01 1.095671392977237701e-02 -1.065684016793966293e-02 1.528476029634475708e-01
3.189400136470794678e-01 2.062296271324157715e-01 -7.599887903779745102e-03 -1.431781798601150513e-01
3.230646252632141113e-01 1.121733337640762329e-02 -1.046345103532075882e-02 1.470974683761596680e-01
3.232889771461486816e-01 2.064875513315200806e-01 -7.521502207964658737e-03 -1.488680243492126465e-01
3.274187147617340088e-01 1.147410832345485687e-02 -1.049886271357536316e-02 1.414325684309005737e-01
3.276481926441192627e-01 2.067448347806930542e-01 -7.670211140066385269e-03 -1.545439958572387695e-01
3.317830860614776611e-01 1.173354499042034149e-02 -1.076109148561954498e-02 1.357093155384063721e-01
3.320177793502807617e-01 2.070079594850540161e-01 -8.046904578804969788e-03 -1.603490561246871948e-01
3.361579179763793945e-01 1.200213655829429626e-02 -1.125388592481613159e-02 1.297844499349594116e-01
3.363979756832122803e-01 2.072834819555282593e-01 -8.658196777105331421e-03 -1.664275825023651123e-01
3.405436277389526367e-01 1.228652615100145340e-02 -1.198674831539392471e-02 1.235114112496376038e-01
3.407893776893615723e-01 2.075781375169754028e-01 -9.516520425677299500e-03 -1.729289889335632324e-01
3.449409306049346924e-01 1.259367261081933975e-02 -1.297509949654340744e-02 1.167366579174995422e-01
3.451927900314331055e-01 2.078991085290908813e-01 -1.064036693423986435e-02 -1.800114065408706665e-01
3.493507802486419678e-01 1.293102093040943146e-02 -1.424059458076953888e-02 1.092959567904472351e-01
3.496094048023223877e-01 2.082541137933731079e-01 -1.205467525869607925e-02 -1.878455728292465210e-01
3.537744879722595215e-01 1.330668292939662933e-02 -1.581158675253391266e-02 1.010103449225425720e-01
3.540406227111816406e-01 2.086516320705413818e-01 -1.379138045012950897e-02 -1.966188549995422363e-01
3.582136631011962891e-01 1.372963190078735352e-02 -1.772375777363777161e-02 9.168179333209991455e-02
3.584882318973541260e-01 -1.811338514089584351e-01 -1.589012145996093750e-02 3.787206113338470459e-01
3.548655807971954346e-01 1.421011332422494888e-02 -8.315709419548511505e-03 8.107014000415802002e-02
3.551497757434844971e-01 2.094502747058868408e-01 -6.694306619465351105e-03 -2.142247706651687622e-01
3.593387901782989502e-01 1.442466955631971359e-02 -1.097880210727453232e-02 7.633897662162780762e-02
3.596272766590118408e-01 2.097022682428359985e-01 -9.452022612094879150e-03 -2.197874784469604492e-01
3.638213276863098145e-01 1.471670158207416534e-02 -1.384777203202247620e-02 6.989895552396774292e-02
3.641156554222106934e-01 -1.802040040493011475e-01 -1.244979351758956909e-02 3.581808805465698242e-01
3.605115711688995361e-01 1.509269885718822479e-02 -5.286175757646560669e-03 6.159837171435356140e-02
3.608134388923645020e-01 2.102900445461273193e-01 -4.054208286106586456e-03 -2.327476739883422852e-01
3.650192320346832275e-01 1.522625330835580826e-02 -8.709161542356014252e-03 5.865366384387016296e-02
3.653237521648406982e-01 2.104719877243041992e-01 -7.536088582128286362e-03 -2.367642968893051147e-01
3.695331811904907227e-01 1.545850839465856552e-02 -1.227137446403503418e-02 5.353203043341636658e-02
3.698423504829406738e-01 -1.794853508472442627e-01 -1.120073348283767700e-02 3.423181176185607910e-01
3.662526607513427734e-01 1.579414308071136475e-02 -4.354371223598718643e-03 4.612429812550544739e-02
3.665685355663299561e-01 2.109782546758651733e-01 -3.431885270401835442e-03 -2.479292899370193481e-01
3.707880973815917969e-01 1.590549014508724213e-02 -8.390471339225769043e-03 4.366917535662651062e-02
3.711062073707580566e-01 -1.790951490402221680e-01 -7.517087738960981369e-03 3.336930572986602783e-01
3.675242960453033447e-01 1.613298244774341583e-02 -8.432262693531811237e-04 3.864914178848266602e-02
3.678469657897949219e-01 2.112670093774795532e-01 -7.024344085948541760e-05 -2.542997002601623535e-01
3.720723092555999756e-01 1.614606752991676331e-02 -5.156237632036209106e-03 3.836105763912200928e-02
3.723952174186706543e-01 -1.789015680551528931e-01 -4.389016423374414444e-03 3.294126987457275391e-01
3.688172101974487305e-01 1.628259196877479553e-02 2.199237234890460968e-03 3.534891083836555481e-02
3.691428601741790771e-01 2.113729417324066162e-01 2.906215377151966095e-03 -2.566393315792083740e-01
3.733703196048736572e-01 1.620961353182792664e-02 -2.226571086794137955e-03 3.695885092020034790e-02
3.736945092678070068e-01 2.113634198904037476e-01 -1.487394096329808235e-03 -2.564257383346557617e-01
3.779217600822448730e-01 1.626273803412914276e-02 -6.615909282118082047e-03 3.578765690326690674e-02
3.782470226287841797e-01 -1.787637174129486084e-01 -5.900155752897262573e-03 3.263758718967437744e-01
3.746717572212219238e-01 1.644173823297023773e-02 6.273615872487425804e-04 3.183815255761146545e-02
3.750005960464477539e-01 2.115546911954879761e-01 1.264124643057584763e-03 -2.606467604637145996e-01
3.792316913604736328e-01 1.641471311450004578e-02 -3.948810510337352753e-03 3.243461251258850098e-02
3.795599639415740967e-01 2.115930765867233276e-01 -3.300118492916226387e-03 -2.614915966987609863e-01
3.837918341159820557e-01 1.651838235557079315e-02 -8.529949933290481567e-03 3.014861792325973511e-02
3.841221928596496582e-01 -1.784802079200744629e-01 -7.926978170871734619e-03 3.201280832290649414e-01
3.805525898933410645e-01 1.675372757017612457e-02 -1.524415914900600910e-03 2.495587617158889771e-02
3.808876574039459229e-01 2.118975073099136353e-01 -1.025298377498984337e-03 -2.682076394557952881e-01
3.851256072521209717e-01 1.679020375013351440e-02 -6.389451213181018829e-03 2.415173500776290894e-02
3.854614198207855225e-01 -1.782395392656326294e-01 -5.906416103243827820e-03 3.148118853569030762e-01
3.818966448307037354e-01 1.696604862809181213e-02 3.898214490618556738e-04 2.027213945984840393e-02
3.822359442710876465e-01 2.120824009180068970e-01 7.952642044983804226e-04 -2.722877562046051025e-01
3.864775896072387695e-01 1.694911718368530273e-02 -4.650491289794445038e-03 2.064588107168674469e-02
3.868165910243988037e-01 -1.781058311462402344e-01 -4.237573593854904175e-03 3.118579089641571045e-01
3.832544684410095215e-01 1.707623153924942017e-02 1.999584492295980453e-03 1.784159243106842041e-02
3.835960030555725098e-01 2.121694535017013550e-01 2.356416312977671623e-03 -2.742097675800323486e-01
3.878393769264221191e-01 1.701395586133003235e-02 -3.127779113128781319e-03 1.921544037759304047e-02
3.881796598434448242e-01 -1.780630052089691162e-01 -2.743470249697566032e-03 3.109098672866821289e-01
3.846184015274047852e-01 1.709793135523796082e-02 3.474727272987365723e-03 1.736300438642501831e-02
3.849603533744812012e-01 2.121698856353759766e-01 3.821987425908446312e-03 -2.742215692996978760e-01
3.892037570476531982e-01 1.699360460042953491e-02 -1.662444206885993481e-03 1.966435275971889496e-02
3.895436227321624756e-01 2.121393531560897827e-01 -1.269157161004841328e-03 -2.735426425933837891e-01
3.937864303588867188e-01 1.703553646802902222e-02 -6.740009877830743790e-03 1.873973011970520020e-02
3.941271305084228516e-01 -1.779891103506088257e-01 -6.365214940160512924e-03 3.092885017395019531e-01
3.905673325061798096e-01 1.722295396029949188e-02 -1.794449926819652319e-04 1.460498571395874023e-02
3.909118175506591797e-01 2.123474776744842529e-01 1.126547213061712682e-04 -2.781345546245574951e-01
3.951587677001953125e-01 1.722391881048679352e-02 -5.450036376714706421e-03 1.458390336483716965e-02
3.955032229423522949e-01 -1.778194457292556763e-01 -5.158358253538608551e-03 3.055423200130462646e-01
3.919468522071838379e-01 1.737562939524650574e-02 9.524878696538507938e-04 1.123703550547361374e-02
3.922943472862243652e-01 2.124839127063751221e-01 1.177228637970983982e-03 -2.811452150344848633e-01
3.965440392494201660e-01 1.734518446028232574e-02 -4.445675760507583618e-03 1.190876960754394531e-02
3.968909382820129395e-01 -1.777127236127853394e-01 -4.207500256597995758e-03 3.031857311725616455e-01
3.933366835117340088e-01 1.746893301606178284e-02 1.856214134022593498e-03 9.178820997476577759e-03
3.936860561370849609e-01 2.125642150640487671e-01 2.039790619164705276e-03 -2.829178571701049805e-01
3.979373574256896973e-01 1.741322875022888184e-02 -3.618566785007715225e-03 1.040769740939140320e-02
3.982855975627899170e-01 -1.776566356420516968e-01 -3.410412929952144623e-03 3.019467294216156006e-01
3.947324752807617188e-01 1.751375012099742889e-02 2.628521760925650597e-03 8.190185762941837311e-03
3.950827419757843018e-01 2.125979065895080566e-01 2.792325336486101151e-03 -2.836622595787048340e-01
3.993346989154815674e-01 1.743623986840248108e-02 -2.880919724702835083e-03 9.900047443807125092e-03
3.996834456920623779e-01 -1.776442825794219971e-01 -2.682918682694435120e-03 3.016726076602935791e-01
3.961305618286132812e-01 1.751581020653247833e-02 3.350533777847886086e-03 8.144765160977840424e-03
3.964808583259582520e-01 2.125895470380783081e-01 3.513429081067442894e-03 -2.834791541099548340e-01
4.007326662540435791e-01 1.741766370832920074e-02 -2.156154019758105278e-03 1.030982192605733871e-02
4.010810256004333496e-01 -1.776732951402664185e-01 -1.949957571923732758e-03 3.023116886615753174e-01
3.975275456905364990e-01 1.747638918459415436e-02 4.096276126801967621e-03 9.014413692057132721e-03
3.978770673274993896e-01 2.125393599271774292e-01 4.276564344763755798e-03 -2.823732793331146240e-01
4.021278619766235352e-01 1.735666580498218536e-02 -1.370901241898536682e-03 1.165538374334573746e-02
4.024749994277954102e-01 2.124982476234436035e-01 -1.137793646194040775e-03 -2.814597785472869873e-01
4.067249596118927002e-01 1.739254780113697052e-02 -6.766988895833492279e-03 1.086409017443656921e-02
4.070728123188018799e-01 -1.776317059993743896e-01 -6.549707148224115372e-03 3.014042973518371582e-01
4.035201668739318848e-01 1.758298277854919434e-02 -5.216212593950331211e-04 6.662941537797451019e-03
4.038718342781066895e-01 2.127124071121215820e-01 -3.883624158333986998e-04 -2.861845195293426514e-01
4.081260859966278076e-01 1.759600080549716949e-02 -6.112052593380212784e-03 6.375897210091352463e-03
4.084779918193817139e-01 -1.774377673864364624e-01 -5.984534975141286850e-03 2.971241474151611328e-01
4.049292504787445068e-01 1.776898466050624847e-02 -4.205185905448161066e-05 2.559824846684932709e-03
4.052846431732177734e-01 -1.773523688316345215e-01 9.144635441771242768e-06 2.952294945716857910e-01
4.017375707626342773e-01 1.776945777237415314e-02 5.913734436035156250e-03 2.549440599977970123e-03
4.020929634571075439e-01 2.128061056137084961e-01 5.964722950011491776e-03 -2.882617712020874023e-01
4.063490927219390869e-01 1.759959943592548370e-02 1.994875201489776373e-04 6.296379957348108292e-03
4.067010879516601562e-01 2.127186954021453857e-01 3.254151379223912954e-04 -2.863236069679260254e-01
4.109554588794708252e-01 1.759209856390953064e-02 -5.401056725531816483e-03 6.461943034082651138e-03
4.113073050975799561e-01 -1.774519830942153931e-01 -5.271818023175001144e-03 2.974358797073364258e-01
4.077582657337188721e-01 1.774472557008266449e-02 6.768997991457581520e-04 3.094995394349098206e-03
4.081131517887115479e-01 2.128569632768630981e-01 7.387996884062886238e-04 -2.893742918968200684e-01
4.123702943325042725e-01 1.772448234260082245e-02 -5.048686172813177109e-03 3.541560610756278038e-03
4.127247929573059082e-01 -1.773246973752975464e-01 -4.977854900062084198e-03 2.946273088455200195e-01
4.091782867908477783e-01 1.786786504089832306e-02 9.146911907009780407e-04 3.785971202887594700e-04
4.095356464385986328e-01 2.129766792058944702e-01 9.222631342709064484e-04 -2.920155823230743408e-01
4.137951731681823730e-01 1.784159615635871887e-02 -4.918048623949289322e-03 9.580610785633325577e-04
4.141520261764526367e-01 -1.772094815969467163e-01 -4.898887593299150467e-03 2.920852303504943848e-01
4.106078147888183594e-01 1.798197813332080841e-02 9.428171906620264053e-04 -2.138704061508178711e-03
4.109674692153930664e-01 2.130903899669647217e-01 9.000431164167821407e-04 -2.945240139961242676e-01
4.152292609214782715e-01 1.795562356710433960e-02 -4.990437068045139313e-03 -1.557360286824405193e-03
4.155883789062500000e-01 -1.770943999290466309e-01 -5.021584220230579376e-03 2.895468473434448242e-01
4.120464920997619629e-01 1.809879392385482788e-02 7.693527732044458389e-04 -4.715587943792343140e-03
4.124084711074829102e-01 -1.770341843366622925e-01 6.750410539098083973e-04 2.882099747657775879e-01
4.088677763938903809e-01 1.807813532650470734e-02 6.439240649342536926e-03 -4.259969107806682587e-03
4.092293381690979004e-01 2.131071537733078003e-01 6.354041397571563721e-03 -2.949042916297912598e-01
4.134914875030517578e-01 1.789519004523754120e-02 4.559552180580794811e-04 -2.241980255348607898e-04
4.138493835926055908e-01 2.130105942487716675e-01 4.514712491072714329e-04 -2.927632331848144531e-01
4.181095957756042480e-01 1.788221485912799835e-02 -5.403793416917324066e-03 6.205013050930574536e-05
4.184672534465789795e-01 -1.771618276834487915e-01 -5.402552429586648941e-03 2.910351157188415527e-01
4.149240255355834961e-01 1.803674362599849701e-02 4.181502154096961021e-04 -3.346792422235012054e-03
4.152847528457641602e-01 2.131526917219161987e-01 3.512143448460847139e-04 -2.958977520465850830e-01
4.195477962493896484e-01 1.802573911845684052e-02 -5.566740874201059341e-03 -3.104084869846701622e-03
4.199083149433135986e-01 -1.770159304141998291e-01 -5.628822371363639832e-03 2.878172695636749268e-01
4.163680076599121094e-01 1.818583160638809204e-02 1.275231188628822565e-04 -6.635596044361591339e-03
4.167317152023315430e-01 -1.769379526376724243e-01 -5.188800059841014445e-06 2.860875725746154785e-01
4.131929576396942139e-01 1.818407699465751648e-02 5.716562271118164062e-03 -6.597000174224376678e-03
4.135566353797912598e-01 2.132235765457153320e-01 5.584622267633676529e-03 -2.974708080291748047e-01
4.178211092948913574e-01 1.802246458828449249e-02 -3.647938428912311792e-04 -3.031839383766055107e-03
4.181815683841705322e-01 -1.770942509174346924e-01 -4.254306259099394083e-04 2.895359694957733154e-01
4.146396815776824951e-01 1.803376339375972748e-02 5.365288816392421722e-03 -3.281104611232876778e-03
4.150003492832183838e-01 2.130783647298812866e-01 5.299666430801153183e-03 -2.942664027214050293e-01
4.192619323730468750e-01 1.788125373423099518e-02 -5.856613279320299625e-04 8.324178634211421013e-05
4.196195304393768311e-01 2.130115926265716553e-01 -5.839965306222438812e-04 -2.927844226360321045e-01
4.238797724246978760e-01 1.789797842502593994e-02 -6.439684890210628510e-03 -2.857259241864085197e-04
4.242377281188964844e-01 -1.771310269832611084e-01 -6.445399019867181778e-03 2.903584539890289307e-01
4.206951260566711426e-01 1.808223314583301544e-02 -6.382299470715224743e-04 -4.350278992205858231e-03
4.210567474365234375e-01 -1.770305633544921875e-01 -7.252354989759624004e-04 2.881312072277069092e-01
4.175161421298980713e-01 1.810172572731971741e-02 5.037388764321804047e-03 -4.780360963195562363e-03
4.178781807422637939e-01 2.131510674953460693e-01 4.941781517118215561e-03 -2.958696782588958740e-01
4.221411943435668945e-01 1.795902103185653687e-02 -9.756122017279267311e-04 -1.632302999496459961e-03
4.225003719329833984e-01 2.130949497222900391e-01 -1.008258201181888580e-03 -2.946228981018066406e-01
4.267622828483581543e-01 1.798738911747932434e-02 -6.900716107338666916e-03 -2.258121035993099213e-03
4.271220266819000244e-01 -1.770349144935607910e-01 -6.945878267288208008e-03 2.882395684719085693e-01
4.235813319683074951e-01 1.818539015948772430e-02 -1.181086758151650429e-03 -6.625890731811523438e-03
4.239450395107269287e-01 -1.769196093082427979e-01 -1.313604647293686867e-03 2.856841683387756348e-01
4.204066395759582520e-01 1.822105795145034790e-02 4.400078672915697098e-03 -7.412783335894346237e-03
4.207710623741149902e-01 2.132796347141265869e-01 4.251822829246520996e-03 -2.987041771411895752e-01
4.250366687774658203e-01 1.809733174741268158e-02 -1.722260960377752781e-03 -4.683355800807476044e-03
4.253986179828643799e-01 -1.769998818635940552e-01 -1.815928146243095398e-03 2.874556779861450195e-01
4.218586087226867676e-01 1.814792305231094360e-02 3.933185711503028870e-03 -5.799421574920415878e-03
4.222215712070465088e-01 2.132132500410079956e-01 3.817197168245911598e-03 -2.972387969493865967e-01
4.264858365058898926e-01 1.803708821535110474e-02 -2.127578714862465858e-03 -3.354432992637157440e-03
4.268465638160705566e-01 -1.770542860031127930e-01 -2.194667467847466469e-03 2.886564433574676514e-01
4.233054816722869873e-01 1.809889264404773712e-02 3.578461706638336182e-03 -4.717836622148752213e-03
4.236674606800079346e-01 2.131693363189697266e-01 3.484104992821812630e-03 -2.962695658206939697e-01
4.279308617115020752e-01 1.799789443612098694e-02 -2.441286342218518257e-03 -2.489853184670209885e-03
4.282908141613006592e-01 -1.770889610052108765e-01 -2.491083461791276932e-03 2.894218266010284424e-01
4.247490465641021729e-01 1.806842535734176636e-02 3.297352930530905724e-03 -4.045727197080850601e-03
4.251103997230529785e-01 2.131429314613342285e-01 3.216438461095094681e-03 -2.956864833831787109e-01
4.293732643127441406e-01 1.797527633607387543e-02 -2.697291085496544838e-03 -1.990874763578176498e-03
4.297327697277069092e-01 -1.771078854799270630e-01 -2.737108618021011353e-03 2.898398041725158691e-01
4.261906147003173828e-01 1.805298589169979095e-02 3.059687558561563492e-03 -3.705118317157030106e-03
4.265516698360443115e-01 2.131309211254119873e-01 2.985585015267133713e-03 -2.954210937023162842e-01
4.308142960071563721e-01 1.796653494238853455e-02 -2.922837156802415848e-03 -1.798071665689349174e-03
4.311736226081848145e-01 -1.771133691072463989e-01 -2.958798548206686974e-03 2.899612188339233398e-01
4.276313483715057373e-01 1.805064082145690918e-02 2.840426051989197731e-03 -3.653395920991897583e-03
4.279923737049102783e-01 2.131317406892776489e-01 2.767358208075165749e-03 -2.954387962818145752e-01
4.322549998760223389e-01 1.797044649720191956e-02 -3.141417400911450386e-03 -1.884359749965369701e-03
4.326144158840179443e-01 -1.771063059568405151e-01 -3.179104533046483994e-03 2.898057699203491211e-01
4.290722906589508057e-01 1.806082762777805328e-02 2.617010613903403282e-03 -3.878125920891761780e-03
4.294334948062896729e-01 2.131451517343521118e-01 2.539447974413633347e-03 -2.957341969013214111e-01
4.336963891983032227e-01 1.798708736896514893e-02 -3.375236177816987038e-03 -2.251460915431380272e-03
4.340561330318450928e-01 -1.770862936973571777e-01 -3.420265391469001770e-03 2.893646359443664551e-01
4.305144250392913818e-01 1.808426156640052795e-02 2.367027336731553078e-03 -4.395048134028911591e-03
4.308761060237884521e-01 2.131721824407577515e-01 2.279126318171620369e-03 -2.963302135467529297e-01
4.351395368576049805e-01 1.801781728863716125e-02 -3.647477831691503525e-03 -2.929356414824724197e-03
4.354999065399169922e-01 -1.770516335964202881e-01 -3.706065006554126740e-03 2.886005043983459473e-01
4.319588840007781982e-01 1.812296919524669647e-02 2.065945416688919067e-03 -5.248957313597202301e-03
4.323213398456573486e-01 2.132152318954467773e-01 1.960966270416975021e-03 -2.972793281078338623e-01
4.365856349468231201e-01 1.806538179516792297e-02 -3.984620328992605209e-03 -3.978601656854152679e-03
4.369469285011291504e-01 -1.769991964101791382e-01 -4.064192529767751694e-03 2.874444723129272461e-01
4.334069490432739258e-01 1.818047463893890381e-02 1.684696879237890244e-03 -6.517491303384304047e-03
4.337705671787261963e-01 2.132782191038131714e-01 1.554346992634236813e-03 -2.986684143543243408e-01
4.380361437797546387e-01 1.813415251672267914e-02 -4.419020842760801315e-03 -5.495666526257991791e-03
4.383988082408905029e-01 -1.769241392612457275e-01 -4.528934136033058167e-03 2.857897281646728516e-01
4.348603188991546631e-01 1.826210133731365204e-02 1.186860376037657261e-03 -8.318135514855384827e-03
4.352255761623382568e-01 2.133670151233673096e-01 1.020497642457485199e-03 -3.006263673305511475e-01
4.394929111003875732e-01 1.823052950203418732e-02 -4.992029629647731781e-03 -7.621760945767164230e-03
4.398575127124786377e-01 -1.768194735050201416e-01 -5.144464783370494843e-03 2.834819555282592773e-01
4.363211393356323242e-01 1.837547309696674347e-02 5.251743132248520851e-04 -1.081906352192163467e-02
4.366886317729949951e-01 2.134898900985717773e-01 3.087930381298065186e-04 -3.033362329006195068e-01
4.409584403038024902e-01 1.836353912949562073e-02 -5.757932085543870926e-03 -1.055594813078641891e-02
4.413257241249084473e-01 -1.766753643751144409e-01 -5.969050806015729904e-03 2.803047299385070801e-01
4.377922117710113525e-01 1.853122189640998840e-02 -3.629561688285320997e-04 -1.425482146441936493e-02
4.381628334522247314e-01 -1.765855252742767334e-01 -6.480526062659919262e-04 2.783135771751403809e-01
4.346311092376708984e-01 1.854566857218742371e-02 4.918218590319156647e-03 -1.457368489354848862e-02
4.350020289421081543e-01 2.135967463254928589e-01 4.626744892448186874e-03 -3.057008087635040283e-01
4.392739534378051758e-01 1.840916648507118225e-02 -1.487271045334637165e-03 -1.156231667846441269e-02
4.396421611309051514e-01 -1.766914278268814087e-01 -1.718517392873764038e-03 2.806509733200073242e-01
4.361083209514617920e-01 1.845499873161315918e-02 3.894502297043800354e-03 -1.257345825433731079e-02
4.364774227142333984e-01 2.135208845138549805e-01 3.643033094704151154e-03 -3.040250837802886963e-01
4.407478272914886475e-01 1.834720186889171600e-02 -2.437468618154525757e-03 -1.019545830786228180e-02
4.411147832870483398e-01 -1.767397075891494751e-01 -2.641377737745642662e-03 2.817174196243286133e-01
4.375799894332885742e-01 1.841982081532478333e-02 2.992970868945121765e-03 -1.179741229861974716e-02
4.379483759403228760e-01 2.134987264871597290e-01 2.757022622972726822e-03 -3.035345077514648438e-01
4.422183632850646973e-01 1.833758689463138580e-02 -3.313667839393019676e-03 -9.983368217945098877e-03
4.425851106643676758e-01 -1.767366826534271240e-01 -3.513335250318050385e-03 2.816522121429443359e-01
4.390503764152526855e-01 1.843520253896713257e-02 2.119709039106965065e-03 -1.213672757148742676e-02
4.394190907478332520e-01 2.135266959667205811e-01 1.876974594779312611e-03 -3.041501045227050781e-01
4.436896145343780518e-01 1.837804168462753296e-02 -4.206027835607528687e-03 -1.087581831961870193e-02
4.440571665763854980e-01 -1.766833364963531494e-01 -4.423543810844421387e-03 2.804771065711975098e-01
4.405235052108764648e-01 1.850143261253833771e-02 1.185997971333563328e-03 -1.359771657735109329e-02
4.408935308456420898e-01 2.136063575744628906e-01 9.140435722656548023e-04 -3.059062063694000244e-01
4.451656639575958252e-01 1.847139187157154083e-02 -5.204080604016780853e-03 -1.293515786528587341e-02
4.455350935459136963e-01 -1.765755414962768555e-01 -5.462783854454755783e-03 2.781012952327728271e-01
4.420035779476165771e-01 1.862391456961631775e-02 9.924196638166904449e-05 -1.629957742989063263e-02
4.423760473728179932e-01 2.137444466352462769e-01 -2.267495874548330903e-04 -3.089511990547180176e-01
4.466509521007537842e-01 1.862572133541107178e-02 -6.405773572623729706e-03 -1.633978262543678284e-02
4.470234513282775879e-01 -1.764037758111953735e-01 -6.732569076120853424e-03 2.743151783943176270e-01
4.434953927993774414e-01 1.881358213722705841e-02 -1.246265368536114693e-03 -2.048358321189880371e-02
4.438716471195220947e-01 -1.762904673814773560e-01 -1.655937056057155132e-03 2.718058824539184570e-01
4.403458535671234131e-01 1.885506696999073029e-02 3.780180355533957481e-03 -2.139888331294059753e-02
4.407229423522949219e-01 2.139226049184799194e-01 3.352202707901597023e-03 -3.128867149353027344e-01
4.450013935565948486e-01 1.875305734574794769e-02 -2.905531786382198334e-03 -1.914850808680057526e-02
4.453764557838439941e-01 -1.763271093368530273e-01 -3.288502106443047523e-03 2.726162672042846680e-01
4.418499171733856201e-01 1.884161494672298431e-02 2.163823461160063744e-03 -2.110203914344310760e-02
4.422267675399780273e-01 2.139324694871902466e-01 1.741782645694911480e-03 -3.131014704704284668e-01
4.465053975582122803e-01 1.878574676811695099e-02 -4.520246759057044983e-03 -1.986974850296974182e-02
4.468811154365539551e-01 -1.762710958719253540e-01 -4.917641635984182358e-03 2.713835537433624268e-01
4.433557093143463135e-01 1.892068982124328613e-02 5.100296693854033947e-04 -2.284633927047252655e-02
4.437341094017028809e-01 -1.762085705995559692e-01 5.310284177539870143e-05 2.699974775314331055e-01
4.402099549770355225e-01 1.891262084245681763e-02 5.453051999211311340e-03 -2.266871370375156403e-02
4.405882060527801514e-01 2.139559537172317505e-01 4.999677650630474091e-03 -3.136261701583862305e-01
4.448673129081726074e-01 1.876313053071498871e-02 -1.272845431230962276e-03 -1.937070116400718689e-02
4.452425837516784668e-01 -1.763405501842498779e-01 -1.660259440541267395e-03 2.729103565216064453e-01
4.417157769203186035e-01 1.880505867302417755e-02 3.797947661951184273e-03 -2.029575780034065247e-02
4.420918524265289307e-01 2.138723433017730713e-01 3.392032580450177193e-03 -3.117779791355133057e-01
4.463693201541900635e-01 1.870222575962543488e-02 -2.843526890501379967e-03 -1.802723482251167297e-02
4.467433691024780273e-01 -1.763788312673568726e-01 -3.204071661457419395e-03 2.737571597099304199e-01
4.432157874107360840e-01 1.878869161009788513e-02 2.271071774885058403e-03 -1.993460208177566528e-02
4.435915648937225342e-01 2.138780057430267334e-01 1.872379682026803493e-03 -3.119001090526580811e-01
4.478691220283508301e-01 1.872942224144935608e-02 -4.365622531622648239e-03 -1.862728595733642578e-02
4.482437074184417725e-01 -1.763296425342559814e-01 -4.738168325275182724e-03 2.726750373840332031e-01
4.447171092033386230e-01 1.885958947241306305e-02 7.153326296247541904e-04 -2.149854041635990143e-02
4.450942873954772949e-01 -1.762726157903671265e-01 2.853618061635643244e-04 2.714099884033203125e-01
4.415688514709472656e-01 1.884526386857032776e-02 5.713561549782752991e-03 -2.118291333317756653e-02
4.419457614421844482e-01 2.138848155736923218e-01 5.289903376251459122e-03 -3.120576739311218262e-01
4.462234377861022949e-01 1.868790015578269958e-02 -9.512502583675086498e-04 -1.771118678152561188e-02
4.465972185134887695e-01 -1.764203906059265137e-01 -1.305473968386650085e-03 2.746714651584625244e-01
4.430688023567199707e-01 1.872015744447708130e-02 4.187955055385828018e-03 -1.842293143272399902e-02
4.434432089328765869e-01 2.137818038463592529e-01 3.819496603682637215e-03 -3.097815811634063721e-01
4.477188289165496826e-01 1.860563643276691437e-02 -2.376134973019361496e-03 -1.589653640985488892e-02
4.480909407138824463e-01 -1.764821559190750122e-01 -2.694065682590007782e-03 2.760357558727264404e-01
4.445613026618957520e-01 1.867812685668468475e-02 2.826649229973554611e-03 -1.749567314982414246e-02
4.449348747730255127e-01 2.137594223022460938e-01 2.476735739037394524e-03 -3.092854321002960205e-01
4.492100477218627930e-01 1.860227435827255249e-02 -3.708972595632076263e-03 -1.582242920994758606e-02
4.495820999145507812e-01 -1.764662861824035645e-01 -4.025421105325222015e-03 2.756879627704620361e-01
4.460527896881103516e-01 1.871286146342754364e-02 1.488338224589824677e-03 -1.826185733079910278e-02
4.464270472526550293e-01 2.138134390115737915e-01 1.123101101256906986e-03 -3.104748129844665527e-01
4.507032930850982666e-01 1.867550238966941833e-02 -5.086395423859357834e-03 -1.743791438639163971e-02
4.510768055915832520e-01 -1.763731390237808228e-01 -5.435153841972351074e-03 2.736358642578125000e-01
4.475493431091308594e-01 1.882594265043735504e-02 3.756356090889312327e-05 -2.075635641813278198e-02
4.479258656501770020e-01 -1.762965470552444458e-01 -3.775635850615799427e-04 2.719384133815765381e-01
4.443999528884887695e-01 1.883078925311565399e-02 5.061205010861158371e-03 -2.086356654763221741e-02
4.447765648365020752e-01 2.138797938823699951e-01 4.643933381885290146e-03 -3.119453489780426025e-01
4.490541517734527588e-01 1.869199052453041077e-02 -1.594973262399435043e-03 -1.780147850513458252e-02
4.494279921054840088e-01 -1.764070540666580200e-01 -1.951002748683094978e-03 2.743777930736541748e-01
4.458998441696166992e-01 1.874268427491188049e-02 3.536552889272570610e-03 -1.891984976828098297e-02
4.462746977806091309e-01 2.138137370347976685e-01 3.158156061545014381e-03 -3.104848563671112061e-01
4.505509734153747559e-01 1.864693500101566315e-02 -3.051541280001401901e-03 -1.680761575698852539e-02
4.509239196777343750e-01 -1.764311194419860840e-01 -3.387693548575043678e-03 2.749109566211700439e-01
4.473952949047088623e-01 1.873899996280670166e-02 2.110525500029325485e-03 -1.883852854371070862e-02
4.477700889110565186e-01 2.138306200504302979e-01 1.733754994347691536e-03 -3.108548223972320557e-01
4.520466923713684082e-01 1.868401095271110535e-02 -4.483341239392757416e-03 -1.762561500072479248e-02
4.524203836917877197e-01 -1.763733625411987305e-01 -4.835853353142738342e-03 2.736394107341766357e-01
4.488928914070129395e-01 1.881725899875164032e-02 6.369344191625714302e-04 -2.056483738124370575e-02
4.492692351341247559e-01 2.139300704002380371e-01 2.256377047160640359e-04 -3.130467236042022705e-01
4.535478353500366211e-01 1.880490593612194061e-02 -6.035297177731990814e-03 -2.029265835881233215e-02
4.539239406585693359e-01 -1.762299686670303345e-01 -6.441150326281785965e-03 2.704799771308898926e-01
4.503993391990661621e-01 1.898329518735408783e-02 -1.031550811603665352e-03 -2.422755025327205658e-02
4.507790207862854004e-01 -1.761238425970077515e-01 -1.516101765446364880e-03 2.681297361850738525e-01
4.472565352916717529e-01 1.901970803737640381e-02 3.846492851153016090e-03 -2.503099665045738220e-02
4.476369321346282959e-01 2.140862941741943359e-01 3.345872974023222923e-03 -3.164978325366973877e-01
4.519186615943908691e-01 1.891683787107467651e-02 -2.984083723276853561e-03 -2.276161499321460724e-02
4.522970020771026611e-01 -1.761621981859207153e-01 -3.439316060394048691e-03 2.689782977104187012e-01
4.487737417221069336e-01 1.900867186486721039e-02 1.940250163897871971e-03 -2.478741481900215149e-02
4.491539299488067627e-01 2.141027450561523438e-01 1.444501802325248718e-03 -3.168575465679168701e-01
