3.159827366471290588e-02 -4.818922840058803558e-03 4.519898444414138794e-02 -2.589022740721702576e-02
3.150189667940139771e-02 1.896266788244247437e-01 4.468118026852607727e-02 -3.039767742156982422e-01
3.529442846775054932e-02 -6.102618295699357986e-03 3.860164433717727661e-02 2.456054324284195900e-03
3.517237678170204163e-02 1.884450763463973999e-01 3.865076601505279541e-02 -2.778020203113555908e-01
3.894127905368804932e-02 -7.206345442682504654e-03 3.309472650289535522e-02 2.681641653180122375e-02
3.879715129733085632e-02 1.874257624149322510e-01 3.363105282187461853e-02 -2.552438080310821533e-01
4.254566505551338196e-02 -8.159832097589969635e-03 2.852617762982845306e-02 4.785435274243354797e-02
4.238247126340866089e-02 1.865417063236236572e-01 2.948326617479324341e-02 -2.356935739517211914e-01
4.611330479383468628e-02 -8.988800458610057831e-03 2.476939372718334198e-02 6.614154577255249023e-02
4.593352973461151123e-02 1.857694238424301147e-01 2.609222382307052612e-02 -2.186247408390045166e-01
4.964891821146011353e-02 -9.715599007904529572e-03 2.171972952783107758e-02 8.217324316501617432e-02
4.945460334420204163e-02 1.850883811712265015e-01 2.336319535970687866e-02 -2.035786956548690796e-01
5.315637215971946716e-02 -1.035976503044366837e-02 1.929162070155143738e-02 9.638165682554244995e-02
5.294917523860931396e-02 1.844804584980010986e-01 2.121925354003906250e-02 -1.901528984308242798e-01
5.663878470659255981e-02 -1.093853451311588287e-02 1.741619594395160675e-02 1.091475859284400940e-01
5.642001703381538391e-02 1.839295774698257446e-01 1.959914714097976685e-02 -1.779901385307312012e-01
6.009860709309577942e-02 -1.146729197353124619e-02 1.603934541344642639e-02 1.208106428384780884e-01
5.986925959587097168e-02 1.834212243556976318e-01 1.845555752515792847e-02 -1.667691767215728760e-01
6.353768706321716309e-02 -1.195996999740600586e-02 1.512017380446195602e-02 1.316783428192138672e-01
6.329848617315292358e-02 1.829421669244766235e-01 1.775374077260494232e-02 -1.561962813138961792e-01
6.695733219385147095e-02 -1.242941990494728088e-02 1.462981570512056351e-02 1.420342326164245605e-01
6.670874357223510742e-02 1.824799776077270508e-01 1.747049950063228607e-02 -1.459975689649581909e-01
7.035834342241287231e-02 -1.288774237036705017e-02 1.455054897814989090e-02 1.521453708410263062e-01
7.010058313608169556e-02 1.820228695869445801e-01 1.759345643222332001e-02 -1.359118968248367310e-01
7.374104112386703491e-02 -1.334660220891237259e-02 1.487521827220916748e-02 1.622691750526428223e-01
7.347410917282104492e-02 1.815592795610427856e-01 1.812060177326202393e-02 -1.256841421127319336e-01
7.710529863834381104e-02 -1.381752267479896545e-02 1.560691837221384048e-02 1.726600974798202515e-01
7.682894915342330933e-02 1.810776144266128540e-01 1.906011998653411865e-02 -1.150587573647499084e-01
8.045049756765365601e-02 -1.431217603385448456e-02 1.675894483923912048e-02 1.835760325193405151e-01
8.016425371170043945e-02 1.805660128593444824e-01 2.043046616017818451e-02 -1.037733107805252075e-01
8.377557247877120972e-02 -1.484267227351665497e-02 1.835500076413154602e-02 1.952846944332122803e-01
8.347871899604797363e-02 1.800119876861572266e-01 2.226069383323192596e-02 -9.155198186635971069e-02
8.707895874977111816e-02 -1.542184874415397644e-02 2.042965404689311981e-02 2.080702334642410278e-01
8.677052706480026245e-02 1.794021129608154297e-01 2.459105849266052246e-02 -7.809881865978240967e-02
9.035857021808624268e-02 -1.606358028948307037e-02 2.302908338606357574e-02 2.222401052713394165e-01
9.003729373216629028e-02 1.787217706441879272e-01 2.747388556599617004e-02 -6.309048831462860107e-02
9.361173212528228760e-02 3.734392523765563965e-01 2.621207572519779205e-02 -3.469801843166351318e-01
1.010805144906044006e-01 1.779544651508331299e-01 1.927247084677219391e-02 -4.614825919270515442e-02
1.046396046876907349e-01 3.727948367595672607e-01 1.834950596094131470e-02 -3.326887786388397217e-01
1.120955049991607666e-01 1.774165779352188110e-01 1.169573049992322922e-02 -3.427628055214881897e-02
1.156438365578651428e-01 3.723688721656799316e-01 1.101020537316799164e-02 -3.232462704181671143e-01
1.230912134051322937e-01 1.770918816328048706e-01 4.545279778540134430e-03 -2.711159735918045044e-02
1.266330480575561523e-01 -1.809495314955711365e-02 4.003047943115234375e-03 2.670019567012786865e-01
1.262711435556411743e-01 1.769696325063705444e-01 9.343086741864681244e-03 -2.441570721566677094e-02
1.298105418682098389e-01 3.719563782215118408e-01 8.854772895574569702e-03 -3.141362071037292480e-01
1.372496634721755981e-01 1.767093986272811890e-01 2.572048455476760864e-03 -1.867397129535675049e-02
1.407838612794876099e-01 3.717943727970123291e-01 2.198569010943174362e-03 -3.105442821979522705e-01
1.482197493314743042e-01 1.766411662101745605e-01 -4.012316465377807617e-03 -1.716879755258560181e-02
1.517525613307952881e-01 -1.842301525175571442e-02 -4.355692304670810699e-03 2.742455005645751953e-01
1.513841003179550171e-01 1.767608076333999634e-01 1.129217562265694141e-03 -1.980803348124027252e-02
1.549193263053894043e-01 3.718665540218353271e-01 7.330568623729050159e-04 -3.121344745159149170e-01
1.623566597700119019e-01 1.767341643571853638e-01 -5.509632639586925507e-03 -1.922044344246387482e-02
1.658913344144821167e-01 -1.830834150314331055e-02 -5.894041154533624649e-03 2.717190384864807129e-01
1.655251681804656982e-01 1.768972128629684448e-01 -4.596603102982044220e-04 -2.281703799962997437e-02
1.690631210803985596e-01 3.720257580280303955e-01 -9.160010959021747112e-04 -3.156449496746063232e-01
1.765036284923553467e-01 1.769168674945831299e-01 -7.228900212794542313e-03 -2.325104735791683197e-02
1.800419688224792480e-01 -1.810067519545555115e-02 -7.693921215832233429e-03 2.671423256397247314e-01
1.796799600124359131e-01 1.771302372217178345e-01 -2.351074479520320892e-03 -2.795734442770481110e-02
1.832225620746612549e-01 3.722858130931854248e-01 -2.910221228376030922e-03 -3.213811218738555908e-01
1.906682699918746948e-01 1.772054284811019897e-01 -9.337844327092170715e-03 -2.961739525198936462e-02
1.942123770713806152e-01 -1.778137125074863434e-02 -9.930191561579704285e-03 2.601047754287719727e-01
1.938567608594894409e-01 1.774809211492538452e-01 -4.728096537292003632e-03 -3.569364920258522034e-02
1.974063813686370850e-01 -1.757291145622730255e-02 -5.441969260573387146e-03 2.554937601089477539e-01
1.970549225807189941e-01 1.776263117790222168e-01 -3.320939140394330025e-04 -3.890066221356391907e-02
2.006074488162994385e-01 3.727530241012573242e-01 -1.110107172280550003e-03 -3.316883444786071777e-01
2.080624997615814209e-01 1.776468902826309204e-01 -7.743874099105596542e-03 -3.935570269823074341e-02
2.116154432296752930e-01 -1.736315898597240448e-02 -8.530988357961177826e-03 2.508739233016967773e-01
2.112681716680526733e-01 1.778795719146728516e-01 -3.513509640470147133e-03 -4.448758810758590698e-02
2.148257642984390259e-01 -1.719182357192039490e-02 -4.403261467814445496e-03 2.470847219228744507e-01
2.144819349050521851e-01 1.779927313327789307e-01 5.384331452660262585e-04 -4.698383063077926636e-02
2.180417925119400024e-01 3.731069564819335938e-01 -4.012434510514140129e-04 -3.394968211650848389e-01
2.255039215087890625e-01 1.779907196760177612e-01 -7.191179785877466202e-03 -4.694045707583427429e-02
2.290637493133544922e-01 -1.702737621963024139e-02 -8.129988797008991241e-03 2.434649467468261719e-01
2.287231981754302979e-01 1.782097518444061279e-01 -3.260690253227949142e-03 -5.177126452326774597e-02
2.322873920202255249e-01 3.733783066272735596e-01 -4.296115599572658539e-03 -3.454811871051788330e-01
2.397549599409103394e-01 1.783177256584167480e-01 -1.120573934167623520e-02 -5.415606871247291565e-02
2.433213144540786743e-01 -1.664176955819129944e-02 -1.228886004537343979e-02 2.349704056978225708e-01
2.429884821176528931e-01 1.786535829305648804e-01 -7.589452434331178665e-03 -6.156334280967712402e-02
2.465615421533584595e-01 -1.635873317718505859e-02 -8.820719085633754730e-03 2.287154346704483032e-01
2.462343722581863403e-01 1.788881570100784302e-01 -4.246410913765430450e-03 -6.673676520586013794e-02
2.498121410608291626e-01 -1.617266237735748291e-02 -5.581146106123924255e-03 2.246033847332000732e-01
2.494886815547943115e-01 1.790286153554916382e-01 -1.089078374207019806e-03 -6.983481347560882568e-02
2.530692517757415771e-01 3.741661608219146729e-01 -2.485774690285325050e-03 -3.628611564636230469e-01
2.605525851249694824e-01 1.790796220302581787e-01 -9.742997586727142334e-03 -7.096307724714279175e-02
2.641341686248779297e-01 -1.590129919350147247e-02 -1.116225961595773697e-02 2.186300307512283325e-01
2.638161480426788330e-01 1.793784201145172119e-01 -6.789658684283494949e-03 -7.755293697118759155e-02
2.674037218093872070e-01 -1.564554311335086823e-02 -8.340717293322086334e-03 2.129801213741302490e-01
2.670907974243164062e-01 1.795946657657623291e-01 -4.081114660948514938e-03 -8.232213556766510010e-02
2.706826925277709961e-01 -1.546855363994836807e-02 -5.727557465434074402e-03 2.090703994035720825e-01
2.703733146190643311e-01 1.797348260879516602e-01 -1.546149491332471371e-03 -8.541375398635864258e-02
2.739680111408233643e-01 -1.536492910236120224e-02 -3.254424547776579857e-03 2.067809551954269409e-01
2.736607193946838379e-01 1.798034012317657471e-01 8.811945444904267788e-04 -8.692679554224014282e-02
2.772567868232727051e-01 3.749127089977264404e-01 -8.573413942940533161e-04 -3.793315887451171875e-01
2.847550511360168457e-01 1.798029541969299316e-01 -8.443973027169704437e-03 -8.691909164190292358e-02
2.883510887622833252e-01 -1.519695203751325607e-02 -1.018235459923744202e-02 2.030878365039825439e-01
2.880471646785736084e-01 1.800691336393356323e-01 -6.120597943663597107e-03 -9.278965741395950317e-02
2.916485369205474854e-01 -1.496456377208232880e-02 -7.976391352713108063e-03 1.979559510946273804e-01
2.913492619991302490e-01 1.802705675363540649e-01 -4.017272032797336578e-03 -9.723245352506637573e-02
2.949546575546264648e-01 -1.479358319193124771e-02 -5.961921066045761108e-03 1.941803246736526489e-01
2.946587800979614258e-01 1.804131418466567993e-01 -2.078314777463674545e-03 -1.003773510456085205e-01
2.982670664787292480e-01 -1.467896159738302231e-02 -4.085861612111330032e-03 1.916491538286209106e-01
2.979734838008880615e-01 1.805012077093124390e-01 -2.528787299524992704e-04 -1.023198887705802917e-01
3.015834987163543701e-01 -1.461712550371885300e-02 -2.299276646226644516e-03 1.902832388877868652e-01
3.012911677360534668e-01 1.805376410484313965e-01 1.506388303823769093e-03 -1.031241267919540405e-01
3.049018979072570801e-01 3.756379783153533936e-01 -5.560941644944250584e-04 -3.953314125537872314e-01
3.124146759510040283e-01 1.805239170789718628e-01 -8.462722413241863251e-03 -1.028238609433174133e-01
3.160251379013061523e-01 -1.447573583573102951e-02 -1.051920000463724136e-02 1.871771365404129028e-01
3.157356381416320801e-01 1.807951182126998901e-01 -6.775656715035438538e-03 -1.088055372238159180e-01
3.193515241146087646e-01 -1.422908063977956772e-02 -8.951767347753047943e-03 1.817320287227630615e-01
3.190669715404510498e-01 1.810198128223419189e-01 -5.317127332091331482e-03 -1.137613654136657715e-01
3.226873576641082764e-01 -1.402554847300052643e-02 -7.592354435473680496e-03 1.772393137216567993e-01
3.224068284034729004e-01 1.812042295932769775e-01 -4.047567956149578094e-03 -1.178290396928787231e-01
3.260309398174285889e-01 -1.385949738323688507e-02 -6.404148880392313004e-03 1.735741645097732544e-01
3.257537484169006348e-01 1.813535243272781372e-01 -2.932665636762976646e-03 -1.211221665143966675e-01
3.293808102607727051e-01 -1.372628938406705856e-02 -5.355108994990587234e-03 1.706340909004211426e-01
3.291062712669372559e-01 1.814718991518020630e-01 -1.942427014000713825e-03 -1.237333863973617554e-01
3.327357172966003418e-01 -1.362217031419277191e-02 -4.417094867676496506e-03 1.683360934257507324e-01
3.324632644653320312e-01 1.815627217292785645e-01 -1.050372840836644173e-03 -1.257370114326477051e-01
3.360945284366607666e-01 -1.354416087269783020e-02 -3.565113060176372528e-03 1.666143387556076050e-01
3.358236551284790039e-01 1.816286444664001465e-01 -2.328263071831315756e-04 -1.271911412477493286e-01
3.394562304019927979e-01 -1.348997466266155243e-02 -2.776649082079529762e-03 1.654183268547058105e-01
3.391864299774169922e-01 1.816716194152832031e-01 5.317173781804740429e-04 -1.281392574310302734e-01
3.428198397159576416e-01 -1.345795113593339920e-02 -2.031067851930856705e-03 1.647113710641860962e-01
3.425506949424743652e-01 1.816930174827575684e-01 1.263159443624317646e-03 -1.286116093397140503e-01
3.461845517158508301e-01 -1.344700716435909271e-02 -1.309072831645607948e-03 1.644695550203323364e-01
3.459156155586242676e-01 1.816936582326889038e-01 1.980318222194910049e-03 -1.286260634660720825e-01
3.495494723320007324e-01 3.767871856689453125e-01 -5.922028794884681702e-04 -4.206835627555847168e-01
3.570852279663085938e-01 1.816736310720443726e-01 -9.005874395370483398e-03 -1.281873881816864014e-01
3.607186973094940186e-01 -1.331815775483846664e-02 -1.156962197273969650e-02 1.616407483816146851e-01
3.604523539543151855e-01 1.819674968719482422e-01 -8.336806669831275940e-03 -1.346695274114608765e-01
3.640916943550109863e-01 -1.303405407816171646e-02 -1.103019714355468750e-02 1.553716361522674561e-01
3.638310134410858154e-01 1.822440773248672485e-01 -7.922764867544174194e-03 -1.407705396413803101e-01
3.674758970737457275e-01 -1.276351418346166611e-02 -1.073817536234855652e-02 1.494023948907852173e-01
3.672206103801727295e-01 1.825105398893356323e-01 -7.750127930194139481e-03 -1.466487795114517212e-01
3.708708286285400391e-01 -1.249956805258989334e-02 -1.068310346454381943e-02 1.435790956020355225e-01
3.706208467483520508e-01 1.827737390995025635e-01 -7.811521645635366440e-03 -1.524549275636672974e-01
3.742763102054595947e-01 -1.223549619317054749e-02 -1.086062006652355194e-02 1.377534419298171997e-01
3.740316033363342285e-01 1.830403059720993042e-01 -8.105550892651081085e-03 -1.583359539508819580e-01
3.776924014091491699e-01 -1.196465827524662018e-02 -1.127227023243904114e-02 1.317788809537887573e-01
3.774531185626983643e-01 1.833169311285018921e-01 -8.636692538857460022e-03 -1.644388735294342041e-01
3.811194598674774170e-01 -1.168032456189393997e-02 -1.192547008395195007e-02 1.255069524049758911e-01
3.808858394622802734e-01 1.836104243993759155e-01 -9.415331296622753143e-03 -1.709143519401550293e-01
3.845580518245697021e-01 -1.137550920248031616e-02 -1.283361855894327164e-02 1.187835186719894409e-01
3.843305408954620361e-01 1.839279383420944214e-01 -1.045794785022735596e-02 -1.779205203056335449e-01
3.880091011524200439e-01 -1.104279886931180954e-02 -1.401635818183422089e-02 1.114450246095657349e-01
3.877882361412048340e-01 1.842771619558334351e-01 -1.178745739161968231e-02 -1.856268197298049927e-01
3.914737999439239502e-01 -1.067416742444038391e-02 -1.549999415874481201e-02 1.033144369721412659e-01
3.912602961063385010e-01 1.846664398908615112e-01 -1.343370508402585983e-02 -1.942180991172790527e-01
3.949536383152008057e-01 -1.026079058647155762e-02 -1.731806620955467224e-02 9.419698268175125122e-02
3.947484195232391357e-01 -2.051302939653396606e-01 -1.543412730097770691e-02 3.813661634922027588e-01
3.906458318233489990e-01 -9.792629629373550415e-03 -7.806804496794939041e-03 8.385709673166275024e-02
3.904499709606170654e-01 1.854403614997863770e-01 -6.129662506282329559e-03 -2.112786322832107544e-01
3.941587805747985840e-01 -9.593421593308448792e-03 -1.035523507744073868e-02 7.946442067623138428e-02
3.939669132232666016e-01 1.856754273176193237e-01 -8.765947073698043823e-03 -2.164675444364547729e-01
3.976804018020629883e-01 -9.320112876594066620e-03 -1.309529785066843033e-02 7.343738526105880737e-02
3.974940180778503418e-01 -2.042519003152847290e-01 -1.162654999643564224e-02 3.619600832462310791e-01
3.934089839458465576e-01 -8.966642431914806366e-03 -4.387347958981990814e-03 6.563387066125869751e-02
3.932296335697174072e-01 1.862179338932037354e-01 -3.074670443311333656e-03 -2.284300476312637329e-01
3.969539999961853027e-01 -8.859942667186260223e-03 -7.643271237611770630e-03 6.328143179416656494e-02
3.967767953872680664e-01 1.863707602024078369e-01 -6.377642974257469177e-03 -2.318031638860702515e-01
4.005042016506195068e-01 -8.659487590193748474e-03 -1.101370621472597122e-02 5.886123701930046082e-02
4.003310203552246094e-01 -2.036218047142028809e-01 -9.836480952799320221e-03 3.480490148067474365e-01
3.962585926055908203e-01 -8.361338637769222260e-03 -2.875501057133078575e-03 5.228060483932495117e-02
3.960913717746734619e-01 1.868017315864562988e-01 -1.829889020882546902e-03 -2.413081824779510498e-01
3.998273909091949463e-01 -8.294038474559783936e-03 -6.656052544713020325e-03 5.079698935151100159e-02
3.996615111827850342e-01 -2.033199220895767212e-01 -5.640112794935703278e-03 3.413724601268768311e-01
3.955951035022735596e-01 -8.118178695440292358e-03 1.187336631119251251e-03 4.691632837057113647e-02
3.954327404499053955e-01 1.869867295026779175e-01 2.125663217157125473e-03 -2.453917413949966431e-01
3.991724848747253418e-01 -8.165519684553146362e-03 -2.782171824946999550e-03 4.796090722084045410e-02
3.990091681480407715e-01 1.869962215423583984e-01 -1.822953694500029087e-03 -2.455985248088836670e-01
4.027490913867950439e-01 -8.099651895463466644e-03 -6.734923925250768661e-03 4.650884494185447693e-02
4.025871157646179199e-01 -2.031243890523910522e-01 -5.804747343063354492e-03 3.370592594146728516e-01
3.985246121883392334e-01 -7.920311763882637024e-03 9.364379802718758583e-04 4.255149513483047485e-02
3.983662128448486328e-01 1.871881932020187378e-01 1.787467859685420990e-03 -2.498358339071273804e-01
4.021099805831909180e-01 -7.959232665598392487e-03 -3.209248650819063187e-03 4.341036453843116760e-02
4.019508063793182373e-01 1.872085928916931152e-01 -2.341041574254631996e-03 -2.502833902835845947e-01
4.056949615478515625e-01 -7.879851385951042175e-03 -7.346709258854389191e-03 4.166021570563316345e-02
4.055373668670654297e-01 -2.028956860303878784e-01 -6.513504777103662491e-03 3.320161700248718262e-01
4.014794528484344482e-01 -7.681631017476320267e-03 1.268184569198638201e-04 3.728633373975753784e-02
4.013258218765258789e-01 1.874385029077529907e-01 8.725451189093291759e-04 -2.553565800189971924e-01
4.050745964050292969e-01 -7.695897016674280167e-03 -4.234586376696825027e-03 3.760143369436264038e-02
4.049206674098968506e-01 -2.027568668127059937e-01 -3.482557833194732666e-03 3.289453089237213135e-01
4.008655250072479248e-01 -7.585513871163129807e-03 3.096348373219370842e-03 3.516617789864540100e-02
4.007138311862945557e-01 1.874918937683105469e-01 3.799671772867441177e-03 -2.565382122993469238e-01
4.044636785984039307e-01 -7.684094831347465515e-03 -1.331092440523207188e-03 3.734076395630836487e-02
4.043099880218505859e-01 1.874569207429885864e-01 -5.842770915478467941e-04 -2.557618319988250732e-01
4.080591201782226562e-01 -7.656685076653957367e-03 -5.699513945728540421e-03 3.673674166202545166e-02
4.079059958457946777e-01 -2.026964426040649414e-01 -4.964779131114482880e-03 3.276159763336181641e-01
4.038520455360412598e-01 -7.504162378609180450e-03 1.587540493346750736e-03 3.337152674794197083e-02
4.037019908428192139e-01 1.875949800014495850e-01 2.254971070215106010e-03 -2.588101029396057129e-01
4.074538648128509521e-01 -7.559083867818117142e-03 -2.921230858191847801e-03 3.458322957158088684e-02
4.073027074337005615e-01 -2.026390284299850464e-01 -2.229566220194101334e-03 3.263430595397949219e-01
4.032499194145202637e-01 -7.485398557037115097e-03 4.297294653952121735e-03 3.295784816145896912e-02
4.031001925468444824e-01 1.875746697187423706e-01 4.956451710313558578e-03 -2.583661377429962158e-01
4.068517088890075684e-01 -7.617694325745105743e-03 -2.108711196342483163e-04 3.587599098682403564e-02
4.066993594169616699e-01 1.875072866678237915e-01 5.066486774012446404e-04 -2.568734586238861084e-01
4.104495048522949219e-01 -7.621900644153356552e-03 -4.630820360034704208e-03 3.596922755241394043e-02
4.102970659732818604e-01 -2.026771456003189087e-01 -3.911436069756746292e-03 3.271874785423278809e-01
4.062435030937194824e-01 -7.499720435589551926e-03 2.632313873618841171e-03 3.327364474534988403e-02
4.060935080051422119e-01 1.875843852758407593e-01 3.297786694020032883e-03 -2.585775852203369141e-01
4.098452031612396240e-01 -7.584491744637489319e-03 -1.873765373602509499e-03 3.514366969466209412e-02
4.096935093402862549e-01 1.875642836093902588e-01 -1.170891919173300266e-03 -2.581298649311065674e-01
4.134447872638702393e-01 -7.540936116129159927e-03 -6.333488970994949341e-03 3.418352082371711731e-02
4.132939875125885010e-01 -2.025714963674545288e-01 -5.649818573147058487e-03 3.248614668846130371e-01
4.092425405979156494e-01 -7.369554601609706879e-03 8.474103524349629879e-04 3.040218167006969452e-02
4.090951681137084961e-01 1.877402365207672119e-01 1.455453922972083092e-03 -2.620132565498352051e-01
4.128499627113342285e-01 -7.402462884783744812e-03 -3.784811124205589294e-03 3.112838044762611389e-02
4.127019047737121582e-01 -2.024699300527572632e-01 -3.162243636325001717e-03 3.226147592067718506e-01
4.086525142192840576e-01 -7.303095422685146332e-03 3.290051594376564026e-03 2.893626876175403595e-02
4.085064530372619629e-01 1.877715140581130981e-01 3.868777072057127953e-03 -2.627067863941192627e-01
4.122618734836578369e-01 -7.405440323054790497e-03 -1.385358860716223717e-03 3.119386918842792511e-02
4.121137857437133789e-01 1.877363473176956177e-01 -7.614815258421003819e-04 -2.619258165359497070e-01
4.158684909343719482e-01 -7.374722976237535477e-03 -5.999998189508914948e-03 3.051681816577911377e-02
4.157209992408752441e-01 -2.024101167917251587e-01 -5.389661993831396103e-03 3.213006556034088135e-01
4.116728007793426514e-01 -7.211831398308277130e-03 1.036351430229842663e-03 2.692292630672454834e-02
4.115285575389862061e-01 1.878952383995056152e-01 1.574809895828366280e-03 -2.654328346252441406e-01
4.152864813804626465e-01 -7.249150425195693970e-03 -3.733846824616193771e-03 2.774637937545776367e-02
4.151414930820465088e-01 -2.023173570632934570e-01 -3.178919199854135513e-03 3.192489147186279297e-01
4.110951423645019531e-01 -7.150276098400354385e-03 3.206058871001005173e-03 2.556515857577323914e-02
4.109521508216857910e-01 1.879255473613739014e-01 3.717361949384212494e-03 -2.661044895648956299e-01
4.147106409072875977e-01 -7.249257992953062057e-03 -1.604728051461279392e-03 2.774859406054019928e-02
4.145656526088714600e-01 1.878956705331802368e-01 -1.049756188876926899e-03 -2.654401957988739014e-01
4.183235764503479004e-01 -7.211283314973115921e-03 -6.358560174703598022e-03 2.691143006086349487e-02
4.181793630123138428e-01 -2.022414803504943848e-01 -5.820331629365682602e-03 3.175813853740692139e-01
4.141345322132110596e-01 -7.037108298391103745e-03 5.312961875461041927e-04 2.306864038109779358e-02
4.139937758445739746e-01 1.880772262811660767e-01 9.926690254360437393e-04 -2.694466114044189453e-01
4.177553355693817139e-01 -7.058883551508188248e-03 -4.396263044327497482e-03 2.354924753308296204e-02
4.176141321659088135e-01 -2.021175175905227661e-01 -3.925278317183256149e-03 3.148418664932250977e-01
4.135718047618865967e-01 -6.939867977052927017e-03 2.371559152379631996e-03 2.092362567782402039e-02
4.134329855442047119e-01 1.881479918956756592e-01 2.790031721815466881e-03 -2.710101008415222168e-01
4.171959459781646729e-01 -7.013660855591297150e-03 -2.630170434713363647e-03 2.255150489509105682e-02
4.170556962490081787e-01 -2.020977884531021118e-01 -2.179140457883477211e-03 3.144034147262573242e-01
4.130137264728546143e-01 -6.944869179278612137e-03 4.108928143978118896e-03 2.103406377136707306e-02
4.128748476505279541e-01 1.881179213523864746e-01 4.529609344899654388e-03 -2.703496217727661133e-01
4.166371822357177734e-01 -7.068379782140254974e-03 -8.773830486461520195e-04 2.375851757824420929e-02
4.164958298206329346e-01 1.880661398172378540e-01 -4.022126959171146154e-04 -2.692010998725891113e-01
4.202571511268615723e-01 -7.050066255033016205e-03 -5.786234978586435318e-03 2.335493639111518860e-02
4.201161563396453857e-01 -2.020885646343231201e-01 -5.319136194884777069e-03 3.142066299915313721e-01
4.160743653774261475e-01 -6.891244091093540192e-03 9.649966959841549397e-04 1.985098421573638916e-02
4.159365594387054443e-01 1.882168501615524292e-01 1.362016424536705017e-03 -2.725273072719573975e-01
4.197008907794952393e-01 -6.924504414200782776e-03 -4.088529851287603378e-03 2.058488130569458008e-02
4.195623993873596191e-01 -2.019875794649124146e-01 -3.676832420751452446e-03 3.119750320911407471e-01
4.155226349830627441e-01 -6.813444197177886963e-03 2.562668174505233765e-03 1.813481375575065613e-02
4.153863787651062012e-01 1.882716566324234009e-01 2.925364533439278603e-03 -2.737384736537933350e-01
4.191518127918243408e-01 -6.891907192766666412e-03 -2.549404744058847427e-03 1.986569724977016449e-02
4.190139770507812500e-01 -2.019772082567214966e-01 -2.152090659365057945e-03 3.117431700229644775e-01
4.149744212627410889e-01 -6.824659183621406555e-03 4.082772415131330490e-03 1.838231272995471954e-02
4.148379266262054443e-01 1.882385015487670898e-01 4.450418986380100250e-03 -2.730096578598022461e-01
4.186027050018310547e-01 -6.946666631847620010e-03 -1.009774277918040752e-03 2.107361331582069397e-02
4.184637665748596191e-01 -2.020541280508041382e-01 -5.883020348846912384e-04 3.134377598762512207e-01
4.144226908683776855e-01 -6.923794746398925781e-03 5.680453497916460037e-03 2.056937292218208313e-02
4.142841994762420654e-01 1.881162375211715698e-01 6.091841030865907669e-03 -2.703159153461456299e-01
4.180465340614318848e-01 -7.092116866260766983e-03 6.855228566564619541e-04 2.428217791020870209e-02
4.179047048091888428e-01 1.880199909210205078e-01 1.171166426502168179e-03 -2.681843936443328857e-01
4.216651022434234619e-01 -7.118648849427700043e-03 -4.192521329969167709e-03 2.486770972609519958e-02
4.215227067470550537e-01 -2.021802216768264771e-01 -3.695166902616620064e-03 3.162249028682708740e-01
4.174791276454925537e-01 -7.005836348980665207e-03 2.629331080242991447e-03 2.237894386053085327e-02
4.173389971256256104e-01 1.880783140659332275e-01 3.076910041272640228e-03 -2.694732248783111572e-01
4.211005568504333496e-01 -7.087416015565395355e-03 -2.312554745003581047e-03 2.417857199907302856e-02
4.209588170051574707e-01 -2.021761238574981689e-01 -1.828983309678733349e-03 3.161309659481048584e-01
4.169152975082397461e-01 -7.028171326965093613e-03 4.493636079132556915e-03 2.287180162966251373e-02
4.167747199535369873e-01 1.880290508270263672e-01 4.951071925461292267e-03 -2.683899402618408203e-01
4.205353260040283203e-01 -7.163207978010177612e-03 -4.167270089965313673e-04 2.585045620799064636e-02
4.203920364379882812e-01 1.879647225141525269e-01 1.002821009024046361e-04 -2.669639289379119873e-01
4.241513311862945557e-01 -7.158665452152490616e-03 -5.238996353000402451e-03 2.575063146650791168e-02
4.240081608295440674e-01 -2.022050917148590088e-01 -4.723983816802501678e-03 3.167760074138641357e-01
4.199640750885009766e-01 -7.016177289187908173e-03 1.611536252312362194e-03 2.260704524815082550e-02
4.198237359523773193e-01 1.880826205015182495e-01 2.063677180558443069e-03 -2.695669829845428467e-01
4.235853850841522217e-01 -7.068714126944541931e-03 -3.327662590891122818e-03 2.376612089574337006e-02
4.234440326690673828e-01 -2.021427899599075317e-01 -2.852340228855609894e-03 3.153972625732421875e-01
4.194011688232421875e-01 -6.980320904403924942e-03 3.455605357885360718e-03 2.181618474423885345e-02
4.192615747451782227e-01 1.880919039249420166e-01 3.891929052770137787e-03 -2.697744667530059814e-01
4.230234026908874512e-01 -7.085370831191539764e-03 -1.503560109995305538e-03 2.413345873355865479e-02
4.228816926479339600e-01 1.880581080913543701e-01 -1.020890893414616585e-03 -2.690234780311584473e-01
4.266428649425506592e-01 -7.049256935715675354e-03 -6.401360500603914261e-03 2.333727665245532990e-02
4.265018701553344727e-01 -2.020788192749023438e-01 -5.934615153819322586e-03 3.139936327934265137e-01
4.224602878093719482e-01 -6.872837897390127182e-03 3.452579840086400509e-04 1.944505795836448669e-02
4.223228394985198975e-01 1.882441639900207520e-01 7.341591408476233482e-04 -2.731289267539978027e-01
4.260877072811126709e-01 -6.888258736580610275e-03 -4.728419240564107895e-03 1.978547684848308563e-02
4.259499609470367432e-01 -2.019420862197875977e-01 -4.332709591835737228e-03 3.109727799892425537e-01
4.219111204147338867e-01 -6.758670322597026825e-03 1.886746147647500038e-03 1.692660897970199585e-02
4.217759370803833008e-01 1.883361786603927612e-01 2.225278178229928017e-03 -2.751604318618774414e-01
4.255426526069641113e-01 -6.817457731813192368e-03 -3.277930431067943573e-03 1.822352036833763123e-02
4.254063069820404053e-01 -2.018922418355941772e-01 -2.913459902629256248e-03 3.098704218864440918e-01
4.213684797286987305e-01 -6.728906650096178055e-03 3.283948404714465141e-03 1.627009734511375427e-02
4.212338924407958984e-01 1.883457899093627930e-01 3.609350416809320450e-03 -2.753748893737792969e-01
4.250008165836334229e-01 -6.827465724200010300e-03 -1.898147515021264553e-03 1.844423264265060425e-02
4.248642623424530029e-01 -2.019221484661102295e-01 -1.529262866824865341e-03 3.105276823043823242e-01
4.208258092403411865e-01 -6.778438109904527664e-03 4.681290592998266220e-03 1.736284792423248291e-02
4.206902384757995605e-01 1.882760673761367798e-01 5.028547253459692001e-03 -2.738394141197204590e-01
4.244557619094848633e-01 -6.917271763086318970e-03 -4.482406657189130783e-04 2.042528428137302399e-02
4.243174195289611816e-01 1.882110983133316040e-01 -3.973497950937598944e-05 -2.723990380764007568e-01
4.280816316604614258e-01 -6.910279393196105957e-03 -5.487715825438499451e-03 2.027136087417602539e-02
4.279434382915496826e-01 -2.019530981779098511e-01 -5.082288291305303574e-03 3.112178146839141846e-01
4.239043593406677246e-01 -6.759114563465118408e-03 1.142067718319594860e-03 1.693642139434814453e-02
4.237692058086395264e-01 1.883464455604553223e-01 1.480796141549944878e-03 -2.753859460353851318e-01
4.275361299514770508e-01 -6.796607282012701035e-03 -4.026922862976789474e-03 1.776365377008914948e-02
4.274002015590667725e-01 -2.018605768680572510e-01 -3.671649843454360962e-03 3.091733157634735107e-01
4.233629703521728516e-01 -6.686504464596509933e-03 2.511816797778010368e-03 1.533472537994384766e-02
4.232292473316192627e-01 1.883993297815322876e-01 2.818511100485920906e-03 -2.765546441078186035e-01
4.269972443580627441e-01 -6.762714590877294540e-03 -2.712581539526581764e-03 1.701591536402702332e-02
4.268619716167449951e-01 -2.018456608057022095e-01 -2.372263232246041298e-03 3.088417649269104004e-01
4.228250682353973389e-01 -6.689987611025571823e-03 3.804571926593780518e-03 1.541162934154272079e-02
4.226912558078765869e-01 1.883772015571594238e-01 4.112804308533668518e-03 -2.760684788227081299e-01
4.264588057994842529e-01 -6.803191732615232468e-03 -1.408565207384526730e-03 1.790877990424633026e-02
4.263227581977844238e-01 -2.019049078226089478e-01 -1.050389604642987251e-03 3.101469576358795166e-01
4.222846627235412598e-01 -6.768012885004281998e-03 5.152549594640731812e-03 1.713294908404350281e-02
4.221493005752563477e-01 1.882796734571456909e-01 5.495208315551280975e-03 -2.739198505878448486e-01
4.259148836135864258e-01 -6.920258514583110809e-03 1.681156572885811329e-05 2.049120701849460602e-02
4.257764816284179688e-01 1.882014572620391846e-01 4.266356991138309240e-04 -2.721864283084869385e-01
4.295405149459838867e-01 -6.926584523171186447e-03 -5.017092451453208923e-03 2.063104324042797089e-02
4.294019639492034912e-01 -2.019762247800827026e-01 -4.604471847414970398e-03 3.117268085479736328e-01
4.253624379634857178e-01 -6.788981612771749496e-03 1.630064332857728004e-03 1.759533025324344635e-02
4.252266585826873779e-01 1.883095502853393555e-01 1.981971086934208870e-03 -2.745728492736816406e-01
4.289928674697875977e-01 -6.840618792921304703e-03 -3.509485861286520958e-03 1.873453892767429352e-02
4.288560450077056885e-01 -2.019120603799819946e-01 -3.134795231744647026e-03 3.103081285953521729e-01
4.248178005218505859e-01 -6.745591294020414352e-03 3.071367274969816208e-03 1.663821749389171600e-02
4.246828854084014893e-01 1.883321851491928101e-01 3.404131624847650528e-03 -2.750740647315979004e-01
4.284495413303375244e-01 -6.838175468146800995e-03 -2.097349846735596657e-03 1.868057250976562500e-02
4.283127784729003906e-01 -2.019299864768981934e-01 -1.723738503642380238e-03 3.107010126113891602e-01
4.242741763591766357e-01 -6.783518474549055099e-03 4.490281920880079269e-03 1.747497916221618652e-02
4.241385161876678467e-01 1.882737427949905396e-01 4.839781671762466431e-03 -2.737878262996673584e-01
4.279039800167083740e-01 -6.916921120136976242e-03 -6.359751569107174873e-04 2.041763253509998322e-02
4.277656376361846924e-01 1.882141381502151489e-01 -2.276225277455523610e-04 -2.724658846855163574e-01
4.315299093723297119e-01 -6.904557812958955765e-03 -5.676940083503723145e-03 2.014524117112159729e-02
4.313918352127075195e-01 -2.019446343183517456e-01 -5.274035502225160599e-03 3.110316395759582520e-01
4.273529350757598877e-01 -6.747945211827754974e-03 9.465972543694078922e-04 1.669010892510414124e-02
4.272179901599884033e-01 1.883604228496551514e-01 1.280399505048990250e-03 -2.756940126419067383e-01
4.309851825237274170e-01 -6.779777817428112030e-03 -4.233480431139469147e-03 1.739248633384704590e-02
4.308495819568634033e-01 -2.018407583236694336e-01 -3.885630983859300613e-03 3.087367117404937744e-01
4.268127679824829102e-01 -6.663661450147628784e-03 2.289103111252188683e-03 1.483088731765747070e-02
4.266794919967651367e-01 1.884253919124603271e-01 2.585720736533403397e-03 -2.771289348602294922e-01
4.304480254650115967e-01 -6.733358372002840042e-03 -2.956857671961188316e-03 1.636841706931591034e-02
4.303133487701416016e-01 -2.018127739429473877e-01 -2.629489172250032425e-03 3.081169426441192627e-01
4.262771010398864746e-01 -6.653460673987865448e-03 3.532849950715899467e-03 1.460591983050107956e-02
4.261440336704254150e-01 1.884176433086395264e-01 3.824968356639146805e-03 -2.769602537155151367e-01
4.299123883247375488e-01 -6.758663803339004517e-03 -1.714236917905509472e-03 1.692660339176654816e-02
4.297772049903869629e-01 -2.018559873104095459e-01 -1.375704887323081493e-03 3.090681731700897217e-01
4.257400929927825928e-01 -6.714463699609041214e-03 4.805658478289842606e-03 1.595170609652996063e-02
4.256058037281036377e-01 1.883382350206375122e-01 5.124692805111408234e-03 -2.752111256122589111e-01
4.293725490570068359e-01 -6.856451742351055145e-03 -3.795294906012713909e-04 1.908373460173606873e-02
4.292354285717010498e-01 1.882709413766860962e-01 2.145199459846480750e-06 -2.737189233303070068e-01
4.330008327960968018e-01 -6.851041223853826523e-03 -5.472233053296804428e-03 1.896468922495841980e-02
4.328638315200805664e-01 -2.018940895795822144e-01 -5.092939361929893494e-03 3.099160492420196533e-01
4.288259446620941162e-01 -6.699946243315935135e-03 1.105381641536951065e-03 1.563131622970104218e-02
4.286919534206390381e-01 1.884061396121978760e-01 1.418008003383874893e-03 -2.767026424407958984e-01
4.324600696563720703e-01 -6.736018229275941849e-03 -4.116044845432043076e-03 1.642718538641929626e-02
4.323253333568572998e-01 -2.017986923456192017e-01 -3.787501249462366104e-03 3.078086078166961670e-01
4.282893836498260498e-01 -6.622985005378723145e-03 2.368671121075749397e-03 1.393362041562795639e-02
4.281569123268127441e-01 1.884649097919464111e-01 2.647343557327985764e-03 -2.780010104179382324e-01
4.319262206554412842e-01 -6.694701500236988068e-03 -2.912676893174648285e-03 1.551569718867540359e-02
4.317923188209533691e-01 -2.017747610807418823e-01 -2.602363005280494690e-03 3.072782158851623535e-01
4.277568161487579346e-01 -6.615824531763792038e-03 3.543201368302106857e-03 1.377571187913417816e-02
4.276244938373565674e-01 1.884551346302032471e-01 3.818715689703822136e-03 -2.777871787548065186e-01
4.313936233520507812e-01 -6.721086800098419189e-03 -1.737028127536177635e-03 1.609770581126213074e-02
4.312591850757598877e-01 -2.018180787563323975e-01 -1.415073988027870655e-03 3.082320690155029297e-01
4.272228181362152100e-01 -6.675998214632272720e-03 4.749567247927188873e-03 1.510320696979761124e-02
4.270893037319183350e-01 1.883775144815444946e-01 5.051631480455398560e-03 -2.760773897171020508e-01
4.308568537235260010e-01 -6.816140376031398773e-03 -4.699163546320050955e-04 1.819452643394470215e-02
4.307205379009246826e-01 1.883125454187393188e-01 -1.060258291545324028e-04 -2.746366262435913086e-01
4.344867765903472900e-01 -6.807891651988029480e-03 -5.598758347332477570e-03 1.801285520195960999e-02
4.343506395816802979e-01 -2.018491029739379883e-01 -5.238501355051994324e-03 3.089240491390228271e-01
4.303136467933654785e-01 -6.652906537055969238e-03 9.399800328537821770e-04 1.459367200732231140e-02
4.301805794239044189e-01 1.884555518627166748e-01 1.231853384524583817e-03 -2.777925431728363037e-01
4.339497089385986328e-01 -6.683951709419488907e-03 -4.323997069150209427e-03 1.527866628021001816e-02
4.338160157203674316e-01 -2.017436325550079346e-01 -4.018424078822135925e-03 3.065941929817199707e-01
4.297811388969421387e-01 -6.564643699675798416e-03 2.113459864631295204e-03 1.264666765928268433e-02
4.296498596668243408e-01 1.885269284248352051e-01 2.366393338888883591e-03 -2.793686985969543457e-01
4.334203898906707764e-01 -6.628694478422403336e-03 -3.220980521291494370e-03 1.405965350568294525e-02
4.332878291606903076e-01 -2.017043083906173706e-01 -2.939787460491061211e-03 3.057245910167694092e-01
4.292537271976470947e-01 -6.540584843605756760e-03 3.174704266712069511e-03 1.211597304791212082e-02
4.291229248046875000e-01 1.885356903076171875e-01 3.417023690417408943e-03 -2.795636057853698730e-01
4.328936338424682617e-01 -6.634835153818130493e-03 -2.174248453229665756e-03 1.419507898390293121e-02
4.327609241008758545e-01 -2.017255425453186035e-01 -1.890346873551607132e-03 3.061912059783935547e-01
4.287264347076416016e-01 -6.576700136065483093e-03 4.233477171510457993e-03 1.291271671652793884e-02
4.285948872566223145e-01 1.884842813014984131e-01 4.491731524467468262e-03 -2.784315049648284912e-01
4.323645830154418945e-01 -6.701457779854536057e-03 -1.076898188330233097e-03 1.566472649574279785e-02
4.322305619716644287e-01 -2.018079459667205811e-01 -7.636036607436835766e-04 3.080076873302459717e-01
4.281944036483764648e-01 -6.675125099718570709e-03 5.396550055593252182e-03 1.508403476327657700e-02
4.280608892440795898e-01 1.883690208196640015e-01 5.698230583220720291e-03 -2.758913338184356689e-01
4.318282604217529297e-01 -6.833764724433422089e-03 1.804038474801927805e-04 1.858334988355636597e-02
4.316915869712829590e-01 1.882856041193008423e-01 5.520708509720861912e-04 -2.740426659584045410e-01
4.354572892189025879e-01 -6.844224873930215836e-03 -4.928782116621732712e-03 1.881434768438339233e-02
4.353204071521759033e-01 -2.018951475620269775e-01 -4.552495200186967850e-03 3.099381327629089355e-01
4.312825202941894531e-01 -6.708629429340362549e-03 1.646267133764922619e-03 1.582294888794422150e-02
4.311483502388000488e-01 1.883896738290786743e-01 1.962726237252354622e-03 -2.763400971889495850e-01
4.349161386489868164e-01 -6.760224699974060059e-03 -3.564076032489538193e-03 1.696121878921985626e-02
4.347809255123138428e-01 -2.018308788537979126e-01 -3.224851563572883606e-03 3.085175156593322754e-01
4.307443201541900635e-01 -6.663129664957523346e-03 2.945498563349246979e-03 1.481929887086153030e-02
4.306110441684722900e-01 1.884164512157440186e-01 3.241884522140026093e-03 -2.769328355789184570e-01
4.343793690204620361e-01 -6.751595996320247650e-03 -2.296772086992859840e-03 1.677081733942031860e-02
4.342443645000457764e-01 -2.018405348062515259e-01 -1.961355796083807945e-03 3.087281882762908936e-01
4.302075505256652832e-01 -6.690691225230693817e-03 4.213208332657814026e-03 1.542736217379570007e-02
4.300737380981445312e-01 1.883705854415893555e-01 4.521755501627922058e-03 -2.759232819080352783e-01
4.338411390781402588e-01 -6.815586239099502563e-03 -9.967100340873003006e-04 1.818238012492656708e-02
4.337048232555389404e-01 1.883206516504287720e-01 -6.330624455586075783e-04 -2.748148441314697266e-01
4.374712407588958740e-01 -6.792268250137567520e-03 -6.129359360784292221e-03 1.766833662986755371e-02
4.373354017734527588e-01 -2.018257826566696167e-01 -5.775992758572101593e-03 3.084110915660858154e-01
4.332988858222961426e-01 -6.622010376304388046e-03 3.922290925402194262e-04 1.391218602657318115e-02
4.331664443016052246e-01 1.884943097829818726e-01 6.704728002659976482e-04 -2.786469757556915283e-01
4.369363188743591309e-01 -6.637196056544780731e-03 -4.902466665953397751e-03 1.424735505133867264e-02
4.368035793304443359e-01 -2.016884982585906982e-01 -4.617519211024045944e-03 3.053794801235198975e-01
4.327698051929473877e-01 -6.501050200313329697e-03 1.490070135332643986e-03 1.124387700110673904e-02
4.326397776603698730e-01 1.885994970798492432e-01 1.714947633445262909e-03 -2.809685468673706055e-01
4.364117681980133057e-01 -6.546872202306985855e-03 -3.904423210769891739e-03 1.225477922707796097e-02
4.362808465957641602e-01 -2.016126066446304321e-01 -3.659327514469623566e-03 3.037032485008239746e-01
4.322485923767089844e-01 -6.438701413571834564e-03 2.414737595245242119e-03 9.868515655398368835e-03
4.321198165416717529e-01 1.886485368013381958e-01 2.612107899039983749e-03 -2.820515632629394531e-01
4.358927905559539795e-01 -6.510576233267784119e-03 -3.028923179954290390e-03 1.145407278090715408e-02
4.357625842094421387e-01 -2.015889585018157959e-01 -2.799841808155179024e-03 3.031798005104064941e-01
4.317308068275451660e-01 -6.427215877920389175e-03 3.263754304498434067e-03 9.615183807909488678e-03
4.316022396087646484e-01 1.886477768421173096e-01 3.456057980656623840e-03 -2.820362150669097900e-01
4.353752136230468750e-01 -6.523300427943468094e-03 -2.184666227549314499e-03 1.173474080860614777e-02
4.352447390556335449e-01 -2.016138583421707153e-01 -1.949971308931708336e-03 3.037275671958923340e-01
4.312124550342559814e-01 -6.464165635406970978e-03 4.124580416828393936e-03 1.043031457811594009e-02
4.310831725597381592e-01 1.885983943939208984e-01 4.333186428993940353e-03 -2.809484004974365234e-01
4.348551332950592041e-01 -6.585101597011089325e-03 -1.285781618207693100e-03 1.309803407639265060e-02
4.347234368324279785e-01 -2.016885876655578613e-01 -1.023820950649678707e-03 3.053750097751617432e-01
4.306896626949310303e-01 -6.552063394337892532e-03 5.083679221570491791e-03 1.236936543136835098e-02
4.305586218833923340e-01 1.884966194629669189e-01 5.331066437065601349e-03 -2.787052690982818604e-01
4.343285560607910156e-01 -6.700981408357620239e-03 -2.430390450172126293e-04 1.565428450703620911e-02
4.341945350170135498e-01 1.884244531393051147e-01 7.004663348197937012e-05 -2.771053016185760498e-01
4.379630386829376221e-01 -6.698496174067258835e-03 -5.472059827297925949e-03 1.559970434755086899e-02
4.378290772438049316e-01 -2.017415463924407959e-01 -5.160065367817878723e-03 3.065511286258697510e-01
4.337942302227020264e-01 -6.546446122229099274e-03 9.709568112157285213e-04 1.224531698971986771e-02
4.336633086204528809e-01 1.885615736246109009e-01 1.215863157995045185e-03 -2.801311016082763672e-01
4.374345242977142334e-01 -6.577707361429929733e-03 -4.386758897453546524e-03 1.293505541980266571e-02
4.373029768466949463e-01 -2.016364783048629761e-01 -4.128057975322008133e-03 3.042306900024414062e-01
4.332702457904815674e-01 -6.455936003476381302e-03 1.956555992364883423e-03 1.024872902780771255e-02
4.331411421298980713e-01 1.886378973722457886e-01 2.161530544981360435e-03 -2.818162441253662109e-01
4.369138777256011963e-01 -6.514815613627433777e-03 -3.474794328212738037e-03 1.154764089733362198e-02
4.367835819721221924e-01 -2.015867680311203003e-01 -3.243841463699936867e-03 3.031322062015533447e-01
4.327518641948699951e-01 -6.418730132281780243e-03 2.818802604451775551e-03 9.428012184798717499e-03
4.326234757900238037e-01 1.886626780033111572e-01 3.007362829521298409e-03 -2.823642194271087646e-01
4.363967478275299072e-01 -6.502035539597272873e-03 -2.639921382069587708e-03 1.126569882035255432e-02
4.362666904926300049e-01 -2.015860229730606079e-01 -2.414607442915439606e-03 3.031145334243774414e-01
4.322349727153778076e-01 -6.429747212678194046e-03 3.647683188319206238e-03 9.671069681644439697e-03
4.321063756942749023e-01 1.886397004127502441e-01 3.841104684397578239e-03 -2.818587422370910645e-01
4.358791708946228027e-01 -6.536827422678470612e-03 -1.796070253476500511e-03 1.203317567706108093e-02
4.357484281063079834e-01 -2.016329765319824219e-01 -1.555406721308827400e-03 3.041488826274871826e-01
4.317157864570617676e-01 -6.488891784101724625e-03 4.527570679783821106e-03 1.097582001239061356e-02
4.315859973430633545e-01 1.885678321123123169e-01 4.747087135910987854e-03 -2.802751660346984863e-01
4.353573620319366455e-01 -6.621508393436670303e-03 -8.584161405451595783e-04 1.390118524432182312e-02
4.352249205112457275e-01 -2.017311453819274902e-01 -5.803924286738038063e-04 3.063131570816040039e-01
4.311903119087219238e-01 -6.600921042263507843e-03 5.545870400965213776e-03 1.344723626971244812e-02
4.310582876205444336e-01 1.884410530328750610e-01 5.814815405756235123e-03 -2.774807512760162354e-01
4.348271191120147705e-01 -6.763364654034376144e-03 2.652001567184925079e-04 1.703047379851341248e-02
4.346918463706970215e-01 1.883547753095626831e-01 6.058096187189221382e-04 -2.755687534809112549e-01
4.384589493274688721e-01 -6.775807123631238937e-03 -4.905565641820430756e-03 1.730517111718654633e-02
4.383234083652496338e-01 -2.018270641565322876e-01 -4.559462424367666245e-03 3.084363043308258057e-01
4.342868924140930176e-01 -6.640444975346326828e-03 1.609263825230300426e-03 1.431894302368164062e-02
4.341540634632110596e-01 1.884583830833435059e-01 1.895642722956836224e-03 -2.778558135032653809e-01
4.379232525825500488e-01 -6.690552923828363419e-03 -3.661473514512181282e-03 1.542439963668584824e-02
4.377894401550292969e-01 -2.017598003149032593e-01 -3.352985484525561333e-03 3.069498538970947266e-01
4.337542355060577393e-01 -6.590234115719795227e-03 2.786011435091495514e-03 1.321135926991701126e-02
4.336224198341369629e-01 1.884916573762893677e-01 3.050238592550158501e-03 -2.785912454128265381e-01
4.373922646045684814e-01 -6.673680618405342102e-03 -2.521586371585726738e-03 1.505215838551521301e-02
4.372587800025939941e-01 -2.017593830823898315e-01 -2.220543101429939270e-03 3.069384396076202393e-01
4.332236051559448242e-01 -6.605856120586395264e-03 3.918225411325693130e-03 1.355602778494358063e-02
4.330914914608001709e-01 1.884596794843673706e-01 4.189345985651016235e-03 -2.778880894184112549e-01
4.368606805801391602e-01 -6.721781566739082336e-03 -1.368415658362209797e-03 1.611321233212947845e-02
4.367262423038482666e-01 1.884197741746902466e-01 -1.046151388436555862e-03 -2.770011425018310547e-01
4.404946267604827881e-01 -6.687243003398180008e-03 -6.586174480617046356e-03 1.535163540393114090e-02
4.403609037399291992e-01 -2.017141282558441162e-01 -6.279141642153263092e-03 3.059493005275726318e-01
4.363266229629516602e-01 -6.503259763121604919e-03 -1.601559342816472054e-04 1.129271183162927628e-02
4.361965358257293701e-01 1.886209845542907715e-01 6.569830293301492929e-05 -2.814407348632812500e-01
4.399689733982086182e-01 -6.501900032162666321e-03 -5.563116632401943207e-03 1.126290485262870789e-02
4.398389160633087158e-01 -2.015436291694641113e-01 -5.337858572602272034e-03 3.021854162216186523e-01
4.358080625534057617e-01 -6.346008740365505219e-03 7.058500195853412151e-04 7.823841646313667297e-03
4.356811344623565674e-01 -2.014780789613723755e-01 8.623268222436308861e-04 3.007293939590454102e-01
4.316515624523162842e-01 -6.368426140397787094e-03 6.876914761960506439e-03 8.318547159433364868e-03
4.315241873264312744e-01 1.886542290449142456e-01 7.043285761028528214e-03 -2.821867167949676514e-01
4.352972805500030518e-01 -6.567474454641342163e-03 1.399551169015467167e-03 1.270927954465150833e-02
4.351659417152404785e-01 1.885343790054321289e-01 1.653736690059304237e-03 -2.795317471027374268e-01
4.389366209506988525e-01 -6.611125543713569641e-03 -3.936897963285446167e-03 1.367230806499719620e-02
4.388043880462646484e-01 -2.016763985157012939e-01 -3.663451876491308212e-03 3.051105141639709473e-01
4.347708821296691895e-01 -6.502430420368909836e-03 2.438758034259080887e-03 1.127446535974740982e-02
4.346408247947692871e-01 1.885844618082046509e-01 2.664247294887900352e-03 -2.806380093097686768e-01
4.384125173091888428e-01 -6.575393024832010269e-03 -2.948512788861989975e-03 1.288402266800403595e-02
4.382809996604919434e-01 -2.016549408435821533e-01 -2.690832363441586494e-03 3.046351969242095947e-01
4.342479109764099121e-01 -6.494740489870309830e-03 3.401871770620346069e-03 1.110486593097448349e-02
4.341180026531219482e-01 1.885782629251480103e-01 3.623968921601772308e-03 -2.805027961730957031e-01
4.378895759582519531e-01 -6.595199462026357651e-03 -1.986086834222078323e-03 1.332091819494962692e-02
4.377576708793640137e-01 -2.016886174678802490e-01 -1.719668391160666943e-03 3.053765594959259033e-01
4.337238967418670654e-01 -6.542196497321128845e-03 4.387862514704465866e-03 1.215177774429321289e-02
4.335930645465850830e-01 1.885165572166442871e-01 4.630898125469684601e-03 -2.791435122489929199e-01
4.373633861541748047e-01 -6.671152543276548386e-03 -9.519719169475138187e-04 1.499639637768268585e-02
4.372299611568450928e-01 1.884644329547882080e-01 -6.520440219901502132e-04 -2.779867351055145264e-01
4.409992694854736328e-01 -6.648205220699310303e-03 -6.211778614670038223e-03 1.449046470224857330e-02
4.408662915229797363e-01 -2.016805261373519897e-01 -5.921969655901193619e-03 3.052070438861846924e-01
4.368326663970947266e-01 -6.474683526903390884e-03 1.821714831748977304e-04 1.066237222403287888e-02
4.367031753063201904e-01 1.886446475982666016e-01 3.954189305659383535e-04 -2.819630801677703857e-01
4.404760897159576416e-01 -6.482934579253196716e-03 -5.243842490017414093e-03 1.084454264491796494e-02
4.403464198112487793e-01 -2.015292942523956299e-01 -5.026951897889375687e-03 3.018683791160583496e-01
4.363158345222473145e-01 -6.336054764688014984e-03 1.010415726341307163e-03 7.604299578815698624e-03
4.361891150474548340e-01 1.887713968753814697e-01 1.162501750513911247e-03 -2.847596704959869385e-01
4.399645328521728516e-01 -6.367120891809463501e-03 -4.532691556960344315e-03 8.289688266813755035e-03
4.398371875286102295e-01 -2.014237791299819946e-01 -4.366897512227296829e-03 2.995390594005584717e-01
4.358087182044982910e-01 -6.239851005375385284e-03 1.623883494175970554e-03 5.482098553329706192e-03
4.356839358806610107e-01 1.888587772846221924e-01 1.733525423333048820e-03 -2.866880297660827637e-01
