-4.915438219904899597e-02 4.319021850824356079e-02 -9.998233988881111145e-03 -1.841163076460361481e-02
-4.829057678580284119e-02 -1.517869383096694946e-01 -1.036646682769060135e-02 2.711000442504882812e-01
-5.132631585001945496e-02 4.348140209913253784e-02 -4.944466054439544678e-03 -2.483440376818180084e-02
-5.045668780803680420e-02 2.386739104986190796e-01 -5.441154353320598602e-03 -3.190732598304748535e-01
-4.568320885300636292e-02 4.362987354397773743e-02 -1.182261947542428970e-02 -2.811122313141822815e-02
-4.481061175465583801e-02 -1.513205617666244507e-01 -1.238484401255846024e-02 2.608182132244110107e-01
-4.783702269196510315e-02 4.397597908973693848e-02 -7.168479729443788528e-03 -3.574517369270324707e-02
-4.695750400424003601e-02 -1.510424464941024780e-01 -7.883382961153984070e-03 2.546674311161041260e-01
-4.997835308313369751e-02 4.419117793440818787e-02 -2.790034515783190727e-03 -4.049158841371536255e-02
-4.909452795982360840e-02 -1.508906483650207520e-01 -3.599866293370723724e-03 2.513097524642944336e-01
-5.211234092712402344e-02 4.428251460194587708e-02 1.426328788511455059e-03 -4.250646755099296570e-02
-5.122669413685798645e-02 2.393839806318283081e-01 5.761994398199021816e-04 -3.347390294075012207e-01
-4.643901437520980835e-02 4.425383731722831726e-02 -6.118581164628267288e-03 -4.187446087598800659e-02
-4.555393755435943604e-02 -1.507798433303833008e-01 -6.956070195883512497e-03 2.488717287778854370e-01
-4.856953397393226624e-02 4.444075375795364380e-02 -1.978635787963867188e-03 -4.599714651703834534e-02
-4.768071696162223816e-02 -1.506527662277221680e-01 -2.898578764870762825e-03 2.460608482360839844e-01
-5.069377273321151733e-02 4.451046139001846313e-02 2.022638218477368355e-03 -4.753494635224342346e-02
-4.980356246232986450e-02 2.396033555269241333e-01 1.071939361281692982e-03 -3.395790159702301025e-01
-4.501149803400039673e-02 4.446616396307945251e-02 -5.719641223549842834e-03 -4.655826464295387268e-02
-4.412217438220977783e-02 -1.505733132362365723e-01 -6.650806404650211334e-03 2.443145960569381714e-01
-4.713363945484161377e-02 4.464300349354743958e-02 -1.764514716342091560e-03 -5.045872554183006287e-02
-4.624078050255775452e-02 -1.504535973072052002e-01 -2.773689338937401772e-03 2.416669577360153198e-01
-4.924985021352767944e-02 4.470786079764366150e-02 2.059649908915162086e-03 -5.188956856727600098e-02
-4.835569486021995544e-02 2.398002147674560547e-01 1.021858537569642067e-03 -3.439219594001770020e-01
-4.355968907475471497e-02 4.466374590992927551e-02 -5.856580566614866257e-03 -5.091696605086326599e-02
-4.266641661524772644e-02 -1.503737419843673706e-01 -6.874919869005680084e-03 2.399124205112457275e-01
-4.567388817667961121e-02 4.484574124217033386e-02 -2.076671225950121880e-03 -5.493109300732612610e-02
-4.477697610855102539e-02 -1.502463668584823608e-01 -3.175293095409870148e-03 2.370959073305130005e-01
-4.778190329670906067e-02 4.492079839110374451e-02 1.566624967381358147e-03 -5.658691003918647766e-02
-4.688348621129989624e-02 -1.502235829830169678e-01 4.348868096712976694e-04 2.365898936986923218e-01
-4.988795891404151917e-02 4.489215835928916931e-02 5.166684743016958237e-03 -5.595583096146583557e-02
-4.899011552333831787e-02 2.399396449327468872e-01 4.047567956149578094e-03 -3.470041751861572266e-01
-4.419132322072982788e-02 4.476035758852958679e-02 -2.892515389248728752e-03 -5.304764583706855774e-02
-4.329611361026763916e-02 -1.503199934959411621e-01 -3.953468054533004761e-03 2.387212663888931274e-01
-4.630251601338386536e-02 4.485820606350898743e-02 8.209570660255849361e-04 -5.520607158541679382e-02
-4.540535062551498413e-02 -1.502755135297775269e-01 -2.831643214449286461e-04 2.377357631921768188e-01
-4.841085895895957947e-02 4.485048726201057434e-02 4.471550695598125458e-03 -5.503647029399871826e-02
-4.751385003328323364e-02 2.399080395698547363e-01 3.370821475982666016e-03 -3.463052511215209961e-01
-4.271569103002548218e-02 4.473830386996269226e-02 -3.555283416062593460e-03 -5.256127938628196716e-02
-4.182092472910881042e-02 -1.503324955701828003e-01 -4.606508649885654449e-03 2.389978170394897461e-01
-4.482757300138473511e-02 4.485496506094932556e-02 1.734473189571872354e-04 -5.513457581400871277e-02
-4.393047466874122620e-02 -1.502694785594940186e-01 -9.292441536672413349e-04 2.376030683517456055e-01
-4.693586379289627075e-02 4.486574232578277588e-02 3.822817234322428703e-03 -5.537282302975654602e-02
-4.603854939341545105e-02 2.399326711893081665e-01 2.715360838919878006e-03 -3.468471765518188477e-01
-4.123989492654800415e-02 4.477220401167869568e-02 -4.221582785248756409e-03 -5.330923199653625488e-02
-4.034445062279701233e-02 -1.502889692783355713e-01 -5.287767387926578522e-03 2.380387634038925171e-01
-4.335023090243339539e-02 4.490812867879867554e-02 -5.269919056445360184e-04 -5.630737543106079102e-02
-4.245206713676452637e-02 -1.502062678337097168e-01 -1.653139479458332062e-03 2.362092286348342896e-01
-4.545619338750839233e-02 4.493926838040351868e-02 3.071045270189642906e-03 -5.699468404054641724e-02
-4.455740749835968018e-02 -1.502265781164169312e-01 1.931151608005166054e-03 2.366555929183959961e-01
-4.756193980574607849e-02 4.486772790551185608e-02 6.664263550192117691e-03 -5.541756004095077515e-02
-4.666458442807197571e-02 2.398934960365295410e-01 5.555912386626005173e-03 -3.459904193878173828e-01
-4.186671599745750427e-02 4.469295218586921692e-02 -1.363896299153566360e-03 -5.156071484088897705e-02
-4.097285494208335876e-02 -1.504094153642654419e-01 -2.395110670477151871e-03 2.406915873289108276e-01
-4.398104548454284668e-02 4.474666714668273926e-02 2.418721094727516174e-03 -5.274586752057075500e-02
-4.308611154556274414e-02 -1.504098773002624512e-01 1.363803632557392120e-03 2.406992018222808838e-01
-4.609430953860282898e-02 4.469256103038787842e-02 6.177787669003009796e-03 -5.155323073267936707e-02
-4.520045965909957886e-02 2.397253811359405518e-01 5.146723240613937378e-03 -3.422806262969970703e-01
-4.040595144033432007e-02 4.453059285879135132e-02 -1.698889420367777348e-03 -4.797918349504470825e-02
-3.951533883810043335e-02 -1.505669504404067993e-01 -2.658473094925284386e-03 2.441672384738922119e-01
-4.252667725086212158e-02 4.459286481142044067e-02 2.224871888756752014e-03 -4.935304448008537292e-02
-4.163482040166854858e-02 -1.505609154701232910e-01 1.237810938619077206e-03 2.440310120582580566e-01
-4.464603960514068604e-02 4.454332962632179260e-02 6.118431221693754196e-03 -4.826121404767036438e-02
-4.375517368316650391e-02 2.395770102739334106e-01 5.153207108378410339e-03 -3.390074670314788818e-01
-3.896363079547882080e-02 4.438212141394615173e-02 -1.626942190341651440e-03 -4.470396786928176880e-02
-3.807599097490310669e-02 -1.507164686918258667e-01 -2.521021524444222450e-03 2.474652081727981567e-01
-4.109031707048416138e-02 4.444140195846557617e-02 2.428282517939805984e-03 -4.601184651255607605e-02
-4.020148888230323792e-02 -1.507152915000915527e-01 1.508045592345297337e-03 2.474362403154373169e-01
-4.321579635143280029e-02 4.438509419560432434e-02 6.456770468503236771e-03 -4.477063566446304321e-02
-4.232809320092201233e-02 2.394138723611831665e-01 5.561357364058494568e-03 -3.354094326496124268e-01
-3.753981739282608032e-02 4.421321302652359009e-02 -1.146830851212143898e-03 -4.097793251276016235e-02
-3.665555268526077271e-02 -1.508922725915908813e-01 -1.966389594599604607e-03 2.513429224491119385e-01
-3.967339918017387390e-02 4.425770044326782227e-02 3.060469171032309532e-03 -4.195958003401756287e-02
-3.878824412822723389e-02 2.393356263637542725e-01 2.221277682110667229e-03 -3.336753249168395996e-01
-3.400153294205665588e-02 4.418213665485382080e-02 -4.452229011803865433e-03 -4.029275476932525635e-02
-3.311789035797119141e-02 -1.508756875991821289e-01 -5.258084274828433990e-03 2.509821355342864990e-01
-3.613540157675743103e-02 4.432095214724540710e-02 -2.384413965046405792e-04 -4.335464909672737122e-02
-3.524898365139961243e-02 -1.507975757122039795e-01 -1.105534378439188004e-03 2.492530345916748047e-01
-3.826493397355079651e-02 4.434014111757278442e-02 3.879526397213339806e-03 -4.377839341759681702e-02
-3.737813234329223633e-02 2.394062429666519165e-01 3.003958379849791527e-03 -3.352347612380981445e-01
-3.259000554680824280e-02 4.424167424440383911e-02 -3.700736910104751587e-03 -4.160607233643531799e-02
-3.170517459511756897e-02 -1.508270204067230225e-01 -4.532858263701200485e-03 2.499069422483444214e-01
-3.472171351313591003e-02 4.435937479138374329e-02 4.652804636862128973e-04 -4.420228675007820129e-02
-3.383452817797660828e-02 -1.507692486047744751e-01 -4.187652666587382555e-04 2.486274093389511108e-01
-3.684991225600242615e-02 4.435868188738822937e-02 4.553782753646373749e-03 -4.418757930397987366e-02
-3.596273809671401978e-02 2.394150346517562866e-01 3.670031204819679260e-03 -3.354302644729614258e-01
-3.117443621158599854e-02 4.424105212092399597e-02 -3.038574242964386940e-03 -4.159227758646011353e-02
-3.028961643576622009e-02 -1.508371978998184204e-01 -3.870419925078749657e-03 2.501304149627685547e-01
-3.330636024475097656e-02 4.433981329202651978e-02 1.132188248448073864e-03 -4.377081617712974548e-02
-3.241956233978271484e-02 -1.507983505725860596e-01 2.567719202488660812e-04 2.492691129446029663e-01
-3.543553128838539124e-02 4.431992769241333008e-02 5.242154002189636230e-03 -4.333281144499778748e-02
-3.454913198947906494e-02 2.393663227558135986e-01 4.375497810542583466e-03 -3.343572020530700684e-01
-2.976180613040924072e-02 4.418236762285232544e-02 -2.311645774170756340e-03 -4.029767587780952454e-02
-2.887815795838832855e-02 -1.509063541889190674e-01 -3.117599291726946831e-03 2.516550123691558838e-01
-3.189628571271896362e-02 4.425996914505958557e-02 1.915500848554074764e-03 -4.200963675975799561e-02
-3.101108595728874207e-02 -1.508893966674804688e-01 1.075308071449398994e-03 2.512770295143127441e-01
-3.402887284755706787e-02 4.421718418598175049e-02 6.100848782807588577e-03 -4.106652736663818359e-02
-3.314452990889549255e-02 2.392511218786239624e-01 5.279518198221921921e-03 -3.318183422088623047e-01
-2.835950814187526703e-02 4.405441880226135254e-02 -1.356848748400807381e-03 -3.747520595788955688e-02
-2.747841924428939819e-02 -1.510480493307113647e-01 -2.106352942064404488e-03 2.547793090343475342e-01
-3.049938008189201355e-02 4.410391300916671753e-02 2.989233238622546196e-03 -3.856725245714187622e-02
-2.961730211973190308e-02 -1.510607749223709106e-01 2.217888366430997849e-03 2.550573050975799561e-01
-3.263851627707481384e-02 4.402944073081016541e-02 7.319034542888402939e-03 -3.692523390054702759e-02
-3.175792843103408813e-02 2.390456795692443848e-01 6.580529734492301941e-03 -3.272899687290191650e-01
-2.697701565921306610e-02 4.383065924048423767e-02 3.473027391009964049e-05 -3.253912925720214844e-02
-2.610040269792079926e-02 -1.512917876243591309e-01 -6.160523043945431709e-04 2.601547539234161377e-01
-2.912623807787895203e-02 4.383894801139831543e-02 4.587042611092329025e-03 -3.272241726517677307e-02
-2.824945934116840363e-02 2.388948202133178711e-01 3.932594321668148041e-03 -3.239545524120330811e-01
-2.347156219184398651e-02 4.371709376573562622e-02 -2.546496689319610596e-03 -3.003405593335628510e-02
-2.259722165763378143e-02 -1.513682454824447632e-01 -3.147177863866090775e-03 2.618443369865417480e-01
-2.562458626925945282e-02 4.379848763346672058e-02 2.089708810672163963e-03 -3.182958438992500305e-02
-2.474861592054367065e-02 -1.513533741235733032e-01 1.453117234632372856e-03 2.615119218826293945e-01
-2.777568437159061432e-02 4.374780878424644470e-02 6.683356128633022308e-03 -3.071230649948120117e-02
-2.690072730183601379e-02 2.387732863426208496e-01 6.069109775125980377e-03 -3.212790787220001221e-01
-2.212526276707649231e-02 4.356543347239494324e-02 -3.564720100257545710e-04 -2.668839879333972931e-02
-2.125395275652408600e-02 -1.515514105558395386e-01 -8.902400149963796139e-04 2.658820450305938721e-01
-2.428498119115829468e-02 4.358324036002159119e-02 4.427400883287191391e-03 -2.708154730498790741e-02
-2.341331727802753448e-02 -1.516019254922866821e-01 3.885769750922918320e-03 2.669949829578399658e-01
-2.644535526633262634e-02 4.346435517072677612e-02 9.225669316947460175e-03 -2.445981837809085846e-02
-2.557606808841228485e-02 2.384527921676635742e-01 8.736472576856613159e-03 -3.142177164554595947e-01
-2.080701105296611786e-02 4.320748895406723022e-02 2.452118555083870888e-03 -1.879244856536388397e-02
-1.994286291301250458e-02 -1.519495397806167603e-01 2.076269593089818954e-03 2.746631503105163574e-01
-2.298185229301452637e-02 4.314272478222846985e-02 7.569532375782728195e-03 -1.736420579254627228e-02
-2.211899869143962860e-02 2.381553053855895996e-01 7.222248241305351257e-03 -3.076492846012115479e-01
-1.735589280724525452e-02 4.293119162321090698e-02 1.069262740202248096e-03 -1.269742101430892944e-02
-1.649726927280426025e-02 -1.522060781717300415e-01 8.153142989613115788e-04 2.803226709365844727e-01
-1.954139024019241333e-02 4.290423542261123657e-02 6.421767640858888626e-03 -1.210298854857683182e-02
-1.868330501019954681e-02 2.379335016012191772e-01 6.179708056151866913e-03 -3.027528822422027588e-01
-1.392463501542806625e-02 4.272402822971343994e-02 1.246506435563787818e-04 -8.127425797283649445e-03
-1.307015493512153625e-02 -1.523997187614440918e-01 -3.789786569541320205e-05 2.845948338508605957e-01
-1.611814834177494049e-02 4.272278025746345520e-02 5.653998814523220062e-03 -8.100052364170551300e-03
-1.526369340717792511e-02 2.377631962299346924e-01 5.491997580975294113e-03 -2.989937365055084229e-01
-1.050842925906181335e-02 4.256338626146316528e-02 -4.878768522758036852e-04 -4.583796486258506775e-03
-9.657161310315132141e-03 -1.525515615940093994e-01 -5.795527831651270390e-04 2.879451513290405273e-01
-1.270819269120693207e-02 4.257864877581596375e-02 5.179350264370441437e-03 -4.920496605336666107e-03
-1.185662019997835159e-02 2.376259416341781616e-01 5.080940667539834976e-03 -2.959647774696350098e-01
-7.104101125150918961e-03 4.243192076683044434e-02 -8.383552776649594307e-04 -1.683752401731908321e-03
-6.255462765693664551e-03 -1.526779979467391968e-01 -8.720302721485495567e-04 2.907345592975616455e-01
-9.309022687375545502e-03 4.245638102293014526e-02 4.942660685628652573e-03 -2.223282353952527046e-03
-8.459894917905330658e-03 2.375071048736572266e-01 4.898195154964923859e-03 -2.933426499366760254e-01
-3.709753276780247688e-03 4.231565445661544800e-02 -9.686580742709338665e-04 8.810661383904516697e-04
-2.863440196961164474e-03 -1.527923941612243652e-01 -9.510367526672780514e-04 2.932582199573516846e-01
-5.919287912547588348e-03 4.234310612082481384e-02 4.914127290248870850e-03 2.754931920208036900e-04
-5.072426050901412964e-03 -1.528489738702774048e-01 4.919637460261583328e-03 2.945048213005065918e-01
-8.129405789077281952e-03 4.220249503850936890e-02 1.080973353236913681e-02 3.377532586455345154e-03
-7.285355590283870697e-03 2.371677607297897339e-01 1.087728422135114670e-02 -2.858752906322479248e-01
-2.542000263929367065e-03 4.189238697290420532e-02 5.159778986126184464e-03 1.021831203252077103e-02
-1.704152557067573071e-03 2.369399666786193848e-01 5.364145152270793915e-03 -2.808322012424468994e-01
3.034646622836589813e-03 4.174190387129783630e-02 -2.524986339267343283e-04 1.353773567825555801e-02
3.869484877213835716e-03 -1.533764302730560303e-01 1.825608524086419493e-05 3.061409890651702881e-01
8.019562810659408569e-04 4.174526780843734741e-02 6.141075864434242249e-03 1.346381567418575287e-02
1.636861590668559074e-03 2.367786169052124023e-01 6.410351954400539398e-03 -2.772752046585083008e-01
6.372433621436357498e-03 4.156579449772834778e-02 8.648477378301322460e-04 1.742261648178100586e-02
7.203749846667051315e-03 -1.535685509443283081e-01 1.213300041854381561e-03 3.103782832622528076e-01
4.132378846406936646e-03 4.153609648346900940e-02 7.420865818858146667e-03 1.807824894785881042e-02
4.963100887835025787e-03 2.365508377552032471e-01 7.782430853694677353e-03 -2.722541093826293945e-01
9.694117121398448944e-03 4.131871089339256287e-02 2.337348880246281624e-03 2.287323772907257080e-02
1.052049174904823303e-02 -1.538366824388504028e-01 2.794813597574830055e-03 3.162927031517028809e-01
7.443758193403482437e-03 4.124534875154495239e-02 9.120667353272438049e-03 2.449247799813747406e-02
8.268665522336959839e-03 2.362353205680847168e-01 9.610516950488090515e-03 -2.652988731861114502e-01
1.299337111413478851e-02 4.097753018140792847e-02 4.304539412260055542e-03 3.039973229169845581e-02
1.381292194128036499e-02 2.360374927520751953e-01 4.912534262984991074e-03 -2.609219551086425781e-01
1.853367127478122711e-02 4.084575548768043518e-02 -3.059049777220934629e-04 3.330638259649276733e-02
1.935058645904064178e-02 -1.542718112468719482e-01 3.602226497605443001e-04 3.258927762508392334e-01
1.626515015959739685e-02 4.084501415491104126e-02 6.878077983856201172e-03 3.332347050309181213e-02
1.708205044269561768e-02 2.358676642179489136e-01 7.544547785073518753e-03 -2.571814358234405518e-01
2.179940417408943176e-02 4.063881188631057739e-02 2.400918863713741302e-03 3.787157312035560608e-02
2.261218056082725525e-02 -1.545174866914749146e-01 3.158350242301821709e-03 3.313110470771789551e-01
1.952183060348033905e-02 4.055936634540557861e-02 9.784570895135402679e-03 3.962578251957893372e-02
2.033301815390586853e-02 2.355396449565887451e-01 1.057708729058504105e-02 -2.499540299177169800e-01
2.504381164908409119e-02 4.026826098561286926e-02 5.578006152063608170e-03 4.604627564549446106e-02
2.584917657077312469e-02 2.353097796440124512e-01 6.498931907117366791e-03 -2.448715269565582275e-01
3.055537305772304535e-02 4.009561613202095032e-02 1.601501135155558586e-03 4.985421150922775269e-02
3.135728463530540466e-02 -1.550492644309997559e-01 2.598585328087210655e-03 3.430419862270355225e-01
2.825629897415637970e-02 4.003562405705451965e-02 9.459425695240497589e-03 5.117963626980781555e-02
2.905701100826263428e-02 2.350206673145294189e-01 1.048301812261343002e-02 -2.385038137435913086e-01
3.375742584466934204e-02 3.975053876638412476e-02 5.712941754609346390e-03 5.746723711490631104e-02
3.455243632197380066e-02 2.347901165485382080e-01 6.862286478281021118e-03 -2.334077507257461548e-01
3.924823924899101257e-02 3.957078605890274048e-02 2.194131258875131607e-03 6.143183633685112000e-02
4.003965482115745544e-02 -1.555825620889663696e-01 3.422767855226993561e-03 3.548062145709991455e-01
3.692800179123878479e-02 3.949056193232536316e-02 1.051889266818761826e-02 6.320454925298690796e-02
3.771781548857688904e-02 2.344601303339004517e-01 1.178298331797122955e-02 -2.261411249637603760e-01
4.240701720118522644e-02 3.917178139090538025e-02 7.260160520672798157e-03 7.023517787456512451e-02
4.319045320153236389e-02 2.341888993978500366e-01 8.664864115417003632e-03 -2.201483249664306641e-01
4.787423089146614075e-02 3.894416987895965576e-02 4.261897876858711243e-03 7.525521516799926758e-02
4.865311458706855774e-02 -1.562386155128479004e-01 5.767002236098051071e-03 3.692797422409057617e-01
4.552834108471870422e-02 3.880091756582260132e-02 1.315259654074907303e-02 7.842078059911727905e-02
4.630436003208160400e-02 2.337318807840347290e-01 1.472101267427206039e-02 -2.100836038589477539e-01
5.097899585962295532e-02 3.840256482362747192e-02 1.051934063434600830e-02 8.720643073320388794e-02
5.174705013632774353e-02 2.333721667528152466e-01 1.226346939802169800e-02 -2.021391540765762329e-01
5.641449242830276489e-02 3.807699307799339294e-02 8.220685645937919617e-03 9.438694268465042114e-02
5.717603117227554321e-02 2.330801635980606079e-01 1.010842435061931610e-02 -1.956910640001296997e-01
6.183763593435287476e-02 3.781508654356002808e-02 6.194603163748979568e-03 1.001634001731872559e-01
6.259393692016601562e-02 2.328477054834365845e-01 8.197871036827564240e-03 -1.905587166547775269e-01
6.725089251995086670e-02 3.760944679379463196e-02 4.386696964502334595e-03 1.046989783644676208e-01
6.800308078527450562e-02 2.326682657003402710e-01 6.480676587671041489e-03 -1.865967363119125366e-01
7.265644520521163940e-02 3.745418787002563477e-02 2.748741768300533295e-03 1.081235259771347046e-01
7.340552657842636108e-02 2.325366437435150146e-01 4.911212250590324402e-03 -1.836909204721450806e-01
7.805626094341278076e-02 3.734476491808891296e-02 1.237393822520971298e-03 1.105372533202171326e-01
7.880315929651260376e-02 2.324489653110504150e-01 3.448138944804668427e-03 -1.817550212144851685e-01
8.345213532447814941e-02 3.727784007787704468e-02 -1.869615516625344753e-04 1.120136678218841553e-01
8.419769257307052612e-02 2.324024736881256104e-01 2.053311793133616447e-03 -1.807282418012619019e-01
8.884574472904205322e-02 3.725119680166244507e-02 -1.561252982355654240e-03 1.126017272472381592e-01
8.959076553583145142e-02 -1.578483432531356812e-01 6.907815695740282536e-04 4.047916829586029053e-01
8.643379807472229004e-02 3.726379945874214172e-02 8.786614984273910522e-03 1.123266145586967468e-01
8.717907220125198364e-02 2.322587519884109497e-01 1.103314757347106934e-02 -1.775712817907333374e-01
9.182424843311309814e-02 3.698066249489784241e-02 7.481721695512533188e-03 1.185716986656188965e-01
9.256386011838912964e-02 2.319946289062500000e-01 9.853155352175235748e-03 -1.717414408922195435e-01
9.720375388860702515e-02 3.673304244875907898e-02 6.418326869606971741e-03 1.240334883332252502e-01
9.793841838836669922e-02 2.317624539136886597e-01 8.898996748030185699e-03 -1.666176319122314453e-01
1.025736629962921143e-01 3.651425987482070923e-02 5.566644016653299332e-03 1.288593411445617676e-01
1.033039540052413940e-01 2.315560281276702881e-01 8.143831044435501099e-03 -1.620621979236602783e-01
1.079350709915161133e-01 3.631843999028205872e-02 4.902586806565523148e-03 1.331787258386611938e-01
1.086614429950714111e-01 2.313698232173919678e-01 7.566161453723907471e-03 -1.579534709453582764e-01
1.132888346910476685e-01 3.614037111401557922e-02 4.407091531902551651e-03 1.371067464351654053e-01
1.140116453170776367e-01 2.311989217996597290e-01 7.149226963520050049e-03 -1.541825532913208008e-01
1.186356246471405029e-01 3.597534075379371643e-02 4.065575543791055679e-03 1.407471895217895508e-01
1.193551272153854370e-01 2.310388237237930298e-01 6.880519445985555649e-03 -1.506503522396087646e-01
1.239759027957916260e-01 3.581903129816055298e-02 3.867512568831443787e-03 1.441952735185623169e-01
1.246922835707664490e-01 2.308853864669799805e-01 6.751418113708496094e-03 -1.472650170326232910e-01
1.293099969625473022e-01 3.566740453243255615e-02 3.806117689236998558e-03 1.475401818752288818e-01
1.300233453512191772e-01 2.307346463203430176e-01 6.756921298801898956e-03 -1.439395695924758911e-01
1.346380412578582764e-01 3.551657870411872864e-02 3.878130111843347549e-03 1.508673578500747681e-01
1.353483647108078003e-01 2.305827885866165161e-01 6.895477417856454849e-03 -1.405895799398422241e-01
1.399600207805633545e-01 3.536275774240493774e-02 4.083686042577028275e-03 1.542607545852661133e-01
1.406672745943069458e-01 2.304259985685348511e-01 7.168901152908802032e-03 -1.371310651302337646e-01
1.452758014202117920e-01 3.520210459828376770e-02 4.426279570907354355e-03 1.578048914670944214e-01
1.459798365831375122e-01 2.302604019641876221e-01 7.582377642393112183e-03 -1.334783732891082764e-01
1.505850553512573242e-01 3.503067046403884888e-02 4.912809934467077255e-03 1.615870147943496704e-01
1.512856632471084595e-01 2.300819456577301025e-01 8.144550025463104248e-03 -1.295420080423355103e-01
1.558873057365417480e-01 3.484427556395530701e-02 5.553709808737039566e-03 1.656992435455322266e-01
1.565841883420944214e-01 2.298862934112548828e-01 8.867694996297359467e-03 -1.252264678478240967e-01
1.611819118261337280e-01 3.463842719793319702e-02 6.363165564835071564e-03 1.702408641576766968e-01
1.618746817111968994e-01 2.296687215566635132e-01 9.767983108758926392e-03 -1.204278990626335144e-01
1.664680540561676025e-01 3.440820053219795227e-02 7.359425071626901627e-03 1.753206700086593628e-01
1.671562194824218750e-01 2.294240593910217285e-01 1.086583826690912247e-02 -1.150315478444099426e-01
1.717447042465209961e-01 4.243886470794677734e-01 8.565207011997699738e-03 -4.042666852474212646e-01
1.802324652671813965e-01 2.291462719440460205e-01 4.798737354576587677e-04 -1.088957265019416809e-01
1.848153918981552124e-01 3.401745110750198364e-02 -1.698040752671658993e-03 1.839385628700256348e-01
1.854957491159439087e-01 2.291636615991592407e-01 1.980730565264821053e-03 -1.092795506119728088e-01
1.900790184736251831e-01 3.401337936520576477e-02 -2.048604073934257030e-04 1.840276271104812622e-01
1.907592862844467163e-01 2.291382551193237305e-01 3.475692123174667358e-03 -1.087199151515960693e-01
1.953420490026473999e-01 3.396667540073394775e-02 1.301293843425810337e-03 1.850575506687164307e-01
1.960213929414749146e-01 2.290699779987335205e-01 5.002444609999656677e-03 -1.072145923972129822e-01
2.006027847528457642e-01 4.241198897361755371e-01 2.858153078705072403e-03 -3.983150720596313477e-01
2.090851813554763794e-01 2.289575040340423584e-01 -5.108148790895938873e-03 -1.047324091196060181e-01
2.136643379926681519e-01 3.390913456678390503e-02 -7.202796638011932373e-03 1.863345503807067871e-01
2.143425196409225464e-01 2.291333973407745361e-01 -3.476105630397796631e-03 -1.086118444800376892e-01
2.189251780509948730e-01 3.406142815947532654e-02 -5.648342426866292953e-03 1.829723566770553589e-01
2.196064144372940063e-01 2.292637377977371216e-01 -1.988895470276474953e-03 -1.114870458841323853e-01
2.241916954517364502e-01 3.417034819722175598e-02 -4.218636080622673035e-03 1.805677413940429688e-01
2.248750925064086914e-01 2.293524146080017090e-01 -6.072815740481019020e-04 -1.134430319070816040e-01
2.294621467590332031e-01 3.423916921019554138e-02 -2.876142272725701332e-03 1.790482401847839355e-01
2.301469296216964722e-01 2.294021546840667725e-01 7.048226543702185154e-04 -1.145406216382980347e-01
2.347349673509597778e-01 4.245139956474304199e-01 -1.585989724844694138e-03 -4.070011079311370850e-01
2.432252466678619385e-01 2.294145822525024414e-01 -9.726011194288730621e-03 -1.148186028003692627e-01
2.478135377168655396e-01 3.443332761526107788e-02 -1.202238351106643677e-02 1.747800409793853760e-01
2.485022097826004028e-01 2.297252565622329712e-01 -8.526783436536788940e-03 -1.216711848974227905e-01
2.530966997146606445e-01 3.472650051116943359e-02 -1.096020638942718506e-02 1.683094799518585205e-01
2.537912428379058838e-01 2.300036102533340454e-01 -7.594017311930656433e-03 -1.278108209371566772e-01
2.583913207054138184e-01 3.499126061797142029e-02 -1.015023421496152878e-02 1.624666303396224976e-01
2.590911388397216797e-01 2.302570343017578125e-01 -6.900900974869728088e-03 -1.334010660648345947e-01
2.636962831020355225e-01 3.523461148142814636e-02 -9.568922221660614014e-03 1.570967584848403931e-01
2.644009590148925781e-01 2.304922491312026978e-01 -6.426987238228321075e-03 -1.385895013809204102e-01
2.690108120441436768e-01 3.546293452382087708e-02 -9.198777377605438232e-03 1.520588994026184082e-01
2.697200775146484375e-01 2.307153940200805664e-01 -6.157598923891782761e-03 -1.435117870569229126e-01
2.743343710899353027e-01 3.568216040730476379e-02 -9.027834981679916382e-03 1.472221910953521729e-01
2.750480175018310547e-01 2.309322208166122437e-01 -6.083391141146421432e-03 -1.482951194047927856e-01
2.796666622161865234e-01 3.589791059494018555e-02 -9.049293585121631622e-03 1.424624323844909668e-01
2.803846299648284912e-01 2.311482876539230347e-01 -6.200044881552457809e-03 -1.530615985393524170e-01
2.850075960159301758e-01 3.611565753817558289e-02 -9.261276572942733765e-03 1.376589238643646240e-01
2.857299149036407471e-01 2.313690185546875000e-01 -6.508098449558019638e-03 -1.579313427209854126e-01
2.903572916984558105e-01 3.634085133671760559e-02 -9.666725061833858490e-03 1.326913535594940186e-01
2.910841107368469238e-01 2.315999269485473633e-01 -7.012898102402687073e-03 -1.630255579948425293e-01
2.957161068916320801e-01 3.657906875014305115e-02 -1.027340907603502274e-02 1.274367719888687134e-01
2.964476943016052246e-01 2.318466752767562866e-01 -7.724673952907323837e-03 -1.684695184230804443e-01
3.010846078395843506e-01 3.683613985776901245e-02 -1.109406445175409317e-02 1.217665299773216248e-01
3.018213510513305664e-01 2.321152687072753906e-01 -8.658734150230884552e-03 -1.743957251310348511e-01
3.064636588096618652e-01 3.711829707026481628e-02 -1.214664801955223083e-02 1.155431270599365234e-01
3.072060048580169678e-01 2.324121743440628052e-01 -9.835785254836082458e-03 -1.809470951557159424e-01
3.118542730808258057e-01 3.743233159184455872e-02 -1.345472689718008041e-02 1.086168438196182251e-01
3.126029074192047119e-01 2.327444851398468018e-01 -1.128239091485738754e-02 -1.882804334163665771e-01
3.172577917575836182e-01 3.778574615716934204e-02 -1.504799909889698029e-02 1.008221060037612915e-01
3.180135190486907959e-01 2.331200838088989258e-01 -1.303155720233917236e-02 -1.965701878070831299e-01
3.226759135723114014e-01 3.818693757057189941e-02 -1.696296036243438721e-02 9.197354316711425781e-02
3.234396576881408691e-01 2.335478663444519043e-01 -1.512349024415016174e-02 -2.060125619173049927e-01
3.281106054782867432e-01 3.864540904760360718e-02 -1.924374140799045563e-02 8.186155557632446289e-02
3.288835287094116211e-01 -1.561954766511917114e-01 -1.760650984942913055e-02 3.684114515781402588e-01
3.257596194744110107e-01 3.917216509580612183e-02 -1.023828051984310150e-02 7.022937387228012085e-02
3.265430629253387451e-01 2.344393879175186157e-01 -8.833693340420722961e-03 -2.256661206483840942e-01
3.312318325042724609e-01 3.944479674100875854e-02 -1.334701571613550186e-02 6.421729177236557007e-02
3.320207297801971436e-01 -1.554832756519317627e-01 -1.206266973167657852e-02 3.526594340801239014e-01
3.289110660552978516e-01 3.980811312794685364e-02 -5.009480752050876617e-03 5.619733780622482300e-02
3.297072350978851318e-01 2.350015342235565186e-01 -3.885534126311540604e-03 -2.380618900060653687e-01
3.344072699546813965e-01 3.993530571460723877e-02 -8.646772243082523346e-03 5.339289084076881409e-02
3.352059721946716309e-01 2.351801693439483643e-01 -7.578914053738117218e-03 -2.420055717229843140e-01
3.399095833301544189e-01 4.016729071736335754e-02 -1.241902541369199753e-02 4.827716201543807983e-02
3.407129049301147461e-01 -1.547743976116180420e-01 -1.145348232239484787e-02 3.370160460472106934e-01
3.376174271106719971e-01 4.050865396857261658e-02 -4.713161382824182510e-03 4.074343293905258179e-02
3.384276032447814941e-01 2.356978654861450195e-01 -3.898292779922485352e-03 -2.534227967262268066e-01
3.431415557861328125e-01 4.063180088996887207e-02 -8.966748602688312531e-03 3.802798315882682800e-02
3.439542055130004883e-01 -1.543604284524917603e-01 -8.206189610064029694e-03 3.278683722019195557e-01
3.408669829368591309e-01 4.087738320231437683e-02 -1.648821751587092876e-03 3.260892629623413086e-02
3.416845202445983887e-01 2.360229343175888062e-01 -9.966432116925716400e-04 -2.605937719345092773e-01
3.464049994945526123e-01 4.091523215174674988e-02 -6.208518519997596741e-03 3.177464008331298828e-02
3.472232818603515625e-01 2.361256629228591919e-01 -5.573025904595851898e-03 -2.628606557846069336e-01
3.519458174705505371e-01 4.108370468020439148e-02 -1.083023846149444580e-02 2.805927954614162445e-02
3.527674973011016846e-01 -1.538812667131423950e-01 -1.026905328035354614e-02 3.173055648803710938e-01
3.496898710727691650e-01 4.138542339205741882e-02 -3.922942094504833221e-03 2.140191197395324707e-02
3.505175709724426270e-01 2.365634143352508545e-01 -3.494903678074479103e-03 -2.725161612033843994e-01
3.552488386631011963e-01 4.149150475859642029e-02 -8.945226669311523438e-03 1.906241476535797119e-02
3.560786545276641846e-01 -1.535010188817977905e-01 -8.563978597521781921e-03 3.089096546173095703e-01
3.530086576938629150e-01 4.174189269542694092e-02 -2.385785570368170738e-03 1.353822927922010422e-02
3.538434803485870361e-01 -1.533457636833190918e-01 -2.115020994096994400e-03 3.054674565792083740e-01
3.507765531539916992e-01 4.180626571178436279e-02 3.994327969849109650e-03 1.211825665086507797e-02
3.516126871109008789e-01 2.368707060813903809e-01 4.236693028360605240e-03 -2.793017327785491943e-01
3.563500940799713135e-01 4.168857634067535400e-02 -1.349341589957475662e-03 1.471441425383090973e-02
3.571838736534118652e-01 2.368298470973968506e-01 -1.055053202435374260e-03 -2.783939540386199951e-01
3.619204759597778320e-01 4.172296822071075439e-02 -6.622931919991970062e-03 1.395603734999895096e-02
3.627549409866333008e-01 -1.533033847808837891e-01 -6.343811284750699997e-03 3.045420050621032715e-01
3.596888780593872070e-01 4.190839827060699463e-02 -2.529710181988775730e-04 9.865169413387775421e-03
3.605270385742187500e-01 2.370339781045913696e-01 -5.566762774833478034e-05 -2.828975617885589600e-01
3.652677237987518311e-01 4.191282019019126892e-02 -5.713618826121091843e-03 9.767807088792324066e-03
3.661059737205505371e-01 -1.531267315149307251e-01 -5.518262740224599838e-03 3.006425499916076660e-01
3.630434274673461914e-01 4.207344353199005127e-02 4.945883993059396744e-04 6.224400363862514496e-03
3.638848960399627686e-01 2.371882945299148560e-01 6.190763670019805431e-04 -2.863024473190307617e-01
3.686286807060241699e-01 4.205752164125442505e-02 -5.106972530484199524e-03 6.575677543878555298e-03
3.694698214530944824e-01 -1.529908180236816406e-01 -4.975458607077598572e-03 2.976429164409637451e-01
3.664100170135498047e-01 4.220170527696609497e-02 9.773997589945793152e-04 3.394989995285868645e-03
3.672540485858917236e-01 2.373096197843551636e-01 1.045299577526748180e-03 -2.889793813228607178e-01
3.720002472400665283e-01 4.217278584837913513e-02 -4.734288435429334641e-03 4.033025354146957397e-03
3.728436827659606934e-01 -1.528809517621994019e-01 -4.653627984225749969e-03 2.952184677124023438e-01
3.697860836982727051e-01 4.230703413486480713e-02 1.250741654075682163e-03 1.071505597792565823e-03
3.706322014331817627e-01 2.374110221862792969e-01 1.272171735763549805e-03 -2.912165224552154541e-01
3.753804266452789307e-01 4.227095842361450195e-02 -4.552158992737531662e-03 1.867348328232765198e-03
3.762258589267730713e-01 -1.527854204177856445e-01 -4.514812026172876358e-03 2.931105494499206543e-01
3.731701374053955078e-01 4.240061715245246887e-02 1.347398967482149601e-03 -9.928665822371840477e-04
3.740181624889373779e-01 2.375032156705856323e-01 1.327541656792163849e-03 -2.932503819465637207e-01
3.787682056427001953e-01 4.236236214637756348e-02 -4.537465982139110565e-03 -1.490487775299698114e-04
3.796154558658599854e-01 -1.526942253112792969e-01 -4.540446680039167404e-03 2.910988032817840576e-01
3.765615820884704590e-01 4.249217733740806580e-02 1.281529315747320652e-03 -3.012659028172492981e-03
3.774114251136779785e-01 2.375957220792770386e-01 1.221276237629354000e-03 -2.952909767627716064e-01
3.821633458137512207e-01 4.245638474822044373e-02 -4.684543237090110779e-03 -2.223124261945486069e-03
3.830124735832214355e-01 -1.525980681180953979e-01 -4.729005973786115646e-03 2.889780998229980469e-01
3.799605071544647217e-01 4.259099438786506653e-02 1.050556194968521595e-03 -5.192549899220466614e-03
3.808123171329498291e-01 2.376978695392608643e-01 9.467052295804023743e-04 -2.975438237190246582e-01
3.855662941932678223e-01 4.256242886185646057e-02 -5.004171282052993774e-03 -4.562477581202983856e-03
3.864175379276275635e-01 -1.524873971939086914e-01 -5.095420870929956436e-03 2.865373790264129639e-01
3.833677768707275391e-01 4.270684719085693359e-02 6.353267235681414604e-04 -7.748235482722520828e-03
3.842219114303588867e-01 2.378196865320205688e-01 4.803620104212313890e-04 -3.002306520938873291e-01
3.889783024787902832e-01 4.269088804721832275e-02 -5.524250678718090057e-03 -7.396256551146507263e-03
3.898321390151977539e-01 -1.523514091968536377e-01 -5.672175902873277664e-03 2.835386097431182861e-01
3.867850899696350098e-01 4.285098984837532043e-02 -1.404056888532068115e-06 -1.092789415270090103e-02
3.876421153545379639e-01 2.379729598760604858e-01 -2.199619339080527425e-04 -3.036112487316131592e-01
3.924015760421752930e-01 4.285414516925811768e-02 -6.292187143117189407e-03 -1.099771540611982346e-02
3.932586610317230225e-01 -1.521770060062408447e-01 -6.512141320854425430e-03 2.796933352947235107e-01
3.902151286602020264e-01 4.303723201155662537e-02 -9.182749781757593155e-04 -1.503637898713350296e-02
3.910758793354034424e-01 -1.520715355873107910e-01 -1.219002529978752136e-03 2.773566842079162598e-01
3.880344331264495850e-01 4.306778311729431152e-02 4.328131210058927536e-03 -1.571047119796276093e-02
3.888957798480987549e-01 2.381273955106735229e-01 4.013921599835157394e-03 -3.070246875286102295e-01
3.936583399772644043e-01 4.294848069548606873e-02 -2.126571955159306526e-03 -1.307857781648635864e-02
3.945173025131225586e-01 -1.521429121494293213e-01 -2.388143679127097130e-03 2.789326310157775879e-01
3.914744555950164795e-01 4.301302880048751831e-02 3.190509043633937836e-03 -1.450255326926708221e-02
3.923347294330596924e-01 2.380890846252441406e-01 2.900457940995693207e-03 -3.061771392822265625e-01
3.970964848995208740e-01 4.292591661214828491e-02 -3.223084611818194389e-03 -1.258088555186986923e-02
3.979550004005432129e-01 -1.521496623754501343e-01 -3.474702360108494759e-03 2.790833711624145508e-01
3.949120342731475830e-01 4.302168637514114380e-02 2.106965286657214165e-03 -1.469343435019254684e-02
3.957724571228027344e-01 2.381133586168289185e-01 1.813096576370298862e-03 -3.067108392715454102e-01
4.005347192287445068e-01 4.296561703085899353e-02 -4.321120213717222214e-03 -1.345666497945785522e-02
4.013940393924713135e-01 -1.520940959453582764e-01 -4.590253811329603195e-03 2.778597772121429443e-01
3.983521461486816406e-01 4.309303686022758484e-02 9.669417631812393665e-04 -1.626737602055072784e-02
3.992139995098114014e-01 2.382011115550994873e-01 6.415942334569990635e-04 -3.086450695991516113e-01
4.039780497550964355e-01 4.307001829147338867e-02 -5.531306844204664230e-03 -1.575986668467521667e-02
4.048394262790679932e-01 -1.519721746444702148e-01 -5.846504587680101395e-03 2.751727402210235596e-01
4.018000066280364990e-01 4.323270544409751892e-02 -3.430494107306003571e-04 -1.934842392802238464e-02
4.026646316051483154e-01 -1.518843173980712891e-01 -7.300178986042737961e-04 2.732262611389160156e-01
3.996269702911376953e-01 4.324803501367568970e-02 4.734506830573081970e-03 -1.968684047460556030e-02
4.004919230937957764e-01 2.383017688989639282e-01 4.340770188719034195e-03 -3.108722269535064697e-01
4.052579700946807861e-01 4.311824589967727661e-02 -1.876674243248999119e-03 -1.682351157069206238e-02
4.061203300952911377e-01 -1.519767493009567261e-01 -2.213144442066550255e-03 2.752667069435119629e-01
4.030807912349700928e-01 4.317671433091163635e-02 3.292189678177237511e-03 -1.811342127621173859e-02
4.039443135261535645e-01 2.382512986660003662e-01 2.929921261966228485e-03 -3.097558021545410156e-01
4.087093472480773926e-01 4.308772459626197815e-02 -3.265194827690720558e-03 -1.615030877292156219e-02
4.095711112022399902e-01 -1.519872546195983887e-01 -3.588201012462377548e-03 2.755006253719329834e-01
4.065313637256622314e-01 4.318571463227272034e-02 1.921811490319669247e-03 -1.831186190247535706e-02
4.073950648307800293e-01 2.382800579071044922e-01 1.555574242956936359e-03 -3.103878200054168701e-01
4.121606647968292236e-01 4.313597083091735840e-02 -4.652182105928659439e-03 -1.721471175551414490e-02
4.130233824253082275e-01 -1.519189476966857910e-01 -4.996476229280233383e-03 2.739967703819274902e-01
4.099850058555603027e-01 4.327392950654029846e-02 4.834592691622674465e-04 -2.025785483419895172e-02
4.108504951000213623e-01 2.383889406919479370e-01 7.830215326976031065e-05 -3.127882182598114014e-01
4.156182706356048584e-01 4.326587915420532227e-02 -6.177462171763181686e-03 -2.008058503270149231e-02
4.164835810661315918e-01 -1.517669409513473511e-01 -6.579073611646890640e-03 2.706468999385833740e-01
4.134482443332672119e-01 4.344827309250831604e-02 -1.166135771200060844e-03 -2.410382032394409180e-02
4.143172204494476318e-01 -1.516569405794143677e-01 -1.648212200962007046e-03 2.682109475135803223e-01
4.112840890884399414e-01 4.348849877715110779e-02 3.716006875038146973e-03 -2.499138005077838898e-02
4.121538400650024414e-01 2.385569661855697632e-01 3.216179320588707924e-03 -3.164995610713958740e-01
4.169249832630157471e-01 4.338935017585754395e-02 -3.113811835646629333e-03 -2.280409075319766998e-02
4.177927672863006592e-01 -1.516878008842468262e-01 -3.569893538951873779e-03 2.688947618007659912e-01
4.147590100765228271e-01 4.348490759730339050e-02 1.808001776225864887e-03 -2.491198293864727020e-02
4.156287014484405518e-01 2.385808825492858887e-01 1.309762126766145229e-03 -3.170239031314849854e-01
4.204003214836120605e-01 4.344030097126960754e-02 -5.030716303735971451e-03 -2.392822504043579102e-02
4.212691485881805420e-01 -1.516091525554656982e-01 -5.509280599653720856e-03 2.671632170677185059e-01
4.182369410991668701e-01 4.359100013971328735e-02 -1.660163543419912457e-04 -2.725227363407611847e-02
4.191087782382965088e-01 2.387153357267379761e-01 -7.110618753358721733e-04 -3.199875652790069580e-01
4.238830804824829102e-01 4.360351338982582092e-02 -7.110813166946172714e-03 -2.752897702157497406e-02
4.247551560401916504e-01 -1.514157503843307495e-01 -7.661392912268638611e-03 2.629019618034362793e-01
4.217268228530883789e-01 4.381472244858741760e-02 -2.403353806585073471e-03 -3.218758106231689453e-02
4.226031303405761719e-01 -1.512726843357086182e-01 -3.047105390578508377e-03 2.597360908985137939e-01
4.195776879787445068e-01 4.389263689517974854e-02 2.147616585716605186e-03 -3.390637040138244629e-02
4.204555153846740723e-01 2.389837205410003662e-01 1.469489070586860180e-03 -3.259109258651733398e-01
4.252352118492126465e-01 4.384088143706321716e-02 -5.048729479312896729e-03 -3.276494890451431274e-02
4.261120259761810303e-01 -1.512083113193511963e-01 -5.704028531908988953e-03 2.583207786083221436e-01
4.230878651142120361e-01 4.399460926651954651e-02 -5.376128247007727623e-04 -3.615580499172210693e-02
4.239677488803863525e-01 -1.511196345090866089e-01 -1.260728924535214901e-03 2.563574612140655518e-01
4.209453463554382324e-01 4.402030259370803833e-02 3.866420127451419830e-03 -3.672286495566368103e-02
4.218257665634155273e-01 2.390865981578826904e-01 3.131962846964597702e-03 -3.281833827495574951e-01
4.266074895858764648e-01 4.392019659280776978e-02 -3.431705059483647346e-03 -3.451443463563919067e-02
4.274858832359313965e-01 -1.511523723602294922e-01 -4.121993668377399445e-03 2.570837736129760742e-01
4.244628548622131348e-01 4.402818158268928528e-02 1.019681803882122040e-03 -3.689642995595932007e-02
4.253434240818023682e-01 -1.511083841323852539e-01 2.817532513290643692e-04 2.561080455780029297e-01
4.223212301731109619e-01 4.400955140590667725e-02 5.403914023190736771e-03 -3.648600354790687561e-02
4.232014417648315430e-01 2.390535920858383179e-01 4.674193914979696274e-03 -3.274590373039245605e-01
4.279825091361999512e-01 4.386540874838829041e-02 -1.874987035989761353e-03 -3.330576792359352112e-02
4.288598299026489258e-01 -1.512296050786972046e-01 -2.541102468967437744e-03 2.587849795818328857e-01
4.258352220058441162e-01 4.392853006720542908e-02 2.634597476571798325e-03 -3.469834849238395691e-02
4.267137944698333740e-01 2.390125989913940430e-01 1.940630492754280567e-03 -3.265488743782043457e-01
4.314940571784973145e-01 4.386307671666145325e-02 -4.590346943587064743e-03 -3.325458616018295288e-02
4.323713183403015137e-01 -1.511927545070648193e-01 -5.255438387393951416e-03 2.579765021800994873e-01
4.293474555015563965e-01 4.400383681058883667e-02 -9.590839181328192353e-05 -3.635941445827484131e-02
4.302275180816650391e-01 -1.511167436838150024e-01 -8.230966632254421711e-04 2.562932372093200684e-01
4.272052049636840820e-01 4.401695355772972107e-02 4.302768502384424210e-03 -3.664918243885040283e-02
4.280855357646942139e-01 2.390769422054290771e-01 3.569784807041287422e-03 -3.279714286327362061e-01
4.328670799732208252e-01 4.390434920787811279e-02 -2.989644184708595276e-03 -3.416490554809570312e-02
4.337451457977294922e-01 -1.511746048927307129e-01 -3.672942286357283592e-03 2.575732469558715820e-01
4.307216703891754150e-01 4.399959370493888855e-02 1.478522899560630322e-03 -3.626590222120285034e-02
4.316016733646392822e-01 2.391003072261810303e-01 7.532048621214926243e-04 -3.284819722175598145e-01
4.363836646080017090e-01 4.396764561533927917e-02 -5.816434510052204132e-03 -3.556161373853683472e-02
4.372630119323730469e-01 -1.510704159736633301e-01 -6.527666933834552765e-03 2.552804946899414062e-01
4.342416226863861084e-01 4.414412379264831543e-02 -1.422056811861693859e-03 -3.945418819785118103e-02
4.351244866847991943e-01 -1.509574055671691895e-01 -2.211140468716621399e-03 2.527797222137451172e-01
4.321053326129913330e-01 4.419605061411857605e-02 2.844454022124409676e-03 -4.059981554746627808e-02
4.329892694950103760e-01 2.392770946025848389e-01 2.032457618042826653e-03 -3.323839306831359863e-01
4.377748072147369385e-01 4.412627592682838440e-02 -4.615220706909894943e-03 -3.906076401472091675e-02
4.386573433876037598e-01 -1.509291976690292358e-01 -5.396435968577861786e-03 2.521624565124511719e-01
4.356387555599212646e-01 4.426940158009529114e-02 -3.531871770974248648e-04 -4.221772029995918274e-02
4.365241229534149170e-01 -1.508474797010421753e-01 -1.197541598230600357e-03 2.503537535667419434e-01
4.335071742534637451e-01 4.429154843091964722e-02 3.809533547610044479e-03 -4.270666092634201050e-02
4.343930184841156006e-01 2.393586635589599609e-01 2.955400384962558746e-03 -3.341852128505706787e-01
4.391801953315734863e-01 4.419477656483650208e-02 -3.728304058313369751e-03 -4.057177156209945679e-02
4.400641024112701416e-01 -1.508735120296478271e-01 -4.539739340543746948e-03 2.509325146675109863e-01
4.370466172695159912e-01 4.431296885013580322e-02 4.789107479155063629e-04 -4.317887872457504272e-02
4.379328787326812744e-01 -1.508158445358276367e-01 -3.846668114420026541e-04 2.496551126241683960e-01
4.349165558815002441e-01 4.431159794330596924e-02 4.608435556292533875e-03 -4.314912110567092896e-02
4.358027875423431396e-01 2.393671572208404541e-01 3.745452966541051865e-03 -3.343744874000549316e-01
4.405901432037353516e-01 4.419210553169250488e-02 -2.942036837339401245e-03 -4.051279649138450623e-02
4.414739906787872314e-01 -1.508875340223312378e-01 -3.752292599529027939e-03 2.512404322624206543e-01
4.384562373161315918e-01 4.428779706358909607e-02 1.272516092285513878e-03 -4.262366890907287598e-02
4.393419921398162842e-01 2.393914759159088135e-01 4.200426919851452112e-04 -3.349048197269439697e-01
4.441298246383666992e-01 4.426355287432670593e-02 -6.278053857386112213e-03 -4.208947718143463135e-02
4.450150728225708008e-01 -1.507678180932998657e-01 -7.119843736290931702e-03 2.486060708761215210e-01
4.419997334480285645e-01 4.445508867502212524e-02 -2.147722057998180389e-03 -4.631407931447029114e-02
4.428888261318206787e-01 -1.506360024213790894e-01 -3.074003616347908974e-03 2.456904500722885132e-01
4.398761093616485596e-01 4.452972114086151123e-02 1.839805277995765209e-03 -4.796050488948822021e-02
4.407666921615600586e-01 -1.506185680627822876e-01 8.805952384136617184e-04 2.453023344278335571e-01
4.377543330192565918e-01 4.449079930782318115e-02 5.786641966551542282e-03 -4.710270464420318604e-02
4.386441409587860107e-01 2.395292967557907104e-01 4.844587761908769608e-03 -3.379542827606201172e-01
4.434347450733184814e-01 4.433874413371086121e-02 -1.914498163387179375e-03 -4.374759644269943237e-02
4.443215131759643555e-01 -1.507557034492492676e-01 -2.789450110867619514e-03 2.483306676149368286e-01
4.413063824176788330e-01 4.440597817301750183e-02 2.177163492888212204e-03 -4.523079842329025269e-02
4.421945214271545410e-01 2.394966483116149902e-01 1.272547524422407150e-03 -3.372260034084320068e-01
4.469844400882720947e-01 4.435660317540168762e-02 -5.471972748637199402e-03 -4.414206743240356445e-02
4.478715658187866211e-01 -1.506864577531814575e-01 -6.354814395308494568e-03 2.468093931674957275e-01
4.448578357696533203e-01 4.452567547559738159e-02 -1.418626401573419571e-03 -4.787119850516319275e-02
4.457483589649200439e-01 -1.505759060382843018e-01 -2.376050455495715141e-03 2.443637996912002563e-01
4.427368342876434326e-01 4.457990452647209167e-02 2.511225640773773193e-03 -4.906764253973960876e-02
4.436284303665161133e-01 2.396657615900039673e-01 1.529872766695916653e-03 -3.409571945667266846e-01
4.484217464923858643e-01 4.452207311987876892e-02 -5.289271008223295212e-03 -4.779223352670669556e-02
4.493122100830078125e-01 -1.505236327648162842e-01 -6.245115771889686584e-03 2.432172000408172607e-01
4.463017284870147705e-01 4.468695819377899170e-02 -1.380771864205598831e-03 -5.142903327941894531e-02
4.471954703330993652e-01 -1.504151672124862671e-01 -2.409352455288171768e-03 2.408179342746734619e-01
4.441871643066406250e-01 4.474111646413803101e-02 2.407005988061428070e-03 -5.262399837374687195e-02
4.450819790363311768e-01 -1.504152715206146240e-01 1.354526029899716377e-03 2.408173829317092896e-01
4.420736730098724365e-01 4.468731209635734558e-02 6.170873530209064484e-03 -5.143798142671585083e-02
4.429674148559570312e-01 2.397202402353286743e-01 5.142114125192165375e-03 -3.421675860881805420e-01
4.477618336677551270e-01 4.452550783753395081e-02 -1.701237400993704796e-03 -4.786757379770278931e-02
4.486523270606994629e-01 -1.505720019340515137e-01 -2.658588811755180359e-03 2.442781180143356323e-01
4.456408917903900146e-01 4.458781704306602478e-02 2.226973418146371841e-03 -4.924221336841583252e-02
4.465326666831970215e-01 2.396777570247650146e-01 1.242129015736281872e-03 -3.412216901779174805e-01
4.513262212276458740e-01 4.453816264867782593e-02 -5.582304671406745911e-03 -4.814731702208518982e-02
4.522169828414916992e-01 -1.505033075809478760e-01 -6.545250769704580307e-03 2.427691221237182617e-01
4.492069184780120850e-01 4.471152648329734802e-02 -1.689868280664086342e-03 -5.197113007307052612e-02
4.501011371612548828e-01 -1.503861546516418457e-01 -2.729290863499045372e-03 2.401781529188156128e-01
4.470934271812438965e-01 4.477468132972717285e-02 2.074272138997912407e-03 -5.336442217230796814e-02
4.479888975620269775e-01 -1.503769457340240479e-01 1.006983569823205471e-03 2.399722337722778320e-01
4.449813663959503174e-01 4.473059996962547302e-02 5.806428380310535431e-03 -5.239289253950119019e-02
4.458759725093841553e-01 2.397688180208206177e-01 4.758570343255996704e-03 -3.432382047176361084e-01
4.506713747978210449e-01 4.457949101924896240e-02 -2.106193685904145241e-03 -4.905851557850837708e-02
4.515629410743713379e-01 -1.505121886730194092e-01 -3.087363904342055321e-03 2.429591417312622070e-01
4.485526978969573975e-01 4.465371742844581604e-02 1.771818846464157104e-03 -5.069601535797119141e-02
4.494457840919494629e-01 2.397502213716506958e-01 7.578985532745718956e-04 -3.428193926811218262e-01
