1.760895922780036926e-02 -1.186826359480619431e-02 -1.692178472876548767e-02 4.021223261952400208e-02
1.737159304320812225e-02 -2.067435234785079956e-01 -1.611754111945629120e-02 3.275085091590881348e-01
1.323672290891408920e-02 -1.139586139470338821e-02 -9.567370638251304626e-03 2.978671900928020477e-02
1.300880592316389084e-02 -2.063793092966079712e-01 -8.971636183559894562e-03 3.194357454776763916e-01
8.881219662725925446e-03 -1.113074552267789841e-02 -2.582921180874109268e-03 2.393705770373344421e-02
8.658604696393013000e-03 -2.062155604362487793e-01 -2.104179933667182922e-03 3.158039152622222900e-01
4.534293431788682938e-03 -1.106369961053133011e-02 4.211898427456617355e-03 2.245815470814704895e-02
4.313019569963216782e-03 -2.062457948923110962e-01 4.661061801016330719e-03 3.164670169353485107e-01
1.881035423139110208e-04 -1.119054853916168213e-02 1.099040172994136810e-02 2.525765076279640198e-02
-3.570743501768447459e-05 1.837720870971679688e-01 1.149555481970310211e-02 -2.639375329017639160e-01
3.639734117314219475e-03 -1.151204947382211685e-02 6.216804496943950653e-03 3.234894201159477234e-02
3.409493248909711838e-03 -2.067226022481918335e-01 6.863783113658428192e-03 3.269868493080139160e-01
-7.249587797559797764e-04 -1.169903669506311417e-02 1.340351998805999756e-02 3.647632151842117310e-02
-9.589395485818386078e-04 1.832281649112701416e-01 1.413304638117551804e-02 -2.519477009773254395e-01
2.705623861402273178e-03 -1.209271699190139771e-02 9.094092063605785370e-03 4.515933617949485779e-02
2.463769400492310524e-03 1.828976571559906006e-01 9.997278451919555664e-03 -2.446404993534088135e-01
6.121722515672445297e-03 -1.236564852297306061e-02 5.104468669742345810e-03 5.117896944284439087e-02
5.874409805983304977e-03 1.826827377080917358e-01 6.128048058599233627e-03 -2.398891001939773560e-01
9.528064168989658356e-03 -1.252621412277221680e-02 1.330266357399523258e-03 5.472047626972198486e-02
9.277540259063243866e-03 -2.076672166585922241e-01 2.424675971269607544e-03 3.478228151798248291e-01
5.124195944517850876e-03 -1.257983408868312836e-02 9.381132200360298157e-03 5.590545758605003357e-02
4.872599150985479355e-03 1.824063658714294434e-01 1.049924083054065704e-02 -2.338029444217681885e-01
8.520726114511489868e-03 -1.286402065306901932e-02 5.823182407766580582e-03 6.217319518327713013e-02
8.263446390628814697e-03 1.821739524602890015e-01 7.066646125167608261e-03 -2.286668121814727783e-01
1.190692465752363205e-02 -1.304826233536005020e-02 2.493310021236538887e-03 6.623679399490356445e-02
1.164595969021320343e-02 1.820378601551055908e-01 3.818045835942029953e-03 -2.256584465503692627e-01
1.528671663254499435e-02 -1.313845627009868622e-02 -6.951228715479373932e-04 6.822638958692550659e-02
1.502394769340753555e-02 -2.082504332065582275e-01 6.694049807265400887e-04 3.606899082660675049e-01
1.085893902927637100e-02 -1.313800550997257233e-02 7.883203215897083282e-03 6.821814924478530884e-02
1.059617940336465836e-02 1.818700432777404785e-01 9.247566573321819305e-03 -2.219671905040740967e-01
1.423357985913753510e-02 -1.338285766541957855e-02 4.808222409337759018e-03 7.361837476491928101e-02
1.396592240780591965e-02 1.816698312759399414e-01 6.280589848756790161e-03 -2.175436615943908691e-01
1.759932003915309906e-02 -1.354133524000644684e-02 1.929716672748327255e-03 7.711379230022430420e-02
1.732849329710006714e-02 1.815529018640518188e-01 3.471992677077651024e-03 -2.149596810340881348e-01
2.095955051481723785e-02 -1.361851673573255539e-02 -8.272009436041116714e-04 7.881644368171691895e-02
2.068717963993549347e-02 -2.087285965681076050e-01 7.491279975511133671e-04 3.712382614612579346e-01
1.651260815560817719e-02 -1.361729949712753296e-02 8.173893205821514130e-03 7.879164814949035645e-02
1.624026149511337280e-02 1.813865303993225098e-01 9.749726392328739166e-03 -2.113012224435806274e-01
1.986799202859401703e-02 -1.387345697730779648e-02 5.523702129721641541e-03 8.444120734930038452e-02
1.959052309393882751e-02 1.811688840389251709e-01 7.212526164948940277e-03 -2.064938694238662720e-01
2.321390062570571899e-02 -1.405546255409717560e-02 3.082648618146777153e-03 8.845548331737518311e-02
2.293279208242893219e-02 1.810221672058105469e-01 4.851758480072021484e-03 -2.032532691955566406e-01
2.655323594808578491e-02 -1.416883245110511780e-02 7.866930100135505199e-04 9.095619618892669678e-02
2.626985870301723480e-02 -2.093020528554916382e-01 2.605816815048456192e-03 3.838872313499450684e-01
2.208381704986095428e-02 -1.421719230711460114e-02 1.028356142342090607e-02 9.202703833580017090e-02
2.179947309195995331e-02 1.807558685541152954e-01 1.212410163134336472e-02 -1.973937749862670898e-01
2.541459165513515472e-02 -1.453738659620285034e-02 8.176226168870925903e-03 9.908897429704666138e-02
2.512384392321109772e-02 1.804664283990859985e-01 1.015800610184669495e-02 -1.910032033920288086e-01
2.873317152261734009e-02 -1.479935087263584137e-02 6.337942089885473251e-03 1.048667728900909424e-01
2.843718603253364563e-02 1.802311986684799194e-01 8.435277268290519714e-03 -1.858098357915878296e-01
3.204181045293807983e-02 -1.501041650772094727e-02 4.719080869108438492e-03 1.095221117138862610e-01
3.174160048365592957e-02 1.800435930490493774e-01 6.909522693604230881e-03 -1.816682368516921997e-01
3.534247353672981262e-02 -1.517654210329055786e-02 3.276157891377806664e-03 1.131863519549369812e-01
3.503894060850143433e-02 1.798983067274093628e-01 5.539885256439447403e-03 -1.784611642360687256e-01
3.863690793514251709e-02 -1.530247647315263748e-02 1.970661804080009460e-03 1.159642413258552551e-01
3.833086043596267700e-02 1.797911822795867920e-01 4.289946518838405609e-03 -1.760963052511215210e-01
4.192668199539184570e-02 -1.539189927279949188e-02 7.680204580537974834e-04 1.179368644952774048e-01
4.161884263157844543e-02 1.797190457582473755e-01 3.126757685095071793e-03 -1.745036542415618896e-01
4.521322622895240784e-02 -1.544752065092325211e-02 -3.633154847193509340e-04 1.191640123724937439e-01
4.490427300333976746e-02 -2.105642706155776978e-01 2.019964857026934624e-03 4.117322862148284912e-01
4.069298878312110901e-02 -1.547100674360990524e-02 1.025461032986640930e-02 1.196868792176246643e-01
4.038356989622116089e-02 1.795025318861007690e-01 1.264834869652986526e-02 -1.697432547807693481e-01
4.397362098097801208e-02 -1.579815521836280823e-02 9.253483265638351440e-03 1.269028633832931519e-01
4.365765675902366638e-02 1.791900247335433960e-01 1.179154030978679657e-02 -1.628464013338088989e-01
4.724145680665969849e-02 -1.609873212873935699e-02 8.534612134099006653e-03 1.335330009460449219e-01
4.691948369145393372e-02 1.788999289274215698e-01 1.120527274906635284e-02 -1.564452052116394043e-01
5.049747973680496216e-02 -1.638064160943031311e-02 8.076368831098079681e-03 1.397515535354614258e-01
5.016987025737762451e-02 1.786247044801712036e-01 1.087139919400215149e-02 -1.503725051879882812e-01
5.374236404895782471e-02 -1.665121130645275116e-02 7.863949052989482880e-03 1.457201987504959106e-01
5.340933799743652344e-02 1.783572435379028320e-01 1.077835354954004288e-02 -1.444714665412902832e-01
5.697648227214813232e-02 -1.691739261150360107e-02 7.888924330472946167e-03 1.515922546386718750e-01
5.663813650608062744e-02 1.780907213687896729e-01 1.092076860368251801e-02 -1.385914832353591919e-01
6.019994989037513733e-02 -1.718593575060367584e-02 8.148939348757266998e-03 1.575166583061218262e-01
5.985623225569725037e-02 1.778184026479721069e-01 1.129927206784486771e-02 -1.325843781232833862e-01
6.341259926557540894e-02 -1.746356487274169922e-02 8.647585287690162659e-03 1.636417955160140991e-01
6.306333094835281372e-02 1.775335371494293213e-01 1.192042138427495956e-02 -1.263005584478378296e-01
6.661400198936462402e-02 -1.775714382529258728e-02 9.394410066306591034e-03 1.701191663742065430e-01
6.625885516405105591e-02 1.772290915250778198e-01 1.279679313302040100e-02 -1.195853650569915771e-01
6.980343908071517944e-02 -1.807384379208087921e-02 1.040508598089218140e-02 1.771072149276733398e-01
6.944195926189422607e-02 1.768976598978042603e-01 1.394722983241081238e-02 -1.122751906514167786e-01
7.297991216182708740e-02 -1.842132955789566040e-02 1.170172635465860367e-02 1.847751736640930176e-01
7.261148840188980103e-02 1.765312552452087402e-01 1.539723016321659088e-02 -1.041934564709663391e-01
7.614210993051528931e-02 -1.880793087184429169e-02 1.331336051225662231e-02 1.933071911334991455e-01
7.576595246791839600e-02 1.761210709810256958e-01 1.717950403690338135e-02 -9.514638036489486694e-02
7.928837835788726807e-02 -1.924284547567367554e-02 1.527657639235258102e-02 2.029067724943161011e-01
7.890351861715316772e-02 1.756573319435119629e-01 1.933471299707889557e-02 -8.491825312376022339e-02
8.241666853427886963e-02 -1.973635144531726837e-02 1.763634756207466125e-02 2.138015478849411011e-01
8.202193677425384521e-02 1.751290708780288696e-01 2.191237732768058777e-02 -7.326631247997283936e-02
8.552452176809310913e-02 -2.030005492269992828e-02 2.044705115258693695e-02 2.262487262487411499e-01
8.511851727962493896e-02 1.745238006114959717e-01 2.497202716767787933e-02 -5.991495028138160706e-02
8.860899507999420166e-02 3.692789673805236816e-01 2.377372793853282928e-02 -3.446156084537506104e-01
9.599457681179046631e-02 1.738270372152328491e-01 1.688141562044620514e-02 -4.453172907233238220e-02
9.947111457586288452e-02 3.687028884887695312e-01 1.599078066647052765e-02 -3.318409621715545654e-01
1.068451702594757080e-01 1.733570247888565063e-01 9.353961795568466187e-03 -3.415853902697563171e-02
1.103123128414154053e-01 -2.189780957996845245e-02 8.670791052281856537e-03 2.614609301090240479e-01
1.098743528127670288e-01 1.730992943048477173e-01 1.390000898391008377e-02 -2.847456932067871094e-02
1.133363395929336548e-01 3.680191934108734131e-01 1.333051826804876328e-02 -3.167396783828735352e-01
1.206967234611511230e-01 1.727099269628524780e-01 6.995724048465490341e-03 -1.988276094198226929e-02
1.241509243845939636e-01 3.677308559417724609e-01 6.598068866878747940e-03 -3.103502690792083740e-01
1.315055489540100098e-01 1.725155264139175415e-01 3.910635714419186115e-04 -1.559382770210504532e-02
1.349558532238006592e-01 -2.261203713715076447e-02 7.918701885500922799e-05 2.772124707698822021e-01
1.345036178827285767e-01 1.725087910890579224e-01 5.623436067253351212e-03 -1.544549129903316498e-02
1.379537880420684814e-01 3.675496280193328857e-01 5.314526148140430450e-03 -3.063488602638244629e-01
1.453047841787338257e-01 1.723523586988449097e-01 -8.124509477056562901e-04 -1.199462078511714935e-02
1.487518250942230225e-01 3.674859404563903809e-01 -1.052343402989208698e-03 -3.049337863922119141e-01
1.561015397310256958e-01 1.723790168762207031e-01 -7.151018828153610229e-03 -1.258291769772768021e-02
1.595491319894790649e-01 -2.263965457677841187e-02 -7.402677088975906372e-03 2.778352200984954834e-01
1.590963304042816162e-01 1.725871115922927856e-01 -1.845972728915512562e-03 -1.717327535152435303e-02
1.625480800867080688e-01 3.677355051040649414e-01 -2.189438324421644211e-03 -3.104380667209625244e-01
1.699027866125106812e-01 1.726448088884353638e-01 -8.398199453949928284e-03 -1.844641938805580139e-02
1.733556836843490601e-01 -2.235570549964904785e-02 -8.767127990722656250e-03 2.715750038623809814e-01
1.729085743427276611e-01 1.728902459144592285e-01 -3.335627960041165352e-03 -2.386018075048923492e-02
1.763663738965988159e-01 -2.218371257185935974e-02 -3.812831593677401543e-03 2.677684426307678223e-01
1.759226918220520020e-01 1.729924380779266357e-01 1.542537589557468891e-03 -2.611462399363517761e-02
1.793825477361679077e-01 3.680922389030456543e-01 1.020245137624442577e-03 -3.183104693889617920e-01
1.867443919181823730e-01 1.729557663202285767e-01 -5.345964338630437851e-03 -2.530596405267715454e-02
1.902035027742385864e-01 -2.208910509943962097e-02 -5.852083209902048111e-03 2.656854689121246338e-01
1.897617280483245850e-01 1.731158792972564697e-01 -5.383740644901990891e-04 -2.883749641478061676e-02
1.932240426540374756e-01 3.682455420494079590e-01 -1.115123974159359932e-03 -3.216902315616607666e-01
2.005889564752578735e-01 1.731394976377487183e-01 -7.548928726464509964e-03 -2.935918606817722321e-02
2.040517479181289673e-01 -2.187339216470718384e-02 -8.136112242937088013e-03 2.609324455261230469e-01
2.036142796277999878e-01 1.733637452125549316e-01 -2.917463658377528191e-03 -3.430556878447532654e-02
2.070815563201904297e-01 3.685274124145507812e-01 -3.603575052693486214e-03 -3.279075622558593750e-01
2.144521027803421021e-01 1.734569519758224487e-01 -1.016172580420970917e-02 -3.636321052908897400e-02
2.179212421178817749e-01 -2.151781320571899414e-02 -1.088899001479148865e-02 2.530963420867919922e-01
2.174908816814422607e-01 1.737579107284545898e-01 -5.827063228935003281e-03 -4.300118237733840942e-02
2.209660410881042480e-01 -2.127999439835548401e-02 -6.687087006866931915e-03 2.478375732898712158e-01
2.205404341220855713e-01 1.739368140697479248e-01 -1.730335759930312634e-03 -4.694708809256553650e-02
2.240191698074340820e-01 3.690835237503051758e-01 -2.669277600944042206e-03 -3.401754498481750488e-01
2.314008474349975586e-01 1.739996671676635742e-01 -9.472786448895931244e-03 -4.833545535802841187e-02
2.348808348178863525e-01 -2.098518051207065582e-02 -1.043949555605649948e-02 2.413437366485595703e-01
2.344611436128616333e-01 1.742843240499496460e-01 -5.612621083855628967e-03 -5.461372062563896179e-02
2.379468232393264771e-01 -2.075669914484024048e-02 -6.704895291477441788e-03 2.362931072711944580e-01
2.375316917896270752e-01 1.744603961706161499e-01 -1.979032997041940689e-03 -5.849718302488327026e-02
2.410209029912948608e-01 -2.063312008976936340e-02 -3.148976713418960571e-03 2.335606962442398071e-01
2.406082302331924438e-01 1.745336800813674927e-01 1.522237085737287998e-03 -6.011386215686798096e-02
2.440989017486572266e-01 3.696337640285491943e-01 3.199598577339202166e-04 -3.523161113262176514e-01
2.514915764331817627e-01 1.745072752237319946e-01 -6.726362742483615875e-03 -5.953231826424598694e-02
2.549817264080047607e-01 -2.051758952438831329e-02 -7.917009294033050537e-03 2.310208231210708618e-01
2.545713782310485840e-01 1.747165918350219727e-01 -3.296592505648732185e-03 -6.414884328842163086e-02
2.580657005310058594e-01 -2.035794220864772797e-02 -4.579569213092327118e-03 2.274921685457229614e-01
2.576585412025451660e-01 1.748291552066802979e-01 -2.972600486828014255e-05 -6.663179397583007812e-02
2.611551284790039062e-01 3.699515461921691895e-01 -1.362361945211887360e-03 -3.593240976333618164e-01
2.685541510581970215e-01 1.748489737510681152e-01 -8.548843674361705780e-03 -6.707107275724411011e-02
2.720511555671691895e-01 -2.014937438070774078e-02 -9.890265762805938721e-03 2.229024320840835571e-01
2.716481685638427734e-01 1.751125305891036987e-01 -5.432216916233301163e-03 -7.288379222154617310e-02
2.751504182815551758e-01 -1.993112266063690186e-02 -6.889892742037773132e-03 2.180803120136260986e-01
2.747517824172973633e-01 1.752886325120925903e-01 -2.528286306187510490e-03 -7.676799595355987549e-02
2.782575488090515137e-01 -1.979697681963443756e-02 -4.063646309077739716e-03 2.151161730289459229e-01
2.778616249561309814e-01 1.753828376531600952e-01 2.386773994658142328e-04 -7.884582877159118652e-02
2.813692688941955566e-01 3.705013692378997803e-01 -1.338239177130162716e-03 -3.714534342288970947e-01
2.887792885303497314e-01 1.753984540700912476e-01 -8.767307735979557037e-03 -7.919277250766754150e-02
2.922872602939605713e-01 -1.959672942757606506e-02 -1.035116333514451981e-02 2.107111960649490356e-01
2.918953299522399902e-01 1.756716817617416382e-01 -6.136939395219087601e-03 -8.521892130374908447e-02
2.954087853431701660e-01 -1.936176419258117676e-02 -7.841317914426326752e-03 2.055214941501617432e-01
2.950215339660644531e-01 1.758714318275451660e-01 -3.730888012796640396e-03 -8.962462842464447021e-02
2.985389530658721924e-01 -1.919683814048767090e-02 -5.523380823433399200e-03 2.018788754940032959e-01
2.981550395488739014e-01 1.760036647319793701e-01 -1.485803280957043171e-03 -9.254129230976104736e-02
3.016751110553741455e-01 -1.909695379436016083e-02 -3.336629131808876991e-03 1.996724903583526611e-01
3.012931644916534424e-01 1.760725528001785278e-01 6.568207754753530025e-04 -9.406111389398574829e-02
3.048146069049835205e-01 3.711850941181182861e-01 -1.224401523359119892e-03 -3.865367472171783447e-01
3.122383058071136475e-01 1.760805398225784302e-01 -8.955135941505432129e-03 -9.424011409282684326e-02
3.157599270343780518e-01 -1.891192048788070679e-02 -1.083993818610906601e-02 1.956040710210800171e-01
3.153816759586334229e-01 1.763633936643600464e-01 -6.927857175469398499e-03 -1.004785671830177307e-01
3.189089596271514893e-01 -1.865858584642410278e-02 -8.937428705394268036e-03 1.900106072425842285e-01
3.185357749462127686e-01 1.765900850296020508e-01 -5.137216299772262573e-03 -1.054782569408416748e-01
3.220675885677337646e-01 -1.845787838101387024e-02 -7.246781140565872192e-03 1.855794787406921387e-01
3.216984272003173828e-01 1.767670065164566040e-01 -3.535191528499126434e-03 -1.093806847929954529e-01
3.252337574958801270e-01 -1.830410957336425781e-02 -5.722805391997098923e-03 1.821848154067993164e-01
3.248676955699920654e-01 1.768992543220520020e-01 -2.079108962789177895e-03 -1.122979447245597839e-01
3.284056782722473145e-01 -1.819283701479434967e-02 -4.325068090111017227e-03 1.797283142805099487e-01
3.280418217182159424e-01 1.769907325506210327e-01 -7.305016624741256237e-04 -1.143158748745918274e-01
3.315816223621368408e-01 -1.812073960900306702e-02 -3.016819246113300323e-03 1.781364977359771729e-01
3.312192261219024658e-01 1.770442575216293335e-01 5.459106760099530220e-04 -1.154966056346893311e-01
3.347600996494293213e-01 -1.808551512658596039e-02 -1.764021464623510838e-03 1.773584932088851929e-01
3.343983888626098633e-01 1.770616322755813599e-01 1.783148501999676228e-03 -1.158803924918174744e-01
3.379396200180053711e-01 3.721579909324645996e-01 -5.344594246707856655e-04 -4.080002307891845703e-01
3.453827798366546631e-01 1.770436167716979980e-01 -8.694463409483432770e-03 -1.154858395457267761e-01
3.489236533641815186e-01 -1.795267686247825623e-02 -1.100418064743280411e-02 1.744414120912551880e-01
3.485645949840545654e-01 1.773250252008438110e-01 -7.515352219343185425e-03 -1.216925606131553650e-01
3.521111011505126953e-01 -1.768845692276954651e-02 -9.949203580617904663e-03 1.686099022626876831e-01
3.517573177814483643e-01 1.775744855403900146e-01 -6.577005144208669662e-03 -1.271950304508209229e-01
3.553088307380676270e-01 -1.745263487100601196e-02 -9.120905771851539612e-03 1.634057015180587769e-01
3.549597561359405518e-01 1.777986884117126465e-01 -5.852791946381330490e-03 -1.321406215429306030e-01
3.585157394409179688e-01 -1.723893545567989349e-02 -8.495603688061237335e-03 1.586900949478149414e-01
3.581709563732147217e-01 1.780036091804504395e-01 -5.321802105754613876e-03 -1.366608291864395142e-01
3.617310225963592529e-01 -1.704171486198902130e-02 -8.055018261075019836e-03 1.543384194374084473e-01
3.613902032375335693e-01 1.781946420669555664e-01 -4.968250170350074768e-03 -1.408747583627700806e-01
3.649540841579437256e-01 -1.685580611228942871e-02 -7.785745430737733841e-03 1.502366364002227783e-01
3.646169900894165039e-01 1.783767640590667725e-01 -4.781012888997793198e-03 -1.448923349380493164e-01
3.681845068931579590e-01 -1.667639426887035370e-02 -7.678859401494264603e-03 1.462784558534622192e-01
3.678509891033172607e-01 1.785546690225601196e-01 -4.753290675580501556e-03 -1.488170921802520752e-01
3.714220821857452393e-01 -1.649888791143894196e-02 -7.729632314294576645e-03 1.423624902963638306e-01
3.710921108722686768e-01 1.787329018115997314e-01 -4.882382228970527649e-03 -1.527489423751831055e-01
3.746667504310607910e-01 -1.631879620254039764e-02 -7.937361486256122589e-03 1.383897066116333008e-01
3.743403851985931396e-01 1.789159327745437622e-01 -5.169567186385393143e-03 -1.567867249250411987e-01
3.779186904430389404e-01 -1.613162085413932800e-02 -8.305300958454608917e-03 1.342608630657196045e-01
3.775960803031921387e-01 1.791083067655563354e-01 -5.620084237307310104e-03 -1.610306650400161743e-01
3.811782300472259521e-01 -1.593273878097534180e-02 -8.840697817504405975e-03 1.298739910125732422e-01
3.808595836162567139e-01 1.793147325515747070e-01 -6.243217736482620239e-03 -1.655849069356918335e-01
3.844458758831024170e-01 -1.571729592978954315e-02 -9.554916061460971832e-03 1.251219511032104492e-01
3.841315209865570068e-01 1.795402318239212036e-01 -7.052476983517408371e-03 -1.705600768327713013e-01
3.877223432064056396e-01 -1.548007410019636154e-02 -1.046367827802896500e-02 1.198896914720535278e-01
3.874127268791198730e-01 1.797902137041091919e-01 -8.065884001553058624e-03 -1.760759800672531128e-01
3.910085260868072510e-01 -1.521537546068429947e-02 -1.158740371465682983e-02 1.140515580773353577e-01
3.907042145729064941e-01 1.800706684589385986e-01 -9.306373074650764465e-03 -1.822644770145416260e-01
3.943056464195251465e-01 -1.491688285022974014e-02 -1.295166276395320892e-02 1.074681580066680908e-01
3.940072953701019287e-01 1.803882569074630737e-01 -1.080229878425598145e-02 -1.892726570367813110e-01
3.976150751113891602e-01 -1.457750424742698669e-02 -1.458775252103805542e-02 9.998310357332229614e-02
3.973235189914703369e-01 1.807504445314407349e-01 -1.258809026330709457e-02 -1.972662955522537231e-01
4.009385406970977783e-01 -1.418921351432800293e-02 -1.653341576457023621e-02 9.141922742128372192e-02
4.006547331809997559e-01 -2.090703248977661133e-01 -1.470503117889165878e-02 3.788403570652008057e-01
3.964733481407165527e-01 -1.374266855418682098e-02 -7.128224242478609085e-03 8.155740797519683838e-02
3.961984813213348389e-01 1.814807355403900146e-01 -5.497076082974672318e-03 -2.133659422397613525e-01
3.998281061649322510e-01 -1.356219314038753510e-02 -9.764394722878932953e-03 7.757790386676788330e-02
3.995568454265594482e-01 1.816983669996261597e-01 -8.212837390601634979e-03 -2.181696593761444092e-01
4.031908214092254639e-01 -1.330522634088993073e-02 -1.257622987031936646e-02 7.191131263971328735e-02
4.029247164726257324e-01 -2.082446366548538208e-01 -1.113800425082445145e-02 3.605999946594238281e-01
3.987598121166229248e-01 -1.296615414321422577e-02 -3.926003817468881607e-03 6.442593038082122803e-02
3.985005021095275879e-01 1.822118610143661499e-01 -2.637485275045037270e-03 -2.294930815696716309e-01
4.021447300910949707e-01 -1.287229731678962708e-02 -7.227346766740083694e-03 6.235672533512115479e-02
4.018872976303100586e-01 1.823525279760360718e-01 -5.980212241411209106e-03 -2.325976788997650146e-01
4.055343568325042725e-01 -1.268346607685089111e-02 -1.063216570764780045e-02 5.819290131330490112e-02
4.052806794643402100e-01 -2.076513767242431641e-01 -9.468307718634605408e-03 3.475024402141571045e-01
4.011276364326477051e-01 -1.239603385329246521e-02 -2.518259454518556595e-03 5.184891447424888611e-02
4.008797407150268555e-01 1.827619373798370361e-01 -1.481281127780675888e-03 -2.416274845600128174e-01
4.045349657535552979e-01 -1.233882550150156021e-02 -6.313830614089965820e-03 5.058784410357475281e-02
4.042882025241851807e-01 -2.073696702718734741e-01 -5.302073899656534195e-03 3.412720263004302979e-01
4.001407921314239502e-01 -1.217269059270620346e-02 1.523366780020296574e-03 4.692186787724494934e-02
3.998973369598388672e-01 1.829273849725723267e-01 2.461804077029228210e-03 -2.452800273895263672e-01
4.035558998584747314e-01 -1.222964283078908920e-02 -2.443796489387750626e-03 4.817838966846466064e-02
4.033112823963165283e-01 1.829272657632827759e-01 -1.480228733271360397e-03 -2.452745735645294189e-01
4.069698452949523926e-01 -1.217351295053958893e-02 -6.385720334947109222e-03 4.694108664989471436e-02
4.067263603210449219e-01 -2.072033137083053589e-01 -5.446898285299539566e-03 3.376024365425109863e-01
4.025823175907135010e-01 -1.200428139418363571e-02 1.305150333791971207e-03 4.320684820413589478e-02
4.023422300815582275e-01 1.830989271402359009e-01 2.169287297874689102e-03 -2.490640133619308472e-01
4.060041904449462891e-01 -1.205393299460411072e-02 -2.811992773786187172e-03 4.430237039923667908e-02
4.057631194591522217e-01 1.831082254648208618e-01 -1.925945514813065529e-03 -2.492664456367492676e-01
4.094252884387969971e-01 -1.198616623878479004e-02 -6.911274045705795288e-03 4.280838370323181152e-02
4.091855585575103760e-01 -2.070083320140838623e-01 -6.055106408894062042e-03 3.333027362823486328e-01
4.050453901290893555e-01 -1.180072594434022903e-02 6.109483656473457813e-04 3.871651366353034973e-02
4.048093855381011963e-01 1.833124607801437378e-01 1.385278650559484959e-03 -2.537735998630523682e-01
4.084756374359130859e-01 -1.182924490422010422e-02 -3.690193174406886101e-03 3.934595733880996704e-02
4.082390367984771729e-01 -2.068980783224105835e-01 -2.903274027630686760e-03 3.308623135089874268e-01
4.041010737419128418e-01 -1.173492707312107086e-02 3.713972168043255806e-03 3.726524487137794495e-02
4.038663804531097412e-01 1.833335757255554199e-01 4.459276795387268066e-03 -2.542435824871063232e-01
4.075330495834350586e-01 -1.185176894068717957e-02 -6.255945190787315369e-04 3.984254226088523865e-02
4.072960317134857178e-01 1.832791417837142944e-01 1.712563680484890938e-04 -2.530376911163330078e-01
4.109615981578826904e-01 -1.184524782001972198e-02 -4.889497533440589905e-03 3.969924151897430420e-02
4.107246994972229004e-01 -2.068967372179031372e-01 -4.095512907952070236e-03 3.308354914188385010e-01
4.065867662429809570e-01 -1.171673461794853210e-02 2.521196845918893814e-03 3.686384484171867371e-02
4.063524305820465088e-01 1.833689659833908081e-01 3.258473705500364304e-03 -2.550225555896759033e-01
4.100198149681091309e-01 -1.179935224354267120e-02 -1.841977355070412159e-03 3.868636861443519592e-02
4.097838103771209717e-01 1.833489686250686646e-01 -1.068250043317675591e-03 -2.545771598815917969e-01
4.134508073329925537e-01 -1.175771746784448624e-02 -6.159793119877576828e-03 3.776863962411880493e-02
4.132156372070312500e-01 -2.067908048629760742e-01 -5.404420197010040283e-03 3.285017311573028564e-01
4.090798199176788330e-01 -1.159232668578624725e-02 1.165614463388919830e-03 3.411941975355148315e-02
4.088479876518249512e-01 1.835128962993621826e-01 1.848002779297530651e-03 -2.581955194473266602e-01
4.125182330608367920e-01 -1.163539569824934006e-02 -3.315907437354326248e-03 3.506972268223762512e-02
4.122855365276336670e-01 -2.067096382379531860e-01 -2.614513039588928223e-03 3.267045915126800537e-01
4.081513285636901855e-01 -1.155056245625019073e-02 3.919579088687896729e-03 3.319832310080528259e-02
4.079203307628631592e-01 1.835149675607681274e-01 4.583545494824647903e-03 -2.582453489303588867e-01
4.115906357765197754e-01 -1.167212519794702530e-02 -5.813616444356739521e-04 3.587974980473518372e-02
4.113571941852569580e-01 1.834581643342971802e-01 1.362333568977192044e-04 -2.569865584373474121e-01
4.150263369083404541e-01 -1.166573725640773773e-02 -5.003497470170259476e-03 3.573935106396675110e-02
4.147930443286895752e-01 -2.067155838012695312e-01 -4.288710653781890869e-03 3.268394172191619873e-01
4.106587171554565430e-01 -1.153283473104238510e-02 2.248078119009733200e-03 3.280712664127349854e-02
4.104280769824981689e-01 1.835568100214004517e-01 2.904220484197139740e-03 -2.591656744480133057e-01
4.140992164611816406e-01 -1.160648465156555176e-02 -2.279092557728290558e-03 3.443187847733497620e-02
4.138670861721038818e-01 1.835480779409408569e-01 -1.590455067344009876e-03 -2.589692473411560059e-01
4.175380468368530273e-01 -1.155113428831100464e-02 -6.769840139895677567e-03 3.321160003542900085e-02
4.173070192337036133e-01 -2.065753489732742310e-01 -6.105608306825160980e-03 3.237509131431579590e-01
4.131754934787750244e-01 -1.136699691414833069e-02 3.694099141284823418e-04 2.914879098534584045e-02
4.129481613636016846e-01 1.837496608495712280e-01 9.523857152089476585e-04 -2.634175717830657959e-01
4.166231453418731689e-01 -1.138587761670351028e-02 -4.315965343266725540e-03 2.956560626626014709e-02
4.163954257965087891e-01 -2.064456641674041748e-01 -3.724653273820877075e-03 3.208836913108825684e-01
4.122665226459503174e-01 -1.127087511122226715e-02 2.693020273000001907e-03 2.702847309410572052e-02
4.120410978794097900e-01 1.838123500347137451e-01 3.233589697629213333e-03 -2.648035585880279541e-01
4.157173633575439453e-01 -1.135560125112533569e-02 -2.062481595203280449e-03 2.889751456677913666e-02
4.154902398586273193e-01 -2.064479142427444458e-01 -1.484531210735440254e-03 3.209289908409118652e-01
4.113612771034240723e-01 -1.130485348403453827e-02 4.934048745781183243e-03 2.777827158570289612e-02
4.111351966857910156e-01 1.837459951639175415e-01 5.489614326506853104e-03 -2.633438408374786377e-01
4.148101210594177246e-01 -1.145388372242450714e-02 2.227374352514743805e-04 3.106550872325897217e-02
4.145810306072235107e-01 1.836648732423782349e-01 8.440476376563310623e-04 -2.615471482276916504e-01
4.182543158531188965e-01 -1.146911643445491791e-02 -4.386894870549440384e-03 3.140189498662948608e-02
4.180249571800231934e-01 -2.065278887748718262e-01 -3.758857026696205139e-03 3.226974904537200928e-01
4.138943850994110107e-01 -1.135260984301567078e-02 2.695092698559165001e-03 2.883154340088367462e-02
4.136673212051391602e-01 1.837305873632431030e-01 3.271723631769418716e-03 -2.629998326301574707e-01
4.173419475555419922e-01 -1.143790967762470245e-02 -1.988273113965988159e-03 3.071323037147521973e-02
4.171131849288940430e-01 -2.065312862396240234e-01 -1.374008599668741226e-03 3.227681815624237061e-01
4.129825532436370850e-01 -1.138980127871036530e-02 5.081355106085538864e-03 2.965225651860237122e-02
4.127547740936279297e-01 1.836589127779006958e-01 5.674399901181459427e-03 -2.614231109619140625e-01
4.164279401302337646e-01 -1.154357753694057465e-02 4.459375340957194567e-04 3.304415941238403320e-02
4.161970615386962891e-01 1.835719794034957886e-01 1.106820767745375633e-03 -2.594980299472808838e-01
4.198684990406036377e-01 -1.156575884670019150e-02 -4.083139821887016296e-03 3.353379294276237488e-02
4.196372032165527344e-01 -2.066289186477661133e-01 -3.412464167922735214e-03 3.249256610870361328e-01
4.155046343803405762e-01 -1.145854592323303223e-02 3.086049109697341919e-03 3.116853721439838409e-02
4.152754545211791992e-01 1.836190074682235718e-01 3.709419863298535347e-03 -2.605391144752502441e-01
4.189478158950805664e-01 -1.155569311231374741e-02 -1.501362537965178490e-03 3.331150114536285400e-02
4.187167286872863770e-01 1.835877597332000732e-01 -8.351324941031634808e-04 -2.598447501659393311e-01
4.223884642124176025e-01 -1.152226328849792480e-02 -6.032027304172515869e-03 3.257465362548828125e-02
4.221580326557159424e-01 -2.065571993589401245e-01 -5.380534101277589798e-03 3.233483135700225830e-01
4.180268943309783936e-01 -1.135904341936111450e-02 1.086432253941893578e-03 2.897346578538417816e-02
4.177997112274169922e-01 1.837473064661026001e-01 1.665901625528931618e-03 -2.633664906024932861e-01
4.214746356010437012e-01 -1.139837969094514847e-02 -3.601428121328353882e-03 2.984142303466796875e-02
4.212466776371002197e-01 -2.064684927463531494e-01 -3.004599595442414284e-03 3.213858902454376221e-01
4.171172976493835449e-01 -1.130388956516981125e-02 3.423118032515048981e-03 2.775694243609905243e-02
4.168912172317504883e-01 1.837688088417053223e-01 3.978257067501544952e-03 -2.638439834117889404e-01
4.205666184425354004e-01 -1.140970364212989807e-02 -1.298622810281813145e-03 3.009106032550334930e-02
4.203384220600128174e-01 1.837308406829833984e-01 -6.968015804886817932e-04 -2.630013227462768555e-01
4.240130186080932617e-01 -1.138115208595991135e-02 -5.956827662885189056e-03 2.946175448596477509e-02
4.237854182720184326e-01 -2.064171731472015381e-01 -5.367592908442020416e-03 3.202593028545379639e-01
4.196570515632629395e-01 -1.121919415891170502e-02 1.037593232467770576e-03 2.588848397135734558e-02
4.194326698780059814e-01 1.838878691196441650e-01 1.555362949147820473e-03 -2.664668858051300049e-01
4.231104254722595215e-01 -1.125625334680080414e-02 -3.773974953219294548e-03 2.670620381832122803e-02
4.228852987289428711e-01 -2.063238769769668579e-01 -3.239850746467709541e-03 3.181960284709930420e-01
4.187588393688201904e-01 -1.115593500435352325e-02 3.124069422483444214e-03 2.449311874806880951e-02
4.185357093811035156e-01 1.839210689067840576e-01 3.613931825384497643e-03 -2.672024965286254883e-01
4.222141504287719727e-01 -1.125226635485887527e-02 -1.730117946863174438e-03 2.661810070276260376e-02
4.219890832901000977e-01 -2.063493579626083374e-01 -1.197756035253405571e-03 3.187546432018280029e-01
4.178621172904968262e-01 -1.121037360280752182e-02 5.177337210625410080e-03 2.569423988461494446e-02
4.176378846168518066e-01 1.838369518518447876e-01 5.691221915185451508e-03 -2.653506994247436523e-01
4.213146269321441650e-01 -1.136576756834983826e-02 3.842080186586827040e-04 2.912184968590736389e-02
4.210873246192932129e-01 1.837506741285324097e-01 9.666450205259025097e-04 -2.634398341178894043e-01
4.247623383998870850e-01 -1.138506364077329636e-02 -4.302151501178741455e-03 2.954782918095588684e-02
4.245346188545227051e-01 -2.064450532197952271e-01 -3.711194964125752449e-03 3.208702802658081055e-01
4.204057455062866211e-01 -1.127045042812824249e-02 2.706210594624280930e-03 2.701930142939090729e-02
4.201803207397460938e-01 1.838125884532928467e-01 3.246596548706293106e-03 -2.648085653781890869e-01
4.238565862178802490e-01 -1.135555189102888107e-02 -2.049574628472328186e-03 2.889660373330116272e-02
4.236294627189636230e-01 1.837957352399826050e-01 -1.471642404794692993e-03 -2.644322812557220459e-01
4.273053705692291260e-01 -1.130518410354852676e-02 -6.760288029909133911e-03 2.778611332178115845e-02
4.270792603492736816e-01 -2.063295394182205200e-01 -6.204565986990928650e-03 3.183284401893615723e-01
4.229526817798614502e-01 -1.111976988613605499e-02 1.620032126083970070e-04 2.369530312716960907e-02
4.227302968502044678e-01 1.839998513460159302e-01 6.359092658385634422e-04 -2.689365148544311523e-01
4.264102876186370850e-01 -1.113116275519132614e-02 -4.742820747196674347e-03 2.394692413508892059e-02
4.261876642704010010e-01 -2.061847746372222900e-01 -4.263882525265216827e-03 3.151296675205230713e-01
4.220639765262603760e-01 -1.100234966725111008e-02 2.038711216300725937e-03 2.110511250793933868e-02
4.218439161777496338e-01 1.840903013944625854e-01 2.460813382640480995e-03 -2.709338665008544922e-01
4.255257248878479004e-01 -1.106667518615722656e-02 -2.957864198833703995e-03 2.252418175339698792e-02
4.253043830394744873e-01 -2.061460763216018677e-01 -2.507380675524473190e-03 3.142724037170410156e-01
4.211814701557159424e-01 -1.098850369453430176e-02 3.778067417442798615e-03 2.079978585243225098e-02
4.209617078304290771e-01 1.840790659189224243e-01 4.194063134491443634e-03 -2.706887125968933105e-01
4.246432781219482422e-01 -1.110248547047376633e-02 -1.219711382873356342e-03 2.331407181918621063e-02
4.244212210178375244e-01 -2.062069177627563477e-01 -7.534298929385840893e-04 3.156119287014007568e-01
4.202970862388610840e-01 -1.107424870133399963e-02 5.558808334171772003e-03 2.269147895276546478e-02
4.200755953788757324e-01 1.839675456285476685e-01 6.012638099491596222e-03 -2.682324051856994629e-01
4.237549602985382080e-01 -1.123969629406929016e-02 6.479898001998662949e-04 2.634086273610591888e-02
4.235301613807678223e-01 1.838729530572891235e-01 1.174807082861661911e-03 -2.661375403404235840e-01
4.272076189517974854e-01 -1.126574259251356125e-02 -4.147944040596485138e-03 2.691569365561008453e-02
4.269823133945465088e-01 -2.063279598951339722e-01 -3.609630046412348747e-03 3.182870149612426758e-01
4.228557646274566650e-01 -1.115478947758674622e-02 2.756110392510890961e-03 2.446793206036090851e-02
4.226326644420623779e-01 1.839275360107421875e-01 3.245468949899077415e-03 -2.673441469669342041e-01
4.263111948966979980e-01 -1.124059036374092102e-02 -2.101413672789931297e-03 2.636066637933254242e-02
4.260863959789276123e-01 -2.063323408365249634e-01 -1.574200345203280449e-03 3.183798193931579590e-01
4.219597578048706055e-01 -1.118800602853298187e-02 4.793396219611167908e-03 2.520087547600269318e-02
4.217359721660614014e-01 1.838648766279220581e-01 5.297414027154445648e-03 -2.659658193588256836e-01
4.254132807254791260e-01 -1.133227907121181488e-02 -2.190286977565847337e-05 2.838322520256042480e-02
4.251866340637207031e-01 1.837899833917617798e-01 5.457616061903536320e-04 -2.643066048622131348e-01
4.288624525070190430e-01 -1.133975014090538025e-02 -4.740370437502861023e-03 2.854840271174907684e-02
4.286356568336486816e-01 -2.063934057950973511e-01 -4.169402644038200378e-03 3.197319209575653076e-01
4.245077669620513916e-01 -1.121232006698846817e-02 2.225236035883426666e-03 2.573704905807971954e-02
4.242835342884063721e-01 1.838776469230651855e-01 2.739976858720183372e-03 -2.662429511547088623e-01
4.279610812664031982e-01 -1.128330081701278687e-02 -2.584882313385605812e-03 2.730291709303855896e-02
4.277354180812835693e-01 -2.063680887222290039e-01 -2.038823906332254410e-03 3.191691637039184570e-01
4.236080646514892578e-01 -1.121715921908617020e-02 4.344559274613857269e-03 2.584396675229072571e-02
4.233837127685546875e-01 1.838422119617462158e-01 4.861438646912574768e-03 -2.654650509357452393e-01
4.270605444908142090e-01 -1.134877931326627731e-02 -4.478620830923318863e-04 2.874725311994552612e-02
4.268335700035095215e-01 1.837795972824096680e-01 1.270829961868003011e-04 -2.640769481658935547e-01
4.305091798305511475e-01 -1.134417299181222916e-02 -5.154456011950969696e-03 2.864606119692325592e-02
4.302822947502136230e-01 -2.063918262720108032e-01 -4.581534769386053085e-03 3.196982443332672119e-01
4.261544644832611084e-01 -1.120492909103631973e-02 1.812430447898805141e-03 2.557401172816753387e-02
4.259303510189056396e-01 1.838909834623336792e-01 2.323910593986511230e-03 -2.665365338325500488e-01
4.296081662178039551e-01 -1.126405689865350723e-02 -3.006819868460297585e-03 2.687847800552845001e-02
4.293828904628753662e-01 -2.063427567481994629e-01 -2.469250233843922615e-03 3.186112046241760254e-01
4.252560436725616455e-01 -1.118572708219289780e-02 3.902973840013146400e-03 2.515058964490890503e-02
4.250323176383972168e-01 1.838800311088562012e-01 4.405985586345195770e-03 -2.662983536720275879e-01
4.287099242210388184e-01 -1.130452193319797516e-02 -9.199814521707594395e-04 2.777099609375000000e-02
4.284838438034057617e-01 1.838306039571762085e-01 -3.645615070126950741e-04 -2.652020454406738281e-01
4.321604371070861816e-01 -1.128613483160734177e-02 -5.668602418154478073e-03 2.736586518585681915e-02
4.319347143173217773e-01 -2.063263356685638428e-01 -5.121285095810890198e-03 3.182549178600311279e-01
4.278081953525543213e-01 -1.113182213157415390e-02 1.243812846951186657e-03 2.396132238209247589e-02
4.275855720043182373e-01 1.839722692966461182e-01 1.723039313219487667e-03 -2.683289051055908203e-01
4.312649965286254883e-01 -1.117422897368669510e-02 -3.643538802862167358e-03 2.489697933197021484e-02
4.310415089130401611e-01 -2.062437385320663452e-01 -3.145599272102117538e-03 3.164280951023101807e-01
4.269166588783264160e-01 -1.107712462544441223e-02 3.182962769642472267e-03 2.275482565164566040e-02
4.266951084136962891e-01 1.839990317821502686e-01 3.638059366494417191e-03 -2.689221501350402832e-01
4.303750693798065186e-01 -1.117464434355497360e-02 -1.740383566357195377e-03 2.490602619946002960e-02
4.301515817642211914e-01 1.839722245931625366e-01 -1.242263009771704674e-03 -2.683255076408386230e-01
4.338310360908508301e-01 -1.113197859376668930e-02 -6.608773022890090942e-03 2.396534755825996399e-02
4.336083829402923584e-01 -2.061585336923599243e-01 -6.129465997219085693e-03 3.145558238029479980e-01
4.294852316379547119e-01 -1.094980724155902863e-02 1.616504305275157094e-04 1.994618587195873260e-02
4.292662143707275391e-01 1.841698288917541504e-01 5.605741753242909908e-04 -2.726857364177703857e-01
4.329496324062347412e-01 -1.096012070775032043e-02 -4.893140401691198349e-03 2.017394825816154480e-02
4.327304363250732422e-01 -2.060115635395050049e-01 -4.489661660045385361e-03 3.113090097904205322e-01
4.286101758480072021e-01 -1.082593202590942383e-02 1.736518926918506622e-03 1.721357926726341248e-02
4.283936619758605957e-01 1.842710673809051514e-01 2.080790465697646141e-03 -2.749209403991699219e-01
4.320791065692901611e-01 -1.088050473481416702e-02 -3.417628584429621696e-03 1.841753534972667694e-02
4.318614900112152100e-01 -2.059532701969146729e-01 -3.049277700483798981e-03 3.100202083587646484e-01
4.277424216270446777e-01 -1.078801322728395462e-02 3.151126205921173096e-03 1.637718267738819122e-02
4.275266528129577637e-01 1.842886060476303101e-01 3.478669794276356697e-03 -2.753098607063293457e-01
4.312124252319335938e-01 -1.088280510157346725e-02 -2.027527429163455963e-03 1.846820674836635590e-02
4.309947788715362549e-01 -2.059756219387054443e-01 -1.658163149841129780e-03 3.105107247829437256e-01
4.268752634525299072e-01 -1.083008386194705963e-02 4.552051424980163574e-03 1.730533502995967865e-02
4.266586601734161377e-01 1.842262893915176392e-01 4.898158367723226547e-03 -2.739379107952117920e-01
4.303431808948516846e-01 -1.096520479768514633e-02 -5.805997061543166637e-04 2.028588578104972839e-02
4.301238954067230225e-01 1.841650754213333130e-01 -1.748819922795519233e-04 -2.725801765918731689e-01
4.338071942329406738e-01 -1.095438748598098755e-02 -5.626485217362642288e-03 2.004759386181831360e-02
4.335880875587463379e-01 -2.059952020645141602e-01 -5.225533619523048401e-03 3.109500110149383545e-01
4.294681847095489502e-01 -1.079919002950191498e-02 9.934664703905582428e-04 1.662368699908256531e-02
4.292522072792053223e-01 1.843084990978240967e-01 1.325940247625112534e-03 -2.757456302642822266e-01
4.329383671283721924e-01 -1.083234418183565140e-02 -4.188972059637308121e-03 1.735520921647548676e-02
4.327217340469360352e-01 -2.058939635753631592e-01 -3.841868136078119278e-03 3.087135255336761475e-01
4.286038577556610107e-01 -1.071748975664377213e-02 2.332402626052498817e-03 1.482146140187978745e-02
4.283894896507263184e-01 1.843709349632263184e-01 2.628831658512353897e-03 -2.771246433258056641e-01
4.320769309997558594e-01 -1.078842300921678543e-02 -2.913661301136016846e-03 1.638624630868434906e-02
4.318611621856689453e-01 -2.058684676885604858e-01 -2.585936337709426880e-03 3.081484436988830566e-01
4.277437925338745117e-01 -1.070976536720991135e-02 3.577032824978232384e-03 1.465111784636974335e-02
4.275295734405517578e-01 1.843606978654861450e-01 3.870055079460144043e-03 -2.769010663032531738e-01
4.312168061733245850e-01 -1.081624533981084824e-02 -1.667966251261532307e-03 1.699995435774326324e-02
4.310004711151123047e-01 -2.059142291545867920e-01 -1.327967154793441296e-03 3.091561496257781982e-01
4.268821775913238525e-01 -1.077338866889476776e-02 4.855155944824218750e-03 1.605471782386302948e-02
4.266667366027832031e-01 1.842785924673080444e-01 5.176250357180833817e-03 -2.750923931598663330e-01
4.303523004055023193e-01 -1.091682165861129761e-02 -3.255978808738291264e-04 1.921861432492733002e-02
4.301339685916900635e-01 1.842097938060760498e-01 5.877441799384541810e-05 -2.735670208930969238e-01
4.338181614875793457e-01 -1.091299206018447876e-02 -5.412566009908914566e-03 1.913443952798843384e-02
4.335998892784118652e-01 -2.059569060802459717e-01 -5.029877182096242905e-03 3.101047277450561523e-01
4.294807612895965576e-01 -1.076365262269973755e-02 1.172217424027621746e-03 1.583978347480297089e-02
4.292654693126678467e-01 1.843414753675460815e-01 1.489013084210455418e-03 -2.764730751514434814e-01
4.329523146152496338e-01 -1.080169435590505600e-02 -4.040448460727930069e-03 1.667912490665912628e-02
4.327362775802612305e-01 -2.058654725551605225e-01 -3.706865711137652397e-03 3.080845177173614502e-01
4.286189675331115723e-01 -1.069089584052562714e-02 2.454824512824416161e-03 1.423484459519386292e-02
4.284051656723022461e-01 1.843957602977752686e-01 2.739521441981196404e-03 -2.776725590229034424e-01
4.320930540561676025e-01 -1.076516229659318924e-02 -2.813929691910743713e-03 1.587316393852233887e-02
4.318777620792388916e-01 -2.058466523885726929e-01 -2.496466273441910744e-03 3.076669275760650635e-01
4.277608394622802734e-01 -1.068921107798814774e-02 3.656872315332293510e-03 1.419773604720830917e-02
4.275470376014709473e-01 1.843800991773605347e-01 3.940827213227748871e-03 -2.773291766643524170e-01
4.312346577644348145e-01 -1.079784426838159561e-02 -1.605756231583654881e-03 1.659408770501613617e-02
4.310186803340911865e-01 -2.058967351913452148e-01 -1.273874426260590553e-03 3.087699413299560547e-01
4.269007444381713867e-01 -1.075665187090635300e-02 4.901524633169174194e-03 1.568554714322090149e-02
4.266856312751770020e-01 1.842946708202362061e-01 5.215235520154237747e-03 -2.754468619823455811e-01
4.303715229034423828e-01 -1.090130582451820374e-02 -2.937019162345677614e-04 1.887637563049793243e-02
4.301534891128540039e-01 1.842248588800430298e-01 8.382558735320344567e-05 -2.738991975784301758e-01
4.338379800319671631e-01 -1.089829113334417343e-02 -5.394158419221639633e-03 1.881016232073307037e-02
4.336200356483459473e-01 -2.059424668550491333e-01 -5.017955321818590164e-03 3.097862899303436279e-01
4.295011758804321289e-01 -1.074938476085662842e-02 1.177770784124732018e-03 1.552508492022752762e-02
4.292861819267272949e-01 1.843556612730026245e-01 1.488272449932992458e-03 -2.767859995365142822e-01
4.329732954502105713e-01 -1.078749634325504303e-02 -4.047447815537452698e-03 1.636594720184803009e-02
4.327575564384460449e-01 -2.058511674404144287e-01 -3.720128908753395081e-03 3.077691197395324707e-01
4.286405146121978760e-01 -1.067640725523233414e-02 2.435253467410802841e-03 1.391528174281120300e-02
4.284270107746124268e-01 1.844105273485183716e-01 2.713559195399284363e-03 -2.779982984066009521e-01
4.321151971817016602e-01 -1.075002364814281464e-02 -2.846407005563378334e-03 1.553924381732940674e-02
4.319002032279968262e-01 -2.058310359716415405e-01 -2.535622101277112961e-03 3.073227405548095703e-01
4.277835786342620850e-01 -1.067304797470569611e-02 3.610832849517464638e-03 1.384122204035520554e-02
4.275701344013214111e-01 1.843969374895095825e-01 3.887657076120376587e-03 -2.777002453804016113e-01
4.312580525875091553e-01 -1.078026369214057922e-02 -1.666347961872816086e-03 1.620629057288169861e-02
4.310424625873565674e-01 -2.058782726526260376e-01 -1.342222210951149464e-03 3.083629906177520752e-01
4.269248843193054199e-01 -1.073722727596759796e-02 4.825037904083728790e-03 1.525707542896270752e-02
4.267101585865020752e-01 1.843151897192001343e-01 5.130179226398468018e-03 -2.758995890617370605e-01
4.303964674472808838e-01 -1.087957154959440231e-02 -3.878126444760710001e-04 1.839696615934371948e-02
4.301788508892059326e-01 -2.059959620237350464e-01 -1.987332143471576273e-05 3.109575212001800537e-01
4.260589480400085449e-01 -1.087372470647096634e-02 6.199277006089687347e-03 1.826831325888633728e-02
4.258414804935455322e-01 1.841587722301483154e-01 6.564643234014511108e-03 -2.724522352218627930e-01
4.295246303081512451e-01 -1.105622854083776474e-02 1.115598366595804691e-03 2.229394763708114624e-02
4.293035268783569336e-01 1.840497106313705444e-01 1.561477314680814743e-03 -2.700367867946624756e-01
4.329845011234283447e-01 -1.109449286013841629e-02 -3.839258337393403053e-03 2.313823066651821136e-02
4.327626228332519531e-01 -2.061611711978912354e-01 -3.376493696123361588e-03 3.146073520183563232e-01
4.286394119262695312e-01 -1.099128928035497665e-02 2.915653400123119354e-03 2.086151205003261566e-02
4.284195601940155029e-01 1.840887218713760376e-01 3.332883585244417191e-03 -2.709000706672668457e-01
4.321013391017913818e-01 -1.108062546700239182e-02 -2.085117856040596962e-03 2.283219993114471436e-02
4.318797290325164795e-01 -2.061726152896881104e-01 -1.628473750315606594e-03 3.148565292358398438e-01
4.277562797069549561e-01 -1.102750096470117569e-02 4.668656736612319946e-03 2.166047133505344391e-02
4.275357425212860107e-01 1.840271800756454468e-01 5.101866088807582855e-03 -2.695457935333251953e-01
4.312162697315216064e-01 -1.116719841957092285e-02 -2.890498144552111626e-04 2.474191598594188690e-02
4.309929311275482178e-01 1.839589029550552368e-01 2.057885139947757125e-04 -2.680321931838989258e-01
4.346721172332763672e-01 -1.116599049419164658e-02 -5.154855549335479736e-03 2.471563220024108887e-02
4.344487786293029785e-01 -2.062136381864547729e-01 -4.660542588680982590e-03 3.157677054405212402e-01
4.303245246410369873e-01 -1.102561317384243011e-02 1.654811203479766846e-03 2.161864191293716431e-02
4.301040172576904297e-01 1.840725690126419067e-01 2.087183995172381401e-03 -2.705417275428771973e-01
4.337854683399200439e-01 -1.107910554856061935e-02 -3.323650220409035683e-03 2.279879152774810791e-02
4.335638880729675293e-01 -2.061532288789749146e-01 -2.867674455046653748e-03 3.144312202930450439e-01
4.294407963752746582e-01 -1.099055167287588120e-02 3.420949913561344147e-03 2.084530144929885864e-02
4.292210042476654053e-01 1.840821802616119385e-01 3.837855998426675797e-03 -2.707563042640686035e-01
4.329026341438293457e-01 -1.109433360397815704e-02 -1.577270450070500374e-03 2.313461340963840485e-02
4.326807558536529541e-01 1.840502023696899414e-01 -1.114578102715313435e-03 -2.700455486774444580e-01
4.363617599010467529e-01 -1.105582620948553085e-02 -6.515488959848880768e-03 2.228563278913497925e-02
4.361406564712524414e-01 -2.060837298631668091e-01 -6.069776136428117752e-03 3.129057586193084717e-01
4.320189654827117920e-01 -1.087584346532821655e-02 1.883385702967643738e-04 1.831479929387569427e-02
4.318014383316040039e-01 1.842434108257293701e-01 5.546345491893589497e-04 -2.743087112903594971e-01
4.354863166809082031e-01 -1.088645402342081070e-02 -4.931539297103881836e-03 1.854910887777805328e-02
4.352685809135437012e-01 -2.059373408555984497e-01 -4.560557194054126740e-03 3.096719980239868164e-01
4.311498403549194336e-01 -1.075070351362228394e-02 1.632882864214479923e-03 1.555430423468351364e-02
4.309348165988922119e-01 1.843477934598922729e-01 1.943968934938311577e-03 -2.766129672527313232e-01
4.346217811107635498e-01 -1.080183964222669601e-02 -3.588290652260184288e-03 1.668243855237960815e-02
4.344057440757751465e-01 -2.058721482753753662e-01 -3.254642011597752571e-03 3.082310557365417480e-01
4.302883148193359375e-01 -1.070397254079580307e-02 2.909979317337274551e-03 1.452348753809928894e-02
4.300742149353027344e-01 1.843761205673217773e-01 3.200449049472808838e-03 -2.772398889064788818e-01
4.337617456912994385e-01 -1.079133898019790649e-02 -2.344348700717091560e-03 1.645073853433132172e-02
4.335459172725677490e-01 -2.058795839548110962e-01 -2.015333855524659157e-03 3.083930611610412598e-01
4.294283390045166016e-01 -1.072898134589195251e-02 4.152527544647455215e-03 1.507524866610765457e-02
4.292137622833251953e-01 1.843331754207611084e-01 4.454032517969608307e-03 -2.762946188449859619e-01
