2.581050060689449310e-02 1.978849992156028748e-02 1.334380730986595154e-02 -3.137061372399330139e-02
2.620626986026763916e-02 -1.755222380161285400e-01 1.271639484912157059e-02 2.654923796653747559e-01
2.269582450389862061e-02 1.941592618823051453e-02 1.802624203264713287e-02 -2.315271086990833282e-02
2.308414317667484283e-02 -1.759598404169082642e-01 1.756318844854831696e-02 2.751627564430236816e-01
1.956494711339473724e-02 1.890718378126621246e-02 2.306644432246685028e-02 -1.192938815802335739e-02
1.994309015572071075e-02 2.136908620595932007e-01 2.282785624265670776e-02 -2.972462475299835205e-01
2.421690709888935089e-02 1.825106143951416016e-02 1.688292995095252991e-02 2.547875279560685158e-03
2.458192966878414154e-02 -1.771088987588882446e-01 1.693388819694519043e-02 3.005093932151794434e-01
2.103975042700767517e-02 1.776764914393424988e-02 2.294407598674297333e-02 1.321481354534626007e-02
2.139510400593280792e-02 2.125531733036041260e-01 2.320837229490280151e-02 -2.721416056156158447e-01
2.564616687595844269e-02 1.710787229239940643e-02 1.776554062962532043e-02 2.777004800736904144e-02
2.598832547664642334e-02 2.119706124067306519e-01 1.832094229757785797e-02 -2.592551410198211670e-01
3.022773750126361847e-02 1.659196428954601288e-02 1.313583925366401672e-02 3.914970159530639648e-02
3.055957704782485962e-02 2.115231156349182129e-01 1.391883287578821182e-02 -2.493599653244018555e-01
3.479003906250000000e-02 1.620517857372760773e-02 8.931633085012435913e-03 4.768055304884910583e-02
3.511414304375648499e-02 -1.790436953306198120e-01 9.885245002806186676e-03 3.431680500507354736e-01
3.153326734900474548e-02 1.593623496592044830e-02 1.674860529601573944e-02 5.361865833401679993e-02
3.185199201107025146e-02 2.108140736818313599e-01 1.782097853720188141e-02 -2.337332516908645630e-01
3.606827557086944580e-02 1.544209197163581848e-02 1.314631383866071701e-02 6.451728940010070801e-02
3.637711703777313232e-02 2.103731185197830200e-01 1.443665940314531326e-02 -2.239890843629837036e-01
4.058457911014556885e-02 1.504783611744642258e-02 9.956877678632736206e-03 7.321254163980484009e-02
4.088553413748741150e-02 2.100256383419036865e-01 1.142112910747528076e-02 -2.163123935461044312e-01
4.508604854345321655e-02 1.474229060113430023e-02 7.094881031662225723e-03 7.995126396417617798e-02
4.538089409470558167e-02 2.097618132829666138e-01 8.693906478583812714e-03 -2.104847878217697144e-01
4.957612976431846619e-02 1.451664790511131287e-02 4.484210629016160965e-03 8.492787927389144897e-02
4.986646398901939392e-02 -1.806692928075790405e-01 6.182768382132053375e-03 3.790222108364105225e-01
4.625307768583297729e-02 1.436431054025888443e-02 1.376321259886026382e-02 8.829510957002639771e-02
4.654036462306976318e-02 2.092863023281097412e-01 1.552911475300788879e-02 -2.000139355659484863e-01
5.072608962655067444e-02 1.394573226571083069e-02 1.152883563190698624e-02 9.752696752548217773e-02
5.100500583648681641e-02 2.089005708694458008e-01 1.347937528043985367e-02 -1.914964467287063599e-01
5.518301576375961304e-02 1.358840521425008774e-02 9.649446234107017517e-03 1.054079979658126831e-01
5.545478314161300659e-02 2.085707485675811768e-01 1.175760664045810699e-02 -1.842150092124938965e-01
5.962619930505752563e-02 1.328256167471408844e-02 8.073305711150169373e-03 1.121536865830421448e-01
5.989184975624084473e-02 2.082879096269607544e-01 1.031637936830520630e-02 -1.779712736606597900e-01
6.405761092901229858e-02 1.301985140889883041e-02 6.756954360753297806e-03 1.179481819272041321e-01
6.431800872087478638e-02 2.080443352460861206e-01 9.115917608141899109e-03 -1.725953370332717896e-01
6.847888976335525513e-02 1.279311347752809525e-02 5.664010997861623764e-03 1.229493692517280579e-01
6.873475760221481323e-02 2.078334689140319824e-01 8.122998289763927460e-03 -1.679412424564361572e-01
7.289142161607742310e-02 1.259618625044822693e-02 4.764173645526170731e-03 1.272931396961212158e-01
7.314334809780120850e-02 2.076495587825775146e-01 7.310036104172468185e-03 -1.638829410076141357e-01
7.729633897542953491e-02 1.242373511195182800e-02 4.032377153635025024e-03 1.310971081256866455e-01
7.754481583833694458e-02 2.074876874685287476e-01 6.654319353401660919e-03 -1.603109389543533325e-01
8.169456571340560913e-02 1.227111089974641800e-02 3.448100760579109192e-03 1.344638019800186157e-01
8.193998783826828003e-02 2.073435038328170776e-01 6.137377116829156876e-03 -1.571293026208877563e-01
8.608686178922653198e-02 1.213422045111656189e-02 2.994790906086564064e-03 1.374834924936294556e-01
8.632954210042953491e-02 2.072131484746932983e-01 5.744460504502058029e-03 -1.542531251907348633e-01
9.047380834817886353e-02 1.200942043215036392e-02 2.659398131072521210e-03 1.402364969253540039e-01
9.071399271488189697e-02 2.070931792259216309e-01 5.464127752929925919e-03 -1.516062468290328979e-01
9.485585987567901611e-02 1.189341861754655838e-02 2.432002918794751167e-03 1.427954733371734619e-01
9.509372711181640625e-02 2.069804519414901733e-01 5.287912208586931229e-03 -1.491192132234573364e-01
9.923333674669265747e-02 1.178318262100219727e-02 2.305528149008750916e-03 1.452272385358810425e-01
9.946899861097335815e-02 2.068720459938049316e-01 5.210073199123144150e-03 -1.467274427413940430e-01
1.036064401268959045e-01 1.167586818337440491e-02 2.275524195283651352e-03 1.475946009159088135e-01
1.038399562239646912e-01 2.067651599645614624e-01 5.227416288107633591e-03 -1.443695724010467529e-01
1.079752594232559204e-01 1.156873814761638641e-02 2.340024570003151894e-03 1.499579101800918579e-01
1.082066372036933899e-01 2.066570967435836792e-01 5.339182913303375244e-03 -1.419858783483505249e-01
1.123397797346115112e-01 1.145909354090690613e-02 2.499465364962816238e-03 1.523766815662384033e-01
1.125689595937728882e-01 2.065451592206954956e-01 5.546998698264360428e-03 -1.395166665315628052e-01
1.166998669505119324e-01 1.134420931339263916e-02 2.756665460765361786e-03 1.549110710620880127e-01
1.169267445802688599e-01 2.064265757799148560e-01 5.854886956512928009e-03 -1.369009166955947876e-01
1.210552826523780823e-01 1.122126262634992599e-02 3.116868436336517334e-03 1.576233655214309692e-01
1.212797015905380249e-01 2.062984555959701538e-01 6.269335746765136719e-03 -1.340746283531188965e-01
1.254056692123413086e-01 1.108726114034652710e-02 3.587842918932437897e-03 1.605795621871948242e-01
1.256274133920669556e-01 2.061576694250106812e-01 6.799434311687946320e-03 -1.309693306684494019e-01
1.297505646944046021e-01 1.093897689133882523e-02 4.180047661066055298e-03 1.638509482145309448e-01
1.299693584442138672e-01 2.060008347034454346e-01 7.457066792994737625e-03 -1.275103539228439331e-01
1.340893656015396118e-01 1.077286060899496078e-02 4.906859714537858963e-03 1.675158292055130005e-01
1.343048214912414551e-01 2.058242261409759521e-01 8.257175795733928680e-03 -1.236151009798049927e-01
1.384213119745254517e-01 1.058496348559856415e-02 5.784873850643634796e-03 1.716614067554473877e-01
1.386330127716064453e-01 2.056236416101455688e-01 9.218102321028709412e-03 -1.191909760236740112e-01
1.427454799413681030e-01 1.037083845585584641e-02 6.834282539784908295e-03 1.763858646154403687e-01
1.429529041051864624e-01 2.053943276405334473e-01 1.036200020462274551e-02 -1.141332611441612244e-01
1.470607817173004150e-01 1.012543868273496628e-02 8.079335093498229980e-03 1.818007081747055054e-01
1.472632884979248047e-01 2.051308602094650269e-01 1.171534880995750427e-02 -1.083225682377815247e-01
1.513659060001373291e-01 9.842999279499053955e-03 9.548897854983806610e-03 1.880333423614501953e-01
1.515627652406692505e-01 2.048270404338836670e-01 1.330956444144248962e-02 -1.016220450401306152e-01
1.556593179702758789e-01 9.516900405287742615e-03 1.127712335437536240e-02 1.952301114797592163e-01
1.558496505022048950e-01 2.044757455587387085e-01 1.518172584474086761e-02 -9.387414902448654175e-02
1.599391698837280273e-01 3.993768393993377686e-01 1.330424286425113678e-02 -3.817288577556610107e-01
1.679266989231109619e-01 2.040685266256332397e-01 5.669665988534688950e-03 -8.488097786903381348e-02
1.720080673694610596e-01 8.865768089890480042e-03 3.972046542912721634e-03 2.095853239297866821e-01
1.721853911876678467e-01 2.039307057857513428e-01 8.163752965629100800e-03 -8.184198290109634399e-02
1.762640029191970825e-01 3.989346921443939209e-01 6.526913028210401535e-03 -3.719380795955657959e-01
1.842426955699920654e-01 2.037206143140792847e-01 -9.118485031649470329e-04 -7.720433175563812256e-02
1.883171051740646362e-01 8.611747063696384430e-03 -2.455935114994645119e-03 2.151907682418823242e-01
1.884893476963043213e-01 2.037687152624130249e-01 1.847880310378968716e-03 -7.826585322618484497e-02
1.925647109746932983e-01 8.620330132544040680e-03 2.825631818268448114e-04 2.149995118379592896e-01
1.927371174097061157e-01 2.037382423877716064e-01 4.582553170621395111e-03 -7.759427279233932495e-02
1.968118846416473389e-01 3.987942039966583252e-01 3.030668012797832489e-03 -3.688278794288635254e-01
2.047877758741378784e-01 2.036293148994445801e-01 -4.345889668911695480e-03 -7.519087940454483032e-02
2.088603526353836060e-01 8.569937199354171753e-03 -5.849706940352916718e-03 2.161177396774291992e-01
2.090317606925964355e-01 2.037750184535980225e-01 -1.527352258563041687e-03 -7.840468734502792358e-02
2.131072580814361572e-01 8.675001561641693115e-03 -3.095445921644568443e-03 2.137959599494934082e-01
2.132807523012161255e-01 2.038410753011703491e-01 1.180473365820944309e-03 -7.986179739236831665e-02
2.173575758934020996e-01 3.989460766315460205e-01 -4.167625156696885824e-04 -3.721720576286315918e-01
2.253365069627761841e-01 2.038300484418869019e-01 -7.860203273594379425e-03 -7.962055504322052002e-02
2.294131070375442505e-01 8.821655996143817902e-03 -9.452614933252334595e-03 2.105721235275268555e-01
2.295895367860794067e-01 2.040774822235107422e-01 -5.241171922534704208e-03 -8.507754653692245483e-02
2.336710840463638306e-01 9.031046181917190552e-03 -6.942722946405410767e-03 2.059471756219863892e-01
2.338517010211944580e-01 2.042515873908996582e-01 -2.823779359459877014e-03 -8.891771733760833740e-02
2.379367351531982422e-01 9.170224890112876892e-03 -4.602133762091398239e-03 2.028729766607284546e-01
2.381201386451721191e-01 2.043576836585998535e-01 -5.446742870844900608e-04 -9.125814586877822876e-02
2.422072887420654297e-01 3.994874358177185059e-01 -2.369837369769811630e-03 -3.841128647327423096e-01
2.501970529556274414e-01 2.043992131948471069e-01 -1.005209423601627350e-02 -9.217808395624160767e-02
2.542850375175476074e-01 9.422777220606803894e-03 -1.189565658569335938e-02 1.973165273666381836e-01
2.544734776020050049e-01 2.047128379344940186e-01 -7.949325256049633026e-03 -9.909507632255554199e-02
2.585677504539489746e-01 9.705713950097560883e-03 -9.931227192282676697e-03 1.910692900419235229e-01
2.587618529796600342e-01 2.049683183431625366e-01 -6.109841167926788330e-03 -1.047299057245254517e-01
2.628612220287322998e-01 9.934459812939167023e-03 -8.204439654946327209e-03 1.860191524028778076e-01
2.630599141120910645e-01 2.051728367805480957e-01 -4.484056495130062103e-03 -1.092406362295150757e-01
2.671633660793304443e-01 1.011542137712240219e-02 -6.668868940323591232e-03 1.820242255926132202e-01
2.673656642436981201e-01 2.053321599960327148e-01 -3.028384642675518990e-03 -1.127550005912780762e-01
2.714723050594329834e-01 1.025373302400112152e-02 -5.283484701067209244e-03 1.789709627628326416e-01
2.716774046421051025e-01 2.054508924484252930e-01 -1.704065361991524696e-03 -1.153740361332893372e-01
2.757863998413085938e-01 1.035339944064617157e-02 -4.011546261608600616e-03 1.767707914113998413e-01
2.759934663772583008e-01 2.055325359106063843e-01 -4.761302843689918518e-04 -1.171749457716941833e-01
2.801041305065155029e-01 1.041740272194147110e-02 -2.819629153236746788e-03 1.753577291965484619e-01
2.803124785423278809e-01 2.055795937776565552e-01 6.875254330225288868e-04 -1.182133629918098450e-01
2.844240665435791016e-01 1.044779829680919647e-02 -1.676741754636168480e-03 1.746863871812820435e-01
2.846330404281616211e-01 2.055937051773071289e-01 1.816986128687858582e-03 -1.185250207781791687e-01
2.887448966503143311e-01 4.006895720958709717e-01 -5.535142845474183559e-04 -4.106341600418090820e-01
2.967586815357208252e-01 2.055754810571670532e-01 -8.766197599470615387e-03 -1.181257739663124084e-01
3.008702099323272705e-01 1.058021746575832367e-02 -1.112871244549751282e-02 1.717786490917205811e-01
3.010818064212799072e-01 2.058596611022949219e-01 -7.693139836192131042e-03 -1.243941634893417358e-01
3.051989972591400146e-01 1.084877084940671921e-02 -1.018102280795574188e-02 1.658517569303512573e-01
3.054159879684448242e-01 2.061149626970291138e-01 -6.863988004624843597e-03 -1.300255209207534790e-01
3.095382750034332275e-01 1.109201274812221527e-02 -9.464498609304428101e-03 1.604840308427810669e-01
3.097601234912872314e-01 2.063481807708740234e-01 -6.254817824810743332e-03 -1.351696252822875977e-01
3.138870894908905029e-01 1.131637021899223328e-02 -8.958210237324237823e-03 1.555334627628326416e-01
3.141134083271026611e-01 2.065654247999191284e-01 -5.847541149705648422e-03 -1.399620622396469116e-01
3.182447254657745361e-01 1.152771525084972382e-02 -8.646782487630844116e-03 1.508703380823135376e-01
3.184752762317657471e-01 2.067724019289016724e-01 -5.629375576972961426e-03 -1.445278674364089966e-01
3.226107060909271240e-01 1.173152588307857513e-02 -8.519932627677917480e-03 1.463737934827804565e-01
3.228453397750854492e-01 2.069744467735290527e-01 -5.592457018792629242e-03 -1.489847898483276367e-01
3.269848227500915527e-01 1.193302124738693237e-02 -8.572152815759181976e-03 1.419285982847213745e-01
3.272235095500946045e-01 2.071766853332519531e-01 -5.733580794185400009e-03 -1.534463167190551758e-01
3.313670158386230469e-01 1.213729754090309143e-02 -8.802507072687149048e-03 1.374222934246063232e-01
3.316097855567932129e-01 2.073842138051986694e-01 -6.054061464965343475e-03 -1.580246388912200928e-01
3.357574641704559326e-01 1.234946027398109436e-02 -9.214553982019424438e-03 1.327422410249710083e-01
3.360044360160827637e-01 2.076021879911422729e-01 -6.559709087014198303e-03 -1.628334522247314453e-01
3.401564955711364746e-01 1.257474906742572784e-02 -9.816378355026245117e-03 1.277728676795959473e-01
3.404079973697662354e-01 2.078359425067901611e-01 -7.260920945554971695e-03 -1.679907739162445068e-01
3.445647060871124268e-01 1.281866896897554398e-02 -1.062073651701211929e-02 1.223927289247512817e-01
3.448210656642913818e-01 2.080911546945571899e-01 -8.172881789505481720e-03 -1.736219227313995361e-01
3.489829003810882568e-01 1.308712642639875412e-02 -1.164531987160444260e-02 1.164715588092803955e-01
3.492446541786193848e-01 2.083739787340164185e-01 -9.315889328718185425e-03 -1.798625141382217407e-01
3.534121215343475342e-01 1.338656991720199585e-02 -1.291313953697681427e-02 1.098670810461044312e-01
3.536798655986785889e-01 2.086911648511886597e-01 -1.071579754352569580e-02 -1.868617385625839233e-01
3.578536808490753174e-01 1.372414920479059219e-02 -1.445303205400705338e-02 1.024216040968894958e-01
3.581281602382659912e-01 2.090502232313156128e-01 -1.240460015833377838e-02 -1.947859376668930054e-01
3.623091578483581543e-01 1.410788204520940781e-02 -1.630031876266002655e-02 9.395820647478103638e-02
3.625913262367248535e-01 2.094596177339553833e-01 -1.442115474492311478e-02 -2.038225531578063965e-01
3.667805194854736328e-01 1.454684697091579437e-02 -1.849760673940181732e-02 8.427653461694717407e-02
3.670714497566223145e-01 -1.803051382303237915e-01 -1.681207492947578430e-02 3.710665106773376465e-01
3.634653389453887939e-01 1.505158469080924988e-02 -9.390745311975479126e-03 7.313033193349838257e-02
3.637663722038269043e-01 2.103068977594375610e-01 -7.928138598799705505e-03 -2.225005626678466797e-01
3.679725229740142822e-01 1.529915537685155869e-02 -1.237814966589212418e-02 6.767100840806961060e-02
3.682785034179687500e-01 2.105963677167892456e-01 -1.102472934871912003e-02 -2.288914471864700317e-01
3.724904358386993408e-01 1.563368178904056549e-02 -1.560255791991949081e-02 6.029360368847846985e-02
3.728030920028686523e-01 -1.792611330747604370e-01 -1.439668610692024231e-02 3.480132520198822021e-01
3.692178726196289062e-01 1.606260240077972412e-02 -7.436420768499374390e-03 5.082555487751960754e-02
3.695391416549682617e-01 2.112903892993927002e-01 -6.419909652322530746e-03 -2.441943138837814331e-01
3.737649321556091309e-01 1.626072265207767487e-02 -1.130379643291234970e-02 4.645671695470809937e-02
3.740901648998260498e-01 -1.786973327398300171e-01 -1.037466153502464294e-02 3.355518579483032227e-01
3.705162107944488525e-01 1.657072082161903381e-02 -3.663624403998255730e-03 3.961545974016189575e-02
3.708476126194000244e-01 2.117450088262557983e-01 -2.871315227821469307e-03 -2.542211115360260010e-01
3.750825226306915283e-01 1.666417904198169708e-02 -7.955737411975860596e-03 3.755475953221321106e-02
3.754158020019531250e-01 -1.783427894115447998e-01 -7.204642519354820251e-03 3.277169764041900635e-01
3.718489408493041992e-01 1.688098907470703125e-02 -6.503026233986020088e-04 3.277077898383140564e-02
3.721865713596343994e-01 2.120122611522674561e-01 5.112987764732679352e-06 -2.601172626018524170e-01
3.764268159866333008e-01 1.689023524522781372e-02 -5.197232123464345932e-03 3.256728500127792358e-02
3.767646253108978271e-01 -1.781568080186843872e-01 -4.545886535197496414e-03 3.236059248447418213e-01
3.732014894485473633e-01 1.702958345413208008e-02 1.926231896504759789e-03 2.949287183582782745e-02
3.735420703887939453e-01 2.121238559484481812e-01 2.516089240089058876e-03 -2.625816762447357178e-01
3.777845501899719238e-01 1.696608401834964752e-02 -2.735544461756944656e-03 3.089378029108047485e-02
3.781238794326782227e-01 2.121271640062332153e-01 -2.117668744176626205e-03 -2.626509964466094971e-01
3.823664188385009766e-01 1.703549735248088837e-02 -7.370688486844301224e-03 2.936325594782829285e-02
3.827071189880371094e-01 -1.779799759387969971e-01 -6.783423479646444321e-03 3.197115659713745117e-01
3.791475296020507812e-01 1.723791658878326416e-02 -3.891920787282288074e-04 2.489714324474334717e-02
3.794922828674316406e-01 2.123654484748840332e-01 1.087507916963659227e-04 -2.679085433483123779e-01
3.837395906448364258e-01 1.724194362759590149e-02 -5.249420180916786194e-03 2.480867318809032440e-02
3.840844333171844482e-01 -1.778043359518051147e-01 -4.753246903419494629e-03 3.158307373523712158e-01
3.805283606052398682e-01 1.738499850034713745e-02 1.563367899507284164e-03 2.165259420871734619e-02
3.808760643005371094e-01 2.124844938516616821e-01 1.996419858187437057e-03 -2.705366611480712891e-01
3.851257264614105225e-01 1.733411103487014771e-02 -3.414313308894634247e-03 2.277527749538421631e-02
3.854724168777465820e-01 -1.777387112379074097e-01 -2.958807861432433128e-03 3.143790066242218018e-01
3.819176554679870605e-01 1.742526516318321228e-02 3.328772028908133507e-03 2.076442912220954895e-02
3.822661638259887695e-01 2.124993205070495605e-01 3.744060639292001724e-03 -2.708663642406463623e-01
3.865161538124084473e-01 1.732414215803146362e-02 -1.673266873694956303e-03 2.299509011209011078e-02
3.868626356124877930e-01 2.124700546264648438e-01 -1.213365118019282818e-03 -2.702153027057647705e-01
3.911120295524597168e-01 1.736543513834476471e-02 -6.617671344429254532e-03 2.208467572927474976e-02
3.914593458175659180e-01 -1.776609867811203003e-01 -6.175977643579244614e-03 3.126723170280456543e-01
3.879061043262481689e-01 1.754839718341827393e-02 7.746895425952970982e-05 1.804810389876365662e-02
3.882570862770080566e-01 2.126692384481430054e-01 4.384310450404882431e-04 -2.746103703975677490e-01
3.925104737281799316e-01 1.754103414714336395e-02 -5.053776782006025314e-03 1.821079663932323456e-02
3.928612768650054932e-01 -1.775080710649490356e-01 -4.689560737460851669e-03 3.092949092388153076e-01
3.893111348152160645e-01 1.768037676811218262e-02 1.496337819844484329e-03 1.513673644512891769e-02
3.896647393703460693e-01 2.127808332443237305e-01 1.799072604626417160e-03 -2.770737111568450928e-01
3.939203619956970215e-01 1.763326488435268402e-02 -3.742401488125324249e-03 1.617610827088356018e-02
3.942730128765106201e-01 -1.774348169565200806e-01 -3.418879350647330284e-03 3.076759278774261475e-01
3.907243311405181885e-01 1.773568429052829742e-02 2.734638983383774757e-03 1.391672994941473007e-02
3.910790383815765381e-01 2.128183096647262573e-01 3.012973582372069359e-03 -2.779021263122558594e-01
3.953354060649871826e-01 1.765350438654422760e-02 -2.545068971812725067e-03 1.572955958545207977e-02
3.956884741783142090e-01 -1.774318516254425049e-01 -2.230477752164006233e-03 3.076083958148956299e-01
3.921398222446441650e-01 1.772180758416652679e-02 3.921690396964550018e-03 1.422287523746490479e-02
3.924942612648010254e-01 2.127873003482818604e-01 4.206147510558366776e-03 -2.772201299667358398e-01
3.967500030994415283e-01 1.760559342801570892e-02 -1.338255009613931179e-03 1.678643561899662018e-02
3.971021175384521484e-01 2.127467095851898193e-01 -1.002526259981095791e-03 -2.763184309005737305e-01
4.013570547103881836e-01 1.763907819986343384e-02 -6.528894882649183273e-03 1.604813523590564728e-02
4.017098546028137207e-01 -1.773886382579803467e-01 -6.207932252436876297e-03 3.066639900207519531e-01
3.981620669364929199e-01 1.782122440636157990e-02 -7.465238013537600636e-05 1.202972047030925751e-02
3.985185027122497559e-01 2.129442393779754639e-01 1.659420377109199762e-04 -2.806767523288726807e-01
4.027773737907409668e-01 1.781992800533771515e-02 -5.447593051940202713e-03 1.205850113183259964e-02
4.031337797641754150e-01 -1.772234737873077393e-01 -5.206423345953226089e-03 3.030176758766174316e-01
3.995893001556396484e-01 1.797228865325450897e-02 8.539304835721850395e-04 8.697321638464927673e-03
3.999487459659576416e-01 2.130819857120513916e-01 1.027876860462129116e-03 -2.837160527706146240e-01
4.042103886604309082e-01 1.794538646936416626e-02 -4.646444227546453476e-03 9.290878660976886749e-03
4.045692980289459229e-01 -1.771096289157867432e-01 -4.460626747459173203e-03 3.005041778087615967e-01
4.010271131992340088e-01 1.807562261819839478e-02 1.549456967040896416e-03 6.417806725949048996e-03
4.013886153697967529e-01 2.131753116846084595e-01 1.677813124842941761e-03 -2.857758402824401855e-01
4.056521356105804443e-01 1.802947930991649628e-02 -4.037703853100538254e-03 7.435779087245464325e-03
4.060127139091491699e-01 -1.770343333482742310e-01 -3.888988168910145760e-03 2.988420426845550537e-01
4.024720191955566406e-01 1.814283616840839386e-02 2.087852451950311661e-03 4.935131408274173737e-03
4.028348922729492188e-01 2.132347822189331055e-01 2.186554949730634689e-03 -2.870883345603942871e-01
4.070995748043060303e-01 1.808171719312667847e-02 -3.555211471393704414e-03 6.283422932028770447e-03
4.074612259864807129e-01 -1.769890636205673218e-01 -3.429542994126677513e-03 2.978425323963165283e-01
4.039214253425598145e-01 1.818160340189933777e-02 2.527307486161589622e-03 4.079952370375394821e-03
4.042850732803344727e-01 2.132672220468521118e-01 2.608906477689743042e-03 -2.878045141696929932e-01
4.085504114627838135e-01 1.810815930366516113e-02 -3.147183684632182121e-03 5.700101610273122787e-03
4.089125692844390869e-01 -1.769685149192810059e-01 -3.033181652426719666e-03 2.973884046077728271e-01
4.053732156753540039e-01 1.819654367864131927e-02 2.914586337283253670e-03 3.750399919226765633e-03
4.057371318340301514e-01 2.132765799760818481e-01 2.989594358950853348e-03 -2.880115211009979248e-01
4.100026786327362061e-01 1.811211742460727692e-02 -2.770635997876524925e-03 5.612799432128667831e-03
4.103648960590362549e-01 -1.769699901342391968e-01 -2.658379962667822838e-03 2.974202632904052734e-01
4.068255126476287842e-01 1.818975619971752167e-02 3.290025284513831139e-03 3.900123760104179382e-03
4.071893095970153809e-01 2.132643759250640869e-01 3.368027741089463234e-03 -2.877429425716400146e-01
4.114545881748199463e-01 1.809455081820487976e-02 -2.386831212788820267e-03 6.000319961458444595e-03
4.118164777755737305e-01 -1.769930869340896606e-01 -2.266824711114168167e-03 2.979292273521423340e-01
4.082766175270080566e-01 1.816110126674175262e-02 3.691759658977389336e-03 4.532237537205219269e-03
4.086398482322692871e-01 2.132299095392227173e-01 3.782404353842139244e-03 -2.869836091995239258e-01
4.129044413566589355e-01 1.805422641336917877e-02 -1.957267755642533302e-03 6.889849901199340820e-03
4.132655262947082520e-01 2.132041901350021362e-01 -1.819470780901610851e-03 -2.864099740982055664e-01
4.175296127796173096e-01 1.810823753476142883e-02 -7.547670509666204453e-03 5.698549561202526093e-03
4.178917706012725830e-01 -1.769046634435653687e-01 -7.433699443936347961e-03 2.959905564785003662e-01
4.143536686897277832e-01 1.832247152924537659e-02 -1.513887895271182060e-03 9.724755072966217995e-04
4.147201180458068848e-01 -1.767777353525161743e-01 -1.494438387453556061e-03 2.931773662567138672e-01
4.111845791339874268e-01 1.836549118161201477e-02 4.369108937680721283e-03 2.349053829675540328e-05
4.115518927574157715e-01 2.134245038032531738e-01 4.369578789919614792e-03 -2.912777364253997803e-01
4.158203601837158203e-01 1.824052818119525909e-02 -1.455975929275155067e-03 2.780097303912043571e-03
4.161852002143859863e-01 2.133833318948745728e-01 -1.400373992510139942e-03 -2.903618514537811279e-01
4.204528629779815674e-01 1.828137598931789398e-02 -7.207611110061407089e-03 1.879083923995494843e-03
4.208184778690338135e-01 -1.767364740371704102e-01 -7.170029450207948685e-03 2.922792434692382812e-01
4.172837436199188232e-01 1.848697289824485779e-02 -1.324444659985601902e-03 -2.656375057995319366e-03
4.176535010337829590e-01 -1.766159534454345703e-01 -1.377572072669863701e-03 2.896083891391754150e-01
4.141211807727813721e-01 1.852560974657535553e-02 4.414595663547515869e-03 -3.508700756356120110e-03
4.144916832447052002e-01 2.135839760303497314e-01 4.344421438872814178e-03 -2.947955131530761719e-01
4.187633693218231201e-01 1.840035431087017059e-02 -1.551488647237420082e-03 -7.455862360075116158e-04
4.191313683986663818e-01 -1.766993105411529541e-01 -1.566400402225553989e-03 2.914474308490753174e-01
4.155973792076110840e-01 1.844493858516216278e-02 4.262547940015792847e-03 -1.729115145280957222e-03
4.159662723541259766e-01 2.135055065155029297e-01 4.227965604513883591e-03 -2.930641174316406250e-01
4.202363789081573486e-01 1.832352392375469208e-02 -1.633316511288285255e-03 9.492517565377056599e-04
4.206028580665588379e-01 2.134688645601272583e-01 -1.614331500604748726e-03 -2.922485470771789551e-01
4.248722493648529053e-01 1.836996525526046753e-02 -7.459302432835102081e-03 -7.520799408666789532e-05
4.252396523952484131e-01 -1.766442209482192993e-01 -7.460806984454393387e-03 2.902449071407318115e-01
4.217067658901214600e-01 1.858331821858882904e-02 -1.655908534303307533e-03 -4.781698342412710190e-03
4.220784306526184082e-01 -1.765148490667343140e-01 -1.751542440615594387e-03 2.873783111572265625e-01
4.185481369495391846e-01 1.863203942775726318e-02 3.996023908257484436e-03 -5.856523290276527405e-03
4.189207553863525391e-01 2.136964499950408936e-01 3.878893330693244934e-03 -2.972759902477264404e-01
4.231947064399719238e-01 1.851942576467990875e-02 -2.066626446321606636e-03 -3.372247330844402313e-03
4.235650897026062012e-01 -1.765728294849395752e-01 -2.134071430191397667e-03 2.886579036712646484e-01
4.200336337089538574e-01 1.857949234545230865e-02 3.639087080955505371e-03 -4.697309341281652451e-03
4.204052090644836426e-01 2.136490643024444580e-01 3.545140847563743591e-03 -2.962298393249511719e-01
4.246782064437866211e-01 1.847675442695617676e-02 -2.379456069320440292e-03 -2.430947031825780869e-03
4.250477254390716553e-01 -1.766109913587570190e-01 -2.428074833005666733e-03 2.895002961158752441e-01
4.215155243873596191e-01 1.854549907147884369e-02 3.361930837854743004e-03 -3.947442397475242615e-03
4.218864142894744873e-01 2.136190682649612427e-01 3.282981924712657928e-03 -2.955677509307861328e-01
4.261588156223297119e-01 1.845047436654567719e-02 -2.628372982144355774e-03 -1.851228997111320496e-03
4.265277981758117676e-01 -1.766336858272552490e-01 -2.665397711098194122e-03 2.900012433528900146e-01
4.229951500892639160e-01 1.852617226541042328e-02 3.134627593681216240e-03 -3.521114354953169823e-03
4.233656525611877441e-01 2.136030346155166626e-01 3.064205171540379524e-03 -2.952133715152740479e-01
4.276377260684967041e-01 1.843752712011337280e-02 -2.840062370523810387e-03 -1.565629267133772373e-03
4.280064702033996582e-01 -1.766435801982879639e-01 -2.871375065296888351e-03 2.902198731899261475e-01
4.244736135005950928e-01 1.851919852197170258e-02 2.933022333309054375e-03 -3.367269877344369888e-03
4.248439967632293701e-01 2.135989665985107422e-01 2.865677000954747200e-03 -2.951233386993408203e-01
4.291159510612487793e-01 1.843627542257308960e-02 -3.036790061742067337e-03 -1.538012991659343243e-03
4.294846951961517334e-01 -1.766419857740402222e-01 -3.067550249397754669e-03 2.901852130889892578e-01
4.259518384933471680e-01 1.852356456220149994e-02 2.736154245212674141e-03 -3.463592845946550369e-03
4.263223111629486084e-01 2.136061638593673706e-01 2.666882472112774849e-03 -2.952819764614105225e-01
4.305944442749023438e-01 1.844630017876625061e-02 -3.238757140934467316e-03 -1.759149483405053616e-03
4.309633672237396240e-01 -1.766290515661239624e-01 -3.273940179497003555e-03 2.899001538753509521e-01
4.274307787418365479e-01 1.853942871093750000e-02 2.524062991142272949e-03 -3.813538700342178345e-03
4.278015792369842529e-01 2.136250883340835571e-01 2.447792096063494682e-03 -2.956990301609039307e-01
4.320740699768066406e-01 1.846832968294620514e-02 -3.466188441962003708e-03 -2.245109761133790016e-03
4.324434399604797363e-01 -1.766037344932556152e-01 -3.511090530082583427e-03 2.893421947956085205e-01
4.289113581180572510e-01 1.856810227036476135e-02 2.275753067806363106e-03 -4.446037113666534424e-03
4.292827248573303223e-01 2.136573344469070435e-01 2.186832251027226448e-03 -2.964100539684295654e-01
4.335558712482452393e-01 1.850428432226181030e-02 -3.741369117051362991e-03 -3.038253402337431908e-03
4.339259564876556396e-01 -1.765638142824172974e-01 -3.802134189754724503e-03 2.884618937969207764e-01
4.303946793079376221e-01 1.861215196549892426e-02 1.967103453353047371e-03 -5.417772568762302399e-03
4.307669401168823242e-01 2.137058377265930176e-01 1.858748146332800388e-03 -2.974793910980224609e-01
4.350410401821136475e-01 1.855743862688541412e-02 -4.090839996933937073e-03 -4.210841841995716095e-03
4.354121983051300049e-01 -1.765056103467941284e-01 -4.175056703388690948e-03 2.871785759925842285e-01
4.318820834159851074e-01 1.867563650012016296e-02 1.568514620885252953e-03 -6.818201858550310135e-03
4.322555959224700928e-01 2.137750536203384399e-01 1.432150602340698242e-03 -2.990058362483978271e-01
4.365310966968536377e-01 1.863272115588188171e-02 -4.547966178506612778e-03 -5.871574860066175461e-03
4.369037449359893799e-01 -1.764237135648727417e-01 -4.665397573262453079e-03 2.853729426860809326e-01
4.333752691745758057e-01 1.876446604728698730e-02 1.042061485350131989e-03 -8.777750656008720398e-03
4.337505698204040527e-01 2.138714641332626343e-01 8.665064815431833267e-04 -3.011317253112792969e-01
4.380280077457427979e-01 1.873716711997985840e-02 -5.156127735972404480e-03 -8.175632916390895844e-03
4.384027421474456787e-01 -1.763104647397994995e-01 -5.319640506058931351e-03 2.828760147094726562e-01
4.348765313625335693e-01 1.888696104288101196e-02 3.378800174687057734e-04 -1.147993374615907669e-02
4.352542757987976074e-01 2.140040695667266846e-01 1.082813469110988081e-04 -3.040562272071838379e-01
4.395343661308288574e-01 1.888057030737400055e-02 -5.972843151539564133e-03 -1.133916154503822327e-02
4.399119615554809570e-01 -1.761552095413208008e-01 -6.199626717716455460e-03 2.794533073902130127e-01
4.363888502120971680e-01 1.905462518334388733e-02 -6.105607608333230019e-04 -1.517851743847131729e-02
4.367699623107910156e-01 -1.760585606098175049e-01 -9.141310583800077438e-04 2.773117125034332275e-01
4.332487881183624268e-01 1.907641626894474030e-02 4.632103256881237030e-03 -1.565939560532569885e-02
4.336303174495697021e-01 2.141316384077072144e-01 4.318915307521820068e-03 -3.068772554397583008e-01
4.379129409790039062e-01 1.894840411841869354e-02 -1.818629796616733074e-03 -1.283538062125444412e-02
4.382919073104858398e-01 -1.761474162340164185e-01 -2.075337339192628860e-03 2.792731821537017822e-01
4.347689747810363770e-01 1.900407671928405762e-02 3.510126378387212753e-03 -1.406356785446405411e-02
4.351490437984466553e-01 2.140755206346511841e-01 3.228855086490511894e-03 -3.056369423866271973e-01
4.394305646419525146e-01 1.890769973397254944e-02 -2.883883891627192497e-03 -1.193746738135814667e-02
4.398086965084075928e-01 -1.761727780103683472e-01 -3.122633090242743492e-03 2.798341512680053711e-01
4.362852573394775391e-01 1.899358071386814117e-02 2.474050270393490791e-03 -1.383199356496334076e-02
4.366651177406311035e-01 2.140799611806869507e-01 2.197410212829709053e-03 -3.057332932949066162e-01
4.409467279911041260e-01 1.892676763236522675e-02 -3.917255904525518417e-03 -1.235817745327949524e-02
4.413252472877502441e-01 -1.761387884616851807e-01 -4.164419136941432953e-03 2.790862321853637695e-01
4.378024935722351074e-01 1.904232427477836609e-02 1.417305436916649342e-03 -1.490722410380840302e-02
4.381833374500274658e-01 2.141439169645309448e-01 1.119161024689674377e-03 -3.071426451206207275e-01
4.424661993980407715e-01 1.900603994727134705e-02 -5.023691803216934204e-03 -1.410696655511856079e-02
4.428463280200958252e-01 -1.760435104370117188e-01 -5.305830854922533035e-03 2.769866883754730225e-01
4.393254518508911133e-01 1.915373839437961578e-02 2.339029742870479822e-04 -1.736494898796081543e-02
4.397085309028625488e-01 -1.759715676307678223e-01 -1.133960176957771182e-04 2.753917574882507324e-01
4.361891150474548340e-01 1.915200240910053253e-02 5.394439212977886200e-03 -1.732692308723926544e-02
4.365721344947814941e-01 2.141961753368377686e-01 5.047901067882776260e-03 -3.083029687404632568e-01
4.408560693264007568e-01 1.900266483426094055e-02 -1.118158572353422642e-03 -1.403235644102096558e-02
4.412361085414886475e-01 -1.761032342910766602e-01 -1.398805645294487476e-03 2.782975733280181885e-01
4.377140700817108154e-01 1.903864555060863495e-02 4.167145583778619766e-03 -1.482621114701032639e-02
4.380948245525360107e-01 2.141005843877792358e-01 3.870621556416153908e-03 -3.061914443969726562e-01
4.423768520355224609e-01 1.892369426786899567e-02 -2.253207378089427948e-03 -1.229033991694450378e-02
4.427553117275238037e-01 -1.761658638715744019e-01 -2.499014372006058693e-03 2.796808183193206787e-01
4.392319917678833008e-01 1.899163983762264252e-02 3.094602143391966820e-03 -1.378923933953046799e-02
4.396118223667144775e-01 2.140690684318542480e-01 2.818817272782325745e-03 -3.054941892623901367e-01
4.438932240009307861e-01 1.890706829726696014e-02 -3.291066270321607590e-03 -1.192359998822212219e-02
4.442713558673858643e-01 -1.761675328016281128e-01 -3.529538167640566826e-03 2.797191441059112549e-01
4.407480061054229736e-01 1.900459080934524536e-02 2.064844593405723572e-03 -1.407490018755197525e-02
4.411281049251556396e-01 2.140968739986419678e-01 1.783346640877425671e-03 -3.061056435108184814e-01
4.454100430011749268e-01 1.894955150783061981e-02 -4.338765982538461685e-03 -1.286081317812204361e-02
4.457890093326568604e-01 -1.761099100112915039e-01 -4.595982376486063004e-03 2.784500420093536377e-01
4.422668218612670898e-01 1.907730475068092346e-02 9.730184101499617100e-04 -1.567891426384449005e-02
4.426483809947967529e-01 2.141852825880050659e-01 6.594401202164590359e-04 -3.080546855926513672e-01
4.469320774078369141e-01 1.905394718050956726e-02 -5.501653533428907394e-03 -1.516385935246944427e-02
4.473131597042083740e-01 -1.759886741638183594e-01 -5.804930813610553741e-03 2.757781744003295898e-01
4.437933862209320068e-01 1.921561546623706818e-02 -2.893673663493245840e-04 -1.872997358441352844e-02
4.441776871681213379e-01 -1.759021878242492676e-01 -6.639668717980384827e-04 2.738616466522216797e-01
4.406596422195434570e-01 1.922923326492309570e-02 4.813265986740589142e-03 -1.903062872588634491e-02
4.410442411899566650e-01 2.142818272113800049e-01 4.432653542608022690e-03 -3.101910352706909180e-01
4.453298747539520264e-01 1.909700408577919006e-02 -1.771167386323213577e-03 -1.611348055303096771e-02
4.457118213176727295e-01 -1.759995073080062866e-01 -2.093436894938349724e-03 2.760100960731506348e-01
4.421918094158172607e-01 1.915225386619567871e-02 3.426764858886599541e-03 -1.733236573636531830e-02
4.425748586654663086e-01 2.142248898744583130e-01 3.080117516219615936e-03 -3.089321553707122803e-01
4.468593597412109375e-01 1.905919238924980164e-02 -3.098525106906890869e-03 -1.527942344546318054e-02
4.472405612468719482e-01 -1.760181933641433716e-01 -3.404113696888089180e-03 2.764242589473724365e-01
4.437201917171478271e-01 1.915216632187366486e-02 2.124371705576777458e-03 -1.733036525547504425e-02
4.441032409667968750e-01 2.142435908317565918e-01 1.777764526195824146e-03 -3.093422651290893555e-01
4.483880996704101562e-01 1.909635029733181000e-02 -4.409080836921930313e-03 -1.609921827912330627e-02
4.487700164318084717e-01 -1.759620904922485352e-01 -4.731065127998590469e-03 2.751893401145935059e-01
4.452507793903350830e-01 1.922703906893730164e-02 7.727214251644909382e-04 -1.898201182484626770e-02
4.456353187561035156e-01 2.143379002809524536e-01 3.930811944883316755e-04 -3.114210367202758789e-01
4.499220848083496094e-01 1.921035163104534149e-02 -5.835339426994323730e-03 -1.861416921019554138e-02
4.503062963485717773e-01 -1.758274286985397339e-01 -6.207623053342103958e-03 2.722219526767730713e-01
4.467897415161132812e-01 1.938254572451114655e-02 -7.631840417161583900e-04 -2.241240814328193665e-02
4.471773803234100342e-01 -1.757284551858901978e-01 -1.211432158015668392e-03 2.700296342372894287e-01
4.436628222465515137e-01 1.941076479852199554e-02 4.189160186797380447e-03 -2.303514629602432251e-02
4.440510272979736328e-01 2.144723832607269287e-01 3.728457493707537651e-03 -3.143934011459350586e-01
4.483404755592346191e-01 1.929752528667449951e-02 -2.559410640969872475e-03 -2.053698152303695679e-02
4.487264454364776611e-01 -1.757876276969909668e-01 -2.970150206238031387e-03 2.713373303413391113e-01
4.452106952667236328e-01 1.937657967209815979e-02 2.456596121191978455e-03 -2.228091843426227570e-02
4.455982148647308350e-01 2.144632190465927124e-01 2.010977827012538910e-03 -3.141877353191375732e-01
4.498874843120574951e-01 1.931267604231834412e-02 -4.272777121514081955e-03 -2.087130397558212280e-02
4.502737224102020264e-01 -1.757477372884750366e-01 -4.690203350037336349e-03 2.704604566097259521e-01
4.467587769031524658e-01 1.944082602858543396e-02 7.190058240666985512e-04 -2.369808778166770935e-02
4.471476078033447266e-01 -1.756914258003234863e-01 2.450440661050379276e-04 2.692116200923919678e-01
4.436337649822235107e-01 1.942702382802963257e-02 5.629276391118764877e-03 -2.339402213692665100e-02
4.440222978591918945e-01 2.144677937030792236e-01 5.161395762115716934e-03 -3.142955601215362549e-01
4.483116567134857178e-01 1.927270181477069855e-02 -1.124515198171138763e-03 -1.998936012387275696e-02
4.486971199512481689e-01 -1.758331060409545898e-01 -1.524302409961819649e-03 2.723385691642761230e-01
4.451804459095001221e-01 1.931056380271911621e-02 3.922468516975641251e-03 -2.082475088536739349e-02
4.455666542053222656e-01 2.143760472536087036e-01 3.505973611027002335e-03 -3.122675120830535889e-01
4.498541951179504395e-01 1.920432038605213165e-02 -2.739376621320843697e-03 -1.848097890615463257e-02
4.502382874488830566e-01 -1.758782416582107544e-01 -3.108996199443936348e-03 2.733363807201385498e-01
4.467207193374633789e-01 1.928793638944625854e-02 2.357731573283672333e-03 -2.032550424337387085e-02
4.471064805984497070e-01 2.143760025501251221e-01 1.951221493072807789e-03 -3.122636079788208008e-01
4.513939917087554932e-01 1.922630146145820618e-02 -4.294050857424736023e-03 -1.896596327424049377e-02
4.517785012722015381e-01 -1.758338063955307007e-01 -4.673370160162448883e-03 2.723590433597564697e-01
4.482618272304534912e-01 1.935451664030551910e-02 7.738110725767910480e-04 -2.179419994354248047e-02
4.486489295959472656e-01 2.144653648138046265e-01 3.379270492587238550e-04 -3.142328858375549316e-01
4.529382288455963135e-01 1.933859847486019135e-02 -5.946730729192495346e-03 -2.144340239465236664e-02
4.533250033855438232e-01 -1.756975650787353516e-01 -6.375598721206188202e-03 2.693573534488677979e-01
4.498110711574554443e-01 1.951478607952594757e-02 -9.884516475722193718e-04 -2.532964386045932770e-02
4.502013623714447021e-01 -1.755929738283157349e-01 -1.495044562034308910e-03 2.670412659645080566e-01
4.466894865036010742e-01 1.955027878284454346e-02 3.845780389383435249e-03 -2.611284889280796051e-02
4.470804929733276367e-01 2.146168649196624756e-01 3.323523560538887978e-03 -3.175799250602722168e-01
4.513728320598602295e-01 1.944773830473423004e-02 -3.028074745088815689e-03 -2.385072037577629089e-02
4.517617821693420410e-01 -1.756306588649749756e-01 -3.505089087411761284e-03 2.678752839565277100e-01
4.482491910457611084e-01 1.954114064574241638e-02 1.852416433393955231e-03 -2.591111324727535248e-02
4.486399888992309570e-01 2.146364748477935791e-01 1.334194093942642212e-03 -3.180090188980102539e-01
4.529327154159545898e-01 1.949555054306983948e-02 -5.025986116379499435e-03 -2.490562200546264648e-02
4.533226490020751953e-01 -1.755539625883102417e-01 -5.524098407477140427e-03 2.661873102188110352e-01
4.498115479946136475e-01 1.964639127254486084e-02 -2.003520203288644552e-04 -2.823282033205032349e-02
4.502044916152954102e-01 -1.754726916551589966e-01 -7.650084444321691990e-04 2.643868923187255859e-01
4.466950297355651855e-01 1.966017484664916992e-02 4.522729199379682541e-03 -2.853723429143428802e-02
4.470882415771484375e-01 2.147169709205627441e-01 3.951984457671642303e-03 -3.197897672653198242e-01
4.513825774192810059e-01 1.953896507620811462e-02 -2.443810692057013512e-03 -2.586315572261810303e-02
4.517733454704284668e-01 -1.755478531122207642e-01 -2.961073769256472588e-03 2.660477161407470703e-01
4.482623934745788574e-01 1.961623318493366241e-02 2.359880600124597549e-03 -2.756768092513084412e-02
4.486547112464904785e-01 2.147042602300643921e-01 1.808526925742626190e-03 -3.195050954818725586e-01
4.529488086700439453e-01 1.955660060048103333e-02 -4.581575281918048859e-03 -2.625238709151744843e-02
4.533399343490600586e-01 -1.754993498325347900e-01 -5.106622818857431412e-03 2.649814784526824951e-01
4.498299658298492432e-01 1.969511620700359344e-02 1.930068101501092315e-04 -2.930773235857486725e-02
4.502238631248474121e-01 -1.754295974969863892e-01 -3.931478131562471390e-04 2.634360790252685547e-01
4.467152655124664307e-01 1.969795860350131989e-02 4.875573795288801193e-03 -2.937081828713417053e-02
4.471092224121093750e-01 2.147496491670608521e-01 4.288157448172569275e-03 -3.205114603042602539e-01
4.514042139053344727e-01 1.956689544022083282e-02 -2.122071804478764534e-03 -2.647931315004825592e-02
4.517955482006072998e-01 -1.755245625972747803e-01 -2.651658141985535622e-03 2.655333280563354492e-01
4.482850730419158936e-01 1.963513903319835663e-02 2.659008372575044632e-03 -2.798478119075298309e-02
4.486777782440185547e-01 2.147188633680343628e-01 2.099312609061598778e-03 -3.198275864124298096e-01
4.529721438884735107e-01 1.956707052886486053e-02 -4.297238774597644806e-03 -2.648334577679634094e-02
4.533634781837463379e-01 -1.754929870367050171e-01 -4.826905671507120132e-03 2.648406624794006348e-01
4.498536288738250732e-01 1.969752088189125061e-02 4.699075070675462484e-04 -2.936079911887645721e-02
4.502475857734680176e-01 -1.754311621189117432e-01 -1.173084529000334442e-04 2.634703516960144043e-01
4.467389583587646484e-01 1.969245821237564087e-02 5.152098368853330612e-03 -2.924957312643527985e-02
4.471327960491180420e-01 2.147401422262191772e-01 4.567107185721397400e-03 -3.203025162220001221e-01
4.514276087284088135e-01 1.955345459282398224e-02 -1.838943106122314930e-03 -2.618280053138732910e-02
4.518186748027801514e-01 -1.755420714616775513e-01 -2.362599130719900131e-03 2.659193575382232666e-01
4.483078420162200928e-01 1.961351372301578522e-02 2.955787815153598785e-03 -2.750782109797000885e-02
4.487001001834869385e-01 2.146929502487182617e-01 2.405631355941295624e-03 -3.192566931247711182e-01
4.529939591884613037e-01 1.953682303428649902e-02 -3.979502711445093155e-03 -2.581609971821308136e-02
4.533846974372863770e-01 -1.755278259515762329e-01 -4.495824687182903290e-03 2.656086087226867676e-01
4.498741328716278076e-01 1.965799555182456970e-02 8.163474267348647118e-04 -2.848895452916622162e-02
4.502673149108886719e-01 -1.754756569862365723e-01 2.465683210175484419e-04 2.644514143466949463e-01
4.467577934265136719e-01 1.964277774095535278e-02 5.535596981644630432e-03 -2.815371938049793243e-02
4.471506476402282715e-01 2.146849036216735840e-01 4.972522612661123276e-03 -3.190849721431732178e-01
4.514443576335906982e-01 1.949249394237995148e-02 -1.409177086316049099e-03 -2.483805641531944275e-02
4.518342018127441406e-01 -1.756092160940170288e-01 -1.905938144773244858e-03 2.673999369144439697e-01
4.483219981193542480e-01 1.953987963497638702e-02 3.442060435190796852e-03 -2.588353864848613739e-02
4.487127959728240967e-01 2.146123051643371582e-01 2.924389671534299850e-03 -3.174784779548645020e-01
4.530050456523895264e-01 1.944881863892078400e-02 -3.425179747864603996e-03 -2.387473173439502716e-02
4.533940255641937256e-01 -1.756238490343093872e-01 -3.902674419805407524e-03 2.677255570888519287e-01
4.498815536499023438e-01 1.955358497798442841e-02 1.451836433261632919e-03 -2.618575282394886017e-02
4.502726197242736816e-01 2.146546840667724609e-01 9.281214443035423756e-04 -3.184102475643157959e-01
4.545657038688659668e-01 1.951952837407588959e-02 -5.440083798021078110e-03 -2.543477714061737061e-02
4.549561142921447754e-01 -1.755239814519882202e-01 -5.948779173195362091e-03 2.655268013477325439e-01
4.514456391334533691e-01 1.968236081302165985e-02 -6.382434512488543987e-04 -2.902648411691188812e-02
4.518392682075500488e-01 -1.754304319620132446e-01 -1.218773075379431248e-03 2.634550034999847412e-01
4.483306705951690674e-01 1.970889605581760406e-02 4.050326999276876450e-03 -2.961208857595920563e-02
4.487248361110687256e-01 2.147725224494934082e-01 3.458085237070918083e-03 -3.210143446922302246e-01
4.530203044414520264e-01 1.960150338709354401e-02 -2.962201833724975586e-03 -2.724288217723369598e-02
4.534123241901397705e-01 -1.754778474569320679e-01 -3.507059300318360329e-03 2.645039558410644531e-01
4.499027729034423828e-01 1.969398930668830872e-02 1.783019979484379292e-03 -2.928305417299270630e-02
4.502966403961181641e-01 -1.754534840583801270e-01 1.197358826175332069e-03 2.639619112014770508e-01
4.467875659465789795e-01 1.965135335922241211e-02 6.476596929132938385e-03 -2.834312617778778076e-02
4.471805989742279053e-01 2.146798372268676758e-01 5.909734405577182770e-03 -3.189755976200103760e-01
4.514741897583007812e-01 1.947421208024024963e-02 -4.697776457760483027e-04 -2.443483285605907440e-02
4.518636763095855713e-01 -1.756410002708435059e-01 -9.584742947481572628e-04 2.680998444557189941e-01
4.483508765697479248e-01 1.949461735785007477e-02 4.403522238135337830e-03 -2.488524653017520905e-02
4.487407505512237549e-01 2.145531475543975830e-01 3.905817400664091110e-03 -3.161755800247192383e-01
4.530318081378936768e-01 1.937577500939369202e-02 -2.417693845927715302e-03 -2.226344123482704163e-02
4.534193277359008789e-01 -1.757114231586456299e-01 -2.862962661311030388e-03 2.696557044982910156e-01
4.499050974845886230e-01 1.945126987993717194e-02 2.530151279643177986e-03 -2.392884902656078339e-02
4.502941370010375977e-01 2.145368456840515137e-01 2.051574410870671272e-03 -3.158124089241027832e-01
4.545848667621612549e-01 1.938573084771633148e-02 -4.264673683792352676e-03 -2.248319424688816071e-02
4.549725949764251709e-01 -1.756747961044311523e-01 -4.714337643235921860e-03 2.688511312007904053e-01
4.514590799808502197e-01 1.951410993933677673e-02 6.626849062740802765e-04 -2.531498856842517853e-02
4.518493711948394775e-01 2.146265506744384766e-01 1.563851401442661881e-04 -3.177887499332427979e-01
4.561418890953063965e-01 1.950237341225147247e-02 -6.199390161782503128e-03 -2.505651675164699554e-02
4.565319418907165527e-01 -1.755301207304000854e-01 -6.700520403683185577e-03 2.656640112400054932e-01
4.530213475227355957e-01 1.968681253492832184e-02 -1.387240248732268810e-03 -2.912477217614650726e-02
4.534150958061218262e-01 -1.754152178764343262e-01 -1.969735603779554367e-03 2.631201446056365967e-01
4.499067664146423340e-01 1.973479427397251129e-02 3.292667213827371597e-03 -3.018340840935707092e-02
4.503014683723449707e-01 2.148093730211257935e-01 2.688999054953455925e-03 -3.218256533145904541e-01
4.545976519584655762e-01 1.964923180639743805e-02 -3.747513983398675919e-03 -2.829593047499656677e-02
4.549906551837921143e-01 -1.754187792539596558e-01 -4.313432611525058746e-03 2.632022500038146973e-01
4.514822661876678467e-01 1.976447738707065582e-02 9.506127098575234413e-04 -3.083804063498973846e-02
4.518775641918182373e-01 -1.753710955381393433e-01 3.338518727105110884e-04 2.621446549892425537e-01
4.483701288700103760e-01 1.974609121680259705e-02 5.576745141297578812e-03 -3.043294325470924377e-02
4.487650692462921143e-01 2.147876322269439697e-01 4.968086257576942444e-03 -3.213511407375335693e-01
4.530608057975769043e-01 1.959528028964996338e-02 -1.458936603739857674e-03 -2.710562571883201599e-02
4.534527063369750977e-01 -1.755057126283645630e-01 -2.001048997044563293e-03 2.651166319847106934e-01
4.499426186084747314e-01 1.964473538100719452e-02 3.301283577457070351e-03 -2.819677069783210754e-02
4.503355026245117188e-01 2.147191911935806274e-01 2.737348200753331184e-03 -3.198362886905670166e-01
4.546298980712890625e-01 1.955836080014705658e-02 -3.659377340227365494e-03 -2.629135549068450928e-02
4.550210535526275635e-01 -1.755109280347824097e-01 -4.185204394161701202e-03 2.652347683906555176e-01
4.515108466148376465e-01 1.967051438987255096e-02 1.119490596465766430e-03 -2.876527979969978333e-02
4.519042372703552246e-01 -1.754674762487411499e-01 5.441849934868514538e-04 2.642706334590911865e-01
4.483948945999145508e-01 1.964670605957508087e-02 5.829597823321819305e-03 -2.824058756232261658e-02
4.487878382205963135e-01 2.146845757961273193e-01 5.264786072075366974e-03 -3.190785348415374756e-01
4.530815184116363525e-01 1.948803849518299103e-02 -1.116784405894577503e-03 -2.473993971943855286e-02
4.534712731838226318e-01 -1.756178736686706543e-01 -1.611583167687058449e-03 2.675904333591461182e-01
