-1.042023114860057831e-02 -4.418399557471275330e-02 4.000320658087730408e-02 3.369495645165443420e-02
-1.130391098558902740e-02 1.503421366214752197e-01 4.067710414528846741e-02 -2.461030036211013794e-01
-8.297068066895008087e-03 -4.533645510673522949e-02 3.575504571199417114e-02 5.912786349654197693e-02
-9.203797206282615662e-03 1.492550820112228394e-01 3.693760186433792114e-02 -2.220631390810012817e-01
-6.218695547431707382e-03 -4.637482762336730957e-02 3.249634057283401489e-02 8.203875273466110229e-02
-7.146192248910665512e-03 1.482665836811065674e-01 3.413711488246917725e-02 -2.002169787883758545e-01
-4.180860240012407303e-03 -4.732655733823776245e-02 3.013277612626552582e-02 1.030361577868461609e-01
-5.127391777932643890e-03 1.473508924245834351e-01 3.219350054860115051e-02 -1.799897551536560059e-01
-2.180373761802911758e-03 -4.821659997105598450e-02 2.859370410442352295e-02 1.226727366447448730e-01
-3.144705668091773987e-03 1.464842706918716431e-01 3.104715794324874878e-02 -1.608537882566452026e-01
-2.150203072233125567e-04 3.411483168601989746e-01 2.783008292317390442e-02 -4.435827136039733887e-01
6.607946008443832397e-03 1.456438601016998291e-01 1.895842887461185455e-02 -1.422586143016815186e-01
9.520823135972023010e-03 -4.974440857768058777e-02 1.611325517296791077e-02 1.563445478677749634e-01
8.525935001671314240e-03 1.451431810855865479e-01 1.924014650285243988e-02 -1.312117874622344971e-01
1.142879854887723923e-02 -5.024902522563934326e-02 1.661591045558452606e-02 1.674785315990447998e-01
1.042381767183542252e-02 1.446311920881271362e-01 1.996548101305961609e-02 -1.199165955185890198e-01
1.331644132733345032e-02 -5.077103897929191589e-02 1.756715029478073120e-02 1.789977997541427612e-01
1.230102125555276871e-02 1.440951824188232422e-01 2.114710584282875061e-02 -1.080919429659843445e-01
1.518292445689439774e-02 -5.132333189249038696e-02 1.898526772856712341e-02 1.911870539188385010e-01
1.415645796805620193e-02 1.435219496488571167e-01 2.280900813639163971e-02 -9.544685482978820801e-02
1.702689751982688904e-02 3.383096754550933838e-01 2.090007066726684570e-02 -3.808471858501434326e-01
2.379309013485908508e-02 1.428972929716110229e-01 1.328312698751688004e-02 -8.164843916893005371e-02
2.665103599429130554e-02 -5.241253226995468140e-02 1.165015809237957001e-02 2.151955664157867432e-01
2.560278587043285370e-02 1.425409466028213501e-01 1.595406979322433472e-02 -7.378973066806793213e-02
2.845360524952411652e-02 -5.280604958534240723e-02 1.447827462106943130e-02 2.238837629556655884e-01
2.739748358726501465e-02 1.421060115098953247e-01 1.895594969391822815e-02 -6.419721245765686035e-02
3.023960441350936890e-02 3.369511365890502930e-01 1.767200604081153870e-02 -3.508396744728088379e-01
3.697862476110458374e-02 1.415823698043823242e-01 1.065521314740180969e-02 -5.263698846101760864e-02
3.981027379631996155e-02 -5.369073152542114258e-02 9.602473117411136627e-03 2.433886080980300903e-01
3.873645886778831482e-02 1.412927508354187012e-01 1.447024568915367126e-02 -4.625005275011062622e-02
4.156231507658958435e-02 -5.403367057442665100e-02 1.354524400085210800e-02 2.509630024433135986e-01
4.048164188861846924e-02 1.408922672271728516e-01 1.856450363993644714e-02 -3.741688281297683716e-02
4.329948499798774719e-02 3.357431292533874512e-01 1.781616732478141785e-02 -3.241851925849914551e-01
5.001435056328773499e-02 1.403720974922180176e-01 1.133246254175901413e-02 -2.593746036291122437e-02
5.282178893685340881e-02 -5.491051822900772095e-02 1.081371400505304337e-02 2.702993452548980713e-01
5.172358080744743347e-02 1.400554627180099487e-01 1.621969975531101227e-02 -1.895337179303169250e-02
5.452468991279602051e-02 3.349410891532897949e-01 1.584063284099102020e-02 -3.064749836921691895e-01
6.122351065278053284e-02 1.395970433950424194e-01 9.711133316159248352e-03 -8.838715963065624237e-03
6.401545554399490356e-02 -5.566282570362091064e-02 9.534358978271484375e-03 2.868922948837280273e-01
6.290219724178314209e-02 1.393218636512756348e-01 1.527220476418733597e-02 -2.768383361399173737e-03
6.568863242864608765e-02 3.342215120792388916e-01 1.521683763712644577e-02 -2.905938923358917236e-01
7.237306237220764160e-02 1.388859152793884277e-01 9.404959157109260559e-03 6.849147845059633255e-03
7.515078037977218628e-02 3.338717222213745117e-01 9.541942737996578217e-03 -2.828516364097595215e-01
8.182821422815322876e-02 1.386149823665618896e-01 3.884910140186548233e-03 1.282544527202844620e-02
8.460051566362380981e-02 -5.656246095895767212e-02 4.141418728977441788e-03 3.067315816879272461e-01
8.346926420927047729e-02 1.385002285242080688e-01 1.027605030685663223e-02 1.535761356353759766e-02
8.623927086591720581e-02 3.334733247756958008e-01 1.058320235460996628e-02 -2.740654647350311279e-01
9.290874004364013672e-02 1.382019668817520142e-01 5.101893562823534012e-03 2.193654887378215790e-02
9.567277878522872925e-02 -5.699276924133300781e-02 5.540624260902404785e-03 3.162248134613037109e-01
9.453292191028594971e-02 1.380498260259628296e-01 1.186512038111686707e-02 2.529433928430080414e-02
9.729392081499099731e-02 3.329996168613433838e-01 1.237100735306739807e-02 -2.636215090751647949e-01
1.039539128541946411e-01 1.377032995223999023e-01 7.098576985299587250e-03 3.293753787875175476e-02
1.067079752683639526e-01 3.327227532863616943e-01 7.757327519357204437e-03 -2.574972808361053467e-01
1.133624315261840820e-01 1.374908983707427979e-01 2.607381902635097504e-03 3.762228786945343018e-02
1.161122471094131470e-01 3.325753808021545410e-01 3.359827678650617599e-03 -2.542368471622467041e-01
1.227637603878974915e-01 1.374056041240692139e-01 -1.724909176118671894e-03 3.950393572449684143e-02
1.255118697881698608e-01 3.325522541999816895e-01 -9.348305175080895424e-04 -2.537227272987365723e-01
1.321629136800765991e-01 1.374436616897583008e-01 -6.009284872561693192e-03 3.866520151495933533e-02
1.349117904901504517e-01 -5.759160593152046204e-02 -5.235980730503797531e-03 3.294461071491241455e-01
1.337599605321884155e-01 1.376044899225234985e-01 1.352941035293042660e-03 3.511659428477287292e-02
1.365120410919189453e-01 3.327070176601409912e-01 2.055272925645112991e-03 -2.571391463279724121e-01
1.431661844253540039e-01 1.375557780265808105e-01 -3.087510121986269951e-03 3.619132563471794128e-02
1.459172964096069336e-01 3.327218592166900635e-01 -2.363683655858039856e-03 -2.574641406536102295e-01
1.525717377662658691e-01 1.376337409019470215e-01 -7.512966636568307877e-03 3.447230532765388489e-02
1.553244143724441528e-01 -5.737966671586036682e-02 -6.823520641773939133e-03 3.247753679752349854e-01
1.541768163442611694e-01 1.378387659788131714e-01 -3.280128876212984324e-04 2.994843386113643646e-02
1.569335907697677612e-01 3.329654335975646973e-01 2.709557884372770786e-04 -2.628379762172698975e-01
1.635929048061370850e-01 1.378396004438400269e-01 -4.985803738236427307e-03 2.993041090667247772e-02
1.663496941328048706e-01 3.330326974391937256e-01 -4.387195222079753876e-03 -2.643214166164398193e-01
1.730103492736816406e-01 1.379736512899398804e-01 -9.673623368144035339e-03 2.697452716529369354e-02
1.757698208093643188e-01 -5.700825527310371399e-02 -9.134133346378803253e-03 3.165896832942962646e-01
1.746296584606170654e-01 1.382426023483276367e-01 -2.802339149639010429e-03 2.104022540152072906e-02
1.773945093154907227e-01 3.334046304225921631e-01 -2.381534781306982040e-03 -2.725255489349365234e-01
1.840626001358032227e-01 1.383167356252670288e-01 -7.832045666873455048e-03 1.940527930855751038e-02
1.868289411067962646e-01 -5.669201910495758057e-02 -7.443940266966819763e-03 3.096068501472473145e-01
1.856950968503952026e-01 1.385352015495300293e-01 -1.251803245395421982e-03 1.458564028143882751e-02
1.884658038616180420e-01 3.336750864982604980e-01 -9.600903722457587719e-04 -2.784919738769531250e-01
1.951393038034439087e-01 1.385668367147445679e-01 -6.529930047690868378e-03 1.388797909021377563e-02
1.979106366634368896e-01 3.337818384170532227e-01 -6.252170540392398834e-03 -2.808480560779571533e-01
2.045862823724746704e-01 1.387496143579483032e-01 -1.186913158744573593e-02 9.856428951025009155e-03
2.073612660169601440e-01 -5.620012432336807251e-02 -1.167200319468975067e-02 2.987709939479827881e-01
2.062372714281082153e-01 1.390862464904785156e-01 -5.696583073586225510e-03 2.429908839985728264e-03
2.090189903974533081e-01 -5.595355108380317688e-02 -5.647984798997640610e-03 2.933100759983062744e-01
2.078999131917953491e-01 1.392484754323959351e-01 2.182166208513081074e-04 -1.148794428445398808e-03
2.106848955154418945e-01 3.343672752380371094e-01 1.952407328644767404e-04 -2.937628626823425293e-01
2.173722386360168457e-01 1.392425596714019775e-01 -5.680016707628965378e-03 -1.018366659991443157e-03
2.201570868492126465e-01 -5.579747632145881653e-02 -5.700383801013231277e-03 2.898670434951782227e-01
2.190411388874053955e-01 1.394052952527999878e-01 9.695707558421418071e-05 -4.608253948390483856e-03
2.218292355537414551e-01 3.345258533954620361e-01 4.791996616404503584e-06 -2.972605824470520020e-01
2.285197526216506958e-01 1.394038349390029907e-01 -5.940419621765613556e-03 -4.576149862259626389e-03
2.313078343868255615e-01 3.346104621887207031e-01 -6.031942553818225861e-03 -2.991274297237396240e-01
2.380000501871109009e-01 1.395750194787979126e-01 -1.201449148356914520e-02 -8.352938108146190643e-03
2.407915443181991577e-01 -5.537258461117744446e-02 -1.218155026435852051e-02 2.805151939392089844e-01
2.396840900182723999e-01 1.399209946393966675e-01 -6.571245845407247543e-03 -1.598473452031612396e-02
2.424825131893157959e-01 -5.510610342025756836e-02 -6.890940945595502853e-03 2.746176719665527344e-01
2.413803935050964355e-01 1.401134878396987915e-01 -1.398587482981383801e-03 -2.023068629205226898e-02
2.441826611757278442e-01 3.352554738521575928e-01 -1.803201157599687576e-03 -3.133545517921447754e-01
2.508877813816070557e-01 1.401592493057250977e-01 -8.070291951298713684e-03 -2.124084718525409698e-02
2.536909580230712891e-01 -5.484604090452194214e-02 -8.495109155774116516e-03 2.688849270343780518e-01
2.525940239429473877e-01 1.403961032629013062e-01 -3.117410698905587196e-03 -2.646526321768760681e-02
2.554019689559936523e-01 3.355626165866851807e-01 -3.646716009825468063e-03 -3.201301395893096924e-01
2.621132135391235352e-01 1.404927968978881836e-01 -1.004931889474391937e-02 -2.859947085380554199e-02
2.649230659008026123e-01 -5.448361113667488098e-02 -1.062130834907293320e-02 2.608959078788757324e-01
2.638334035873413086e-01 1.407883316278457642e-01 -5.403389688581228256e-03 -3.511808440089225769e-02
2.666491568088531494e-01 -5.425571277737617493e-02 -6.105751264840364456e-03 2.558551430702209473e-01
2.655640542507171631e-01 1.409528851509094238e-01 -9.886488551273941994e-04 -3.874738141894340515e-02
2.683831155300140381e-01 3.360889852046966553e-01 -1.763596432283520699e-03 -3.317420780658721924e-01
2.751048803329467773e-01 1.409921944141387939e-01 -8.398437872529029846e-03 -3.961581736803054810e-02
2.779247164726257324e-01 -5.400832742452621460e-02 -9.190754033625125885e-03 2.504055202007293701e-01
2.768445611000061035e-01 1.412436515092849731e-01 -4.182643722742795944e-03 -4.516211897134780884e-02
2.796694338321685791e-01 -5.381806939840316772e-02 -5.085885990411043167e-03 2.461982220411300659e-01
2.785930633544921875e-01 1.413761526346206665e-01 -1.619216782273724675e-04 -4.808456823229789734e-02
2.814205884933471680e-01 3.365004360675811768e-01 -1.123613095842301846e-03 -3.408185839653015137e-01
2.881506085395812988e-01 1.413944810628890991e-01 -7.939985021948814392e-03 -4.849018529057502747e-02
2.909784913063049316e-01 -5.361272767186164856e-02 -8.909787982702255249e-03 2.416770607233047485e-01
2.899062335491180420e-01 1.416353583335876465e-01 -4.076247103512287140e-03 -5.380287393927574158e-02
2.927389442920684814e-01 -5.342791229486465454e-02 -5.152304656803607941e-03 2.375911772251129150e-01
2.916703820228576660e-01 1.417672634124755859e-01 -4.004809015896171331e-04 -5.671247094869613647e-02
2.945057451725006104e-01 3.368949592113494873e-01 -1.534730312414467335e-03 -3.495217263698577881e-01
3.012436330318450928e-01 1.417948752641677856e-01 -8.525164797902107239e-03 -5.732314661145210266e-02
3.040795326232910156e-01 -5.320381745696067810e-02 -9.671627543866634369e-03 2.326578795909881592e-01
3.030154407024383545e-01 1.420549899339675903e-01 -5.018469877541065216e-03 -6.306003034114837646e-02
3.058565557003021240e-01 -5.299465730786323547e-02 -6.279670633375644684e-03 2.280353158712387085e-01
3.047966659069061279e-01 1.422164738178253174e-01 -1.718964311294257641e-03 -6.662181019783020020e-02
3.076409995555877686e-01 -5.288079380989074707e-02 -3.051400417461991310e-03 2.255182862281799316e-01
3.065833747386932373e-01 1.422846317291259766e-01 1.458965125493705273e-03 -6.812561303377151489e-02
3.094290792942047119e-01 3.373856246471405029e-01 9.645290265325456858e-05 -3.603478670120239258e-01
3.161767721176147461e-01 1.422623097896575928e-01 -7.110504433512687683e-03 -6.763453036546707153e-02
3.190220296382904053e-01 -5.275697261095046997e-02 -8.463194593787193298e-03 2.227965444326400757e-01
3.179668784141540527e-01 1.424849182367324829e-01 -4.007264040410518646e-03 -7.254394888877868652e-02
3.208165764808654785e-01 -5.257935822010040283e-02 -5.458143074065446854e-03 2.188719809055328369e-01
3.197650015354156494e-01 1.426201909780502319e-01 -1.080703805200755596e-03 -7.552766799926757812e-02
3.226174116134643555e-01 -5.248625576496124268e-02 -2.591257216408848763e-03 2.168141007423400879e-01
3.215676844120025635e-01 1.426726430654525757e-01 1.745024812407791615e-03 -7.668510079383850098e-02
3.244211375713348389e-01 3.377695381641387939e-01 2.113227819791063666e-04 -3.688169419765472412e-01
3.311765193939208984e-01 1.426445841789245605e-01 -7.165016140788793564e-03 -7.606740295886993408e-02
3.340294063091278076e-01 -5.237392336130142212e-02 -8.686364628374576569e-03 2.143463492393493652e-01
3.329819440841674805e-01 1.428711265325546265e-01 -4.399437457323074341e-03 -8.106393367052078247e-02
3.358393609523773193e-01 -5.218748003244400024e-02 -6.020715925842523575e-03 2.102277129888534546e-01
3.347955942153930664e-01 1.430200338363647461e-01 -1.816161675378680229e-03 -8.434833586215972900e-02
3.376559913158416748e-01 -5.207583308219909668e-02 -3.503128420561552048e-03 2.077610343694686890e-01
3.366144895553588867e-01 1.430960297584533691e-01 6.520923925563693047e-04 -8.602488785982131958e-02
3.394764065742492676e-01 -5.203525722026824951e-02 -1.068405341356992722e-03 2.068637013435363770e-01
3.384357094764709473e-01 1.431019604206085205e-01 3.068868769332766533e-03 -8.615605533123016357e-02
3.412977457046508789e-01 3.381797969341278076e-01 1.345747616142034531e-03 -3.778691887855529785e-01
3.480613529682159424e-01 1.430387496948242188e-01 -6.211635656654834747e-03 -8.476223051548004150e-02
3.509221076965332031e-01 -5.199361592531204224e-02 -7.906880229711532593e-03 2.059544622898101807e-01
3.498822450637817383e-01 1.432405114173889160e-01 -3.787791356444358826e-03 -8.921217173337936401e-02
3.527470529079437256e-01 -5.182695016264915466e-02 -5.572034977376461029e-03 2.022733092308044434e-01
3.517104983329772949e-01 1.433742493391036987e-01 -1.526568667031824589e-03 -9.216210991144180298e-02
3.545779883861541748e-01 -5.172578990459442139e-02 -3.369810990989208221e-03 2.000387907028198242e-01
3.535434901714324951e-01 1.434441953897476196e-01 6.309648742899298668e-04 -9.370524436235427856e-02
3.564123511314392090e-01 3.385570943355560303e-01 -1.243140082806348801e-03 -3.861890435218811035e-01
3.631834983825683594e-01 1.434528082609176636e-01 -8.966920897364616394e-03 -9.389832615852355957e-02
3.660525679588317871e-01 -5.153947323560714722e-02 -1.084488723427057266e-02 1.959421038627624512e-01
3.650217652320861816e-01 1.437359154224395752e-01 -6.926045287400484085e-03 -1.001420766115188599e-01
3.678964972496032715e-01 -5.128609761595726013e-02 -8.928886614739894867e-03 1.903476864099502563e-01
3.668707609176635742e-01 1.439624428749084473e-01 -5.121932830661535263e-03 -1.051385179162025452e-01
3.697500228881835938e-01 -5.108573287725448608e-02 -7.224703207612037659e-03 1.859240680932998657e-01
3.687283098697662354e-01 1.441388428211212158e-01 -3.506222041323781013e-03 -1.090291887521743774e-01
3.716110885143280029e-01 -5.093269422650337219e-02 -5.686805583536624908e-03 1.825454831123352051e-01
3.705924153327941895e-01 1.442701667547225952e-01 -2.035896060988306999e-03 -1.119259819388389587e-01
3.734778165817260742e-01 -5.082255229353904724e-02 -4.274415783584117889e-03 1.801139414310455322e-01
3.724613785743713379e-01 1.443603038787841797e-01 -6.721370737068355083e-04 -1.139143481850624084e-01
3.753485977649688721e-01 -5.075201392173767090e-02 -2.950424095615744591e-03 1.785564422607421875e-01
3.743335604667663574e-01 1.444120407104492188e-01 6.207049591466784477e-04 -1.150557696819305420e-01
3.772217929363250732e-01 -5.071880295872688293e-02 -1.680410467088222504e-03 1.778229176998138428e-01
3.762074112892150879e-01 1.444271504878997803e-01 1.876047812402248383e-03 -1.153896450996398926e-01
3.790959417819976807e-01 -5.072162672877311707e-02 -4.317451093811541796e-04 1.778845638036727905e-01
3.780815303325653076e-01 1.444064974784851074e-01 3.125946270301938057e-03 -1.149345263838768005e-01
3.809696435928344727e-01 3.394835293292999268e-01 8.272556588053703308e-04 -4.066295921802520752e-01
3.877593278884887695e-01 1.443498432636260986e-01 -7.305336650460958481e-03 -1.136859804391860962e-01
3.906463086605072021e-01 -5.066666752099990845e-02 -9.579055942595005035e-03 1.766832321882247925e-01
3.896329998970031738e-01 1.445910483598709106e-01 -6.045391317456960678e-03 -1.190061047673225403e-01
3.925248086452484131e-01 -5.044376477599143982e-02 -8.425513282418251038e-03 1.717634350061416626e-01
3.915159404277801514e-01 1.447977572679519653e-01 -4.990244749933481216e-03 -1.235655248165130615e-01
3.944118916988372803e-01 -5.025234445929527283e-02 -7.461555302143096924e-03 1.675388664007186890e-01
3.934068381786346436e-01 1.449756175279617310e-01 -4.110777750611305237e-03 -1.274885982275009155e-01
3.963063657283782959e-01 -5.008720979094505310e-02 -6.660549901425838470e-03 1.638945937156677246e-01
3.953046202659606934e-01 1.451294571161270142e-01 -3.382657887414097786e-03 -1.308820843696594238e-01
3.982071876525878906e-01 -4.994387924671173096e-02 -6.000299472361803055e-03 1.607317328453063965e-01
3.972083330154418945e-01 1.452634632587432861e-01 -2.785664750263094902e-03 -1.338380724191665649e-01
4.001135826110839844e-01 -4.981848224997520447e-02 -5.462426226586103439e-03 1.579647213220596313e-01
3.991172313690185547e-01 1.453812420368194580e-01 -2.303131856024265289e-03 -1.364364624023437500e-01
4.020248353481292725e-01 -4.970763996243476868e-02 -5.031860899180173874e-03 1.555189788341522217e-01
4.010306894779205322e-01 1.454859972000122070e-01 -1.921481452882289886e-03 -1.387471258640289307e-01
4.039404094219207764e-01 -4.960838332772254944e-02 -4.696424119174480438e-03 1.533289849758148193e-01
4.029482305049896240e-01 1.455805003643035889e-01 -1.629844307899475098e-03 -1.408318579196929932e-01
4.058598577976226807e-01 -4.951807111501693726e-02 -4.446481354534626007e-03 1.513364464044570923e-01
4.048694968223571777e-01 1.456672698259353638e-01 -1.419752486981451511e-03 -1.427459269762039185e-01
4.077828228473663330e-01 -4.943432286381721497e-02 -4.274670965969562531e-03 1.494887471199035645e-01
4.067941606044769287e-01 1.457485705614089966e-01 -1.284896163269877434e-03 -1.445396691560745239e-01
4.097091257572174072e-01 -4.935494810342788696e-02 -4.175689537078142166e-03 1.477376073598861694e-01
4.087220132350921631e-01 1.458265483379364014e-01 -1.220937469042837620e-03 -1.462597250938415527e-01
4.116385579109191895e-01 -4.927789792418479919e-02 -4.146132152527570724e-03 1.460377573966979980e-01
4.106529951095581055e-01 1.459031850099563599e-01 -1.225376734510064125e-03 -1.479503065347671509e-01
4.135710597038269043e-01 -4.920119792222976685e-02 -4.184382967650890350e-03 1.443457901477813721e-01
4.125870466232299805e-01 1.459804326295852661e-01 -1.297466922551393509e-03 -1.496542841196060181e-01
4.155066311359405518e-01 -4.912292212247848511e-02 -4.290552809834480286e-03 1.426190286874771118e-01
4.145241975784301758e-01 1.460602134466171265e-01 -1.438172068446874619e-03 -1.514143943786621094e-01
4.174453914165496826e-01 -4.904111474752426147e-02 -4.466460086405277252e-03 1.408144682645797729e-01
4.164645671844482422e-01 1.461445242166519165e-01 -1.650170423090457916e-03 -1.532741934061050415e-01
4.193874597549438477e-01 -4.895376414060592651e-02 -4.715654533356428146e-03 1.388876885175704956e-01
4.184083938598632812e-01 1.462354063987731934e-01 -1.937900553457438946e-03 -1.552792191505432129e-01
4.213331043720245361e-01 -4.885874316096305847e-02 -5.043484736233949661e-03 1.367917209863662720e-01
4.203559160232543945e-01 1.463350802659988403e-01 -2.307650633156299591e-03 -1.574780791997909546e-01
4.232826232910156250e-01 -4.875375330448150635e-02 -5.457212217152118683e-03 1.344759464263916016e-01
4.223075509071350098e-01 1.464459449052810669e-01 -2.767693018540740013e-03 -1.599236428737640381e-01
4.252364635467529297e-01 -4.863627627491950989e-02 -5.966166034340858459e-03 1.318848729133605957e-01
4.242637455463409424e-01 1.465706229209899902e-01 -3.328468417748808861e-03 -1.626743227243423462e-01
4.271951615810394287e-01 -4.850351810455322266e-02 -6.581954658031463623e-03 1.289567053318023682e-01
4.262250661849975586e-01 1.467120945453643799e-01 -4.002820700407028198e-03 -1.657954603433609009e-01
4.291593134403228760e-01 -4.835232719779014587e-02 -7.318730000406503677e-03 1.256220042705535889e-01
4.281922876834869385e-01 1.468737125396728516e-01 -4.806289449334144592e-03 -1.693608760833740234e-01
4.311297535896301270e-01 -4.817912355065345764e-02 -8.193506859242916107e-03 1.218019351363182068e-01
4.301661550998687744e-01 1.470592468976974487e-01 -5.757468286901712418e-03 -1.734546571969985962e-01
4.331073462963104248e-01 -4.797982424497604370e-02 -9.226561523973941803e-03 1.174064204096794128e-01
4.321477413177490234e-01 1.472730934619903564e-01 -6.878433283418416977e-03 -1.781730651855468750e-01
4.350932240486145020e-01 -4.774974659085273743e-02 -1.044189464300870895e-02 1.123320311307907104e-01
4.341382086277008057e-01 1.475202590227127075e-01 -8.195254020392894745e-03 -1.836268752813339233e-01
4.370886385440826416e-01 -4.748347401618957520e-02 -1.186779141426086426e-02 1.064595356583595276e-01
4.361389577388763428e-01 1.478065252304077148e-01 -9.738600812852382660e-03 -1.899438798427581787e-01
4.390950798988342285e-01 -4.717476665973663330e-02 -1.353747770190238953e-02 9.965108335018157959e-02
4.381515979766845703e-01 1.481385529041290283e-01 -1.154445670545101166e-02 -1.972719579935073853e-01
4.411143660545349121e-01 -4.681637883186340332e-02 -1.548989582806825638e-02 9.174697101116180420e-02
4.401780366897583008e-01 -2.417129278182983398e-01 -1.365495659410953522e-02 3.795028626918792725e-01
4.353437721729278564e-01 -4.639974981546401978e-02 -6.064898800104856491e-03 8.254598081111907959e-02
4.344157874584197998e-01 1.488086134195327759e-01 -4.413979128003120422e-03 -2.120442390441894531e-01
4.373919665813446045e-01 -4.624995216727256775e-02 -8.654864504933357239e-03 7.924304902553558350e-02
4.364669620990753174e-01 1.489949971437454224e-01 -7.070003543049097061e-03 -2.161578983068466187e-01
4.394468665122985840e-01 -4.602517560124397278e-02 -1.139316149055957794e-02 7.428647577762603760e-02
4.385263621807098389e-01 -2.409819513559341431e-01 -9.907431900501251221e-03 3.633531630039215088e-01
4.337067008018493652e-01 -4.572060331702232361e-02 -2.640368882566690445e-03 6.756276637315750122e-02
4.327923059463500977e-01 1.494390964508056641e-01 -1.289113541133701801e-03 -2.259520441293716431e-01
4.357810914516448975e-01 -4.566440358757972717e-02 -5.808154586702585220e-03 6.632397323846817017e-02
4.348677992820739746e-01 -2.407025992870330811e-01 -4.481675103306770325e-03 3.571687340736389160e-01
4.300537407398223877e-01 -4.551722109317779541e-02 2.661699894815683365e-03 6.307601183652877808e-02
4.291433990001678467e-01 1.495664715766906738e-01 3.923220094293355942e-03 -2.287659496068954468e-01
4.321347177028656006e-01 -4.561132937669754028e-02 -6.520988536067306995e-04 6.515191495418548584e-02
4.312224984169006348e-01 1.495199650526046753e-01 6.509394734166562557e-04 -2.277366816997528076e-01
4.342128932476043701e-01 -4.561128094792366028e-02 -3.903794102370738983e-03 6.515150517225265503e-02
4.333006739616394043e-01 1.495664268732070923e-01 -2.600763924419879913e-03 -2.287605255842208862e-01
4.362919926643371582e-01 -4.551826789975166321e-02 -7.175974547863006592e-03 6.310088932514190674e-02
4.353816509246826172e-01 -2.405366003513336182e-01 -5.913957022130489349e-03 3.535111248493194580e-01
4.305709004402160645e-01 -4.533105716109275818e-02 1.156265963800251484e-03 5.896925181150436401e-02
4.296642839908599854e-01 1.497742980718612671e-01 2.335650846362113953e-03 -2.333486378192901611e-01
4.326597750186920166e-01 -4.538094997406005859e-02 -2.331321826204657555e-03 6.007010862231254578e-02
4.317521452903747559e-01 1.497743427753448486e-01 -1.129919663071632385e-03 -2.333474457263946533e-01
4.347476363182067871e-01 -4.533144086599349976e-02 -5.796868819743394852e-03 5.897884815931320190e-02
4.338410198688507080e-01 -2.403697967529296875e-01 -4.617291968315839767e-03 3.498272001743316650e-01
4.290336072444915771e-01 -4.518248513340950012e-02 2.379252109676599503e-03 5.569187179207801819e-02
4.281299710273742676e-01 1.499052792787551880e-01 3.493089694529771805e-03 -2.362394332885742188e-01
4.311280548572540283e-01 -4.526641219854354858e-02 -1.231699134223163128e-03 5.754326656460762024e-02
4.302227497100830078e-01 1.498731821775436401e-01 -8.083376451395452023e-05 -2.355280071496963501e-01
4.332202076911926270e-01 -4.524761810898780823e-02 -4.791393876075744629e-03 5.712941288948059082e-02
4.323152601718902588e-01 -2.403005361557006836e-01 -3.648805664852261543e-03 3.482967913150787354e-01
4.275092482566833496e-01 -4.512688145041465759e-02 3.317129798233509064e-03 5.446549132466316223e-02
4.266067147254943848e-01 1.499473452568054199e-01 4.406439606100320816e-03 -2.371690124273300171e-01
4.296056628227233887e-01 -4.523727670311927795e-02 -3.369405749253928661e-04 5.690057575702667236e-02
4.287008941173553467e-01 1.498894989490509033e-01 8.010709425434470177e-04 -2.358886450529098511e-01
4.316986799240112305e-01 -4.524388536810874939e-02 -3.916701767593622208e-03 5.704686045646667480e-02
4.307938218116760254e-01 -2.403094619512557983e-01 -2.775764558464288712e-03 3.484914600849151611e-01
4.259876310825347900e-01 -4.514813795685768127e-02 4.194064997136592865e-03 5.493454262614250183e-02
4.250846505165100098e-01 1.499134302139282227e-01 5.292755551636219025e-03 -2.364221811294555664e-01
4.280829429626464844e-01 -4.528373852372169495e-02 5.643121548928320408e-04 5.792553350329399109e-02
4.271772503852844238e-01 1.498301178216934204e-01 1.722822897136211395e-03 -2.345792949199676514e-01
4.301738739013671875e-01 -4.531640931963920593e-02 -2.968763001263141632e-03 5.864656716585159302e-02
4.292675256729125977e-01 -2.403956651687622070e-01 -1.795831602066755295e-03 3.503913581371307373e-01
4.244596064090728760e-01 -4.524822160601615906e-02 5.211995448917150497e-03 5.714268237352371216e-02
4.235546588897705078e-01 1.497986167669296265e-01 6.354848854243755341e-03 -2.338912785053253174e-01
4.265506267547607422e-01 -4.541356116533279419e-02 1.677023596130311489e-03 6.078938022255897522e-02
4.256423413753509521e-01 1.496843099594116211e-01 2.892811084166169167e-03 -2.313639670610427856e-01
4.286360442638397217e-01 -4.547886177897453308e-02 -1.734468038193881512e-03 6.223005056381225586e-02
4.277264773845672607e-01 1.496679186820983887e-01 -4.898670013062655926e-04 -2.309996038675308228e-01
4.307198226451873779e-01 -4.544703289866447449e-02 -5.109859164804220200e-03 6.152875721454620361e-02
4.298108816146850586e-01 -2.404953539371490479e-01 -3.879284020513296127e-03 3.525951206684112549e-01
4.250009655952453613e-01 -4.531844705343246460e-02 3.172618336975574493e-03 5.869146808981895447e-02
4.240946173667907715e-01 1.497578769922256470e-01 4.346447531133890152e-03 -2.329887896776199341e-01
4.270897507667541504e-01 -4.542591422796249390e-02 -3.133280551992356777e-04 6.106197461485862732e-02
4.261812567710876465e-01 1.497005224227905273e-01 9.079114533960819244e-04 -2.317197918891906738e-01
4.291752576828002930e-01 -4.543438553810119629e-02 -3.726484486833214760e-03 6.124937906861305237e-02
4.282665550708770752e-01 -2.405027151107788086e-01 -2.501496812328696251e-03 3.527542650699615479e-01
4.234565198421478271e-01 -4.534527659416198730e-02 4.553588107228279114e-03 5.928357690572738647e-02
4.225496053695678711e-01 1.497110873460769653e-01 5.739259533584117889e-03 -2.319591939449310303e-01
4.255438446998596191e-01 -4.549239575862884521e-02 1.100076013244688511e-03 6.252855062484741211e-02
4.246339797973632812e-01 1.496137678623199463e-01 2.350647002458572388e-03 -2.298070937395095825e-01
4.276262521743774414e-01 -4.554169625043869019e-02 -2.245494863018393517e-03 6.361638754606246948e-02
4.267154335975646973e-01 1.496123820543289185e-01 -9.731670725159347057e-04 -2.297741621732711792e-01
4.297076761722564697e-01 -4.549565538763999939e-02 -5.568650551140308380e-03 6.260163336992263794e-02
4.287977516651153564e-01 -2.405373305082321167e-01 -4.316617734730243683e-03 3.535224199295043945e-01
4.239870011806488037e-01 -4.535425826907157898e-02 2.753830980509519577e-03 5.948147550225257874e-02
4.230799376964569092e-01 1.497281044721603394e-01 3.943460527807474136e-03 -2.323313206434249878e-01
4.260744750499725342e-01 -4.544997587800025940e-02 -7.031661807559430599e-04 6.159288436174392700e-02
4.251655042171478271e-01 1.496820449829101562e-01 5.286915111355483532e-04 -2.313118129968643188e-01
4.281591176986694336e-01 -4.544745385646820068e-02 -4.097544588148593903e-03 6.153783574700355530e-02
4.272501766681671143e-01 -2.405104190111160278e-01 -2.866788068786263466e-03 3.529251515865325928e-01
4.224399626255035400e-01 -4.534781724214553833e-02 4.191714804619550705e-03 5.933961644768714905e-02
4.215330183506011963e-01 1.497137844562530518e-01 5.378507077693939209e-03 -2.320178598165512085e-01
4.245272874832153320e-01 -4.548460617661476135e-02 7.381501491181552410e-04 6.235677003860473633e-02
4.236176013946533203e-01 1.496267616748809814e-01 1.985285663977265358e-03 -2.300931811332702637e-01
4.266101419925689697e-01 -4.552350938320159912e-02 -2.616578014567494392e-03 6.321531534194946289e-02
4.256996512413024902e-01 1.496358662843704224e-01 -1.352271530777215958e-03 -2.302920073270797729e-01
4.286923706531524658e-01 -4.546674340963363647e-02 -5.958111491054296494e-03 6.196406111121177673e-02
4.277830421924591064e-01 -2.405027598142623901e-01 -4.718830343335866928e-03 3.527612388134002686e-01
4.229730069637298584e-01 -4.531402885913848877e-02 2.336394041776657104e-03 5.859405547380447388e-02
4.220667183399200439e-01 1.497743427753448486e-01 3.508275141939520836e-03 -2.333508133888244629e-01
4.250622093677520752e-01 -4.539755731821060181e-02 -1.158740953542292118e-03 6.043667346239089966e-02
4.241542518138885498e-01 1.497409939765930176e-01 4.999250813852995634e-05 -2.326116114854812622e-01
4.271490573883056641e-01 -4.538167640566825867e-02 -4.602239932864904404e-03 6.008707731962203979e-02
4.262414276599884033e-01 -2.404373437166213989e-01 -3.400498302653431892e-03 3.513144254684448242e-01
4.214326739311218262e-01 -4.526719450950622559e-02 3.625790122896432877e-03 5.756115168333053589e-02
4.205273389816284180e-01 1.498025804758071899e-01 4.777013324201107025e-03 -2.339756041765213013e-01
4.235233962535858154e-01 -4.538729786872863770e-02 9.750090248417109251e-05 6.021030247211456299e-02
4.226156473159790039e-01 1.497332602739334106e-01 1.301707001402974129e-03 -2.324418574571609497e-01
4.256103038787841797e-01 -4.540727287530899048e-02 -3.347130259498953819e-03 6.065138429403305054e-02
4.247021675109863281e-01 -2.404810786247253418e-01 -2.134102629497647285e-03 3.522763848304748535e-01
4.198925495147705078e-01 -4.532883688807487488e-02 4.911425523459911346e-03 5.892128124833106995e-02
4.189859628677368164e-01 1.497223526239395142e-01 6.089850794523954391e-03 -2.322080135345458984e-01
4.219804108142852783e-01 -4.548608884215354919e-02 1.445690635591745377e-03 6.238961219787597656e-02
4.210706949234008789e-01 1.496151089668273926e-01 2.693482907488942146e-03 -2.298368364572525024e-01
4.240629971027374268e-01 -4.554523155093193054e-02 -1.903253956697881222e-03 6.369448453187942505e-02
4.231520891189575195e-01 1.496039628982543945e-01 -6.293641636148095131e-04 -2.295883148908615112e-01
4.261441826820373535e-01 -4.550899565219879150e-02 -5.221130792051553726e-03 6.289602071046829224e-02
4.252339899539947510e-01 -2.405557036399841309e-01 -3.963210154324769974e-03 3.539270758628845215e-01
4.204228818416595459e-01 -4.537761956453323364e-02 3.115331288427114487e-03 5.999708175659179688e-02
4.195153117179870605e-01 1.496995240449905396e-01 4.315272904932498932e-03 -2.317013144493103027e-01
4.225093126296997070e-01 -4.548382014036178589e-02 -3.187532420270144939e-04 6.233966723084449768e-02
4.215996265411376953e-01 1.496427059173583984e-01 9.280400699935853481e-04 -2.304438054561614990e-01
4.245924949645996094e-01 -4.549250006675720215e-02 -3.680836176499724388e-03 6.253170967102050781e-02
4.236826300621032715e-01 -2.405614852905273438e-01 -2.430201973766088486e-03 3.540510237216949463e-01
4.188714027404785156e-01 -4.540506377816200256e-02 4.650818649679422379e-03 6.060278788208961487e-02
4.179633259773254395e-01 1.496499031782150269e-01 5.862874444574117661e-03 -2.306091487407684326e-01
4.209563136100769043e-01 -4.555533826351165771e-02 1.250691479071974754e-03 6.391734629869461060e-02
4.200451970100402832e-01 1.495486646890640259e-01 2.529038349166512489e-03 -2.283707112073898315e-01
4.230361878871917725e-01 -4.560934379696846008e-02 -2.038375940173864365e-03 6.510888040065765381e-02
4.221239984035491943e-01 1.495417803525924683e-01 -7.361983298324048519e-04 -2.282164692878723145e-01
4.251148402690887451e-01 -4.556964710354804993e-02 -5.300527438521385193e-03 6.423414498567581177e-02
4.242034256458282471e-01 -2.406152039766311646e-01 -4.015844780951738358e-03 3.552400171756744385e-01
4.193911254405975342e-01 -4.543638601899147034e-02 3.088955767452716827e-03 6.129350140690803528e-02
4.184823930263519287e-01 1.496411412954330444e-01 4.314825870096683502e-03 -2.304132431745529175e-01
4.214752316474914551e-01 -4.554219916462898254e-02 -2.934390504378825426e-04 6.362760066986083984e-02
4.205643832683563232e-01 1.495839506387710571e-01 9.791129268705844879e-04 -2.291478961706161499e-01
4.235560595989227295e-01 -4.555197432637214661e-02 -3.603844903409481049e-03 6.384371966123580933e-02
4.226450324058532715e-01 -2.406220734119415283e-01 -2.326970454305410385e-03 3.553874492645263672e-01
4.178325831890106201e-01 -4.546710848808288574e-02 4.780778195708990097e-03 6.197166070342063904e-02
4.169232249259948730e-01 1.495859771966934204e-01 6.020211149007081985e-03 -2.291990667581558228e-01
4.199149608612060547e-01 -4.562149196863174438e-02 1.436229911632835865e-03 6.537674367427825928e-02
4.190025329589843750e-01 1.494798362255096436e-01 2.743764780461788177e-03 -2.268527001142501831e-01
4.219921231269836426e-01 -4.568121582269668579e-02 -1.793289207853376865e-03 6.669444590806961060e-02
4.210785031318664551e-01 1.494663953781127930e-01 -4.594002384692430496e-04 -2.265537381172180176e-01
4.240678250789642334e-01 -4.564898088574409485e-02 -4.990474786609411240e-03 6.598424911499023438e-02
4.231548607349395752e-01 -2.406990230083465576e-01 -3.670789767056703568e-03 3.570884764194488525e-01
4.183408617973327637e-01 -4.552508518099784851e-02 3.470979863777756691e-03 6.325032562017440796e-02
4.174303710460662842e-01 1.495469361543655396e-01 4.735986236482858658e-03 -2.283354699611663818e-01
4.204213023185729980e-01 -4.564237967133522034e-02 1.692769728833809495e-04 6.583759188652038574e-02
4.195084571838378906e-01 1.494771391153335571e-01 1.486028777435421944e-03 -2.267919182777404785e-01
4.224979877471923828e-01 -4.566601291298866272e-02 -3.049809718504548073e-03 6.635937839746475220e-02
4.215846657752990723e-01 1.494995355606079102e-01 -1.722622080706059933e-03 -2.272842228412628174e-01
4.245746731758117676e-01 -4.559775814414024353e-02 -6.268306635320186615e-03 6.485483795404434204e-02
4.236627221107482910e-01 -2.406292855739593506e-01 -4.971209913492202759e-03 3.555535078048706055e-01
4.188501238822937012e-01 -4.543700441718101501e-02 2.139860298484563828e-03 6.130716949701309204e-02
4.179413914680480957e-01 1.496541947126388550e-01 3.366003744304180145e-03 -2.306998521089553833e-01
4.209344685077667236e-01 -4.551568627357482910e-02 -1.247993321157991886e-03 6.304293125867843628e-02
4.200241565704345703e-01 1.496241390705108643e-01 1.286524548049783334e-05 -2.300334870815277100e-01
4.230166375637054443e-01 -4.549799859523773193e-02 -4.587804432958364487e-03 6.265349686145782471e-02
4.221066832542419434e-01 -2.405538707971572876e-01 -3.334734588861465454e-03 3.538854122161865234e-01
4.172956049442291260e-01 -4.538466408848762512e-02 3.742973785847425461e-03 6.015282124280929565e-02
4.163879156112670898e-01 1.496834158897399902e-01 4.946030210703611374e-03 -2.313468307256698608e-01
4.193815886974334717e-01 -4.550885409116744995e-02 3.190937859471887350e-04 6.289213150739669800e-02
4.184713959693908691e-01 1.496085226535797119e-01 1.576936454512178898e-03 -2.296901047229766846e-01
4.214635789394378662e-01 -4.553592950105667114e-02 -3.016865579411387444e-03 6.348983198404312134e-02
4.205528497695922852e-01 -2.406144887208938599e-01 -1.747068832628428936e-03 3.552193939685821533e-01
4.157405495643615723e-01 -4.546774923801422119e-02 5.357319023460149765e-03 6.198608130216598511e-02
4.148312211036682129e-01 1.495769768953323364e-01 6.597040686756372452e-03 -2.290017753839492798e-01
4.178227484226226807e-01 -4.563861712813377380e-02 2.017005113884806633e-03 6.575477123260498047e-02
4.169099628925323486e-01 1.494543552398681641e-01 3.332100575789809227e-03 -2.262910902500152588e-01
4.198990762233734131e-01 -4.571505635976791382e-02 -1.193721429444849491e-03 6.744103133678436279e-02
4.189847707748413086e-01 1.494239866733551025e-01 1.550992310512810946e-04 -2.256182879209518433e-01
4.219732284545898438e-01 -4.570017755031585693e-02 -4.357266239821910858e-03 6.711356341838836670e-02
4.210592508316040039e-01 -2.407593876123428345e-01 -3.014995018020272255e-03 3.584185838699340820e-01
4.162440598011016846e-01 -4.559470340609550476e-02 4.153376445174217224e-03 6.478647142648696899e-02
4.153321683406829834e-01 1.494674533605575562e-01 5.449105985462665558e-03 -2.265831530094146729e-01
4.183214902877807617e-01 -4.573194682598114014e-02 9.174427832476794720e-04 6.781363487243652344e-02
4.174068570137023926e-01 1.493768393993377686e-01 2.273715334013104439e-03 -2.245796918869018555e-01
4.203943908214569092e-01 -4.577753692865371704e-02 -2.217878587543964386e-03 6.881958246231079102e-02
4.194788634777069092e-01 1.493761390447616577e-01 -8.414868498221039772e-04 -2.245622724294662476e-01
4.224663674831390381e-01 -4.573377221822738647e-02 -5.332732107490301132e-03 6.785509735345840454e-02
4.215517044067382812e-01 -2.407788634300231934e-01 -3.975630272179841995e-03 3.588507473468780518e-01
4.167361259460449219e-01 -4.560062289237976074e-02 3.201384795829653740e-03 6.491687893867492676e-02
4.158241152763366699e-01 1.494752764701843262e-01 4.499722272157669067e-03 -2.267542779445648193e-01
4.188136160373687744e-01 -4.571068286895751953e-02 -3.536311123752966523e-05 6.734462827444076538e-02
4.178993999958038330e-01 1.494117677211761475e-01 1.311529427766799927e-03 -2.253494560718536377e-01
4.208876490592956543e-01 -4.572889581322669983e-02 -3.195459721609950066e-03 6.774688512086868286e-02
4.199730455875396729e-01 1.494387239217758179e-01 -1.840522047132253647e-03 -2.259425073862075806e-01
4.229618310928344727e-01 -4.565687850117683411e-02 -6.359372287988662720e-03 6.615927815437316895e-02
4.220486879348754883e-01 -2.406870722770690918e-01 -5.036186426877975464e-03 3.568290174007415771e-01
4.172349572181701660e-01 -4.549388960003852844e-02 2.100393874570727348e-03 6.256232410669326782e-02
4.163250625133514404e-01 1.495978832244873047e-01 3.351640189066529274e-03 -2.294571846723556519e-01
4.193170368671417236e-01 -4.557180404663085938e-02 -1.237503252923488617e-03 6.428108364343643188e-02
4.184055924415588379e-01 1.495678722858428955e-01 4.811842518392950296e-05 -2.287920266389846802e-01
4.213969409465789795e-01 -4.555476829409599304e-02 -4.527722019702196121e-03 6.390608102083206177e-02
4.204858541488647461e-01 -2.406115084886550903e-01 -3.249600529670715332e-03 3.551570475101470947e-01
4.156736433506011963e-01 -4.544350877404212952e-02 3.853540634736418724e-03 6.145120784640312195e-02
4.147647619247436523e-01 1.496229767799377441e-01 5.082564894109964371e-03 -2.300134152173995972e-01
4.177572131156921387e-01 -4.557123035192489624e-02 4.822965129278600216e-04 6.426838785409927368e-02
4.168457984924316406e-01 1.495438069105148315e-01 1.767664332874119282e-03 -2.282623350620269775e-01
4.198366701602935791e-01 -4.560336470603942871e-02 -2.797582419589161873e-03 6.497765332460403442e-02
4.189245998859405518e-01 -2.406850904226303101e-01 -1.498029218055307865e-03 3.567766249179840088e-01
4.141108989715576172e-01 -4.554187878966331482e-02 5.637503229081630707e-03 6.362169981002807617e-02
4.132000505924224854e-01 1.494987905025482178e-01 6.909937132149934769e-03 -2.272772490978240967e-01
4.161900281906127930e-01 -4.572122171521186829e-02 2.364392159506678581e-03 6.757729500532150269e-02
4.152756035327911377e-01 1.493667513132095337e-01 3.715938189998269081e-03 -2.243587076663970947e-01
4.182629585266113281e-01 -4.580811038613319397e-02 -7.712360820733010769e-04 6.949403882026672363e-02
4.173467755317687988e-01 1.493248939514160156e-01 6.186447571963071823e-04 -2.234321087598800659e-01
4.203332960605621338e-01 -4.580590128898620605e-02 -3.849997650831937790e-03 6.944589316844940186e-02
4.194171726703643799e-01 -2.408724427223205566e-01 -2.461079740896821022e-03 3.609116375446319580e-01
4.145997166633605957e-01 -4.571559652686119080e-02 4.757153335958719254e-03 6.745370477437973022e-02
4.136854112148284912e-01 1.493378281593322754e-01 6.106227170675992966e-03 -2.237245291471481323e-01
4.166721701622009277e-01 -4.587086290121078491e-02 1.631736755371093750e-03 7.087826728820800781e-02
4.157547354698181152e-01 1.492276638746261597e-01 3.049302147701382637e-03 -2.212893962860107422e-01
4.187392890453338623e-01 -4.593774676322937012e-02 -1.376485684886574745e-03 7.235384732484817505e-02
4.178205430507659912e-01 1.492039114236831665e-01 7.059128984110429883e-05 -2.207630425691604614e-01
4.208046197891235352e-01 -4.591904953122138977e-02 -4.344669636338949203e-03 7.194214314222335815e-02
4.198862314224243164e-01 1.492649167776107788e-01 -2.905826782807707787e-03 -2.221083790063858032e-01
4.228715300559997559e-01 -4.581537842750549316e-02 -7.347994018346071243e-03 6.965652853250503540e-02
4.219552278518676758e-01 -2.408312112092971802e-01 -5.954863503575325012e-03 3.600120842456817627e-01
4.171386063098907471e-01 -4.562512412667274475e-02 1.245378167368471622e-03 6.545743346214294434e-02
4.162261188030242920e-01 1.494789570569992065e-01 2.554526785388588905e-03 -2.268323153257369995e-01
4.192156791687011719e-01 -4.567941650748252869e-02 -1.982119400054216385e-03 6.665530800819396973e-02
4.183020889759063721e-01 1.494708955287933350e-01 -6.490132072940468788e-04 -2.266523241996765137e-01
4.212915003299713135e-01 -4.564177244901657104e-02 -5.182059481739997864e-03 6.582580506801605225e-02
4.203786849975585938e-01 -2.406890392303466797e-01 -3.865543520078063011e-03 3.568692803382873535e-01
4.155648946762084961e-01 -4.551235213875770569e-02 3.271841909736394882e-03 6.296994537115097046e-02
4.146546423435211182e-01 1.495625376701354980e-01 4.531241022050380707e-03 -2.286788970232009888e-01
4.176459014415740967e-01 -4.562387242913246155e-02 -4.233717118040658534e-05 6.542988866567611694e-02
4.167334139347076416e-01 1.494986861944198608e-01 1.266260631382465363e-03 -2.272663861513137817e-01
4.197233915328979492e-01 -4.564134031534194946e-02 -3.279067110270261765e-03 6.581568717956542969e-02
4.188105762004852295e-01 -2.407161295413970947e-01 -1.962753478437662125e-03 3.574622571468353271e-01
4.139962494373321533e-01 -4.556632414460182190e-02 5.186491645872592926e-03 6.416106224060058594e-02
4.130849242210388184e-01 1.494808793067932129e-01 6.469713058322668076e-03 -2.268809825181961060e-01
4.160745441913604736e-01 -4.573292657732963562e-02 1.932093175128102303e-03 6.783568114042282104e-02
4.151598811149597168e-01 1.493612676858901978e-01 3.288806881755590439e-03 -2.242370396852493286e-01
4.181471168994903564e-01 -4.580753296613693237e-02 -1.195933902636170387e-03 6.948149204254150391e-02
4.172309637069702148e-01 1.493315398693084717e-01 1.936959888553246856e-04 -2.235785126686096191e-01
4.202175736427307129e-01 -4.579317569732666016e-02 -4.277874249964952469e-03 6.916550546884536743e-02
4.193017184734344482e-01 -2.408535331487655640e-01 -2.894564298912882805e-03 3.604956865310668945e-01
4.144846498966217041e-01 -4.569055885076522827e-02 4.315349273383617401e-03 6.690143793821334839e-02
4.135708510875701904e-01 1.493692547082901001e-01 5.653377622365951538e-03 -2.244168519973754883e-01
4.165582358837127686e-01 -4.583303257822990417e-02 1.165040652267634869e-03 7.004398852586746216e-02
4.156415760517120361e-01 1.492721885442733765e-01 2.565920352935791016e-03 -2.222711294889450073e-01
4.186270236968994141e-01 -4.588633775711059570e-02 -1.879502320662140846e-03 7.122007757425308228e-02
4.177092909812927246e-01 1.492625027894973755e-01 -4.551007004920393229e-04 -2.220552414655685425e-01
4.206945300102233887e-01 -4.585293307900428772e-02 -4.896205849945545197e-03 7.048408687114715576e-02
4.197774827480316162e-01 -2.409043461084365845e-01 -3.486523870378732681e-03 3.616182208061218262e-01
4.149594008922576904e-01 -4.573301598429679871e-02 3.745840629562735558e-03 6.783796846866607666e-02
4.140447378158569336e-01 1.493350267410278320e-01 5.102599970996379852e-03 -2.236607819795608521e-01
4.170314371585845947e-01 -4.585947468876838684e-02 6.293844198808073997e-04 7.062733173370361328e-02
4.161142408847808838e-01 1.492534428834915161e-01 2.041931031271815300e-03 -2.218569517135620117e-01
4.190993010997772217e-01 -4.589762911200523376e-02 -2.395207993686199188e-03 7.146938145160675049e-02
4.181813597679138184e-01 1.492585837841033936e-01 -9.658205090090632439e-04 -2.219682782888412476e-01
4.211665391921997070e-01 -4.584955424070358276e-02 -5.405186209827661514e-03 7.040982693433761597e-02
4.202495217323303223e-01 -2.408936023712158203e-01 -3.996989689767360687e-03 3.613825142383575439e-01
4.154316782951354980e-01 -4.571506381034851074e-02 3.230660455301403999e-03 6.744192540645599365e-02
4.145173728466033936e-01 1.493604183197021484e-01 4.579498898237943649e-03 -2.242199629545211792e-01
4.175045788288116455e-01 -4.582668095827102661e-02 9.509970550425350666e-05 6.990399211645126343e-02
4.165880382061004639e-01 1.492938995361328125e-01 1.493179472163319588e-03 -2.227489352226257324e-01
4.195739030838012695e-01 -4.584935680031776428e-02 -2.961799036711454391e-03 7.040462642908096313e-02
4.186569154262542725e-01 1.493149250745773315e-01 -1.553706475533545017e-03 -2.232112884521484375e-01
4.216432273387908936e-01 -4.578477889299392700e-02 -6.017932202666997910e-03 6.898113340139389038e-02
4.207275211811065674e-01 -2.408199310302734375e-01 -4.638309590518474579e-03 3.597593009471893311e-01
4.159111380577087402e-01 -4.563235864043235779e-02 2.556876745074987411e-03 6.561744213104248047e-02
4.149984717369079590e-01 1.494528353214263916e-01 3.869225736707448959e-03 -2.262576818466186523e-01
4.179875552654266357e-01 -4.572419449687004089e-02 -6.559279863722622395e-04 6.764322519302368164e-02
4.170730710029602051e-01 1.494071483612060547e-01 6.969365640543401241e-04 -2.252465784549713135e-01
4.200612008571624756e-01 -4.572474956512451172e-02 -3.807995002716779709e-03 6.765610724687576294e-02
4.191467165946960449e-01 -2.407919019460678101e-01 -2.454872708767652512e-03 3.591351509094238281e-01
4.143308699131011963e-01 -4.563513770699501038e-02 4.727830644696950912e-03 6.567917019128799438e-02
4.134181737899780273e-01 1.494187116622924805e-01 6.041414104402065277e-03 -2.255083620548248291e-01
4.164065420627593994e-01 -4.578905925154685974e-02 1.531246933154761791e-03 6.907412409782409668e-02
4.154907464981079102e-01 1.493109017610549927e-01 2.912729280069470406e-03 -2.231252938508987427e-01
4.184769690036773682e-01 -4.585255309939384460e-02 -1.549776527099311352e-03 7.047499716281890869e-02
4.175599217414855957e-01 1.492915749549865723e-01 -1.402766647515818477e-04 -2.226964831352233887e-01
4.205457568168640137e-01 -4.582836478948593140e-02 -4.594206344336271286e-03 6.994218379259109497e-02
4.196291863918304443e-01 -2.408841550350189209e-01 -3.195362864062190056e-03 3.611720800399780273e-01
4.148115217685699463e-01 -4.571692645549774170e-02 4.028079099953174591e-03 6.748330593109130859e-02
4.138971567153930664e-01 1.493470370769500732e-01 5.377744790166616440e-03 -2.239260226488113403e-01
4.168841242790222168e-01 -4.585135355591773987e-02 8.992245420813560486e-04 7.044839113950729370e-02
4.159670770168304443e-01 1.492576897144317627e-01 2.308192430064082146e-03 -2.219506949186325073e-01
4.189522266387939453e-01 -4.589717462658882141e-02 -2.130821580067276955e-03 7.145943492650985718e-02
4.180342853069305420e-01 1.492552608251571655e-01 -7.016327581368386745e-04 -2.218950092792510986e-01
4.210194051265716553e-01 -4.585665464401245117e-02 -5.139532964676618576e-03 7.056651264429092407e-02
4.201022684574127197e-01 -2.409045398235321045e-01 -3.728202776983380318e-03 3.616234660148620605e-01
4.152841866016387939e-01 -4.572980105876922607e-02 3.504266496747732162e-03 6.776729971170425415e-02
4.143695831298828125e-01 1.493417322635650635e-01 4.859612323343753815e-03 -2.238079607486724854e-01
4.173564016819000244e-01 -4.584933444857597351e-02 3.834532690234482288e-04 7.040391117334365845e-02
4.164394140243530273e-01 1.492671221494674683e-01 1.791531452909111977e-03 -2.221580147743225098e-01
4.194247722625732422e-01 -4.588039591908454895e-02 -2.651628805324435234e-03 7.108949869871139526e-02
4.185071587562561035e-01 1.492794752120971680e-01 -1.229838817380368710e-03 -2.224288582801818848e-01
4.214927554130554199e-01 -4.582488164305686951e-02 -5.678415764123201370e-03 6.986588239669799805e-02
4.205762445926666260e-01 -2.408649623394012451e-01 -4.281098023056983948e-03 3.607518374919891357e-01
