-8.472857996821403503e-03 6.886462680995464325e-03 -8.076133206486701965e-03 4.441135004162788391e-02
-8.335129357874393463e-03 -1.881187558174133301e-01 -7.187906187027692795e-03 3.345352709293365479e-01
-1.209750398993492126e-02 7.104754913598299026e-03 -4.972006427124142647e-04 3.959435224533081055e-02
-1.195540931075811386e-02 2.022338360548019409e-01 2.946863824035972357e-04 -2.532454133033752441e-01
-7.910732179880142212e-03 7.107674609869718552e-03 -4.770221654325723648e-03 3.953045606613159180e-02
-7.768578827381134033e-03 -1.879455447196960449e-01 -3.979612607508897781e-03 3.307045102119445801e-01
-1.152748987078666687e-02 7.232825271785259247e-03 2.634477801620960236e-03 3.676927834749221802e-02
-1.138283312320709229e-02 2.023168951272964478e-01 3.369863377884030342e-03 -2.550812959671020508e-01
-7.336495444178581238e-03 7.146995048969984055e-03 -1.731762196868658066e-03 3.866264969110488892e-02
-7.193555589765310287e-03 -1.879500746726989746e-01 -9.585092775523662567e-04 3.307986855506896973e-01
-1.095255743712186813e-02 7.185502443462610245e-03 5.657464265823364258e-03 3.781364485621452332e-02
-1.080884691327810287e-02 2.022258639335632324e-01 6.413737311959266663e-03 -2.530789375305175781e-01
-6.764329504221677780e-03 7.012927439063787460e-03 1.352158491499722004e-03 4.162007942795753479e-02
-6.624070927500724792e-03 2.021154612302780151e-01 2.184560056775808334e-03 -2.506359219551086426e-01
-2.581761917099356651e-03 6.962384097278118134e-03 -2.828158438205718994e-03 4.273525625467300415e-02
-2.442514291033148766e-03 -1.881189048290252686e-01 -1.973453210666775703e-03 3.345245420932769775e-01
-6.204892415553331375e-03 7.031084038317203522e-03 4.717037547379732132e-03 4.121993482112884521e-02
-6.064270623028278351e-03 2.020850777626037598e-01 5.541435908526182175e-03 -2.499710023403167725e-01
-2.022569067776203156e-03 6.884431466460227966e-03 5.420161178335547447e-04 4.445464909076690674e-02
-1.884880359284579754e-03 -1.882452815771102905e-01 1.431109150871634483e-03 3.373085260391235352e-01
-5.649785976856946945e-03 6.856269203126430511e-03 8.177279494702816010e-03 4.507724940776824951e-02
-5.512660834938287735e-03 2.018600106239318848e-01 9.078824892640113831e-03 -2.450144886970520020e-01
-1.475460478104650974e-03 6.609574891626834869e-03 4.178535193204879761e-03 5.051822960376739502e-02
-1.343268901109695435e-03 2.016713619232177734e-01 5.188899580389261246e-03 -2.408434152603149414e-01
2.690158318728208542e-03 6.475673522800207138e-03 3.720314125530421734e-04 5.347171053290367126e-02
2.819671761244535446e-03 2.015922814607620239e-01 1.441465574316680431e-03 -2.390938103199005127e-01
6.851517595350742340e-03 6.449774838984012604e-03 -3.340410767123103142e-03 5.404344201087951660e-02
6.980513222515583038e-03 -1.886241137981414795e-01 -2.259541768580675125e-03 3.456705808639526367e-01
3.208030713722109795e-03 6.529899314045906067e-03 4.653869662433862686e-03 5.227598920464515686e-02
3.338628681376576424e-03 2.015848159790039062e-01 5.699389614164829254e-03 -2.389349788427352905e-01
7.370324805378913879e-03 6.381905637681484222e-03 9.206898976117372513e-04 5.554023385047912598e-02
7.497963029891252518e-03 -1.887532323598861694e-01 2.031494630500674248e-03 3.485135138034820557e-01
3.722898196429014206e-03 6.339763756841421127e-03 9.001764468848705292e-03 5.647186934947967529e-02
3.849693574011325836e-03 2.013314962387084961e-01 1.013120170682668686e-02 -2.333573997020721436e-01
7.876323536038398743e-03 6.066262722015380859e-03 5.464054178446531296e-03 6.250394880771636963e-02
7.997648790478706360e-03 2.011094540357589722e-01 6.714133080095052719e-03 -2.284500449895858765e-01
1.201983727514743805e-02 5.892194341868162155e-03 2.145132282748818398e-03 6.634318083524703979e-02
1.213768124580383301e-02 2.009833306074142456e-01 3.471995936706662178e-03 -2.256621718406677246e-01
1.615734770894050598e-02 5.811925511807203293e-03 -1.041247625835239887e-03 6.811392307281494141e-02
1.627358607947826385e-02 -1.892950832843780518e-01 3.210308495908975601e-04 3.604681491851806641e-01
1.248768530786037445e-02 5.822304170578718185e-03 7.530394010245800018e-03 6.788647174835205078e-02
1.260413136333227158e-02 2.008354812860488892e-01 8.888123556971549988e-03 -2.224110960960388184e-01
1.662084087729454041e-02 5.587631836533546448e-03 4.439901094883680344e-03 7.306218892335891724e-02
1.673259399831295013e-02 2.006456553936004639e-01 5.901145283132791519e-03 -2.182166278362274170e-01
2.074550651013851166e-02 5.439842119812965393e-03 1.536812633275985718e-03 7.632191479206085205e-02
2.085430361330509186e-02 2.005397230386734009e-01 3.063251031562685966e-03 -2.158757448196411133e-01
2.486509829759597778e-02 5.374119151383638382e-03 -1.254264032468199730e-03 7.777188718318939209e-02
2.497258037328720093e-02 -1.897298246622085571e-01 3.011738008353859186e-04 3.700588345527648926e-01
2.117798291146755219e-02 5.387841723859310150e-03 7.702350150793790817e-03 7.747087627649307251e-02
2.128574065864086151e-02 2.003985345363616943e-01 9.251767769455909729e-03 -2.127720117568969727e-01
2.529371157288551331e-02 5.145536735653877258e-03 4.996327683329582214e-03 8.281493186950683594e-02
2.539662271738052368e-02 2.001955062150955200e-01 6.652626208961009979e-03 -2.082874625921249390e-01
2.940053120255470276e-02 4.979068879038095474e-03 2.486876910552382469e-03 8.648657798767089844e-02
2.950011380016803741e-02 2.000652849674224854e-01 4.216608591377735138e-03 -2.054107040166854858e-01
3.350142017006874084e-02 4.883289337158203125e-03 1.083944443962536752e-04 8.859936892986297607e-02
3.359908610582351685e-02 -1.902402192354202271e-01 1.880381838418543339e-03 3.813164830207824707e-01
2.979428134858608246e-02 4.854984581470489502e-03 9.506711736321449280e-03 8.922704309225082397e-02
2.989138104021549225e-02 1.998393833637237549e-01 1.129125244915485382e-02 -2.004414200782775879e-01
3.388816863298416138e-02 4.557781852781772614e-03 7.282424252480268478e-03 9.578187763690948486e-02
3.397932276129722595e-02 1.995746046304702759e-01 9.198061190545558929e-03 -1.945945918560028076e-01
3.797081485390663147e-02 4.322295542806386948e-03 5.306169856339693069e-03 1.009756773710250854e-01
3.805726021528244019e-02 1.993678063154220581e-01 7.325683254748582840e-03 -1.900284588336944580e-01
4.204461723566055298e-02 4.141817335039377213e-03 3.525114385411143303e-03 1.049563959240913391e-01
4.212745279073715210e-02 1.992130726575851440e-01 5.624242126941680908e-03 -1.866122931241989136e-01
4.611171409487724304e-02 4.011107608675956726e-03 1.891996478661894798e-03 1.078395470976829529e-01
4.619193822145462036e-02 1.991058886051177979e-01 4.048787523061037064e-03 -1.842458695173263550e-01
5.017405748367309570e-02 3.926247358322143555e-03 3.638701164163649082e-04 1.097115501761436462e-01
5.025257915258407593e-02 -1.912009119987487793e-01 2.558101201429963112e-03 4.025092422962188721e-01
4.642856121063232422e-02 3.884659381583333015e-03 1.060828659683465958e-02 1.106339246034622192e-01
4.650625586509704590e-02 1.988530009984970093e-01 1.282096467912197113e-02 -1.786833554506301880e-01
5.048331618309020996e-02 3.549950663000345230e-03 9.247297421097755432e-03 1.180164068937301636e-01
5.055431276559829712e-02 1.985381990671157837e-01 1.160762552171945572e-02 -1.717347949743270874e-01
5.452507734298706055e-02 3.252047812566161156e-03 8.172930218279361725e-03 1.245872676372528076e-01
5.459012091159820557e-02 1.982559561729431152e-01 1.066467538475990295e-02 -1.655060201883316040e-01
5.855523794889450073e-02 2.982986625283956528e-03 7.354554720222949982e-03 1.305221319198608398e-01
5.861489847302436829e-02 1.979988217353820801e-01 9.964997880160808563e-03 -1.598314791917800903e-01
6.257487833499908447e-02 2.735629677772521973e-03 6.768368184566497803e-03 1.359784305095672607e-01
6.262958794832229614e-02 1.977599859237670898e-01 9.487936273217201233e-03 -1.545615196228027344e-01
6.658478826284408569e-02 2.503477269783616066e-03 6.396706216037273407e-03 1.410994678735733032e-01
6.663485616445541382e-02 1.975332349538803101e-01 9.218695573508739471e-03 -1.495585590600967407e-01
7.058551907539367676e-02 2.280495129525661469e-03 6.227524019777774811e-03 1.460183560848236084e-01
7.063113152980804443e-02 1.973127126693725586e-01 9.147890843451023102e-03 -1.446934193372726440e-01
7.457738369703292847e-02 2.060957252979278564e-03 6.254022940993309021e-03 1.508613973855972290e-01
7.461860775947570801e-02 1.970928013324737549e-01 9.271251037716865540e-03 -1.398419737815856934e-01
7.856046408414840698e-02 1.839297707192599773e-03 6.474411580711603165e-03 1.557514071464538574e-01
7.859724760055541992e-02 1.968679577112197876e-01 9.589439257979393005e-03 -1.348819881677627563e-01
8.253460377454757690e-02 1.609968603588640690e-03 6.891800090670585632e-03 1.608107835054397583e-01
8.256680518388748169e-02 1.966325789690017700e-01 1.010801550000905991e-02 -1.296900212764739990e-01
8.649946004152297974e-02 1.367301098071038723e-03 7.514215540140867233e-03 1.661646515130996704e-01
8.652680367231369019e-02 1.963808834552764893e-01 1.083750836551189423e-02 -1.241383180022239685e-01
9.045442193746566772e-02 1.105364528484642506e-03 8.354742079973220825e-03 1.719439327716827393e-01
9.047652781009674072e-02 1.961067467927932739e-01 1.179362088441848755e-02 -1.180916652083396912e-01
9.439866244792938232e-02 8.178217103704810143e-04 9.431786835193634033e-03 1.782885938882827759e-01
9.441501647233963013e-02 1.958035379648208618e-01 1.299755927175283432e-02 -1.114040687680244446e-01
9.833108633756637573e-02 4.977758508175611496e-04 1.076947804540395737e-02 1.853509992361068726e-01
9.834104776382446289e-02 1.954640001058578491e-01 1.447649765759706497e-02 -1.039151996374130249e-01
1.022503226995468140e-01 1.376065047224983573e-04 1.239819359034299850e-02 1.932996213436126709e-01
1.022530794143676758e-01 1.950800269842147827e-01 1.626418530941009521e-02 -9.544655680656433105e-02
1.061546802520751953e-01 -2.712098648771643639e-04 1.435525529086589813e-02 2.023230046033859253e-01
1.061492562294006348e-01 1.946425288915634155e-01 1.840171590447425842e-02 -8.579718321561813354e-02
1.100421026349067688e-01 -7.382978219538927078e-04 1.668577082455158234e-02 2.126342356204986572e-01
1.100273355841636658e-01 1.941411644220352173e-01 2.093845605850219727e-02 -7.473887503147125244e-02
1.139101609587669373e-01 3.889567852020263672e-01 1.944367773830890656e-02 -3.607427775859832764e-01
1.216892972588539124e-01 1.935639232397079468e-01 1.222882326692342758e-02 -6.199282035231590271e-02
1.255605816841125488e-01 3.885084390640258789e-01 1.098896656185388565e-02 -3.507925271987915039e-01
1.333307474851608276e-01 1.932319402694702148e-01 3.973116166889667511e-03 -5.466477945446968079e-02
1.371953785419464111e-01 -1.946760225109755993e-03 2.879820298403501511e-03 2.392690479755401611e-01
1.371564418077468872e-01 1.931339353322982788e-01 7.665201090276241302e-03 -5.250411853194236755e-02
1.410191208124160767e-01 3.881451487541198730e-01 6.615119054913520813e-03 -3.427587747573852539e-01
1.487820297479629517e-01 1.929297000169754028e-01 -2.400568919256329536e-04 -4.799721017479896545e-02
1.526406258344650269e-01 -2.188803395256400108e-03 -1.200001104734838009e-03 2.446099668741226196e-01
1.525968462228775024e-01 1.929502636194229126e-01 3.692198311910033226e-03 -4.845122992992401123e-02
1.564558595418930054e-01 3.880190849304199219e-01 2.723173703998327255e-03 -3.399669528007507324e-01
1.642162352800369263e-01 1.928584873676300049e-01 -4.076165612787008286e-03 -4.642653837800025940e-02
1.680734008550643921e-01 -2.204776508733630180e-03 -5.004696082323789597e-03 2.449675351381301880e-01
1.680293083190917969e-01 1.929882913827896118e-01 -1.053453379427082837e-04 -4.928977787494659424e-02
1.718890815973281860e-01 -2.132142893970012665e-03 -1.091140904463827610e-03 2.433599084615707397e-01
1.718464344739913940e-01 1.930053830146789551e-01 3.776057390496134758e-03 -4.966698959469795227e-02
1.757065355777740479e-01 3.880729675292968750e-01 2.782717579975724220e-03 -3.411561548709869385e-01
1.834679991006851196e-01 1.929115504026412964e-01 -4.040405619889497757e-03 -4.759701713919639587e-02
1.873262226581573486e-01 -2.152235247194766998e-03 -4.992345813661813736e-03 2.438083887100219727e-01
1.872831881046295166e-01 1.930406689643859863e-01 -1.161780892289243639e-04 -5.044505745172500610e-02
1.911440044641494751e-01 3.881642818450927734e-01 -1.125079230405390263e-03 -3.431646227836608887e-01
1.989072859287261963e-01 1.930583566427230835e-01 -7.988371886312961578e-03 -5.083670467138290405e-02
2.027684450149536133e-01 -1.948144170455634594e-03 -9.005106054246425629e-03 2.393151521682739258e-01
2.027294933795928955e-01 1.933012902736663818e-01 -4.218802787363529205e-03 -5.619457736611366272e-02
2.065955102443695068e-01 -1.759922364726662636e-03 -5.342694465070962906e-03 2.351543009281158447e-01
2.065603137016296387e-01 1.934379488229751587e-01 -6.396083044819533825e-04 -5.920907482504844666e-02
2.104290723800659180e-01 3.885690569877624512e-01 -1.823789789341390133e-03 -3.520937263965606689e-01
2.182004600763320923e-01 1.934731006622314453e-01 -8.865664713084697723e-03 -5.998646095395088196e-02
2.220699191093444824e-01 -1.520619844086468220e-03 -1.006539352238178253e-02 2.298861593008041382e-01
2.220395058393478394e-01 1.937437057495117188e-01 -5.467670504003763199e-03 -6.595467776060104370e-02
2.259143739938735962e-01 -1.299427240155637264e-03 -6.786764133721590042e-03 2.249981611967086792e-01
2.258883863687515259e-01 1.939188539981842041e-01 -2.286800649017095566e-03 -6.981781125068664551e-02
2.297667711973190308e-01 -1.170231495052576065e-03 -3.683157032355666161e-03 2.221427410840988159e-01
2.297433614730834961e-01 1.940041631460189819e-01 7.596978102810680866e-04 -7.169972360134124756e-02
2.336234450340270996e-01 3.891152143478393555e-01 -6.742966361343860626e-04 -3.641428649425506592e-01
2.414057552814483643e-01 1.940028667449951172e-01 -7.957153953611850739e-03 -7.167263329029083252e-02
2.452858090400695801e-01 -1.004115212708711624e-03 -9.390606544911861420e-03 2.184891849756240845e-01
2.452657222747802734e-01 1.942508071660995483e-01 -5.020822864025831223e-03 -7.714107632637023926e-02
2.491507381200790405e-01 -7.988098659552633762e-04 -6.563644390553236008e-03 2.139535397291183472e-01
2.491347640752792358e-01 1.944163590669631958e-01 -2.284573158249258995e-03 -8.079259842634201050e-02
2.530230879783630371e-01 3.895709812641143799e-01 -3.900425275787711143e-03 -3.741954267024993896e-01
2.608145177364349365e-01 1.945046633481979370e-01 -1.138433441519737244e-02 -8.274489641189575195e-02
2.647046148777008057e-01 -4.522657254710793495e-04 -1.303923223167657852e-02 2.063246220350265503e-01
2.646955549716949463e-01 1.948536932468414307e-01 -8.912739343941211700e-03 -9.044284373521804810e-02
2.685926258563995361e-01 -1.393791753798723221e-04 -1.072159688919782639e-02 1.994148343801498413e-01
2.685898542404174805e-01 1.951342672109603882e-01 -6.733299698680639267e-03 -9.663087874650955200e-02
2.724925279617309570e-01 1.094621256925165653e-04 -8.665917441248893738e-03 1.939201205968856812e-01
2.724947333335876465e-01 1.953542977571487427e-01 -4.787514917552471161e-03 -1.014838889241218567e-01
2.764018177986145020e-01 3.012850065715610981e-04 -6.817192304879426956e-03 1.896847635507583618e-01
2.764078378677368164e-01 1.955201029777526855e-01 -3.023497294634580612e-03 -1.051408946514129639e-01
2.803182303905487061e-01 4.416063311509788036e-04 -5.126315169036388397e-03 1.865866035223007202e-01
2.803270816802978516e-01 1.956365257501602173e-01 -1.394583377987146378e-03 -1.077090650796890259e-01
2.842397987842559814e-01 5.345867830328643322e-04 -3.548764623701572418e-03 1.845335513353347778e-01
2.842504978179931641e-01 1.957071274518966675e-01 1.419063191860914230e-04 -1.092667654156684875e-01
2.881646454334259033e-01 5.831499001942574978e-04 -2.043428830802440643e-03 1.834609359502792358e-01
2.881762981414794922e-01 1.957342773675918579e-01 1.625789678655564785e-03 -1.098659187555313110e-01
2.920909821987152100e-01 3.908329010009765625e-01 -5.715286824852228165e-04 -4.020354747772216797e-01
2.999076247215270996e-01 1.957190632820129395e-01 -8.612237870693206787e-03 -1.095327958464622498e-01
3.038220107555389404e-01 7.215686491690576077e-04 -1.080289389938116074e-02 1.804206222295761108e-01
3.038364648818969727e-01 1.959964334964752197e-01 -7.194481324404478073e-03 -1.156505569815635681e-01
3.077563941478729248e-01 9.782959241420030594e-04 -9.507493115961551666e-03 1.747539043426513672e-01
3.077759444713592529e-01 1.962350159883499146e-01 -6.012414582073688507e-03 -1.209130957722663879e-01
3.117006421089172363e-01 1.199719263240695000e-03 -8.430676534771919250e-03 1.698669195175170898e-01
3.117246329784393311e-01 1.964413225650787354e-01 -5.033337976783514023e-03 -1.254636645317077637e-01
3.156534731388092041e-01 1.391837606206536293e-03 -7.542611099779605865e-03 1.656270623207092285e-01
3.156813085079193115e-01 1.966209411621093750e-01 -4.230069927871227264e-03 -1.294257789850234985e-01
3.196137249469757080e-01 1.559841912239789963e-03 -6.818585563451051712e-03 1.619196236133575439e-01
3.196449279785156250e-01 1.967787444591522217e-01 -3.580193035304546356e-03 -1.329065710306167603e-01
3.235805034637451172e-01 1.708254916593432426e-03 -6.238324567675590515e-03 1.586447060108184814e-01
3.236146569252014160e-01 1.969189643859863281e-01 -3.065430093556642532e-03 -1.359997093677520752e-01
3.275530338287353516e-01 1.841051504015922546e-03 -5.785424262285232544e-03 1.557145565748214722e-01
3.275898694992065430e-01 1.970453560352325439e-01 -2.671133261173963547e-03 -1.387879103422164917e-01
3.315307796001434326e-01 1.961765578016638756e-03 -5.446891300380229950e-03 1.530511230230331421e-01
3.315699994564056396e-01 1.971612870693206787e-01 -2.385869156569242477e-03 -1.413451880216598511e-01
3.355132341384887695e-01 2.073583658784627914e-03 -5.212773103266954422e-03 1.505840718746185303e-01
3.355546891689300537e-01 1.972697824239730835e-01 -2.201091498136520386e-03 -1.437388062477111816e-01
3.395000994205474854e-01 2.179429400712251663e-03 -5.075867287814617157e-03 1.482489109039306641e-01
3.395436704158782959e-01 1.973737031221389771e-01 -2.110889181494712830e-03 -1.460310220718383789e-01
3.434911668300628662e-01 2.282039495185017586e-03 -5.031509790569543839e-03 1.459852159023284912e-01
3.435367941856384277e-01 1.974756866693496704e-01 -2.111805370077490807e-03 -1.482807993888854980e-01
3.474863171577453613e-01 2.384035848081111908e-03 -5.077421199530363083e-03 1.437351405620574951e-01
3.475340008735656738e-01 1.975783258676528931e-01 -2.202718518674373627e-03 -1.505452841520309448e-01
3.514855504035949707e-01 2.487992402166128159e-03 -5.213623866438865662e-03 1.414419263601303101e-01
3.515353202819824219e-01 1.976842284202575684e-01 -2.384785562753677368e-03 -1.528812497854232788e-01
3.554890155792236328e-01 2.596500096842646599e-03 -5.442410707473754883e-03 1.390483826398849487e-01
3.555409312248229980e-01 1.977959722280502319e-01 -2.661442849785089493e-03 -1.553465574979782104e-01
3.594968616962432861e-01 2.712232293561100960e-03 -5.768374074250459671e-03 1.364955604076385498e-01
3.595511019229888916e-01 1.979163289070129395e-01 -3.038462717086076736e-03 -1.580016016960144043e-01
3.635094165802001953e-01 2.838010666891932487e-03 -6.198495160788297653e-03 1.337212175130844116e-01
3.635661900043487549e-01 1.980482041835784912e-01 -3.524070605635643005e-03 -1.609107851982116699e-01
3.675271570682525635e-01 2.976875053718686104e-03 -6.742286495864391327e-03 1.306582987308502197e-01
3.675866723060607910e-01 1.981947571039199829e-01 -4.129120148718357086e-03 -1.641440838575363159e-01
3.715505897998809814e-01 3.132156562060117722e-03 -7.412001956254243851e-03 1.272333711385726929e-01
3.716132342815399170e-01 1.983595043420791626e-01 -4.867334384471178055e-03 -1.677787154912948608e-01
3.755804002285003662e-01 3.307557897642254829e-03 -8.222908712923526764e-03 1.233647465705871582e-01
3.756465613842010498e-01 1.985463500022888184e-01 -5.755614023655653000e-03 -1.719010472297668457e-01
3.796174824237823486e-01 3.507242072373628616e-03 -9.193634614348411560e-03 1.189606264233589172e-01
3.796876370906829834e-01 1.987597048282623291e-01 -6.814422085881233215e-03 -1.766085773706436157e-01
3.836628198623657227e-01 3.735931357368826866e-03 -1.034659333527088165e-02 1.139168590307235718e-01
3.837375640869140625e-01 1.990045905113220215e-01 -8.068256080150604248e-03 -1.820123046636581421e-01
3.877176344394683838e-01 3.999019041657447815e-03 -1.170850265771150589e-02 1.081145033240318298e-01
3.877976238727569580e-01 1.992867738008499146e-01 -9.546212852001190186e-03 -1.882392764091491699e-01
3.917833566665649414e-01 4.302697256207466125e-03 -1.331099774688482285e-02 1.014169678092002869e-01
3.918694257736206055e-01 1.996128559112548828e-01 -1.128265913575887680e-02 -1.954356431961059570e-01
3.958616554737091064e-01 4.654099699109792709e-03 -1.519137155264616013e-02 9.366685897111892700e-02
3.959547579288482666e-01 1.999904513359069824e-01 -1.331803388893604279e-02 -2.037699520587921143e-01
3.999545574188232422e-01 5.061472300440073013e-03 -1.739343255758285522e-02 8.468220382928848267e-02
4.000557959079742432e-01 2.004283815622329712e-01 -1.569978892803192139e-02 -2.134372442960739136e-01
4.040643572807312012e-01 5.534361116588115692e-03 -1.996853388845920563e-02 7.425220310688018799e-02
4.041750431060791016e-01 -1.892957091331481934e-01 -1.848348975181579590e-02 3.605687022209167480e-01
4.003891348838806152e-01 6.084031425416469574e-03 -1.127211656421422958e-02 6.211530417203903198e-02
4.005108177661895752e-01 2.013657689094543457e-01 -1.002981048077344894e-02 -2.341026216745376587e-01
4.045381247997283936e-01 6.388549692928791046e-03 -1.471186242997646332e-02 5.539977923035621643e-02
4.046658873558044434e-01 -1.885194033384323120e-01 -1.360386703163385391e-02 3.434049189090728760e-01
4.008955061435699463e-01 6.793417036533355713e-03 -6.735768634825944901e-03 4.646340012550354004e-02
4.010313749313354492e-01 2.020113021135330200e-01 -5.806500557810068130e-03 -2.483370900154113770e-01
4.050716161727905273e-01 6.972756236791610718e-03 -1.077324245125055313e-02 4.250870272517204285e-02
4.052110612392425537e-01 -1.879930645227432251e-01 -9.923067875206470490e-03 3.317731916904449463e-01
4.014512002468109131e-01 7.268714718520641327e-03 -3.287604311481118202e-03 3.597760573029518127e-02
4.015965759754180908e-01 2.024376541376113892e-01 -2.568052150309085846e-03 -2.577407658100128174e-01
4.056453108787536621e-01 7.352462038397789001e-03 -7.722867652773857117e-03 3.413104265928268433e-02
4.057923853397369385e-01 -1.876578927040100098e-01 -7.040246855467557907e-03 3.243673443794250488e-01
4.020392298698425293e-01 7.563590537756681442e-03 -5.528997862711548805e-04 2.947256714105606079e-02
4.021904766559600830e-01 2.026934623718261719e-01 3.655158070614561439e-05 -2.633847594261169434e-01
4.062443673610687256e-01 7.570993155241012573e-03 -5.231143441051244736e-03 2.930970117449760437e-02
4.063957631587982178e-01 -1.874755471944808960e-01 -4.644949454814195633e-03 3.203375637531280518e-01
4.026462733745574951e-01 7.712241727858781815e-03 1.761801890097558498e-03 2.619342505931854248e-02
4.028005003929138184e-01 2.028088867664337158e-01 2.285670256242156029e-03 -2.659331262111663818e-01
4.068566858768463135e-01 7.654384244233369827e-03 -3.032991895452141762e-03 2.746985666453838348e-02
4.070097804069519043e-01 2.028197050094604492e-01 -2.483594696968793869e-03 -2.661684751510620117e-01
4.110661745071411133e-01 7.733282633125782013e-03 -7.806964218616485596e-03 2.573007903993129730e-02
4.112208485603332520e-01 -1.872758418321609497e-01 -7.292362395673990250e-03 3.159396350383758545e-01
4.074753224849700928e-01 7.949215359985828400e-03 -9.735699277371168137e-04 2.096589095890522003e-02
4.076343178749084473e-01 2.030851095914840698e-01 -5.542520666494965553e-04 -2.720240354537963867e-01
4.116960167884826660e-01 7.971077226102352142e-03 -5.994732957333326340e-03 2.048401348292827606e-02
4.118554294109344482e-01 -1.870643943548202515e-01 -5.585053004324436188e-03 3.112695217132568359e-01
4.081141352653503418e-01 8.136681281030178070e-03 6.403375882655382156e-04 1.683047972619533539e-02
4.082768857479095459e-01 2.032494395971298218e-01 9.769471362233161926e-04 -2.756503522396087646e-01
4.123418629169464111e-01 8.113567717373371124e-03 -4.536059685051441193e-03 1.734055206179618835e-02
4.125041365623474121e-01 -1.869430392980575562e-01 -4.189248662441968918e-03 3.085888624191284180e-01
4.087652862071990967e-01 8.238351903855800629e-03 1.982528483495116234e-03 1.458770129829645157e-02
4.089300334453582764e-01 2.033318132162094116e-01 2.274282509461045265e-03 -2.774690687656402588e-01
4.129966795444488525e-01 8.177492767572402954e-03 -3.275098744779825211e-03 1.593030989170074463e-02
4.131602346897125244e-01 -1.868973374366760254e-01 -2.956492593511939049e-03 3.075781166553497314e-01
4.094222784042358398e-01 8.266616612672805786e-03 3.195069730281829834e-03 1.396424975246191025e-02
4.095876216888427734e-01 2.033426016569137573e-01 3.474354743957519531e-03 -2.777088880538940430e-01
4.136544764041900635e-01 8.171256631612777710e-03 -2.079823054373264313e-03 1.606782339513301849e-02
4.138178825378417969e-01 2.033229768276214600e-01 -1.758466591127216816e-03 -2.772705852985382080e-01
4.178843498229980469e-01 8.226153440773487091e-03 -7.303878199309110641e-03 1.485720276832580566e-02
4.180488586425781250e-01 -1.867902874946594238e-01 -7.006734143942594528e-03 3.052267432212829590e-01
4.143130779266357422e-01 8.430803194642066956e-03 -9.021992445923388004e-04 1.034232974052429199e-02
4.144816696643829346e-01 2.035656869411468506e-01 -6.953526753932237625e-04 -2.826251089572906494e-01
4.185529947280883789e-01 8.453655056655406952e-03 -6.347855087369680405e-03 9.838419035077095032e-03
4.187220633029937744e-01 -1.865766793489456177e-01 -6.151086650788784027e-03 3.005117774009704590e-01
4.149905443191528320e-01 8.632395416498184204e-03 -1.408509706379845738e-04 5.895289126783609390e-03
4.151631891727447510e-01 -1.864875406026840210e-01 -2.294519435963593423e-05 2.985337674617767334e-01
4.114334285259246826e-01 8.634743280708789825e-03 5.947730038315057755e-03 5.843609105795621872e-03
4.116061329841613770e-01 2.036708891391754150e-01 6.064602639526128769e-03 -2.849568128585815430e-01
4.156795442104339600e-01 8.462973870337009430e-03 3.654660540632903576e-04 9.632657282054424286e-03
4.158487915992736816e-01 2.035796791315078735e-01 5.581192090176045895e-04 -2.829349339008331299e-01
4.199203848838806152e-01 8.449774235486984253e-03 -5.100579466670751572e-03 9.923964738845825195e-03
4.200893938541412354e-01 -1.865986585617065430e-01 -4.902100190520286560e-03 3.009932339191436768e-01
4.163574278354644775e-01 8.592819795012474060e-03 1.117764622904360294e-03 6.768333259969949722e-03
4.165292680263519287e-01 2.036987245082855225e-01 1.253131311386823654e-03 -2.855617105960845947e-01
4.206032454967498779e-01 8.558921515941619873e-03 -4.458102863281965256e-03 7.516176439821720123e-03
4.207744300365447998e-01 -1.864988058805465698e-01 -4.307779483497142792e-03 2.987892031669616699e-01
4.170444607734680176e-01 8.684278465807437897e-03 1.668004319071769714e-03 4.750788211822509766e-03
4.172181487083435059e-01 2.037822753190994263e-01 1.763020060025155544e-03 -2.874054014682769775e-01
4.212937951087951660e-01 8.635220117866992950e-03 -3.985087852925062180e-03 5.833049770444631577e-03
4.214664995670318604e-01 -1.864293515682220459e-01 -3.868426894769072533e-03 2.972559630870819092e-01
4.177379012107849121e-01 8.747529238462448120e-03 2.076692646369338036e-03 3.355525899678468704e-03
4.179128408432006836e-01 2.038396298885345459e-01 2.143803052604198456e-03 -2.886714637279510498e-01
4.219896495342254639e-01 8.687179535627365112e-03 -3.629626007750630379e-03 4.686833359301090240e-03
4.221633970737457275e-01 -1.863825321197509766e-01 -3.535889321938157082e-03 2.962223589420318604e-01
4.184357225894927979e-01 8.789649233222007751e-03 2.388557884842157364e-03 2.426374237984418869e-03
4.186115264892578125e-01 2.038772702217102051e-01 2.437085378915071487e-03 -2.895019650459289551e-01
4.226890802383422852e-01 8.720645681023597717e-03 -3.352954285219311714e-03 3.948583267629146576e-03
4.228634834289550781e-01 -1.863530576229095459e-01 -3.273982554674148560e-03 2.955717146396636963e-01
4.191364347934722900e-01 8.815413340926170349e-03 2.637451980262994766e-03 1.858040224760770798e-03
4.193127453327178955e-01 2.038994431495666504e-01 2.674612915143370628e-03 -2.899915874004364014e-01
4.233907163143157959e-01 8.739452809095382690e-03 -3.125218674540519714e-03 3.533696290105581284e-03
4.235655069351196289e-01 -1.863375455141067505e-01 -3.054544562473893166e-03 2.952289283275604248e-01
4.198387563228607178e-01 8.827825076878070831e-03 2.850034274160861969e-03 1.584226498380303383e-03
4.200153052806854248e-01 2.039087861776351929e-01 2.881718799471855164e-03 -2.901981174945831299e-01
4.240934848785400391e-01 8.745864033699035645e-03 -2.922243671491742134e-03 3.392275422811508179e-03
4.242684245109558105e-01 -1.863340586423873901e-01 -2.854398218914866447e-03 2.951517701148986816e-01
4.205417335033416748e-01 8.828471414744853973e-03 3.048637183383107185e-03 1.569976215250790119e-03
4.207183122634887695e-01 2.039065659046173096e-01 3.080036723986268044e-03 -2.901495099067687988e-01
4.247964322566986084e-01 8.740833960473537445e-03 -2.722953446209430695e-03 3.503231564536690712e-03
4.249712526798248291e-01 -1.863419562578201294e-01 -2.652888884767889977e-03 2.953257858753204346e-01
4.212444126605987549e-01 8.817709982395172119e-03 3.253626869991421700e-03 1.807366032153367996e-03
4.214207530021667480e-01 2.038928419351577759e-01 3.289774293079972267e-03 -2.898472249507904053e-01
4.254986345767974854e-01 8.724141865968704224e-03 -2.507170196622610092e-03 3.871439490467309952e-03
4.256730973720550537e-01 -1.863617599010467529e-01 -2.429741434752941132e-03 2.957622706890106201e-01
4.219458699226379395e-01 8.794742636382579803e-03 3.485503839328885078e-03 2.314032753929495811e-03
4.221217632293701172e-01 2.038665264844894409e-01 3.531784517690539360e-03 -2.892671525478363037e-01
4.261991083621978760e-01 8.694398216903209686e-03 -2.253558253869414330e-03 4.527579527348279953e-03
4.263729751110076904e-01 -1.863951683044433594e-01 -2.163006691262125969e-03 2.964986264705657959e-01
4.226450920104980469e-01 8.757557719945907593e-03 3.766966052353382111e-03 3.134312108159065247e-03
4.228202402591705322e-01 2.038252800703048706e-01 3.829652210697531700e-03 -2.883577048778533936e-01
4.268967211246490479e-01 8.648930117487907410e-03 -1.937502063810825348e-03 5.530583672225475311e-03
4.270697236061096191e-01 -1.864451766014099121e-01 -1.826890395022928715e-03 2.976015806198120117e-01
4.233407974243164062e-01 8.702765218913555145e-03 4.125141073018312454e-03 4.343039821833372116e-03
4.235148727893829346e-01 2.037653177976608276e-01 4.212001804262399673e-03 -2.870354950428009033e-01
4.275901615619659424e-01 8.583548478782176971e-03 -1.528708264231681824e-03 6.972869858145713806e-03
4.277618527412414551e-01 2.037273943424224854e-01 -1.389250857755541801e-03 -2.861919999122619629e-01
4.318363964557647705e-01 8.625279180705547333e-03 -7.113090716302394867e-03 6.052453536540269852e-03
4.320088922977447510e-01 -1.863939464092254639e-01 -6.992041599005460739e-03 2.964826524257659912e-01
4.282810091972351074e-01 8.826985023915767670e-03 -1.062388531863689423e-03 1.602778676897287369e-03
4.284575581550598145e-01 -1.862797141075134277e-01 -1.030332990922033787e-03 2.939503192901611328e-01
4.247319698333740234e-01 8.856911212205886841e-03 4.848673474043607712e-03 9.426187607459723949e-04
4.249091148376464844e-01 2.039089947938919067e-01 4.867525771260261536e-03 -2.902065515518188477e-01
4.289872944355010986e-01 8.717971853911876678e-03 -9.366053272970020771e-04 4.007549956440925598e-03
4.291616380214691162e-01 2.038533389568328857e-01 -8.564543095417320728e-04 -2.889707386493682861e-01
4.332387149333953857e-01 8.743614889681339264e-03 -6.635868921875953674e-03 3.441946813836693764e-03
4.334135651588439941e-01 -1.862825453281402588e-01 -6.567030213773250580e-03 2.940238118171691895e-01
4.296879172325134277e-01 8.932417258620262146e-03 -6.865539471618831158e-04 -7.230069022625684738e-04
4.298665821552276611e-01 -1.861796826124191284e-01 -7.010140689089894295e-04 2.917432188987731934e-01
4.261429905891418457e-01 8.952258154749870300e-03 5.133850499987602234e-03 -1.160710817202925682e-03
4.263220429420471191e-01 2.040002048015594482e-01 5.110636353492736816e-03 -2.922194302082061768e-01
4.304020404815673828e-01 8.805762976408004761e-03 -7.337525021284818649e-04 2.070930553600192070e-03
4.305781424045562744e-01 2.039382308721542358e-01 -6.923339096829295158e-04 -2.908434271812438965e-01
4.346569180488586426e-01 8.826157078146934509e-03 -6.509202066808938980e-03 1.621078583411872387e-03
4.348334372043609619e-01 -1.862018406391143799e-01 -6.476780399680137634e-03 2.922431826591491699e-01
4.311093986034393311e-01 9.011855348944664001e-03 -6.319168605841696262e-04 -2.475377172231674194e-03
4.312896430492401123e-01 -1.861010342836380005e-01 -6.814243970438838005e-04 2.900080978870391846e-01
4.275676012039184570e-01 9.030633606016635895e-03 5.118737462908029556e-03 -2.889657393097877502e-03
4.277482330799102783e-01 2.040788084268569946e-01 5.060944706201553345e-03 -2.939531803131103516e-01
4.318298101425170898e-01 8.885063230991363525e-03 -8.181189768947660923e-04 3.215951728634536266e-04
4.320074915885925293e-01 -1.862251460552215576e-01 -8.116870303638279438e-04 2.927462756633758545e-01
4.282830059528350830e-01 8.908369578421115875e-03 5.043238401412963867e-03 -1.925283577293157578e-04
4.284611642360687256e-01 2.039576321840286255e-01 5.039387848228216171e-03 -2.912800014019012451e-01
4.325403273105621338e-01 8.764188736677169800e-03 -7.862118654884397984e-04 2.988024847581982613e-03
4.327155947685241699e-01 2.038974016904830933e-01 -7.264513405971229076e-04 -2.899428606033325195e-01
4.367935657501220703e-01 8.785821497440338135e-03 -6.525308359414339066e-03 2.510865684598684311e-03
4.369692802429199219e-01 -1.862419396638870239e-01 -6.475090980529785156e-03 2.931278645992279053e-01
4.332444369792938232e-01 8.971727453172206879e-03 -6.125340587459504604e-04 -1.590172643773257732e-03
4.334238767623901367e-01 -1.861414313316345215e-01 -6.443375023081898689e-04 2.908994257450103760e-01
4.297010302543640137e-01 8.989699184894561768e-03 5.173651035875082016e-03 -1.986644463613629341e-03
4.298808276653289795e-01 2.040370702743530273e-01 5.133918020874261856e-03 -2.930327355861663818e-01
4.339615702629089355e-01 8.842300623655319214e-03 -7.267366745509207249e-04 1.264922204427421093e-03
4.341384172439575195e-01 2.039746642112731934e-01 -7.014382281340658665e-04 -2.916471958160400391e-01
4.382179081439971924e-01 8.862723596394062042e-03 -6.534382235258817673e-03 8.144089952111244202e-04
4.383951723575592041e-01 -1.861649155616760254e-01 -6.518094334751367569e-03 2.914285063743591309e-01
4.346718788146972656e-01 9.049372747540473938e-03 -6.895238766446709633e-04 -3.302989993244409561e-03
4.348528683185577393e-01 -1.860626786947250366e-01 -7.555836928077042103e-04 2.891623079776763916e-01
4.311316013336181641e-01 9.070034138858318329e-03 5.027662497013807297e-03 -3.758830484002828598e-03
4.313130080699920654e-01 2.041195183992385864e-01 4.952485673129558563e-03 -2.948512434959411621e-01
4.353953897953033447e-01 8.927316404879093170e-03 -9.445389732718467712e-04 -6.104952772147953510e-04
4.355739355087280273e-01 2.040628045797348022e-01 -9.567489032633602619e-04 -2.935912907123565674e-01
4.396551847457885742e-01 8.954503573477268219e-03 -6.828574463725090027e-03 -1.210257876664400101e-03
4.398342967033386230e-01 -1.860688477754592896e-01 -6.852780003100633621e-03 2.893103659152984619e-01
4.361129105091094971e-01 9.150142781436443329e-03 -1.066572382114827633e-03 -5.525948479771614075e-03
4.362959265708923340e-01 -1.859564930200576782e-01 -1.177091267891228199e-03 2.868202626705169678e-01
4.325767755508422852e-01 9.182222187519073486e-03 4.559313878417015076e-03 -6.233668420463800430e-03
4.327604174613952637e-01 2.042384892702102661e-01 4.434640519320964813e-03 -2.974745929241180420e-01
4.368451833724975586e-01 9.053604677319526672e-03 -1.514851232059299946e-03 -3.396366024389863014e-03
4.370262622833251953e-01 -1.860465854406356812e-01 -1.582778524607419968e-03 2.888082265853881836e-01
4.333053231239318848e-01 9.097897447645664215e-03 4.193386062979698181e-03 -4.373476840555667877e-03
4.334872961044311523e-01 2.041594535112380981e-01 4.105916246771812439e-03 -2.957303822040557861e-01
4.375704824924468994e-01 8.979215286672115326e-03 -1.808691537007689476e-03 -1.755360513925552368e-03
4.377500712871551514e-01 -1.861167550086975098e-01 -1.843798672780394554e-03 2.903563678264617920e-01
4.340277314186096191e-01 9.031443856656551361e-03 3.963328432291746140e-03 -2.907515736296772957e-03
4.342083632946014404e-01 2.040963321924209595e-01 3.905178047716617584e-03 -2.943373322486877441e-01
4.382902979850769043e-01 8.918922394514083862e-03 -1.981568522751331329e-03 -4.253336228430271149e-04
4.384686648845672607e-01 -1.861745566129684448e-01 -1.990075223147869110e-03 2.916317284107208252e-01
4.347451627254486084e-01 8.975716307759284973e-03 3.842559177428483963e-03 -1.678181230090558529e-03
4.349246919155120850e-01 2.040423452854156494e-01 3.808995708823204041e-03 -2.931462526321411133e-01
4.390055239200592041e-01 8.866298012435436249e-03 -2.053929725661873817e-03 7.355332490988075733e-04
4.391828775405883789e-01 -1.862261295318603516e-01 -2.039219019934535027e-03 2.927697002887725830e-01
4.354583323001861572e-01 8.924829773604869843e-03 3.816175274550914764e-03 -5.556580144912004471e-04
4.356368482112884521e-01 2.039918452501296997e-01 3.805062035098671913e-03 -2.920320928096771240e-01
4.397166669368743896e-01 8.815847337245941162e-03 -2.035579876974225044e-03 1.848466228693723679e-03
4.398929774761199951e-01 2.039669305086135864e-01 -1.998610561713576317e-03 -2.914760112762451172e-01
4.439723193645477295e-01 8.873535320162773132e-03 -7.828130386769771576e-03 5.759047926403582096e-04
4.441497921943664551e-01 -1.861352771520614624e-01 -7.816612720489501953e-03 2.907787263393402100e-01
4.404270946979522705e-01 9.097251109778881073e-03 -2.001038286834955215e-03 -4.359193146228790283e-03
4.406090378761291504e-01 -1.859959512948989868e-01 -2.088222187012434006e-03 2.876917123794555664e-01
4.368891119956970215e-01 9.155723266303539276e-03 3.665612079203128815e-03 -5.649090744554996490e-03
4.370722472667694092e-01 2.042249143123626709e-01 3.552630310878157616e-03 -2.971732318401336670e-01
4.411567449569702148e-01 9.052499197423458099e-03 -2.390834270045161247e-03 -3.371976781636476517e-03
4.413377940654754639e-01 -1.860350817441940308e-01 -2.458273665979504585e-03 2.885556519031524658e-01
4.376170933246612549e-01 9.121837094426155090e-03 3.312839427962899208e-03 -4.901573061943054199e-03
4.377995133399963379e-01 2.041961252689361572e-01 3.214807948097586632e-03 -2.965374290943145752e-01
4.418834447860717773e-01 9.028488770127296448e-03 -2.715940587222576141e-03 -2.842332236468791962e-03
4.420640170574188232e-01 -1.860544085502624512e-01 -2.772787120193243027e-03 2.889824509620666504e-01
4.383429288864135742e-01 9.106974117457866669e-03 3.006861777976155281e-03 -4.573698621243238449e-03
4.385250508785247803e-01 2.041856795549392700e-01 2.915387740358710289e-03 -2.963064014911651611e-01
4.426087737083435059e-01 9.022283367812633514e-03 -3.010740270838141441e-03 -2.705444116145372391e-03
4.427892267704010010e-01 -1.860563606023788452e-01 -3.064849181100726128e-03 2.890260517597198486e-01
4.390681087970733643e-01 9.109160862863063812e-03 2.715671434998512268e-03 -4.621932748705148697e-03
4.392502903938293457e-01 2.041920572519302368e-01 2.623232780024409294e-03 -2.964468002319335938e-01
4.433341324329376221e-01 9.032811969518661499e-03 -3.305703168734908104e-03 -2.937700832262635231e-03
4.435147643089294434e-01 -1.860415786504745483e-01 -3.364457050338387489e-03 2.887004017829895020e-01
4.397939443588256836e-01 9.128191508352756500e-03 2.409551059827208519e-03 -5.041736178100109100e-03
4.399765133857727051e-01 2.042154967784881592e-01 2.308716299012303352e-03 -2.969634532928466797e-01
4.440608024597167969e-01 9.060717187821865082e-03 -3.630552673712372780e-03 -3.553285263478755951e-03
4.442420303821563721e-01 -1.860089749097824097e-01 -3.701618406921625137e-03 2.879819571971893311e-01
4.405218660831451416e-01 9.165562689304351807e-03 2.058020560070872307e-03 -5.866130348294973373e-03
4.407051503658294678e-01 2.042579352855682373e-01 1.940698013640940189e-03 -2.978990077972412109e-01
4.447903335094451904e-01 9.108376689255237579e-03 -4.017282277345657349e-03 -4.604660440236330032e-03
4.449724853038787842e-01 -1.859557330608367920e-01 -4.109375644475221634e-03 2.868080735206604004e-01
4.412533640861511230e-01 9.224583394825458527e-03 1.626785728149116039e-03 -7.168089505285024643e-03
4.414378702640533447e-01 2.043231725692749023e-01 1.483423984609544277e-03 -2.993372976779937744e-01
4.455243349075317383e-01 9.180101566016674042e-03 -4.503322299569845200e-03 -6.186901126056909561e-03
4.457079172134399414e-01 -1.858769804239273071e-01 -4.627060145139694214e-03 2.850717902183532715e-01
4.419904053211212158e-01 9.310659952461719513e-03 1.074375468306243420e-03 -9.066893719136714935e-03
4.421766102313995361e-01 2.044171839952468872e-01 8.930375915952026844e-04 -3.014106452465057373e-01
4.462649524211883545e-01 9.282518178224563599e-03 -5.135175306349992752e-03 -8.446210063993930817e-03
4.464505910873413086e-01 -1.857654154300689697e-01 -5.304099526256322861e-03 2.826120853424072266e-01
4.427352845668792725e-01 9.431790560483932495e-03 3.481422900222241879e-04 -1.173899043351411819e-02
4.429239332675933838e-01 -1.856951564550399780e-01 1.133624755311757326e-04 2.810537517070770264e-01
4.392100274562835693e-01 9.425182826817035675e-03 5.734437610954046249e-03 -1.159341167658567429e-02
4.393985271453857422e-01 2.044644206762313843e-01 5.502569489181041718e-03 -3.024615645408630371e-01
4.434878230094909668e-01 9.264485910534858704e-03 -5.466616130433976650e-04 -8.048326708376407623e-03
4.436731040477752686e-01 -1.858496218919754028e-01 -7.076281472109258175e-04 2.844620645046234131e-01
4.399561285972595215e-01 9.282415732741355896e-03 4.981613252311944962e-03 -8.443952538073062897e-03
4.401417672634124756e-01 2.043325752019882202e-01 4.812734201550483704e-03 -2.995509803295135498e-01
4.442284107208251953e-01 9.142350405454635620e-03 -1.178285107016563416e-03 -5.354089196771383286e-03
4.444112479686737061e-01 -1.859626770019531250e-01 -1.285366830416023731e-03 2.869568467140197754e-01
4.406920075416564941e-01 9.177575819194316864e-03 4.453769885003566742e-03 -6.131201982498168945e-03
4.408755600452423096e-01 2.042353749275207520e-01 4.331145901232957840e-03 -2.974056005477905273e-01
4.449602663516998291e-01 9.051947854459285736e-03 -1.616965862922370434e-03 -3.359846770763397217e-03
4.451413154602050781e-01 -1.860467791557312012e-01 -1.684162765741348267e-03 2.888124585151672363e-01
4.414203763008117676e-01 9.099150076508522034e-03 4.092086572200059891e-03 -4.401149693876504898e-03
4.416023492813110352e-01 2.041621804237365723e-01 4.004063550382852554e-03 -2.957901656627655029e-01
4.456855952739715576e-01 8.983372710645198822e-03 -1.911739818751811981e-03 -1.847118604928255081e-03
4.458652734756469727e-01 2.041326910257339478e-01 -1.948682125657796860e-03 -2.951326072216033936e-01
4.499479234218597412e-01 9.038573130965232849e-03 -7.851334288716316223e-03 -3.064903197810053825e-03
4.501286745071411133e-01 -1.859699040651321411e-01 -7.912632077932357788e-03 2.871305346488952637e-01
4.464092850685119629e-01 9.263990446925163269e-03 -2.170021878555417061e-03 -8.037435822188854218e-03
4.465945661067962646e-01 -1.858267784118652344e-01 -2.330770483240485191e-03 2.839600443840026855e-01
4.428780376911163330e-01 9.328344836831092834e-03 3.348430152982473373e-03 -9.457092732191085815e-03
4.430646002292633057e-01 2.044021189212799072e-01 3.159288316965103149e-03 -3.010816574096679688e-01
4.471526443958282471e-01 9.235277771949768066e-03 -2.862345194444060326e-03 -7.404046598821878433e-03
4.473373591899871826e-01 -1.858455091714859009e-01 -3.010426182299852371e-03 2.843744158744812012e-01
4.436204433441162109e-01 9.319250471889972687e-03 2.677062060683965683e-03 -9.256470948457717896e-03
4.438068270683288574e-01 2.044027000665664673e-01 2.491932595148682594e-03 -3.010935485363006592e-01
4.478948712348937988e-01 9.245327673852443695e-03 -3.529938403517007828e-03 -7.625763304531574249e-03
4.480797946453094482e-01 -1.858258247375488281e-01 -3.682453650981187820e-03 2.839413285255432129e-01
4.443632662296295166e-01 9.348456747829914093e-03 1.996373059228062630e-03 -9.900734759867191315e-03
4.445502460002899170e-01 2.044417262077331543e-01 1.798358280211687088e-03 -3.019531071186065674e-01
4.486390650272369385e-01 9.294184856116771698e-03 -4.240703769028186798e-03 -8.703566156327724457e-03
4.488249421119689941e-01 -1.857666969299316406e-01 -4.414775408804416656e-03 2.826383709907531738e-01
4.451096355915069580e-01 9.417949244379997253e-03 1.237991848029196262e-03 -1.143369358032941818e-02
4.452979862689971924e-01 2.045221179723739624e-01 1.009317929856479168e-03 -3.037257492542266846e-01
4.493884146213531494e-01 9.385802783071994781e-03 -5.065197125077247620e-03 -1.072469074279069901e-02
4.495761394500732422e-01 -1.856631487607955933e-01 -5.279690958559513092e-03 2.803558111190795898e-01
4.458628892898559570e-01 9.533723816275596619e-03 3.274251648690551519e-04 -1.398762781172990799e-02
4.460535645484924316e-01 -1.855929195880889893e-01 4.767262362292967737e-05 2.787985801696777344e-01
4.423416852951049805e-01 9.528350085020065308e-03 5.623644217848777771e-03 -1.386930234730243683e-02
4.425322711467742920e-01 2.045692056417465210e-01 5.346258170902729034e-03 -3.047726154327392578e-01
4.466236531734466553e-01 9.371470659971237183e-03 -7.491938886232674122e-04 -1.040840707719326019e-02
4.468110799789428711e-01 -1.857397258281707764e-01 -9.573620627634227276e-04 2.820380330085754395e-01
4.430962800979614258e-01 9.395865723490715027e-03 4.683399107307195663e-03 -1.094667520374059677e-02
4.432841837406158447e-01 2.044503390789031982e-01 4.464465193450450897e-03 -3.021482527256011963e-01
4.473732113838195801e-01 9.265043772757053375e-03 -1.578499912284314632e-03 -8.060688152909278870e-03
4.475584924221038818e-01 -1.858342289924621582e-01 -1.739713596180081367e-03 2.841237783432006836e-01
4.438418149948120117e-01 9.312487207353115082e-03 3.942762035876512527e-03 -9.107328951358795166e-03
4.440280795097351074e-01 2.043776661157608032e-01 3.760615596547722816e-03 -3.005436658859252930e-01
4.481156170368194580e-01 9.202321991324424744e-03 -2.250257879495620728e-03 -6.677090190351009369e-03
4.482996761798858643e-01 -1.858872920274734497e-01 -2.383799524977803230e-03 2.852950096130371094e-01
4.445819258689880371e-01 9.268582798540592194e-03 3.322100499644875526e-03 -8.138801902532577515e-03
4.447672963142395020e-01 2.043427377939224243e-01 3.159324405714869499e-03 -2.997717261314392090e-01
4.488541483879089355e-01 9.175892919301986694e-03 -2.836109837517142296e-03 -6.094077602028846741e-03
4.490376710891723633e-01 -1.859052628278732300e-01 -2.957991557195782661e-03 2.856926620006561279e-01
4.453195631504058838e-01 9.258742444217205048e-03 2.755861962214112282e-03 -7.921711541712284088e-03
4.455047249794006348e-01 2.043410688638687134e-01 2.597427694126963615e-03 -2.997338473796844482e-01
4.495915472507476807e-01 9.182184003293514252e-03 -3.397249383851885796e-03 -6.232885643839836121e-03
4.497751891613006592e-01 -1.858908832073211670e-01 -3.521907143294811249e-03 2.853762209415435791e-01
4.460573792457580566e-01 9.281122125685214996e-03 2.185617573559284210e-03 -8.415393531322479248e-03
4.462430179119110107e-01 2.043716609477996826e-01 2.017309656366705894e-03 -3.004079163074493408e-01
4.503304362297058105e-01 9.221013635396957397e-03 -3.990849014371633530e-03 -7.089467719197273254e-03
4.505148530006408691e-01 -1.858434826135635376e-01 -4.132638219743967056e-03 2.843316197395324707e-01
4.467979967594146729e-01 9.337172843515872955e-03 1.553994370624423027e-03 -9.651834145188331604e-03
4.469847381114959717e-01 2.044368088245391846e-01 1.360957743600010872e-03 -3.018440604209899902e-01
4.510734677314758301e-01 9.295481257140636444e-03 -4.675923381000757217e-03 -8.732219226658344269e-03
4.512593746185302734e-01 -1.857590973377227783e-01 -4.850567784160375595e-03 2.824717462062835693e-01
4.475441873073577881e-01 9.431701153516769409e-03 7.988670258782804012e-04 -1.173708122223615646e-02
4.477328360080718994e-01 2.045421898365020752e-01 5.641254247166216373e-04 -3.041678369045257568e-01
4.518236815929412842e-01 9.412200190126895905e-03 -5.519231781363487244e-03 -1.130706258118152618e-02
4.520119130611419678e-01 -1.856301724910736084e-01 -5.745372734963893890e-03 2.796293795108795166e-01
4.482993185520172119e-01 9.573271498084068298e-03 -1.527851563878357410e-04 -1.486007031053304672e-02
4.484907686710357666e-01 -1.855464875698089600e-01 -4.499865754041820765e-04 2.777746617794036865e-01
4.447798430919647217e-01 9.581879712641239166e-03 5.105506163090467453e-03 -1.505017094314098358e-02
4.449715018272399902e-01 2.046302407979965210e-01 4.804503172636032104e-03 -3.061178922653198242e-01
4.490641057491302490e-01 9.440155699849128723e-03 -1.317854737862944603e-03 -1.192362047731876373e-02
4.492529034614562988e-01 -1.856628656387329102e-01 -1.556327217258512974e-03 2.803432047367095947e-01
4.455396533012390137e-01 9.481246583163738251e-03 4.050537012517452240e-03 -1.283016521483659744e-02
4.457292556762695312e-01 2.045448720455169678e-01 3.793933894485235214e-03 -3.042323589324951172e-01
4.498201608657836914e-01 9.369061328470706940e-03 -2.290713367983698845e-03 -1.035532541573047638e-02
4.500075578689575195e-01 -1.857199668884277344e-01 -2.497819717973470688e-03 2.816039621829986572e-01
4.462931454181671143e-01 9.437528438866138458e-03 3.134259721264243126e-03 -1.186570804566144943e-02
4.464818835258483887e-01 2.045143842697143555e-01 2.896945457905530930e-03 -3.035580813884735107e-01
4.505721926689147949e-01 9.351273067295551300e-03 -3.174216253682971001e-03 -9.962944313883781433e-03
4.507592022418975830e-01 -1.857250183820724487e-01 -3.373475279659032822e-03 2.817167937755584717e-01
4.470447003841400146e-01 9.444895200431346893e-03 2.260860754176974297e-03 -1.202820427715778351e-02
4.472336173057556152e-01 2.045343518257141113e-01 2.020296640694141388e-03 -3.039969503879547119e-01
