-1.623025536537170410e-02 -2.217417769134044647e-02 1.850537210702896118e-02 4.554592445492744446e-02
-1.667373999953269958e-02 1.726775914430618286e-01 1.941628940403461456e-02 -2.412414252758026123e-01
-1.322018820792436600e-02 -2.271625213325023651e-02 1.459146104753017426e-02 5.750213563442230225e-02
-1.367451250553131104e-02 1.721934825181961060e-01 1.574150472879409790e-02 -2.305416017770767212e-01
-1.023064367473125458e-02 -2.314983680844306946e-02 1.113067194819450378e-02 6.706488132476806641e-02
-1.069364044815301895e-02 1.718107759952545166e-01 1.247196923941373825e-02 -2.220855802297592163e-01
-7.257424760609865189e-03 -2.348719723522663116e-02 8.030258119106292725e-03 7.450526207685470581e-02
-7.727168500423431396e-03 1.715187132358551025e-01 9.520363062620162964e-03 -2.156333029270172119e-01
-4.296794068068265915e-03 -2.373803406953811646e-02 5.207697395235300064e-03 8.003749698400497437e-02
-4.771554842591285706e-03 1.713088750839233398e-01 6.808447185903787613e-03 -2.109978497028350830e-01
-1.345377299003303051e-03 -2.390975691378116608e-02 2.588490257039666176e-03 8.382498472929000854e-02
-1.823572441935539246e-03 1.711749881505966187e-01 4.264989867806434631e-03 -2.080401480197906494e-01
1.599927432835102081e-03 -2.400768175721168518e-02 1.041869036271236837e-04 8.598510921001434326e-02
1.119773834943771362e-03 1.711127758026123047e-01 1.823889091610908508e-03 -2.066649496555328369e-01
4.542029462754726410e-03 -2.403520978987216949e-02 -2.309409901499748230e-03 8.659276366233825684e-02
4.061324987560510635e-03 1.711197644472122192e-01 -5.775545723736286163e-04 -2.068178802728652954e-01
7.483720313757658005e-03 -2.399391867220401764e-02 -4.713912494480609894e-03 8.568279445171356201e-02
7.003841921687126160e-03 -2.190479785203933716e-01 -3.000256372615695000e-03 3.768747448921203613e-01
2.622882369905710220e-03 -2.388354763388633728e-02 4.537238739430904388e-03 8.324734866619110107e-02
2.145211445167660713e-03 1.711730659008026123e-01 6.202185526490211487e-03 -2.080006301403045654e-01
5.568672902882099152e-03 -2.403701655566692352e-02 2.042173175141215324e-03 8.663230389356613159e-02
5.087932571768760681e-03 1.710556000471115112e-01 3.774819197133183479e-03 -2.054056227207183838e-01
8.509044535458087921e-03 -2.412012591958045959e-02 -3.332930500619113445e-04 8.846568316221237183e-02
8.026641793549060822e-03 1.710066050291061401e-01 1.436020596884191036e-03 -2.043223828077316284e-01
1.144677400588989258e-02 -2.413585595786571503e-02 -2.650426933541893959e-03 8.881320059299468994e-02
1.096405740827322006e-02 -2.192197144031524658e-01 -8.741629426367580891e-04 3.806587457656860352e-01
6.579662673175334930e-03 -2.408536337316036224e-02 6.739011965692043304e-03 8.770031481981277466e-02
6.097955629229545593e-03 1.709393411874771118e-01 8.493018336594104767e-03 -2.028488516807556152e-01
9.516742080450057983e-03 -2.430303022265434265e-02 4.436040762811899185e-03 9.250106662511825562e-02
9.030682034790515900e-03 1.707550585269927979e-01 6.286062300205230713e-03 -1.987790018320083618e-01
1.244578324258327484e-02 -2.445623464882373810e-02 2.310482319444417953e-03 9.588024765253067017e-02
1.195665821433067322e-02 1.706325262784957886e-01 4.228087142109870911e-03 -1.960728317499160767e-01
1.536930911242961884e-02 -2.454964816570281982e-02 3.066306817345321178e-04 9.794086962938308716e-02
1.487831585109233856e-02 1.705678999423980713e-01 2.265447983518242836e-03 -1.946453005075454712e-01
1.828967407345771790e-02 -2.458637766540050507e-02 -1.627458026632666588e-03 9.875141084194183350e-02
1.779794692993164062e-02 1.705588549375534058e-01 3.475702833384275436e-04 -1.944445222616195679e-01
2.120912261307239532e-02 -2.456806041300296783e-02 -3.541320329532027245e-03 9.834802150726318359e-02
2.071776241064071655e-02 -2.196390777826309204e-01 -1.574359834194183350e-03 3.899115622043609619e-01
1.632498018443584442e-02 -2.449481748044490814e-02 6.223871372640132904e-03 9.673267602920532227e-02
1.583508402109146118e-02 1.705373823642730713e-01 8.158525452017784119e-03 -1.939801424741744995e-01
1.924583129584789276e-02 -2.470032125711441040e-02 4.278921987861394882e-03 1.012652367353439331e-01
1.875182613730430603e-02 1.703600436449050903e-01 6.304226815700531006e-03 -1.900646388530731201e-01
2.215902693569660187e-02 -2.485152333974838257e-02 2.502934308722615242e-03 1.046003326773643494e-01
2.166199684143066406e-02 1.702344715595245361e-01 4.594940692186355591e-03 -1.872918754816055298e-01
2.506668493151664734e-02 -2.495292015373706818e-02 8.491033804602921009e-04 1.068370267748832703e-01
2.456762641668319702e-02 1.701568514108657837e-01 2.985843922942876816e-03 -1.855778992176055908e-01
2.797076478600502014e-02 -2.500769309699535370e-02 -7.257140241563320160e-04 1.080454513430595398e-01
2.747061103582382202e-02 1.701246500015258789e-01 1.435195095837116241e-03 -1.848663389682769775e-01
3.087310306727886200e-02 -2.501780539751052856e-02 -2.262131776660680771e-03 1.082689911127090454e-01
3.037274628877639771e-02 -2.201072722673416138e-01 -9.675203909864649177e-05 4.002373516559600830e-01
2.597060240805149078e-02 -2.498394437134265900e-02 7.907995022833347321e-03 1.075239405035972595e-01
2.547092363238334656e-02 1.700237989425659180e-01 1.005847379565238953e-02 -1.826536059379577637e-01
2.887139841914176941e-02 -2.524062618613243103e-02 6.405401974916458130e-03 1.131853535771369934e-01
2.836658619344234467e-02 1.697889566421508789e-01 8.669109083712100983e-03 -1.774698495864868164e-01
3.176236525177955627e-02 -2.545597217977046967e-02 5.119712091982364655e-03 1.179352328181266785e-01
3.125324472784996033e-02 1.695922464132308960e-01 7.478416897356510162e-03 -1.731280833482742310e-01
3.464509174227714539e-02 -2.563592977821826935e-02 4.015855491161346436e-03 1.219046413898468018e-01
3.413237258791923523e-02 1.694282591342926025e-01 6.453948095440864563e-03 -1.695086210966110229e-01
3.752093762159347534e-02 -2.578547596931457520e-02 3.063775831833481789e-03 1.252033263444900513e-01
3.700522705912590027e-02 1.692924499511718750e-01 5.567842163145542145e-03 -1.665114462375640869e-01
4.039107635617256165e-02 -2.590875700116157532e-02 2.237613312900066376e-03 1.279227733612060547e-01
3.987290337681770325e-02 1.691810637712478638e-01 4.796068649739027023e-03 -1.640533804893493652e-01
4.325652495026588440e-02 -2.600921131670475006e-02 1.515001174993813038e-03 1.301387101411819458e-01
4.273634031414985657e-02 1.690910011529922485e-01 4.117775242775678635e-03 -1.620658636093139648e-01
4.611815884709358215e-02 -2.608965151011943817e-02 8.764580124989151955e-04 1.319132596254348755e-01
4.559636488556861877e-02 1.690197288990020752e-01 3.514723153784871101e-03 -1.604930311441421509e-01
4.897676035761833191e-02 -2.615235932171344757e-02 3.048626240342855453e-04 1.332966238260269165e-01
4.845371469855308533e-02 1.689652204513549805e-01 2.970795147120952606e-03 -1.592901051044464111e-01
5.183301866054534912e-02 -2.619913220405578613e-02 -2.150068758055567741e-04 1.343285590410232544e-01
5.130903422832489014e-02 -2.213180065155029297e-01 2.471564104780554771e-03 4.269436299800872803e-01
4.688267409801483154e-02 -2.623114548623561859e-02 1.101043727248907089e-02 1.350408941507339478e-01
4.635805264115333557e-02 1.687313765287399292e-01 1.371125504374504089e-02 -1.541481763124465942e-01
4.973268136382102966e-02 -2.658418193459510803e-02 1.062829140573740005e-02 1.428286135196685791e-01
4.920099675655364990e-02 1.683839559555053711e-01 1.348486356437206268e-02 -1.464824080467224121e-01
5.256867408752441406e-02 -2.692848443984985352e-02 1.055521517992019653e-02 1.504240334033966064e-01
5.203010514378547668e-02 1.680407375097274780e-01 1.356369629502296448e-02 -1.389103382825851440e-01
5.539092049002647400e-02 -2.727282233536243439e-02 1.078548934310674667e-02 1.580206602811813354e-01
5.484546348452568054e-02 1.676930636167526245e-01 1.394590269774198532e-02 -1.312402784824371338e-01
5.819932371377944946e-02 -2.762585133314132690e-02 1.132109668105840683e-02 1.658095717430114746e-01
5.764680728316307068e-02 1.673322319984436035e-01 1.463728863745927811e-02 -1.232804805040359497e-01
6.099345162510871887e-02 -2.799633517861366272e-02 1.217167824506759644e-02 1.739841848611831665e-01
6.043352559208869934e-02 1.669493168592453003e-01 1.565136201679706573e-02 -1.148342564702033997e-01
6.377251446247100830e-02 -2.839335426688194275e-02 1.335467770695686340e-02 1.827451884746551514e-01
6.320464611053466797e-02 1.665349900722503662e-01 1.700958050787448883e-02 -1.056950911879539490e-01
6.653534621000289917e-02 -2.882654033601284027e-02 1.489567942917346954e-02 1.923053860664367676e-01
6.595881283283233643e-02 1.660791933536529541e-01 1.874178647994995117e-02 -9.564161300659179688e-02
6.928040087223052979e-02 -2.930629439651966095e-02 1.682895421981811523e-02 2.028949111700057983e-01
6.869427114725112915e-02 1.655709892511367798e-01 2.088685333728790283e-02 -8.443214744329452515e-02
7.200568914413452148e-02 -2.984404191374778748e-02 1.919820904731750488e-02 2.147667557001113892e-01
7.140880823135375977e-02 1.649982631206512451e-01 2.349354512989521027e-02 -7.179891318082809448e-02
7.470877468585968018e-02 -3.045249357819557190e-02 2.205756679177284241e-02 2.282027751207351685e-01
7.409972697496414185e-02 1.643474102020263672e-01 2.662162110209465027e-02 -5.744160339236259460e-02
7.738667726516723633e-02 3.590777516365051270e-01 2.547279000282287598e-02 -3.416077792644500732e-01
8.456823229789733887e-02 1.636028140783309937e-01 1.864063367247581482e-02 -4.100229963660240173e-02
8.784028887748718262e-02 -3.178142011165618896e-02 1.782058738172054291e-02 2.575031518936157227e-01
8.720465749502182007e-02 1.630816310644149780e-01 2.297065034508705139e-02 -2.950604818761348724e-02
9.046629071235656738e-02 3.578667640686035156e-01 2.238053083419799805e-02 -3.148539066314697266e-01
9.762362390756607056e-02 1.624332815408706665e-01 1.608345285058021545e-02 -1.519774831831455231e-02
1.008722931146621704e-01 3.573209345340728760e-01 1.577949710190296173e-02 -3.027630746364593506e-01
1.080187112092971802e-01 1.619776934385299683e-01 9.724236093461513519e-03 -5.145708564668893814e-03
1.112582609057426453e-01 3.569588363170623779e-01 9.621322154998779297e-03 -2.947447299957275391e-01
1.183974370360374451e-01 1.617010533809661865e-01 3.726427210494875908e-03 9.570243419148027897e-04
1.216314584016799927e-01 3.567693531513214111e-01 3.745567752048373222e-03 -2.905478477478027344e-01
1.287668496370315552e-01 1.615941971540451050e-01 -2.065389184281229973e-03 3.314035246148705482e-03
1.319987326860427856e-01 -3.349806740880012512e-02 -1.999108586460351944e-03 2.953445911407470703e-01
1.313287764787673950e-01 1.616523265838623047e-01 3.907783422619104385e-03 2.031848067417740822e-03
1.345618218183517456e-01 3.567180037498474121e-01 3.948420286178588867e-03 -2.894155681133270264e-01
1.416961848735809326e-01 1.615399867296218872e-01 -1.839891076087951660e-03 4.510029219090938568e-03
1.449269801378250122e-01 3.566882610321044922e-01 -1.749690505675971508e-03 -2.887528240680694580e-01
1.520607471466064453e-01 1.615913212299346924e-01 -7.524747401475906372e-03 3.377741202712059021e-03
1.552925705909729004e-01 -3.342191502451896667e-02 -7.457192521542310715e-03 2.936770617961883545e-01
1.546241343021392822e-01 1.618055552244186401e-01 -1.583651290275156498e-03 -1.348408288322389126e-03
1.578602492809295654e-01 3.569501936435699463e-01 -1.610619481652975082e-03 -2.945305705070495605e-01
1.649992465972900391e-01 1.618512272834777832e-01 -7.501231040805578232e-03 -2.356048906221985817e-03
1.682362705469131470e-01 -3.316234052181243896e-02 -7.548351772129535675e-03 2.879507541656494141e-01
1.675730198621749878e-01 1.620664298534393311e-01 -1.789337140507996082e-03 -7.103276439011096954e-03
1.708143502473831177e-01 3.572140038013458252e-01 -1.931402715854346752e-03 -3.003502190113067627e-01
1.779586374759674072e-01 1.621196419000625610e-01 -7.938407361507415771e-03 -8.277048356831073761e-03
1.812010258436203003e-01 -3.288757428526878357e-02 -8.103948086500167847e-03 2.818906903266906738e-01
1.805432736873626709e-01 1.623490303754806519e-01 -2.466134494170546532e-03 -1.333713997155427933e-02
1.837902516126632690e-01 3.575062751770019531e-01 -2.732877386733889580e-03 -3.067971467971801758e-01
1.909403800964355469e-01 1.624233573675155640e-01 -8.868820033967494965e-03 -1.497734431177377701e-02
1.941888481378555298e-01 -3.257028758525848389e-02 -9.168366901576519012e-03 2.748942077159881592e-01
1.935374438762664795e-01 1.626812666654586792e-01 -3.670482663437724113e-03 -2.066626213490962982e-02
1.967910677194595337e-01 -3.238785266876220703e-02 -4.083808045834302902e-03 2.708563208580017090e-01
1.961433142423629761e-01 1.627921313047409058e-01 1.333318767137825489e-03 -2.311184816062450409e-02
1.993991583585739136e-01 3.578949272632598877e-01 8.710817783139646053e-04 -3.153738081455230713e-01
2.065570503473281860e-01 1.627605855464935303e-01 -5.436394363641738892e-03 -2.241628989577293396e-02
2.098122686147689819e-01 -3.228297829627990723e-02 -5.884720012545585632e-03 2.685464322566986084e-01
2.091666013002395630e-01 1.629224568605422974e-01 -5.137911648489534855e-04 -2.598673664033412933e-02
2.124250531196594238e-01 3.580517768859863281e-01 -1.033525913953781128e-03 -3.188317120075225830e-01
2.195860892534255981e-01 1.629445552825927734e-01 -7.410160265862941742e-03 -2.647491358220577240e-02
2.228449732065200806e-01 -3.207034617662429810e-02 -7.939659059047698975e-03 2.638608515262603760e-01
2.222035676240921021e-01 1.631640344858169556e-01 -2.662441693246364594e-03 -3.131572157144546509e-02
2.254668474197387695e-01 3.583240509033203125e-01 -3.288756124675273895e-03 -3.248374760150909424e-01
2.326333373785018921e-01 1.632490903139114380e-01 -9.785505943000316620e-03 -3.319350630044937134e-02
2.358983159065246582e-01 -3.173117712140083313e-02 -1.044937595725059509e-02 2.563860118389129639e-01
2.352636903524398804e-01 1.635383963584899902e-01 -5.321655888110399246e-03 -3.957442566752433777e-02
2.385344654321670532e-01 -3.150684386491775513e-02 -6.113144569098949432e-03 2.514247298240661621e-01
2.379043251276016235e-01 1.637018620967864990e-01 -1.084650051780045033e-03 -4.318011924624443054e-02
2.411783635616302490e-01 3.588393628597259521e-01 -1.948252436704933643e-03 -3.362050652503967285e-01
2.483551502227783203e-01 1.637451797723770142e-01 -8.672353811562061310e-03 -4.413715004920959473e-02
2.516300380229949951e-01 -3.125134482979774475e-02 -9.555096738040447235e-03 2.457969933748245239e-01
2.510050237178802490e-01 1.640057563781738281e-01 -4.639157094061374664e-03 -4.988444969058036804e-02
2.542851269245147705e-01 -3.104935958981513977e-02 -5.636845715343952179e-03 2.413311749696731567e-01
2.536641657352447510e-01 1.641526520252227783e-01 -8.102222927846014500e-04 -5.312441661953926086e-02
2.569472193717956543e-01 3.592862188816070557e-01 -1.872710650786757469e-03 -3.460628688335418701e-01
2.641329169273376465e-01 1.641909480094909668e-01 -8.793967776000499725e-03 -5.397105962038040161e-02
2.674167454242706299e-01 -3.080380894243717194e-02 -9.873389266431331635e-03 2.359243780374526978e-01
2.668006718158721924e-01 1.644577980041503906e-01 -5.154901649802923203e-03 -5.985649302601814270e-02
2.700898349285125732e-01 -3.058985807001590729e-02 -6.352031603455543518e-03 2.311955839395523071e-01
2.694780230522155762e-01 1.646222770214080811e-01 -1.728119910694658756e-03 -6.348420679569244385e-02
2.727704644203186035e-01 3.597689568996429443e-01 -2.997803967446088791e-03 -3.567118644714355469e-01
2.799658477306365967e-01 1.646897643804550171e-01 -1.013204175978899002e-02 -6.497573107481002808e-02
2.832596600055694580e-01 -3.028546646237373352e-02 -1.143155619502067566e-02 2.244933396577835083e-01
2.826539278030395508e-01 1.649979799985885620e-01 -6.941689178347587585e-03 -7.177350670099258423e-02
2.859539091587066650e-01 -3.002376295626163483e-02 -8.377159014344215393e-03 2.187112271785736084e-01
2.853534221649169922e-01 1.652169376611709595e-01 -4.002934787422418594e-03 -7.660239189863204956e-02
2.886577546596527100e-01 -2.984740771353244781e-02 -5.534982774406671524e-03 2.148149013519287109e-01
2.880608141422271729e-01 1.653532385826110840e-01 -1.238684635609388351e-03 -7.960885018110275269e-02
2.913678884506225586e-01 -2.975093759596347809e-02 -2.830861601978540421e-03 2.126830071210861206e-01
2.907728552818298340e-01 1.654113680124282837e-01 1.422798726707696915e-03 -8.089154958724975586e-02
2.940810918807983398e-01 3.605129122734069824e-01 -1.950323203345760703e-04 -3.731252551078796387e-01
3.012913465499877930e-01 1.653937250375747681e-01 -7.657537236809730530e-03 -8.050381392240524292e-02
3.045992255210876465e-01 -2.961762808263301849e-02 -9.267613291740417480e-03 2.097533345222473145e-01
3.040068745613098145e-01 1.656356006860733032e-01 -5.072546657174825668e-03 -8.583857119083404541e-02
3.073195815086364746e-01 -2.941327169537544250e-02 -6.789318285882472992e-03 2.052396535873413086e-01
3.067313134670257568e-01 1.658051013946533203e-01 -2.684525214135646820e-03 -8.957721292972564697e-02
3.100474178791046143e-01 -2.927826158702373505e-02 -4.476069472730159760e-03 2.022575438022613525e-01
3.094618618488311768e-01 1.659074127674102783e-01 -4.309187643229961395e-04 -9.183400869369506836e-02
3.127799928188323975e-01 -2.920835465192794800e-02 -2.267598873004317284e-03 2.007129341363906860e-01
3.121958374977111816e-01 1.659459620714187622e-01 1.746659749187529087e-03 -9.268445521593093872e-02
3.155147433280944824e-01 3.610428273677825928e-01 -1.070293437805958092e-04 -3.848158121109008789e-01
3.227356076240539551e-01 1.659223884344100952e-01 -7.803345099091529846e-03 -9.216661751270294189e-02
3.260540664196014404e-01 -2.908684499561786652e-02 -9.646677412092685699e-03 1.980441808700561523e-01
3.254723250865936279e-01 1.661717444658279419e-01 -5.685794167220592499e-03 -9.766615927219390869e-02
3.287957608699798584e-01 -2.886825427412986755e-02 -7.639117538928985596e-03 1.932175010442733765e-01
3.282184004783630371e-01 1.663621366024017334e-01 -3.774767508730292320e-03 -1.018654257059097290e-01
3.315456211566925049e-01 -2.870551496744155884e-02 -5.812075920403003693e-03 1.896241903305053711e-01
3.309715092182159424e-01 1.664991080760955811e-01 -2.019592095166444778e-03 -1.048865318298339844e-01
3.343015015125274658e-01 -2.859384939074516296e-02 -4.117322620004415512e-03 1.871585398912429810e-01
3.337296247482299805e-01 1.665867716073989868e-01 -3.741520340554416180e-04 -1.068203970789909363e-01
3.370613753795623779e-01 -2.852981910109519958e-02 -2.510559977963566780e-03 1.857444643974304199e-01
3.364907801151275635e-01 1.666279584169387817e-01 1.204329426400363445e-03 -1.077293902635574341e-01
3.398233354091644287e-01 3.617326319217681885e-01 -9.502583416178822517e-04 -4.000321030616760254e-01
3.470579683780670166e-01 1.666241735219955444e-01 -8.950900286436080933e-03 -1.076489314436912537e-01
3.503904640674591064e-01 -2.836837247014045715e-02 -1.110387966036796570e-02 1.821966469287872314e-01
3.498230874538421631e-01 1.669106930494308472e-01 -7.459946442395448685e-03 -1.139683648943901062e-01
3.531613051891326904e-01 -2.810357883572578430e-02 -9.739313274621963501e-03 1.763516962528228760e-01
3.525992333889007568e-01 1.671563833951950073e-01 -6.212279666215181351e-03 -1.193876788020133972e-01
3.559423685073852539e-01 -2.787600643932819366e-02 -8.600033819675445557e-03 1.713288724422454834e-01
3.553848564624786377e-01 1.673679798841476440e-01 -5.173455923795700073e-03 -1.240546479821205139e-01
3.587321937084197998e-01 -2.767948061227798462e-02 -7.654549088329076767e-03 1.669916212558746338e-01
3.581786155700683594e-01 1.675512045621871948e-01 -4.314716439694166183e-03 -1.280962228775024414e-01
3.615296483039855957e-01 -2.750867791473865509e-02 -6.876640953123569489e-03 1.632223427295684814e-01
3.609794676303863525e-01 1.677110344171524048e-01 -3.612194210290908813e-03 -1.316220313310623169e-01
3.643336892127990723e-01 -2.735898457467556000e-02 -6.244634743779897690e-03 1.599191129207611084e-01
3.637865185737609863e-01 1.678518056869506836e-01 -3.046252299100160599e-03 -1.347272694110870361e-01
3.671435415744781494e-01 -2.722637727856636047e-02 -5.740797612816095352e-03 1.569930464029312134e-01
3.665990233421325684e-01 1.679772883653640747e-01 -2.600936917588114738e-03 -1.374954134225845337e-01
3.699585497379302979e-01 -2.710730582475662231e-02 -5.350845400243997574e-03 1.543658226728439331e-01
3.694164156913757324e-01 1.680908501148223877e-01 -2.263528760522603989e-03 -1.400003582239151001e-01
3.727782368659973145e-01 -2.699860930442810059e-02 -5.063536111265420914e-03 1.519675999879837036e-01
3.722382485866546631e-01 1.681954711675643921e-01 -2.024184213951230049e-03 -1.423084586858749390e-01
3.756021559238433838e-01 -2.689742483198642731e-02 -4.870353266596794128e-03 1.497351974248886108e-01
3.750642240047454834e-01 1.682939231395721436e-01 -1.875649439170956612e-03 -1.444802433252334595e-01
3.784300982952117920e-01 -2.680111117660999298e-02 -4.765254445374011993e-03 1.476103663444519043e-01
3.778940737247467041e-01 1.683887541294097900e-01 -1.813047099858522415e-03 -1.465720981359481812e-01
3.812618553638458252e-01 -2.670718729496002197e-02 -4.744488745927810669e-03 1.455383002758026123e-01
3.807277083396911621e-01 1.684823930263519287e-01 -1.833722926676273346e-03 -1.486376374959945679e-01
3.840973675251007080e-01 -2.661325782537460327e-02 -4.806475713849067688e-03 1.434662193059921265e-01
3.835650980472564697e-01 1.685771942138671875e-01 -1.937151188030838966e-03 -1.507291793823242188e-01
3.869366347789764404e-01 -2.651696093380451202e-02 -4.951734561473131180e-03 1.413419842720031738e-01
3.864063024520874023e-01 1.686755567789077759e-01 -2.124894876033067703e-03 -1.528989970684051514e-01
3.897798061370849609e-01 -2.641590312123298645e-02 -5.182874854654073715e-03 1.391128152608871460e-01
3.892515003681182861e-01 1.687798947095870972e-01 -2.400618745014071465e-03 -1.552007198333740234e-01
3.926270902156829834e-01 -2.630760334432125092e-02 -5.504632834345102310e-03 1.367239058017730713e-01
3.921009302139282227e-01 1.688927561044692993e-01 -2.770154736936092377e-03 -1.576905548572540283e-01
3.954787850379943848e-01 -2.618942223489284515e-02 -5.923965945839881897e-03 1.341171711683273315e-01
3.949550092220306396e-01 1.690168827772140503e-01 -3.241622354835271835e-03 -1.604287773370742798e-01
3.983353376388549805e-01 -2.605851367115974426e-02 -6.450198125094175339e-03 1.312297433614730835e-01
3.978141844272613525e-01 1.691552400588989258e-01 -3.825603052973747253e-03 -1.634811460971832275e-01
4.011972844600677490e-01 -2.591174095869064331e-02 -7.095226086676120758e-03 1.279924660921096802e-01
4.006790518760681152e-01 1.693111360073089600e-01 -4.535376559942960739e-03 -1.669204533100128174e-01
4.040652513504028320e-01 -2.574560791254043579e-02 -7.873785682022571564e-03 1.243282482028007507e-01
4.035503566265106201e-01 1.694882512092590332e-01 -5.387220997363328934e-03 -1.708283424377441406e-01
4.069401025772094727e-01 -2.555617503821849823e-02 -8.803787641227245331e-03 1.201502233743667603e-01
4.064289927482604980e-01 1.696908026933670044e-01 -6.400783080607652664e-03 -1.752971708774566650e-01
4.098228216171264648e-01 -2.533896639943122864e-02 -9.906726889312267303e-03 1.153596714138984680e-01
4.093160331249237061e-01 1.699235290288925171e-01 -7.599533069878816605e-03 -1.804322153329849243e-01
4.127145111560821533e-01 -2.508886158466339111e-02 -1.120817754417657852e-02 1.098436713218688965e-01
4.122127294540405273e-01 1.701918840408325195e-01 -9.011304005980491638e-03 -1.863541901111602783e-01
4.156165719032287598e-01 -2.479998022317886353e-02 -1.273838803172111511e-02 1.034724488854408264e-01
4.151205718517303467e-01 1.705021858215332031e-01 -1.066893897950649261e-02 -1.932020187377929688e-01
4.185306131839752197e-01 -2.446553297340869904e-02 -1.453297957777976990e-02 9.609630703926086426e-02
4.180412888526916504e-01 1.708616614341735840e-01 -1.261105295270681381e-02 -2.011360973119735718e-01
4.214585125446319580e-01 -2.407767437398433685e-02 -1.663377508521080017e-02 8.754210919141769409e-02
4.209769666194915771e-01 -2.189572900533676147e-01 -1.488293241709470749e-02 3.749310076236724854e-01
4.165978133678436279e-01 -2.362713962793350220e-02 -7.384312804788351059e-03 7.759279757738113403e-02
4.161252975463867188e-01 1.715998798608779907e-01 -5.832456983625888824e-03 -2.174107283353805542e-01
4.195572733879089355e-01 -2.343820407986640930e-02 -1.018067169934511185e-02 7.342670112848281860e-02
4.190885126590728760e-01 1.718282103538513184e-01 -8.712137117981910706e-03 -2.224508076906204224e-01
4.225250780582427979e-01 -2.316814102232456207e-02 -1.316115353256464005e-02 6.747128069400787354e-02
4.220617115497589111e-01 -2.180989533662796021e-01 -1.181172765791416168e-02 3.559729158878326416e-01
4.176997542381286621e-01 -2.281107380986213684e-02 -4.692269954830408096e-03 5.958895385265350342e-02
4.172435104846954346e-01 1.723778396844863892e-01 -3.500490682199597359e-03 -2.345707118511199951e-01
4.206910729408264160e-01 -2.269392274320125580e-02 -8.191904984414577484e-03 5.700599402189254761e-02
4.202371835708618164e-01 -2.176974564790725708e-01 -7.051785010844469070e-03 3.470931053161621094e-01
4.158832430839538574e-01 -2.247592248022556305e-02 -1.099230430554598570e-04 5.219485983252525330e-02
4.154337346553802490e-01 1.726476103067398071e-01 9.339741664007306099e-04 -2.405227422714233398e-01
4.188866913318634033e-01 -2.248767577111721039e-02 -3.876480739563703537e-03 5.245463550090789795e-02
4.184369146823883057e-01 1.726896464824676514e-01 -2.827388001605868340e-03 -2.414488345384597778e-01
4.218907058238983154e-01 -2.239180356264114380e-02 -7.656364701688289642e-03 5.034092441201210022e-02
4.214428961277008057e-01 -2.174031436443328857e-01 -6.649546325206756592e-03 3.405984044075012207e-01
4.170948266983032227e-01 -2.218721061944961548e-02 1.624219439690932631e-04 4.582603275775909424e-02
4.166510701179504395e-01 1.729324162006378174e-01 1.078942557796835899e-03 -2.468056380748748779e-01
4.201097190380096436e-01 -2.220493182539939880e-02 -3.857170231640338898e-03 4.621741175651550293e-02
4.196656346321105957e-01 -2.172713577747344971e-01 -2.932822098955512047e-03 3.376808762550354004e-01
4.153201878070831299e-01 -2.210780046880245209e-02 3.820795333012938499e-03 4.407453909516334534e-02
4.148780405521392822e-01 1.729591488838195801e-01 4.702286329120397568e-03 -2.474004477262496948e-01
4.183372259140014648e-01 -2.222963608801364899e-02 -2.457226510159671307e-04 4.676197096705436707e-02
4.178926348686218262e-01 1.728958338499069214e-01 6.895167753100395203e-04 -2.459984719753265381e-01
4.213505387306213379e-01 -2.223595418035984039e-02 -4.230452701449394226e-03 4.690186306834220886e-02
4.209058284759521484e-01 -2.172969877719879150e-01 -3.292415291070938110e-03 3.382470607757568359e-01
4.165599048137664795e-01 -2.212834358215332031e-02 3.472525626420974731e-03 4.452769830822944641e-02
4.161173105239868164e-01 1.729436367750167847e-01 4.363079555332660675e-03 -2.470576018095016479e-01
4.195761978626251221e-01 -2.224035002291202545e-02 -5.780723295174539089e-04 4.699834808707237244e-02
4.191313982009887695e-01 1.728898882865905762e-01 3.618946357164531946e-04 -2.458669096231460571e-01
4.225891828536987305e-01 -2.223723195493221283e-02 -4.555443767458200455e-03 4.693014547228813171e-02
4.221444427967071533e-01 -2.172935605049133301e-01 -3.616840811446309090e-03 3.381723165512084961e-01
4.177985787391662598e-01 -2.212033420801162720e-02 3.146605566143989563e-03 4.435103386640548706e-02
4.173561632633209229e-01 1.729563474655151367e-01 4.033626057207584381e-03 -2.473374456167221069e-01
4.208152890205383301e-01 -2.222297154366970062e-02 -9.131228434853255749e-04 4.661503806710243225e-02
4.203708469867706299e-01 1.729120612144470215e-01 1.917791632877197117e-05 -2.463558465242385864e-01
4.238290786743164062e-01 -2.221016399562358856e-02 -4.907939117401838303e-03 4.633312672376632690e-02
4.233848750591278076e-01 -2.172613888978958130e-01 -3.981276415288448334e-03 3.374635279178619385e-01
4.190396368503570557e-01 -2.208301611244678497e-02 2.767994068562984467e-03 4.352778196334838867e-02
4.185979962348937988e-01 1.729991286993026733e-01 3.638549707829952240e-03 -2.482805252075195312e-01
4.220579564571380615e-01 -2.217459119856357574e-02 -1.327060977928340435e-03 4.554785043001174927e-02
4.216144680976867676e-01 1.729663610458374023e-01 -4.161040124017745256e-04 -2.475534826517105103e-01
4.250738024711608887e-01 -2.214964106678962708e-02 -5.367173813283443451e-03 4.499816522002220154e-02
4.246308207511901855e-01 -2.171942144632339478e-01 -4.467210266739130020e-03 3.359828889369964600e-01
4.202869236469268799e-01 -2.200898155570030212e-02 2.252447186037898064e-03 4.189458489418029785e-02
4.198467433452606201e-01 1.730805933475494385e-01 3.090339014306664467e-03 -2.500768303871154785e-01
4.233083426952362061e-01 -2.208534814417362213e-02 -1.911197439767420292e-03 4.357925802469253540e-02
4.228666424751281738e-01 1.730639636516571045e-01 -1.039612223394215107e-03 -2.497060596942901611e-01
4.263279438018798828e-01 -2.204313129186630249e-02 -6.033733487129211426e-03 4.264877364039421082e-02
4.258870780467987061e-01 -2.170780450105667114e-01 -5.180757958441972733e-03 3.334219157695770264e-01
4.215455055236816406e-01 -2.188273891806602478e-02 1.487680245190858841e-03 3.910974785685539246e-02
4.211078584194183350e-01 1.732178479433059692e-01 2.269875258207321167e-03 -2.531034350395202637e-01
4.245721995830535889e-01 -2.193644270300865173e-02 -2.792193554341793060e-03 4.029459133744239807e-02
4.241334795951843262e-01 -2.170182466506958008e-01 -1.986301736906170845e-03 3.320952355861663818e-01
4.197930991649627686e-01 -2.186807431280612946e-02 4.655603319406509399e-03 3.878660127520561218e-02
4.193557500839233398e-01 1.731868088245391846e-01 5.431335419416427612e-03 -2.524238228797912598e-01
4.228194952011108398e-01 -2.201227843761444092e-02 3.828591143246740103e-04 4.196730256080627441e-02
4.223792552947998047e-01 1.731041818857192993e-01 1.222205231897532940e-03 -2.505947947502136230e-01
4.258413314819335938e-01 -2.203520201146602631e-02 -3.789690788835287094e-03 4.247337952256202698e-02
4.254006147384643555e-01 -2.171026021242141724e-01 -2.940223319455981255e-03 3.339582085609436035e-01
4.210585653781890869e-01 -2.193893119692802429e-02 3.738941159099340439e-03 4.034954681992530823e-02
4.206197857856750488e-01 1.731292009353637695e-01 4.545932170003652573e-03 -2.511513531208038330e-01
4.240823686122894287e-01 -2.205736562609672546e-02 -4.770951927639544010e-04 4.296196624636650085e-02
4.236412346363067627e-01 1.730714291334152222e-01 3.821441205218434334e-04 -2.498714476823806763e-01
4.271026551723480225e-01 -2.205598168075084686e-02 -4.615284968167543411e-03 4.293198883533477783e-02
4.266615509986877441e-01 -2.171114534139633179e-01 -3.756645135581493378e-03 3.341551721096038818e-01
4.223193228244781494e-01 -2.193623222410678864e-02 2.926458604633808136e-03 4.028997197747230530e-02
4.218805730342864990e-01 1.731436252593994141e-01 3.732257988303899765e-03 -2.514681816101074219e-01
4.253434538841247559e-01 -2.203141711652278900e-02 -1.297105918638408184e-03 4.238962009549140930e-02
4.249028265476226807e-01 1.731091141700744629e-01 -4.493134620133787394e-04 -2.507022619247436523e-01
4.283650219440460205e-01 -2.200642041862010956e-02 -5.463358946144580841e-03 4.183889925479888916e-02
4.279248714447021484e-01 -2.170495986938476562e-01 -4.626580979675054550e-03 3.327930867671966553e-01
4.235838949680328369e-01 -2.186210826039314270e-02 2.029280876740813255e-03 3.865476697683334351e-02
4.231466352939605713e-01 1.732306778430938721e-01 2.802376169711351395e-03 -2.533872127532958984e-01
4.266112744808197021e-01 -2.193116955459117889e-02 -2.265368122607469559e-03 4.017831757664680481e-02
4.261726438999176025e-01 1.732231974601745605e-01 -1.461801817640662193e-03 -2.532185018062591553e-01
4.296371042728424072e-01 -2.187785319983959198e-02 -6.526171695441007614e-03 3.900299593806266785e-02
4.291995465755462646e-01 -2.169056087732315063e-01 -5.746111739426851273e-03 3.296197354793548584e-01
4.248614311218261719e-01 -2.170233801007270813e-02 8.462826954200863838e-04 3.513029590249061584e-02
4.244273900985717773e-01 1.734074652194976807e-01 1.548888627439737320e-03 -2.572855055332183838e-01
4.278955459594726562e-01 -2.173656411468982697e-02 -3.596821334213018417e-03 3.588556870818138123e-02
4.274607896804809570e-01 -2.168067544698715210e-01 -2.879109932109713554e-03 3.274314999580383301e-01
4.231246709823608398e-01 -2.164392918348312378e-02 3.669519908726215363e-03 3.384201601147651672e-02
4.226917922496795654e-01 1.734252125024795532e-01 4.346360452473163605e-03 -2.576808929443359375e-01
4.261603057384490967e-01 -2.175852470099925995e-02 -8.072573109529912472e-04 3.636977821588516235e-02
4.257251322269439697e-01 1.733749955892562866e-01 -7.986178388819098473e-05 -2.565677464008331299e-01
4.291926324367523193e-01 -2.174581773579120636e-02 -5.211216397583484650e-03 3.608999773859977722e-02
4.287576973438262939e-01 -2.167926579713821411e-01 -4.489416722208261490e-03 3.271241784095764160e-01
4.244218468666076660e-01 -2.160707302391529083e-02 2.053067088127136230e-03 3.302888572216033936e-02
4.239897131919860840e-01 1.734853684902191162e-01 2.713644877076148987e-03 -2.590055763721466064e-01
4.274594187736511230e-01 -2.167521044611930847e-02 -2.466466510668396950e-03 3.453204035758972168e-02
4.270259141921997070e-01 -2.167617082595825195e-01 -1.775825745426118374e-03 3.264357447624206543e-01
4.226906895637512207e-01 -2.161451615393161774e-02 4.752889275550842285e-03 3.319333866238594055e-02
4.222583770751953125e-01 1.734389513731002808e-01 5.416756030172109604e-03 -2.579862177371978760e-01
4.257271587848663330e-01 -2.175990678369998932e-02 2.570316428318619728e-04 3.640029579401016235e-02
4.252919852733612061e-01 1.733583509922027588e-01 9.850375354290008545e-04 -2.562015354633331299e-01
4.287591278553009033e-01 -2.177764289081096649e-02 -4.138993099331855774e-03 3.679193928837776184e-02
4.283235967159271240e-01 -2.168399989604949951e-01 -3.403154201805591583e-03 3.281660974025726318e-01
4.239867925643920898e-01 -2.166976407170295715e-02 3.160167951136827469e-03 3.441192209720611572e-02
4.235533773899078369e-01 1.734067350625991821e-01 3.848406253382563591e-03 -2.572722733020782471e-01
4.270215332508087158e-01 -2.176995389163494110e-02 -1.297038979828357697e-03 3.662201762199401855e-02
4.265861213207244873e-01 1.733705699443817139e-01 -5.645987112075090408e-04 -2.564698457717895508e-01
4.300535321235656738e-01 -2.174331247806549072e-02 -5.693995859473943710e-03 3.603493422269821167e-02
4.296186864376068115e-01 -2.167831510305404663e-01 -4.973297007381916046e-03 3.269159197807312012e-01
4.252830147743225098e-01 -2.159074880182743073e-02 1.565021229907870293e-03 3.266879543662071228e-02
4.248512089252471924e-01 1.735087186098098755e-01 2.218397101387381554e-03 -2.595199346542358398e-01
4.283213615417480469e-01 -2.164482511579990387e-02 -2.972001675516366959e-03 3.386187180876731873e-02
4.278884828090667725e-01 -2.167240381240844727e-01 -2.294764155521988869e-03 3.256056308746337891e-01
4.235540032386779785e-01 -2.156948111951351166e-02 4.217348061501979828e-03 3.219990804791450500e-02
4.231226146221160889e-01 1.734917312860488892e-01 4.861346445977687836e-03 -2.591494321823120117e-01
4.265924394130706787e-01 -2.169927582144737244e-02 -3.216420591343194246e-04 3.506286814808845520e-02
4.261584579944610596e-01 1.734272837638854980e-01 3.796153177972882986e-04 -2.577215135097503662e-01
4.296270012855529785e-01 -2.170008234679698944e-02 -4.774814937263727188e-03 3.508111834526062012e-02
4.291929900646209717e-01 -2.167532294988632202e-01 -4.073192831128835678e-03 3.262537121772766113e-01
4.248579442501068115e-01 -2.157353051006793976e-02 2.451881766319274902e-03 3.228907659649848938e-02
4.244264662265777588e-01 1.735131740570068359e-01 3.097663167864084244e-03 -2.596192359924316406e-01
4.278967380523681641e-01 -2.165286056697368622e-02 -2.094721654430031776e-03 3.403911367058753967e-02
4.274636805057525635e-01 -2.167447060346603394e-01 -1.413939520716667175e-03 3.260603845119476318e-01
4.231287837028503418e-01 -2.160265669226646423e-02 5.107268225401639938e-03 3.293190896511077881e-02
4.226967096328735352e-01 1.734456866979598999e-01 5.765906535089015961e-03 -2.581352591514587402e-01
4.261656403541564941e-01 -2.175810933113098145e-02 6.032015662640333176e-04 3.636073321104049683e-02
4.257304668426513672e-01 1.733551919460296631e-01 1.330416300334036350e-03 -2.561318278312683105e-01
4.291975796222686768e-01 -2.178573422133922577e-02 -3.792220028117299080e-03 3.697044774889945984e-02
4.287618696689605713e-01 -2.168530970811843872e-01 -3.052811138331890106e-03 3.284544944763183594e-01
4.244247972965240479e-01 -2.168782055377960205e-02 3.516278695315122604e-03 3.481040522456169128e-02
4.239910542964935303e-01 1.733835339546203613e-01 4.212486557662487030e-03 -2.567610144615173340e-01
4.274587035179138184e-01 -2.179830893874168396e-02 -9.227339178323745728e-04 3.724760189652442932e-02
4.270227551460266113e-01 1.733368635177612305e-01 -1.777818833943456411e-04 -2.557263076305389404e-01
4.304894804954528809e-01 -2.178255096077919006e-02 -5.292308051139116287e-03 3.690053150057792664e-02
4.300538301467895508e-01 -2.168282121419906616e-01 -4.554297775030136108e-03 3.279089927673339844e-01
4.257172644138336182e-01 -2.164172008633613586e-02 2.003882313147187233e-03 3.379333391785621643e-02
4.252844452857971191e-01 1.734514385461807251e-01 2.679748926311731339e-03 -2.582566738128662109e-01
4.287534654140472412e-01 -2.170866727828979492e-02 -2.485384698957204819e-03 3.527027741074562073e-02
4.283192753791809082e-01 -2.167948931455612183e-01 -1.779979094862937927e-03 3.271680176258087158e-01
4.239833950996398926e-01 -2.164764143526554108e-02 4.763381090015172958e-03 3.392428159713745117e-02
4.235504269599914551e-01 1.734056770801544189e-01 5.441866815090179443e-03 -2.572519481182098389e-01
4.270185530185699463e-01 -2.179354242980480194e-02 2.968277549371123314e-04 3.714244812726974487e-02
4.265826940536499023e-01 1.733241528272628784e-01 1.039676717482507229e-03 -2.554468214511871338e-01
4.300491511821746826e-01 -2.181262895464897156e-02 -4.069259390234947205e-03 3.756386414170265198e-02
4.296129047870635986e-01 -2.168759852647781372e-01 -3.317982424050569534e-03 3.289601206779479980e-01
4.252753853797912598e-01 -2.170696295797824860e-02 3.261220175772905350e-03 3.523270785808563232e-02
4.248412549495697021e-01 1.733680665493011475e-01 3.965874202549457550e-03 -2.564194798469543457e-01
4.283086061477661133e-01 -2.181027643382549286e-02 -1.162515371106564999e-03 3.751169517636299133e-02
4.278724193572998047e-01 1.733283251523971558e-01 -4.122814279980957508e-04 -2.555377781391143799e-01
4.313389658927917480e-01 -2.178773656487464905e-02 -5.523037165403366089e-03 3.701506927609443665e-02
4.309032261371612549e-01 -2.168300598859786987e-01 -4.782735835760831833e-03 3.279503285884857178e-01
4.265666306018829346e-01 -2.164033986628055573e-02 1.776270451955497265e-03 3.376297652721405029e-02
4.261338114738464355e-01 1.734560877084732056e-01 2.451529959216713905e-03 -2.583589851856231689e-01
4.296029210090637207e-01 -2.170077152550220490e-02 -2.715649781748652458e-03 3.509617596864700317e-02
4.291689097881317139e-01 -2.167836725711822510e-01 -2.013726159930229187e-03 3.269210457801818848e-01
4.248332381248474121e-01 -2.163311094045639038e-02 4.524694755673408508e-03 3.360376507043838501e-02
4.244005680084228516e-01 1.734236627817153931e-01 5.196770187467336655e-03 -2.576481401920318604e-01
4.278690516948699951e-01 -2.177209407091140747e-02 4.380728569230996072e-05 3.666938096284866333e-02
4.274336099624633789e-01 1.733492314815521240e-01 7.771949167363345623e-04 -2.559997141361236572e-01
4.309006035327911377e-01 -2.178381010890007019e-02 -4.342799540609121323e-03 3.692824020981788635e-02
4.304649233818054199e-01 -2.168432176113128662e-01 -3.604234661906957626e-03 3.282378017902374268e-01
4.261280596256256104e-01 -2.167014032602310181e-02 2.960521494969725609e-03 3.442045673727989197e-02
4.256946444511413574e-01 1.734092384576797485e-01 3.648930694907903671e-03 -2.573269307613372803e-01
4.291628301143646240e-01 -2.176462486386299133e-02 -1.497607911005616188e-03 3.650469332933425903e-02
4.287275373935699463e-01 1.733787655830383301e-01 -7.675139931961894035e-04 -2.566503584384918213e-01
4.321951270103454590e-01 -2.173221297562122345e-02 -5.900521297007799149e-03 3.579037263989448547e-02
4.317604899406433105e-01 -2.167690545320510864e-01 -5.184713751077651978e-03 3.266057968139648438e-01
4.274250864982604980e-01 -2.157367207109928131e-02 1.347402110695838928e-03 3.229236230254173279e-02
4.269936382770538330e-01 1.735289245843887329e-01 1.993249403312802315e-03 -2.599651515483856201e-01
4.304642081260681152e-01 -2.162141911685466766e-02 -3.206053515896201134e-03 3.334581479430198669e-02
4.300317764282226562e-01 -2.166972458362579346e-01 -2.539137145504355431e-03 3.250154852867126465e-01
4.256978332996368408e-01 -2.153923548758029938e-02 3.961172420531511307e-03 3.153289854526519775e-02
4.252670407295227051e-01 1.735256910324096680e-01 4.591830074787139893e-03 -2.598976194858551025e-01
4.287375509738922119e-01 -2.166151255369186401e-02 -6.061219028197228909e-04 3.423009812831878662e-02
4.283043146133422852e-01 1.734691262245178223e-01 7.848005043342709541e-05 -2.586440145969390869e-01
4.317737221717834473e-01 -2.165394648909568787e-02 -5.094400141388177872e-03 3.406367450952529907e-02
4.313406348228454590e-01 -2.167024761438369751e-01 -4.413126502186059952e-03 3.251349329948425293e-01
4.270065724849700928e-01 -2.151796594262123108e-02 2.089571906253695488e-03 3.106355480849742889e-02
4.265762269496917725e-01 1.735739558935165405e-01 2.710842993110418320e-03 -2.609593570232391357e-01
4.300476908683776855e-01 -2.158658578991889954e-02 -2.508344361558556557e-03 3.257736936211585999e-02
4.296159744262695312e-01 -2.166724801063537598e-01 -1.856796909123659134e-03 3.244678378105163574e-01
4.252825081348419189e-01 -2.152413502335548401e-02 4.632559604942798615e-03 3.119992651045322418e-02
4.248520433902740479e-01 1.735310703516006470e-01 5.256558302789926529e-03 -2.600177824497222900e-01
4.283226728439331055e-01 -2.166551724076271057e-02 5.620257798000238836e-05 3.431848436594009399e-02
4.278893470764160156e-01 1.734556257724761963e-01 7.425722433254122734e-04 -2.583467066287994385e-01
4.313584566116333008e-01 -2.167691662907600403e-02 -4.424361977726221085e-03 3.457034379243850708e-02
4.309249222278594971e-01 -2.167351394891738892e-01 -3.732955083250999451e-03 3.258540630340576172e-01
4.265902340412139893e-01 -2.156024239957332611e-02 2.784126205369830132e-03 3.199626132845878601e-02
4.261590242385864258e-01 1.735216677188873291e-01 3.424051450565457344e-03 -2.598069310188293457e-01
4.296294450759887695e-01 -2.164899185299873352e-02 -1.772087533026933670e-03 3.395400568842887878e-02
4.291964769363403320e-01 -2.167454808950424194e-01 -1.093007391318678856e-03 3.260772824287414551e-01
4.248615503311157227e-01 -2.160798944532871246e-02 5.428538192063570023e-03 3.304987773299217224e-02
4.244293868541717529e-01 1.734357029199600220e-01 6.089536007493734360e-03 -2.579153478145599365e-01
4.278981089591979980e-01 -2.177266217768192291e-02 9.312289184890687466e-04 3.668206557631492615e-02
4.274626672267913818e-01 1.733359247446060181e-01 1.664870185777544975e-03 -2.557069063186645508e-01
4.309293925762176514e-01 -2.180975861847400665e-02 -3.449267940595746040e-03 3.750068321824073792e-02
4.304931759834289551e-01 -2.168820798397064209e-01 -2.699254313483834267e-03 3.290933370590209961e-01
4.261555373668670654e-01 -2.172180451452732086e-02 3.882612567394971848e-03 3.556041792035102844e-02
4.257211089134216309e-01 1.733442544937133789e-01 4.593820776790380478e-03 -2.558949887752532959e-01
4.291879832744598389e-01 -2.184298262000083923e-02 -5.240787868387997150e-04 3.823336213827133179e-02
4.287511408329010010e-01 1.732864826917648315e-01 2.405885024927556515e-04 -2.546148598194122314e-01
4.322168529033660889e-01 -2.183890528976917267e-02 -4.851708654314279556e-03 3.814393281936645508e-02
4.317800700664520264e-01 -2.168909460306167603e-01 -4.088830202817916870e-03 3.292921483516693115e-01
4.274422526359558105e-01 -2.171102911233901978e-02 2.497012959793210030e-03 3.532261401414871216e-02
4.270080327987670898e-01 1.733750253915786743e-01 3.203465137630701065e-03 -2.565714418888092041e-01
4.304755330085754395e-01 -2.179251611232757568e-02 -1.927963458001613617e-03 3.712019324302673340e-02
4.300397038459777832e-01 1.733570247888565063e-01 -1.185559667646884918e-03 -2.561703920364379883e-01
4.335068464279174805e-01 -2.174797467887401581e-02 -6.308967713266611099e-03 3.613834455609321594e-02
4.330718815326690674e-01 -2.167788892984390259e-01 -5.586200859397649765e-03 3.268240690231323242e-01
4.287362992763519287e-01 -2.157785370945930481e-02 9.502805187366902828e-04 3.238474577665328979e-02
4.283047318458557129e-01 1.735304594039916992e-01 1.597975497134029865e-03 -2.599982023239135742e-01
4.317753612995147705e-01 -2.161426842212677002e-02 -3.601988544687628746e-03 3.318831697106361389e-02
4.313430786132812500e-01 -2.166843861341476440e-01 -2.938222372904419899e-03 3.247326016426086426e-01
4.270093739032745361e-01 -2.152071706950664520e-02 3.556429874151945114e-03 3.112453594803810120e-02
4.265789687633514404e-01 1.735500544309616089e-01 4.178920295089483261e-03 -2.604341804981231689e-01
4.300499558448791504e-01 -2.163130417466163635e-02 -1.029763021506369114e-03 3.356389701366424561e-02
4.296173453330993652e-01 1.735053956508636475e-01 -3.584851219784468412e-04 -2.594437599182128906e-01
4.330874383449554443e-01 -2.161143161356449127e-02 -5.547360051423311234e-03 3.312608227133750916e-02
4.326552152633666992e-01 -2.166533917188644409e-01 -4.884838592261075974e-03 3.240536153316497803e-01
4.283221364021301270e-01 -2.146223001182079315e-02 1.596233574673533440e-03 2.983421832323074341e-02
4.278928935527801514e-01 1.736367940902709961e-01 2.192917978391051292e-03 -2.623446583747863770e-01
4.313656389713287354e-01 -2.151639014482498169e-02 -3.053975058719515800e-03 3.102913871407508850e-02
4.309353232383728027e-01 -2.165944129228591919e-01 -2.433392219245433807e-03 3.227469325065612793e-01
4.266034364700317383e-01 -2.143789641559123993e-02 4.021546337753534317e-03 2.929761447012424469e-02
4.261746704578399658e-01 1.736261546611785889e-01 4.607498645782470703e-03 -2.621137499809265137e-01
4.296471774578094482e-01 -2.156126312911510468e-02 -6.347764865495264530e-04 3.201885521411895752e-02
4.292159676551818848e-01 1.735697835683822632e-01 5.600576514552813023e-06 -2.608642876148223877e-01
4.326873719692230225e-01 -2.155224606394767761e-02 -5.211685318499803543e-03 3.182040899991989136e-02
4.322563111782073975e-01 -2.165990769863128662e-01 -4.575276747345924377e-03 3.228544592857360840e-01
4.279243350028991699e-01 -2.141227014362812042e-02 1.881812000647187233e-03 2.873218245804309845e-02
4.274960756301879883e-01 1.736826449632644653e-01 2.456455724313855171e-03 -2.633564174175262451e-01
4.309697449207305908e-01 -2.147428318858146667e-02 -2.810672624036669731e-03 3.010028786957263947e-02
4.305402636528015137e-01 -2.165558189153671265e-01 -2.208666875958442688e-03 3.218950927257537842e-01
4.262091517448425293e-01 -2.140248194336891174e-02 4.229234997183084488e-03 2.851645834743976593e-02
4.257811009883880615e-01 1.736585646867752075e-01 4.799563903361558914e-03 -2.628290951251983643e-01
4.292542636394500732e-01 -2.153156697750091553e-02 -4.570180026348680258e-04 3.136378526687622070e-02
4.288236200809478760e-01 1.735969334840774536e-01 1.702577137621119618e-04 -2.614633142948150635e-01
4.322955608367919922e-01 -2.152744494378566742e-02 -5.059008486568927765e-03 3.127332404255867004e-02
4.318650066852569580e-01 -2.165764868259429932e-01 -4.433542024344205856e-03 3.223558068275451660e-01
4.275334775447845459e-01 -2.139168046414852142e-02 2.013574121519923210e-03 2.827800996601581573e-02
4.271056652069091797e-01 1.737013310194015503e-01 2.579134423285722733e-03 -2.637689411640167236e-01
4.305796921253204346e-01 -2.145733311772346497e-02 -2.696244278922677040e-03 2.972636371850967407e-02
4.301505386829376221e-01 -2.165405154228210449e-01 -2.101717051118612289e-03 3.215573728084564209e-01
4.258197247982025146e-01 -2.138869650661945343e-02 4.329430405050516129e-03 2.821239270269870758e-02
4.253919422626495361e-01 1.736709028482437134e-01 4.893678240478038788e-03 -2.631013989448547363e-01
4.288653731346130371e-01 -2.152055874466896057e-02 -3.683498944155871868e-04 3.112100809812545776e-02
4.284349679946899414e-01 1.736066788434982300e-01 2.540702698752284050e-04 -2.616781294345855713e-01
4.319070875644683838e-01 -2.151890471577644348e-02 -4.979492165148258209e-03 3.108493797481060028e-02
4.314767122268676758e-01 -2.165690958499908447e-01 -4.357793368399143219e-03 3.221926391124725342e-01
4.271453320980072021e-01 -2.138535864651203156e-02 2.086059423163533211e-03 2.813862077891826630e-02
4.267176389694213867e-01 1.737066209316253662e-01 2.648831810802221298e-03 -2.638854086399078369e-01
4.301917552947998047e-01 -2.145304530858993530e-02 -2.628876361995935440e-03 2.963181585073471069e-02
4.297626912593841553e-01 -2.165371924638748169e-01 -2.036239951848983765e-03 3.214841485023498535e-01
4.254319369792938232e-01 -2.138630859553813934e-02 4.393442999571561813e-03 2.815976366400718689e-02
4.250042140483856201e-01 1.736723631620407104e-01 4.956638440489768982e-03 -2.631337642669677734e-01
4.284776747226715088e-01 -2.151998691260814667e-02 -3.060367598664015532e-04 3.110842220485210419e-02
4.280472695827484131e-01 1.736063510179519653e-01 3.161316853947937489e-04 -2.616710364818572998e-01
4.315193891525268555e-01 -2.152010984718799591e-02 -4.917289130389690399e-03 3.111157566308975220e-02
4.310889840126037598e-01 -2.165711969137191772e-01 -4.295057617127895355e-03 3.222390115261077881e-01
4.267575740814208984e-01 -2.138835191726684570e-02 2.149722306057810783e-03 2.820468135178089142e-02
4.263298213481903076e-01 1.737027019262313843e-01 2.713815774768590927e-03 -2.637992203235626221e-01
4.298038482666015625e-01 -2.145787701010704041e-02 -2.562168287113308907e-03 2.973844483494758606e-02
4.293746948242187500e-01 -2.165429890155792236e-01 -1.967399381101131439e-03 3.216118812561035156e-01
4.250438511371612549e-01 -2.139307931065559387e-02 4.464838188141584396e-03 2.830916270613670349e-02
4.246159791946411133e-01 1.736645549535751343e-01 5.031021311879158020e-03 -2.629617154598236084e-01
4.280892610549926758e-01 -2.152884192764759064e-02 -2.282130735693499446e-04 3.130378946661949158e-02
4.276587069034576416e-01 1.735963821411132812e-01 3.978626918978989124e-04 -2.614511251449584961e-01
