-4.908288642764091492e-02 2.120398730039596558e-02 8.333186618983745575e-03 3.543735668063163757e-02
-4.865880683064460754e-02 2.162054479122161865e-01 9.041933342814445496e-03 -2.546047568321228027e-01
-4.433469474315643311e-02 2.095557563006877899e-02 3.949838690459728241e-03 4.091638326644897461e-02
-4.391558468341827393e-02 2.160206586122512817e-01 4.768166225403547287e-03 -2.505177259445190430e-01
-3.959517180919647217e-02 2.083094790577888489e-02 -2.421882381895557046e-04 4.366536065936088562e-02
-3.917855396866798401e-02 2.159563750028610229e-01 6.311190081760287285e-04 -2.490939646959304810e-01
-3.485942631959915161e-02 2.082541212439537048e-02 -4.350760485976934433e-03 4.378795996308326721e-02
-3.444291651248931885e-02 2.160094827413558960e-01 -3.475001081824302673e-03 -2.502644956111907959e-01
-3.012272715568542480e-02 2.093732543289661407e-02 -8.480290882289409637e-03 4.132032766938209534e-02
-2.970398031175136566e-02 2.161798477172851562e-01 -7.653884589672088623e-03 -2.540261149406433105e-01
-2.538038417696952820e-02 2.116801589727401733e-02 -1.273440662771463394e-02 3.623285889625549316e-02
-2.495702356100082397e-02 -1.737690269947052002e-01 -1.200974918901920319e-02 3.248709142208099365e-01
-2.843240462243556976e-02 2.152184583246707916e-02 -5.512331146746873856e-03 2.842493541538715363e-02
-2.800196595489978790e-02 2.167224138975143433e-01 -4.943832755088806152e-03 -2.659920752048492432e-01
-2.366751804947853088e-02 2.167136967182159424e-02 -1.026367396116256714e-02 2.512742392718791962e-02
-2.323409169912338257e-02 -1.733019053936004639e-01 -9.761125780642032623e-03 3.145544528961181641e-01
-2.670012973248958588e-02 2.195772901177406311e-02 -3.470036666840314865e-03 1.880924217402935028e-02
-2.626097388565540314e-02 2.171292752027511597e-01 -3.093851730227470398e-03 -2.749665081501007080e-01
-2.191838994622230530e-02 2.205159887671470642e-02 -8.593182079493999481e-03 1.673902012407779694e-02
-2.147735655307769775e-02 -1.729460656642913818e-01 -8.258401416242122650e-03 3.066983520984649658e-01
-2.493627928197383881e-02 2.229258231818675995e-02 -2.124434104189276695e-03 1.142242457717657089e-02
-2.449042722582817078e-02 -1.727988421916961670e-01 -1.895985682494938374e-03 3.034343123435974121e-01
-2.794640325009822845e-02 2.235008403658866882e-02 4.172700457274913788e-03 1.015403587371110916e-02
-2.749940194189548492e-02 2.174119502305984497e-01 4.375781398266553879e-03 -2.812094390392303467e-01
-2.315116301178932190e-02 2.222784981131553650e-02 -1.248407526873052120e-03 1.285037584602832794e-02
-2.270660549402236938e-02 2.173676788806915283e-01 -9.913999820128083229e-04 -2.802261710166931152e-01
-1.835925318300724030e-02 2.225988730788230896e-02 -6.595923565328121185e-03 1.214390061795711517e-02
-1.791405491530895233e-02 -1.727668493986129761e-01 -6.353045348078012466e-03 3.027384579181671143e-01
-2.136939205229282379e-02 2.244506590068340302e-02 -2.982763980980962515e-04 8.058710023760795593e-03
-2.092049084603786469e-02 -1.726725995540618896e-01 -1.371021935483440757e-04 3.006474971771240234e-01
-2.437394298613071442e-02 2.245129831135272980e-02 5.875848233699798584e-03 7.921349257230758667e-03
-2.392491698265075684e-02 2.174884974956512451e-01 6.034275051206350327e-03 -2.829019129276275635e-01
-1.957514695823192596e-02 2.228099294006824493e-02 3.762370033655315638e-04 1.167808193713426590e-02
-1.912952773272991180e-02 2.173975408077239990e-01 6.097986479289829731e-04 -2.808861136436462402e-01
-1.478157564997673035e-02 2.226690202951431274e-02 -5.007923580706119537e-03 1.198907941579818726e-02
-1.433623768389225006e-02 -1.727828681468963623e-01 -4.768142011016607285e-03 3.030877411365509033e-01
-1.779189519584178925e-02 2.240670844912528992e-02 1.293612993322312832e-03 8.904878050088882446e-03
-1.734376139938831329e-02 -1.727337688207626343e-01 1.471710507757961750e-03 3.019956648349761963e-01
-2.079843729734420776e-02 2.236717380583286285e-02 7.511624135076999664e-03 9.777257218956947327e-03
-2.035109326243400574e-02 2.173805981874465942e-01 7.707169279456138611e-03 -2.805262207984924316e-01
-1.600348204374313354e-02 2.214955724775791168e-02 2.096644602715969086e-03 1.457751728594303131e-02
-1.556049007922410965e-02 2.172413766384124756e-01 2.388194901868700981e-03 -2.774431705474853516e-01
-1.121566258370876312e-02 2.208543755114078522e-02 -3.160668304190039635e-03 1.599204726517200470e-02
-1.077395398169755936e-02 -1.729910373687744141e-01 -2.840827219188213348e-03 3.076760768890380859e-01
-1.423377450555562973e-02 2.217127010226249695e-02 3.312694141641259193e-03 1.409857999533414841e-02
-1.379034947603940964e-02 2.172455638647079468e-01 3.594665788114070892e-03 -2.775373160839080811e-01
-9.445438161492347717e-03 2.207250893115997314e-02 -1.956080552190542221e-03 1.627719774842262268e-02
-9.003987535834312439e-03 -1.730213314294815063e-01 -1.630536513403058052e-03 3.083423078060150146e-01
-1.246441435068845749e-02 2.212381176650524139e-02 4.536309745162725449e-03 1.514560822397470474e-02
-1.202193833887577057e-02 2.171804159879684448e-01 4.839221946895122528e-03 -2.761026024818420410e-01
-7.678329944610595703e-03 2.198975533246994019e-02 -6.828303448855876923e-04 1.810267008841037750e-02
-7.238535210490226746e-03 -1.731223911046981812e-01 -3.207769768778234720e-04 3.105700910091400146e-01
-1.070098299533128738e-02 2.200412377715110779e-02 5.890624597668647766e-03 1.778600364923477173e-02
-1.026090048253536224e-02 2.170411050319671631e-01 6.246344652026891708e-03 -2.730325460433959961e-01
-5.920078605413436890e-03 2.183058485388755798e-02 7.856935262680053711e-04 2.161392383277416229e-02
-5.483466666191816330e-03 -1.733026206493377686e-01 1.217972021549940109e-03 3.145446479320526123e-01
-8.949519135057926178e-03 2.180195413529872894e-02 7.508864626288414001e-03 2.224607206881046295e-02
-8.513480424880981445e-03 2.168154269456863403e-01 7.953786291182041168e-03 -2.680583000183105469e-01
-4.177171736955642700e-03 2.158086746931076050e-02 2.592620439827442169e-03 2.712266147136688232e-02
-3.745554480701684952e-03 2.166655361652374268e-01 3.135073464363813400e-03 -2.647411525249481201e-01
5.877563962712883949e-04 2.149898372590541840e-02 -2.159749157726764679e-03 2.892896905541419983e-02
1.017736038193106651e-03 -1.735919266939163208e-01 -1.581169781275093555e-03 3.209296762943267822e-01
-2.454102504998445511e-03 2.155250497162342072e-02 4.837424028664827347e-03 2.774854190647602081e-02
-2.023052424192428589e-03 2.166047543287277222e-01 5.392394959926605225e-03 -2.634042203426361084e-01
2.309042727574706078e-03 2.140624634921550751e-02 1.243107108166441321e-04 3.097464889287948608e-02
2.737167524173855782e-03 -1.737174838781356812e-01 7.438036845996975899e-04 3.236967921257019043e-01
-7.371822139248251915e-04 2.139386534690856934e-02 7.217739708721637726e-03 3.124852664768695831e-02
-3.093049162998795509e-04 2.164115756750106812e-01 7.842710241675376892e-03 -2.591484189033508301e-01
4.018926527351140976e-03 2.117853984236717224e-02 2.659741789102554321e-03 3.599785640835762024e-02
4.442497156560420990e-03 2.162622511386871338e-01 3.379698842763900757e-03 -2.558447122573852539e-01
8.767742663621902466e-03 2.109220810234546661e-02 -1.737195183522999287e-03 3.790231049060821533e-02
9.189586155116558075e-03 -1.740047931671142578e-01 -9.791490156203508377e-04 3.300366401672363281e-01
5.709490738809108734e-03 2.113108709454536438e-02 5.621583666652441025e-03 3.704508766531944275e-02
6.132112350314855576e-03 2.161719799041748047e-01 6.362485233694314957e-03 -2.538588941097259521e-01
1.045555155724287033e-02 2.095975726842880249e-02 1.285307575017213821e-03 4.082407429814338684e-02
1.087474729865789413e-02 -1.741805970668792725e-01 2.101788995787501335e-03 3.339122533798217773e-01
7.391135208308696747e-03 2.091137133538722992e-02 8.780034258961677551e-03 4.189286008477210999e-02
7.809362374246120453e-03 2.159063220024108887e-01 9.617891162633895874e-03 -2.480069994926452637e-01
1.212748885154724121e-02 2.064834721386432648e-02 4.657751414924860001e-03 4.769403859972953796e-02
1.254045590758323669e-02 2.157032042741775513e-01 5.611632019281387329e-03 -2.435157001018524170e-01
1.685452088713645935e-02 2.050154842436313629e-02 7.413180428557097912e-04 5.093198642134666443e-02
1.726455055177211761e-02 -1.746310293674468994e-01 1.759957754984498024e-03 3.438487052917480469e-01
1.377193070948123932e-02 2.046584337949752808e-02 8.636931888759136200e-03 5.172128975391387939e-02
1.418124698102474213e-02 2.154628932476043701e-01 9.671357460319995880e-03 -2.382241487503051758e-01
1.849050447344779968e-02 2.020412124693393707e-02 4.906874615699052811e-03 5.749364569783210754e-02
1.889458671212196350e-02 2.152553796768188477e-01 6.056747864931821823e-03 -2.336370944976806641e-01
2.319969423115253448e-02 2.004740945994853973e-02 1.384005881845951080e-03 6.095015630125999451e-02
2.360064350068569183e-02 -1.750943511724472046e-01 2.603008877485990524e-03 3.540694117546081543e-01
2.009875699877738953e-02 1.999048329889774323e-02 9.684397839009761810e-03 6.220843642950057983e-02
2.049856632947921753e-02 2.149722576141357422e-01 1.092856563627719879e-02 -2.274033427238464355e-01
2.479801140725612640e-02 1.969584077596664429e-02 6.380499340593814850e-03 6.870672851800918579e-02
2.519192732870578766e-02 2.147257328033447266e-01 7.754633668810129166e-03 -2.219563126564025879e-01
2.948644198477268219e-02 1.949380896985530853e-02 3.315507667139172554e-03 7.316261529922485352e-02
2.987631782889366150e-02 2.145680785179138184e-01 4.778760019689798355e-03 -2.184724062681198120e-01
3.416768088936805725e-02 1.937813684344291687e-02 4.093117022421211004e-04 7.571409642696380615e-02
3.455524146556854248e-02 -1.757496744394302368e-01 1.923593692481517792e-03 3.685261309146881104e-01
3.104024939239025116e-02 1.934488676488399506e-02 9.294115938246250153e-03 7.645036280155181885e-02
3.142714872956275940e-02 2.143323719501495361e-01 1.082312408834695816e-02 -2.132858037948608398e-01
3.571379557251930237e-02 1.905736885964870453e-02 6.557407788932323456e-03 8.279148489236831665e-02
3.609494119882583618e-02 2.140847146511077881e-01 8.213236927986145020e-03 -2.078153789043426514e-01
4.037663713097572327e-02 1.884628459811210632e-02 4.056929610669612885e-03 8.744704723358154297e-02
4.075356200337409973e-02 2.139098495244979858e-01 5.805870518088340759e-03 -2.039531618356704712e-01
4.503175988793373108e-02 1.870535314083099365e-02 1.726807560771703720e-03 9.055557101964950562e-02
4.540586471557617188e-02 -1.764413118362426758e-01 3.537919139489531517e-03 3.837828040122985840e-01
4.187703877687454224e-02 1.863023638725280762e-02 1.121357548981904984e-02 9.221746772527694702e-02
4.224964603781700134e-02 2.135896831750869751e-01 1.305792480707168579e-02 -1.969065964221954346e-01
4.652143642306327820e-02 1.828341186046600342e-02 9.119792841374874115e-03 9.986675530672073364e-02
4.688710719347000122e-02 2.132734805345535278e-01 1.111712772399187088e-02 -1.899250000715255737e-01
5.115257576107978821e-02 1.799426414072513580e-02 7.318628020584583282e-03 1.062440946698188782e-01
5.151246115565299988e-02 2.130105793476104736e-01 9.443509392440319061e-03 -1.841208785772323608e-01
5.577267333865165710e-02 1.775478571653366089e-02 5.761092063039541245e-03 1.115260943770408630e-01
5.612776800990104675e-02 2.127937078475952148e-01 7.991613820195198059e-03 -1.793336868286132812e-01
6.038364395499229431e-02 1.755831763148307800e-02 4.404940176755189896e-03 1.158595606684684753e-01
6.073480844497680664e-02 2.126168757677078247e-01 6.722131278365850449e-03 -1.754303872585296631e-01
6.498714536428451538e-02 1.739937067031860352e-02 3.213523654267191887e-03 1.193655431270599365e-01
6.533513218164443970e-02 2.124751359224319458e-01 5.600834265351295471e-03 -1.723018139600753784e-01
6.958463788032531738e-02 1.727346889674663544e-02 2.154798014089465141e-03 1.221427246928215027e-01
6.993010640144348145e-02 2.123644798994064331e-01 4.597652703523635864e-03 -1.698596030473709106e-01
7.417739182710647583e-02 1.717702671885490417e-02 1.200460479594767094e-03 1.242701858282089233e-01
7.452093809843063354e-02 2.122817635536193848e-01 3.685864154249429703e-03 -1.680337637662887573e-01
7.876656949520111084e-02 1.710724271833896637e-02 3.251889138482511044e-04 1.258096694946289062e-01
7.910871505737304688e-02 2.122245281934738159e-01 2.841382287442684174e-03 -1.667706519365310669e-01
8.335320651531219482e-02 1.706202514469623566e-02 -4.940308863297104836e-04 1.268072873353958130e-01
8.369445055723190308e-02 -1.780528426170349121e-01 2.042114967480301857e-03 4.193343222141265869e-01
8.013339340686798096e-02 1.704011112451553345e-02 1.042880117893218994e-02 1.272958815097808838e-01
8.047419041395187378e-02 2.120111286640167236e-01 1.297471858561038971e-02 -1.620787233114242554e-01
8.471441268920898438e-02 1.670585386455059052e-02 9.733144193887710571e-03 1.346689760684967041e-01
8.504853397607803345e-02 2.116870433092117310e-01 1.242652349174022675e-02 -1.549274623394012451e-01
8.928227424621582031e-02 1.638939604163169861e-02 9.327975101768970490e-03 1.416497081518173218e-01
8.961006253957748413e-02 2.113765180110931396e-01 1.216096896678209305e-02 -1.480758786201477051e-01
9.383758902549743652e-02 1.608255319297313690e-02 9.199451655149459839e-03 1.484186500310897827e-01
9.415924549102783203e-02 2.110715657472610474e-01 1.216782443225383759e-02 -1.413478851318359375e-01
9.838067740201950073e-02 1.577748171985149384e-02 9.340866468846797943e-03 1.551488041877746582e-01
9.869622439146041870e-02 2.107644528150558472e-01 1.244384236633777618e-02 -1.345727145671844482e-01
1.029115095734596252e-01 1.546649169176816940e-02 9.752388112246990204e-03 1.620099395513534546e-01
1.032208427786827087e-01 2.104474753141403198e-01 1.299258694052696228e-02 -1.275804787874221802e-01
1.074297949671745300e-01 1.514183636754751205e-02 1.044097729027271271e-02 1.691729724407196045e-01
1.077326312661170959e-01 2.101127952337265015e-01 1.382443681359291077e-02 -1.201979368925094604e-01
1.119348853826522827e-01 1.479553338140249252e-02 1.142047811299562454e-02 1.768142133951187134e-01
1.122307926416397095e-01 2.097522020339965820e-01 1.495676301419734955e-02 -1.122441664338111877e-01
1.164258420467376709e-01 1.441915985196828842e-02 1.271187979727983475e-02 1.851197481155395508e-01
1.167142242193222046e-01 2.093569487333297729e-01 1.641427353024482727e-02 -1.035261079668998718e-01
1.209013611078262329e-01 1.400365307927131653e-02 1.434375252574682236e-02 1.942899376153945923e-01
1.211814358830451965e-01 2.089175134897232056e-01 1.822955161333084106e-02 -9.383387118577957153e-02
1.253597885370254517e-01 4.037735164165496826e-01 1.635287329554557800e-02 -3.807100951671600342e-01
1.334352493286132812e-01 2.084232121706008911e-01 8.738671429455280304e-03 -8.291629701852798462e-02
1.376037150621414185e-01 1.317708566784858704e-02 7.080345414578914642e-03 2.125108391046524048e-01
1.378672569990158081e-01 2.081971019506454468e-01 1.133056264370679855e-02 -7.793023437261581421e-02
1.420312076807022095e-01 4.031547904014587402e-01 9.771957993507385254e-03 -3.670169115066528320e-01
1.500943005084991455e-01 2.078953683376312256e-01 2.431619446724653244e-03 -7.126882672309875488e-02
1.542522013187408447e-01 1.273863296955823898e-02 1.006242935545742512e-03 2.221802920103073120e-01
1.545069813728332520e-01 2.078461945056915283e-01 5.449848715215921402e-03 -7.018505036830902100e-02
1.586638987064361572e-01 4.028895795345306396e-01 4.046147689223289490e-03 -3.611435592174530029e-01
1.667216867208480835e-01 2.077103555202484131e-01 -3.176723141223192215e-03 -6.718754023313522339e-02
1.708759069442749023e-01 1.263409201055765152e-02 -4.520474001765251160e-03 2.244914174079895020e-01
1.711285859346389771e-01 2.078203558921813965e-01 -3.064566044486127794e-05 -6.961400061845779419e-02
1.752849966287612915e-01 1.269884593784809113e-02 -1.422925735823810101e-03 2.230592519044876099e-01
1.755389720201492310e-01 2.078411132097244263e-01 3.038259455934166908e-03 -7.007218152284622192e-02
1.796957850456237793e-01 4.029193818569183350e-01 1.636815839447081089e-03 -3.617949783802032471e-01
1.877541691064834595e-01 2.077741920948028564e-01 -5.599083844572305679e-03 -6.859637051820755005e-02
1.919096559286117554e-01 1.273295748978853226e-02 -6.971010938286781311e-03 2.223147600889205933e-01
1.921643167734146118e-01 2.079538553953170776e-01 -2.524715848267078400e-03 -7.255891710519790649e-02
1.963233947753906250e-01 1.286818366497755051e-02 -3.975894302129745483e-03 2.193263769149780273e-01
1.965807527303695679e-01 2.080467492341995239e-01 4.106335109099745750e-04 -7.460805028676986694e-02
2.007416933774948120e-01 4.031628072261810303e-01 -1.081527560018002987e-03 -3.671613931655883789e-01
2.088049501180648804e-01 2.080562412738800049e-01 -8.424755185842514038e-03 -7.481968402862548828e-02
2.129660695791244507e-01 1.305607147514820099e-02 -9.921149350702762604e-03 2.151933312416076660e-01
2.132271975278854370e-01 2.083184421062469482e-01 -5.617282353341579437e-03 -8.060257881879806519e-02
2.173935621976852417e-01 1.327746454626321793e-02 -7.229333743453025818e-03 2.103027999401092529e-01
2.176591157913208008e-01 2.085020393133163452e-01 -3.023277735337615013e-03 -8.465180546045303345e-02
2.218291610479354858e-01 1.342354901134967804e-02 -4.716313909739255905e-03 2.070757448673248291e-01
2.220976203680038452e-01 2.086126208305358887e-01 -5.747989634983241558e-04 -8.709120005369186401e-02
2.262698858976364136e-01 4.037428200244903564e-01 -2.316622994840145111e-03 -3.799554109573364258e-01
2.343447357416152954e-01 2.086538374423980713e-01 -9.915731847286224365e-03 -8.800382912158966064e-02
2.385178059339523315e-01 1.367540471255779266e-02 -1.167580764740705490e-02 2.015342563390731812e-01
2.387913167476654053e-01 2.089623808860778809e-01 -7.645122706890106201e-03 -9.480884671211242676e-02
2.429705709218978882e-01 1.395083218812942505e-02 -9.541300125420093536e-03 1.954522728919982910e-01
2.432495802640914917e-01 2.092079520225524902e-01 -5.632254295051097870e-03 -1.002251729369163513e-01
2.474337369203567505e-01 1.416717469692230225e-02 -7.636757567524909973e-03 1.906754821538925171e-01
2.477170825004577637e-01 2.093975394964218140e-01 -3.823247971013188362e-03 -1.044067069888114929e-01
2.519050240516662598e-01 1.433058641850948334e-02 -5.911382380872964859e-03 1.870675534009933472e-01
2.521916627883911133e-01 2.095366120338439941e-01 -2.170031191781163216e-03 -1.074743121862411499e-01
2.563823759555816650e-01 1.444582547992467880e-02 -4.319517407566308975e-03 1.845231950283050537e-01
2.566713094711303711e-01 2.096293121576309204e-01 -6.290536257438361645e-04 -1.095192432403564453e-01
2.608638703823089600e-01 1.451638340950012207e-02 -2.819438464939594269e-03 1.829651594161987305e-01
2.611542046070098877e-01 2.096785604953765869e-01 8.398645441047847271e-04 -1.106058657169342041e-01
2.653477787971496582e-01 4.047884643077850342e-01 -1.372252823784947395e-03 -4.030236899852752686e-01
2.734435498714447021e-01 2.096860110759735107e-01 -9.432726539671421051e-03 -1.107737272977828979e-01
2.776372730731964111e-01 1.470048446208238602e-02 -1.164820138365030289e-02 1.789183616638183594e-01
2.779312729835510254e-01 2.099871635437011719e-01 -8.069833740592002869e-03 -1.174162849783897400e-01
2.821310162544250488e-01 1.498176809400320053e-02 -1.041815988719463348e-02 1.727097928524017334e-01
2.824306488037109375e-01 2.102512717247009277e-01 -6.963964086025953293e-03 -1.232414469122886658e-01
2.866356968879699707e-01 1.522977370768785477e-02 -9.428792633116245270e-03 1.672363132238388062e-01
2.869402766227722168e-01 2.104854136705398560e-01 -6.084066815674304962e-03 -1.284061521291732788e-01
2.911500036716461182e-01 1.545114349573850632e-02 -8.652189746499061584e-03 1.623511314392089844e-01
2.914590239524841309e-01 2.106958776712417603e-01 -5.405167117714881897e-03 -1.330487281084060669e-01
2.956729233264923096e-01 1.565176993608474731e-02 -8.066141977906227112e-03 1.579240560531616211e-01
2.959859669208526611e-01 2.108882665634155273e-01 -4.907660651952028275e-03 -1.372925937175750732e-01
3.002037405967712402e-01 1.583695597946643829e-02 -7.653512526303529739e-03 1.538380086421966553e-01
3.005204796791076660e-01 2.110676467418670654e-01 -4.576752427965402603e-03 -1.412495672702789307e-01
3.047418296337127686e-01 1.601154729723930359e-02 -7.401743438094854355e-03 1.499859690666198730e-01
3.050620555877685547e-01 2.112386971712112427e-01 -4.402024205774068832e-03 -1.450228393077850342e-01
3.092868328094482422e-01 1.618006639182567596e-02 -7.302480749785900116e-03 1.462680846452713013e-01
3.096104264259338379e-01 2.114058285951614380e-01 -4.377119243144989014e-03 -1.487096548080444336e-01
3.138385415077209473e-01 1.634682901203632355e-02 -7.351312320679426193e-03 1.425891667604446411e-01
3.141654729843139648e-01 2.115732878446578979e-01 -4.499528557062149048e-03 -1.524038612842559814e-01
3.183969557285308838e-01 1.651605218648910522e-02 -7.547606248408555984e-03 1.388561725616455078e-01
3.187272846698760986e-01 2.117452919483184814e-01 -4.770482890307903290e-03 -1.561983227729797363e-01
3.229621648788452148e-01 1.669196225702762604e-02 -7.894448935985565186e-03 1.349758207798004150e-01
3.232960104942321777e-01 2.119261026382446289e-01 -5.194932688027620316e-03 -1.601871997117996216e-01
3.275345265865325928e-01 1.687890104949474335e-02 -8.398676291108131409e-03 1.308523416519165039e-01
3.278721272945404053e-01 2.121201455593109131e-01 -5.781629588454961777e-03 -1.644683778285980225e-01
3.321145176887512207e-01 1.708143763244152069e-02 -9.070997126400470734e-03 1.263850033283233643e-01
3.324561417102813721e-01 2.123321592807769775e-01 -6.543297320604324341e-03 -1.691458523273468018e-01
3.367027938365936279e-01 1.730447076261043549e-02 -9.926214814186096191e-03 1.214656904339790344e-01
3.370488882064819336e-01 2.125672250986099243e-01 -7.496900390833616257e-03 -1.743322610855102539e-01
3.413002192974090576e-01 1.755335927009582520e-02 -1.098354533314704895e-02 1.159762442111968994e-01
3.416512906551361084e-01 2.128309458494186401e-01 -8.664021268486976624e-03 -1.801515817642211914e-01
3.459078967571258545e-01 1.783404313027858734e-02 -1.226705219596624374e-02 1.097856163978576660e-01
3.462646007537841797e-01 2.131296098232269287e-01 -1.007134001702070236e-02 -1.867421120405197144e-01
3.505271971225738525e-01 1.815319247543811798e-02 -1.380618289113044739e-02 1.027467548847198486e-01
3.508902490139007568e-01 2.134702503681182861e-01 -1.175124756991863251e-02 -1.942598074674606323e-01
3.551596403121948242e-01 1.851835288107395172e-02 -1.563644409179687500e-02 9.469307214021682739e-02
3.555300235748291016e-01 2.138608843088150024e-01 -1.374258194118738174e-02 -2.028818428516387939e-01
3.598072230815887451e-01 1.893814094364643097e-02 -1.780021935701370239e-02 8.543448150157928467e-02
3.601860105991363525e-01 -1.759241968393325806e-01 -1.609152927994728088e-02 3.724486827850341797e-01
3.566675186157226562e-01 1.942261494696140289e-02 -8.642555214464664459e-03 7.473570108413696289e-02
3.570559620857238770e-01 2.146673947572708130e-01 -7.147841155529022217e-03 -2.206614017486572266e-01
3.613493144512176514e-01 1.964833959937095642e-02 -1.156106963753700256e-02 6.975825875997543335e-02
3.617422878742218018e-01 2.149341106414794922e-01 -1.016590464860200882e-02 -2.265496999025344849e-01
3.660409748554229736e-01 1.995891146361827850e-02 -1.469689793884754181e-02 6.290926039218902588e-02
3.664401471614837646e-01 -1.749492734670639038e-01 -1.343871280550956726e-02 3.509192168712615967e-01
3.629411458969116211e-01 2.036119252443313599e-02 -6.420328747481107712e-03 5.402912199497222900e-02
3.633483946323394775e-01 2.155746072530746460e-01 -5.339746363461017609e-03 -2.406725287437438965e-01
3.676598668098449707e-01 2.052934281527996063e-02 -1.015319675207138062e-02 5.032131820917129517e-02
3.680704534053802490e-01 -1.744455546140670776e-01 -9.146770462393760681e-03 3.397836089134216309e-01
3.645815551280975342e-01 2.080533467233181000e-02 -2.351098228245973587e-03 4.423040524125099182e-02
3.649976551532745361e-01 2.159609198570251465e-01 -1.466490095481276512e-03 -2.491933852434158325e-01
3.693168759346008301e-01 2.085994370281696320e-02 -6.450357846915721893e-03 4.302661865949630737e-02
3.697340786457061768e-01 2.160737961530685425e-01 -5.589825566858053207e-03 -2.516844570636749268e-01
3.740555346012115479e-01 2.103210799396038055e-02 -1.062351465225219727e-02 3.923010081052780151e-02
3.744761943817138672e-01 -1.739359050989151001e-01 -9.838912636041641235e-03 3.285423517227172852e-01
3.709974586963653564e-01 2.132472209632396698e-02 -3.268065396696329117e-03 3.277300298213958740e-02
3.714239597320556641e-01 2.164933830499649048e-01 -2.612605225294828415e-03 -2.609392404556274414e-01
3.757538497447967529e-01 2.140882797539234161e-02 -7.831390015780925751e-03 3.091849572956562042e-02
3.761820197105407715e-01 -1.735999435186386108e-01 -7.213020231574773788e-03 3.211202919483184814e-01
3.727100193500518799e-01 2.162397652864456177e-02 -7.906145183369517326e-04 2.617140486836433411e-02
3.731424808502197266e-01 2.167572528123855591e-01 -2.671864349395036697e-04 -2.667608559131622314e-01
3.774776458740234375e-01 2.163911983370780945e-02 -5.602403543889522552e-03 2.583777718245983124e-02
3.779104053974151611e-01 -1.734020411968231201e-01 -5.085648037493228912e-03 3.167478442192077637e-01
3.744423687458038330e-01 2.179197780787944794e-02 1.249308465048670769e-03 2.246541529893875122e-02
3.748782277107238770e-01 2.168959826231002808e-01 1.698616775684058666e-03 -2.698230743408203125e-01
3.792161345481872559e-01 2.174983918666839600e-02 -3.697844920679926872e-03 2.339511737227439880e-02
3.796511292457580566e-01 -1.733188927173614502e-01 -3.229942638427019119e-03 3.149090409278869629e-01
3.761847615242004395e-01 2.184892632067203522e-02 3.068238263949751854e-03 2.120924927294254303e-02
3.766217231750488281e-01 2.169267386198043823e-01 3.492423333227634430e-03 -2.705040276050567627e-01
3.809602856636047363e-01 2.175512723624706268e-02 -1.917657442390918732e-03 2.327837049961090088e-02
3.813953697681427002e-01 2.169045209884643555e-01 -1.452089985832571983e-03 -2.700089812278747559e-01
3.857334554195404053e-01 2.180332690477371216e-02 -6.852269638329744339e-03 2.221559360623359680e-02
3.861695230007171631e-01 -1.732196956872940063e-01 -6.407957989722490311e-03 3.127287030220031738e-01
3.827051222324371338e-01 2.199296094477176666e-02 -1.533837930765002966e-04 1.803180947899818420e-02
3.831450045108795166e-01 2.171171158552169800e-01 2.072523784590885043e-04 -2.746995091438293457e-01
3.874873518943786621e-01 2.199220471084117889e-02 -5.286737810820341110e-03 1.804877817630767822e-02
3.879271745681762695e-01 -1.730535328388214111e-01 -4.925762303173542023e-03 3.090589940547943115e-01
3.844661116600036621e-01 2.213825657963752747e-02 1.255417824722826481e-03 1.482670288532972336e-02
3.849088847637176514e-01 2.172421813011169434e-01 1.551951863802969456e-03 -2.774598598480224609e-01
3.892537355422973633e-01 2.209812216460704803e-02 -3.997245337814092636e-03 1.571214757859706879e-02
3.896956741809844971e-01 -1.729662716388702393e-01 -3.683002432808279991e-03 3.071312308311462402e-01
3.862363696098327637e-01 2.220796234905719757e-02 2.459621988236904144e-03 1.328904926776885986e-02
3.866805136203765869e-01 2.172945588827133179e-01 2.725403057411313057e-03 -2.786168158054351807e-01
3.910264074802398682e-01 2.213382907211780548e-02 -2.846933435648679733e-03 1.492444332689046860e-02
3.914690911769866943e-01 -1.729471832513809204e-01 -2.548444550484418869e-03 3.067077696323394775e-01
3.880101442337036133e-01 2.221099473536014557e-02 3.585710888728499413e-03 1.322222035378217697e-02
3.884543478488922119e-01 2.172813415527343750e-01 3.850155277177691460e-03 -2.783272266387939453e-01
3.927999734878540039e-01 2.210467308759689331e-02 -1.716389204375445843e-03 1.556755136698484421e-02
3.932420909404754639e-01 2.172511965036392212e-01 -1.405038172379136086e-03 -2.776564359664916992e-01
3.975870907306671143e-01 2.214931882917881012e-02 -6.958166602998971939e-03 1.458302605897188187e-02
3.980301022529602051e-01 -1.728721559047698975e-01 -6.666506174951791763e-03 3.050624728202819824e-01
3.945726454257965088e-01 2.234416082501411438e-02 -5.652565741911530495e-04 1.028456725180149078e-02
3.950195312500000000e-01 2.174742072820663452e-01 -3.595652524381875992e-04 -2.825766503810882568e-01
3.993690013885498047e-01 2.235739305615425110e-02 -6.011098157614469528e-03 9.992849081754684448e-03
3.998161554336547852e-01 -1.726778447628021240e-01 -5.811241455376148224e-03 3.007731437683105469e-01
3.963626027107238770e-01 2.252645790576934814e-02 2.042218111455440521e-04 6.263161543756723404e-03
3.968131244182586670e-01 2.176454812288284302e-01 3.294850466772913933e-04 -2.863553166389465332e-01
4.011660516262054443e-01 2.251883223652839661e-02 -5.397621542215347290e-03 6.431501824408769608e-03
4.016164243221282959e-01 -1.725253015756607056e-01 -5.268991459161043167e-03 2.974065244197845459e-01
3.981659114360809326e-01 2.267136797308921814e-02 6.791393388994038105e-04 3.066530451178550720e-03
3.986193537712097168e-01 2.177835702896118164e-01 7.404699572362005711e-04 -2.894020378589630127e-01
4.029750227928161621e-01 2.265107072889804840e-02 -5.047570914030075073e-03 3.514328971505165100e-03
4.034280478954315186e-01 -1.723981350660324097e-01 -4.977284464985132217e-03 2.946004271507263184e-01
3.999800682067871094e-01 2.279442735016345978e-02 9.147241362370550632e-04 3.518980520311743021e-04
4.004359543323516846e-01 2.179032415151596069e-01 9.217620827257633209e-04 -2.920422852039337158e-01
4.047940373420715332e-01 2.276816591620445251e-02 -4.919083323329687119e-03 9.312144829891622066e-04
4.052493870258331299e-01 -1.722828894853591919e-01 -4.900459200143814087e-03 2.920580506324768066e-01
4.018037319183349609e-01 2.290858514606952667e-02 9.407019242644309998e-04 -2.166372025385499001e-03
4.022619128227233887e-01 2.180170267820358276e-01 8.973745279945433140e-04 -2.945523560047149658e-01
4.066222310066223145e-01 2.288229949772357941e-02 -4.993672482669353485e-03 -1.586537226103246212e-03
4.070799052715301514e-01 -1.721676737070083618e-01 -5.025403108447790146e-03 2.895166575908660889e-01
4.036365449428558350e-01 2.302556857466697693e-02 7.649298058822751045e-04 -4.746988881379365921e-03
4.040970504283905029e-01 -1.721073389053344727e-01 6.699900259263813496e-04 2.881771922111511230e-01
4.006549119949340820e-01 2.300504595041275024e-02 6.433533970266580582e-03 -4.294358659535646439e-03
4.011150002479553223e-01 2.180341482162475586e-01 6.347646471112966537e-03 -2.949405014514923096e-01
4.054756760597229004e-01 2.282227389514446259e-02 4.488364793360233307e-04 -2.624039188958704472e-04
4.059321284294128418e-01 2.179377824068069458e-01 4.435884184204041958e-04 -2.928036749362945557e-01
4.102908968925476074e-01 2.280951291322708130e-02 -5.412485450506210327e-03 1.911212530103512108e-05
4.107470810413360596e-01 -1.722344011068344116e-01 -5.412103142589330673e-03 2.909894287586212158e-01
4.073023796081542969e-01 2.296430245041847229e-02 4.076856130268424749e-04 -3.395483596250414848e-03
4.077616631984710693e-01 2.180804014205932617e-01 3.397759282961487770e-04 -2.959497570991516113e-01
4.121232926845550537e-01 2.295361086726188660e-02 -5.579219199717044830e-03 -3.159685293212532997e-03
4.125823676586151123e-01 -1.720878779888153076e-01 -5.642412696033716202e-03 2.877577245235443115e-01
4.091405868530273438e-01 2.311407588422298431e-02 1.127415962400846183e-04 -6.699417717754840851e-03
4.096028804779052734e-01 -1.720094978809356689e-01 -2.124675484083127230e-05 2.860190868377685547e-01
4.061626791954040527e-01 2.311276271939277649e-02 5.699134897440671921e-03 -6.670549511909484863e-03
4.066249430179595947e-01 2.181525230407714844e-01 5.565723869949579239e-03 -2.975499033927917480e-01
4.109880030155181885e-01 2.295167185366153717e-02 -3.852740919683128595e-04 -3.116845618933439255e-03
4.114470183849334717e-01 2.180791497230529785e-01 -4.476110043469816446e-04 -2.959212958812713623e-01
4.158086180686950684e-01 2.296357974410057068e-02 -6.366037297993898392e-03 -3.379582194611430168e-03
4.162678718566894531e-01 -1.720664948225021362e-01 -6.433628965169191360e-03 2.872880101203918457e-01
4.128265678882598877e-01 2.314660884439945221e-02 -6.878686835989356041e-04 -7.417071145027875900e-03
4.132894873619079590e-01 -1.719654649496078491e-01 -8.362100925296545029e-04 2.850487530231475830e-01
4.098501801490783691e-01 2.316839620471000671e-02 4.864764865487813950e-03 -7.897798903286457062e-03
4.103135466575622559e-01 2.182202488183975220e-01 4.706808831542730331e-03 -2.990418672561645508e-01
4.146779477596282959e-01 2.303151786327362061e-02 -1.274028676562011242e-03 -4.878229927271604538e-03
4.151385724544525146e-01 -1.720721423625946045e-01 -1.371593214571475983e-03 2.874024510383605957e-01
4.116971492767333984e-01 2.306934632360935211e-02 4.376455675810575485e-03 -5.712746642529964447e-03
4.121585190296173096e-01 2.181282639503479004e-01 4.262201022356748581e-03 -2.970116436481475830e-01
4.165211021900177002e-01 2.294581010937690735e-02 -1.678031985647976398e-03 -2.987542189657688141e-03
4.169799983501434326e-01 -1.721520423889160156e-01 -1.737782731652259827e-03 2.891654670238494873e-01
4.135369658470153809e-01 2.299465239048004150e-02 4.045526497066020966e-03 -4.065025597810745239e-03
4.139968454837799072e-01 2.180583477020263672e-01 3.964226227253675461e-03 -2.954688072204589844e-01
4.183580279350280762e-01 2.288011088967323303e-02 -1.945149851962924004e-03 -1.538257929496467113e-03
4.188156127929687500e-01 2.180299013853073120e-01 -1.975914929062128067e-03 -2.948342561721801758e-01
4.231762290000915527e-01 2.293617837131023407e-02 -7.872600108385086060e-03 -2.775169443339109421e-03
4.236349463462829590e-01 -1.720719933509826660e-01 -7.928104139864444733e-03 2.874135076999664307e-01
4.201935231685638428e-01 2.316212095320224762e-02 -2.179833827540278435e-03 -7.759304251521825790e-03
4.206567406654357910e-01 -1.719284951686859131e-01 -2.335019875317811966e-03 2.842350602149963379e-01
4.172181785106658936e-01 2.322667650878429413e-02 3.349681384861469269e-03 -9.183400310575962067e-03
4.176827073097229004e-01 2.183004319667816162e-01 3.166013397276401520e-03 -3.008075952529907227e-01
4.220487177371978760e-01 2.313349582254886627e-02 -2.850138349458575249e-03 -7.127842865884304047e-03
4.225113987922668457e-01 -1.719474643468856812e-01 -2.992695197463035583e-03 2.846544682979583740e-01
4.190724492073059082e-01 2.321704104542732239e-02 2.700394252315163612e-03 -8.970829658210277557e-03
4.195367991924285889e-01 2.183001637458801270e-01 2.520977752283215523e-03 -3.008005321025848389e-01
4.239027798175811768e-01 2.314236946403980255e-02 -3.495032899081707001e-03 -7.323602680116891861e-03
4.243656396865844727e-01 -1.719292849302291870e-01 -3.641505027189850807e-03 2.842545509338378906e-01
4.209270477294921875e-01 2.324441447854042053e-02 2.043586224317550659e-03 -9.574654512107372284e-03
4.213919341564178467e-01 2.183369994163513184e-01 1.852093031629920006e-03 -3.016121089458465576e-01
4.257586896419525146e-01 2.318869903683662415e-02 -4.180149175226688385e-03 -8.345643058419227600e-03
4.262224435806274414e-01 -1.718730479478836060e-01 -4.347061738371849060e-03 2.830154597759246826e-01
4.227849841117858887e-01 2.331062965095043182e-02 1.313247485086321831e-03 -1.103532128036022186e-02
4.232512116432189941e-01 2.184137254953384399e-01 1.092541031539440155e-03 -3.033035993576049805e-01
4.276194870471954346e-01 2.327621728181838989e-02 -4.973531235009431839e-03 -1.027632411569356918e-02
4.280849993228912354e-01 -1.717740595340728760e-01 -5.179057829082012177e-03 2.808332443237304688e-01
4.246495068073272705e-01 2.342138811945915222e-02 4.376074066385626793e-04 -1.347862184047698975e-02
4.251179397106170654e-01 2.185370624065399170e-01 1.680349669186398387e-04 -3.060234487056732178e-01
4.294886887073516846e-01 2.341271564364433289e-02 -5.952434148639440536e-03 -1.328752934932708740e-02
4.299569427967071533e-01 -1.716233640909194946e-01 -6.218184716999530792e-03 2.775114178657531738e-01
4.265244901180267334e-01 2.358674071729183197e-02 -6.679564248770475388e-04 -1.712622866034507751e-02
4.269962012767791748e-01 -1.715256273746490479e-01 -1.010481035336852074e-03 2.753458619117736816e-01
4.235656857490539551e-01 2.361072972416877747e-02 4.496436566114425659e-03 -1.765558682382106781e-02
4.240379035472869873e-01 2.186679095029830933e-01 4.143324680626392365e-03 -3.089164495468139648e-01
4.284112751483917236e-01 2.348716743290424347e-02 -2.035004319623112679e-03 -1.492971833795309067e-02
4.288810193538665771e-01 -1.716055423021316528e-01 -2.333598677068948746e-03 2.771104574203491211e-01
4.254488945007324219e-01 2.354962565004825592e-02 3.208610229194164276e-03 -1.630758307874202728e-02
4.259198904037475586e-01 2.186254113912582397e-01 2.882458502426743507e-03 -3.079764246940612793e-01
4.302923977375030518e-01 2.346251159906387329e-02 -3.277070121839642525e-03 -1.438584923744201660e-02
4.307616651058197021e-01 -1.716122925281524658e-01 -3.564787097275257111e-03 2.772613167762756348e-01
4.273294210433959961e-01 2.356033585965633392e-02 1.980439526960253716e-03 -1.654380001127719879e-02
4.278006255626678467e-01 2.186538279056549072e-01 1.649563550017774105e-03 -3.086012303829193115e-01
4.321736991405487061e-01 2.350841276347637177e-02 -4.522460978478193283e-03 -1.539852004498243332e-02
4.326438605785369873e-01 -1.715483963489532471e-01 -4.830431193113327026e-03 2.758540809154510498e-01
4.292128980159759521e-01 2.364214509725570679e-02 6.866506300866603851e-04 -1.834843307733535767e-02
4.296857416629791260e-01 -1.714896410703659058e-01 3.196819452568888664e-04 2.745510637760162354e-01
4.262559413909912109e-01 2.362774126231670380e-02 5.810703150928020477e-03 -1.803101971745491028e-02
4.267284870147705078e-01 2.186658829450607300e-01 5.450082942843437195e-03 -3.088749647140502930e-01
4.311018288135528564e-01 2.346670068800449371e-02 -7.274163071997463703e-04 -1.447821501642465591e-02
4.315711557865142822e-01 -1.716448068618774414e-01 -1.016980619169771671e-03 2.779751121997833252e-01
4.281382560729980469e-01 2.349163405597209930e-02 4.542521666735410690e-03 -1.502839289605617523e-02
4.286080896854400635e-01 2.185481488704681396e-01 4.241954069584608078e-03 -3.062746524810791016e-01
4.329790472984313965e-01 2.336600422859191895e-02 -1.883539021946489811e-03 -1.225693803280591965e-02
4.334463775157928467e-01 -1.717288792133331299e-01 -2.128677908331155777e-03 2.798311114311218262e-01
4.300117790699005127e-01 2.342336811125278473e-02 3.467944450676441193e-03 -1.352243032306432724e-02
4.304802715778350830e-01 2.184954136610031128e-01 3.197495825588703156e-03 -3.051091730594635010e-01
4.348501563072204590e-01 2.332804165780544281e-02 -2.904687309637665749e-03 -1.141954213380813599e-02
4.353167414665222168e-01 -1.717521250247955322e-01 -3.133078338578343391e-03 2.803454995155334473e-01
4.318816959857940674e-01 2.341437153518199921e-02 2.473831875249743462e-03 -1.332393474876880646e-02
4.323499798774719238e-01 2.185007631778717041e-01 2.207353245466947556e-03 -3.052253127098083496e-01
4.367199838161468506e-01 2.334742061793804169e-02 -3.897153073921799660e-03 -1.184705831110477448e-02
4.371869266033172607e-01 -1.717184185981750488e-01 -4.134094342589378357e-03 2.796037197113037109e-01
4.337525665760040283e-01 2.346225641667842865e-02 1.457980251871049404e-03 -1.438021194189786911e-02
4.342218041419982910e-01 2.185632735490798950e-01 1.170376082882285118e-03 -3.066027760505676270e-01
4.385930895805358887e-01 2.342465892434120178e-02 -4.961679223924875259e-03 -1.355096790939569473e-02
4.390615820884704590e-01 -1.716257929801940918e-01 -5.232698749750852585e-03 2.775623798370361328e-01
4.356290698051452637e-01 2.357042394578456879e-02 3.185486420989036560e-04 -1.676634326577186584e-02
4.361004531383514404e-01 2.186878025531768799e-01 -1.677823638601694256e-05 -3.093487620353698730e-01
4.404742121696472168e-01 2.356609329581260681e-02 -6.203753408044576645e-03 -1.667111180722713470e-02
4.409455358982086182e-01 -1.714663356542587280e-01 -6.537175271660089493e-03 2.740480303764343262e-01
4.375162124633789062e-01 2.374826930463314056e-02 -1.056215027347207069e-03 -2.068955823779106140e-02
4.379911720752716064e-01 -1.713585108518600464e-01 -1.470006187446415424e-03 2.716599404811859131e-01
4.345640242099761963e-01 2.378437854349613190e-02 3.963192459195852280e-03 -2.148627676069736481e-02
4.350396990776062012e-01 2.188492715358734131e-01 3.533466951921582222e-03 -3.129161298274993896e-01
4.394166767597198486e-01 2.367715910077095032e-02 -2.724855905398726463e-03 -1.912096515297889709e-02
4.398902356624603271e-01 -1.714056134223937988e-01 -3.107275115326046944e-03 2.727009952068328857e-01
4.364621043205261230e-01 2.376054227352142334e-02 2.346744760870933533e-03 -2.096035704016685486e-02
4.369373321533203125e-01 2.188487648963928223e-01 1.927537494339048862e-03 -3.129019439220428467e-01
4.413143098354339600e-01 2.369940280914306641e-02 -4.330501426011323929e-03 -1.961174793541431427e-02
4.417882859706878662e-01 -1.713601797819137573e-01 -4.722736310213804245e-03 2.717017233371734619e-01
4.383610785007476807e-01 2.382884547114372253e-02 7.112981984391808510e-04 -2.246703207492828369e-02
4.388376474380493164e-01 -1.713033020496368408e-01 2.619575534481555223e-04 2.704402208328247070e-01
4.354116022586822510e-01 2.381491288542747498e-02 5.670762155205011368e-03 -2.216005884110927582e-02
4.358879029750823975e-01 2.188550829887390137e-01 5.227561108767986298e-03 -3.130484223365783691e-01
4.402649998664855957e-01 2.365905232727527618e-02 -1.033407286740839481e-03 -1.872147433459758759e-02
4.407381713390350342e-01 -1.714480668306350708e-01 -1.407836680300533772e-03 2.736352086067199707e-01
4.373092055320739746e-01 2.369394525885581970e-02 4.064867738634347916e-03 -1.949140802025794983e-02
4.377830922603607178e-01 2.187573611736297607e-01 3.675039624795317650e-03 -3.108890652656555176e-01
4.421582520008087158e-01 2.358325012028217316e-02 -2.542741596698760986e-03 -1.704939641058444977e-02
4.426299035549163818e-01 -1.715021431446075439e-01 -2.883729524910449982e-03 2.748301923274993896e-01
4.391998648643493652e-01 2.366083487868309021e-02 2.612874144688248634e-03 -1.876088231801986694e-02
4.396730661392211914e-01 2.187452167272567749e-01 2.237656619399785995e-03 -3.106182813644409180e-01
4.440479874610900879e-01 2.359145693480968475e-02 -3.974708728492259979e-03 -1.723049394786357880e-02
4.445198178291320801e-01 -1.714732646942138672e-01 -4.319318570196628571e-03 2.741957306861877441e-01
4.410903453826904297e-01 2.371004410088062286e-02 1.164595596492290497e-03 -1.984639279544353485e-02
4.415645599365234375e-01 2.188152819871902466e-01 7.676677196286618710e-04 -3.121616542339324951e-01
4.459408521652221680e-01 2.368239499628543854e-02 -5.475565325468778610e-03 -1.923672296106815338e-02
4.464145004749298096e-01 -1.713605970144271851e-01 -5.860299803316593170e-03 2.717135846614837646e-01
4.429872930049896240e-01 2.384447865188121796e-02 -4.260280693415552378e-04 -2.281193062663078308e-02
4.434641897678375244e-01 -1.712713539600372314e-01 -8.822666713967919350e-04 2.697365581989288330e-01
4.400387406349182129e-01 2.386317029595375061e-02 4.512464161962270737e-03 -2.322451956570148468e-02
4.405160248279571533e-01 2.189201116561889648e-01 4.047974012792110443e-03 -3.144803047180175781e-01
4.448944330215454102e-01 2.374073863029479980e-02 -2.241632202640175819e-03 -2.052353136241436005e-02
4.453692436218261719e-01 -1.713489890098571777e-01 -2.652102848514914513e-03 2.714512944221496582e-01
4.419422447681427002e-01 2.381070144474506378e-02 2.776923123747110367e-03 -2.206693775951862335e-02
4.424184560775756836e-01 2.188927233219146729e-01 2.335584256798028946e-03 -3.138724267482757568e-01
4.467963278293609619e-01 2.373757399618625641e-02 -3.941864240914583206e-03 -2.045384235680103302e-02
4.472710788249969482e-01 -1.713276207447052002e-01 -4.350941162556409836e-03 2.709827721118927002e-01
4.438445270061492920e-01 2.385614253580570221e-02 1.068714656867086887e-03 -2.306927368044853210e-02
4.443216323852539062e-01 2.189627438783645630e-01 6.073291879147291183e-04 -3.154148161411285400e-01
4.487009048461914062e-01 2.383215352892875671e-02 -5.700967274606227875e-03 -2.254042029380798340e-02
4.491775333881378174e-01 -1.712075769901275635e-01 -6.151775363832712173e-03 2.683383524417877197e-01
4.457533955574035645e-01 2.400162257254123688e-02 -7.850085967220366001e-04 -2.627852559089660645e-02
4.462334215641021729e-01 -1.711090654134750366e-01 -1.310579129494726658e-03 2.661566138267517090e-01
4.428112506866455078e-01 2.403157018125057220e-02 4.012553486973047256e-03 -2.693938650190830231e-02
4.432918727397918701e-01 2.190957516431808472e-01 3.473765449598431587e-03 -3.183536231517791748e-01
4.476737976074218750e-01 2.392449602484703064e-02 -2.893306780606508255e-03 -2.457721345126628876e-02
4.481522738933563232e-01 -1.711558401584625244e-01 -3.384850919246673584e-03 2.671914398670196533e-01
4.447291493415832520e-01 2.401425130665302277e-02 1.958977896720170975e-03 -2.655716985464096069e-02
4.452094435691833496e-01 2.191080600023269653e-01 1.427834504283964634e-03 -3.186213672161102295e-01
4.495916068553924561e-01 2.396579645574092865e-02 -4.944593179970979691e-03 -2.548850141465663910e-02
4.500709176063537598e-01 -1.710848957300186157e-01 -5.454362835735082626e-03 2.656302452087402344e-01
4.466492235660552979e-01 2.411447651684284210e-02 -1.417578605469316244e-04 -2.876802161335945129e-02
4.471315145492553711e-01 -1.710054427385330200e-01 -7.171182660385966301e-04 2.638701796531677246e-01
4.437114000320434570e-01 2.412673644721508026e-02 4.560285247862339020e-03 -2.903885021805763245e-02
4.441939294338226318e-01 2.191829979419708252e-01 3.979508299380540848e-03 -3.202794790267944336e-01
4.485776126384735107e-01 2.400459721684455872e-02 -2.426081337034702301e-03 -2.634422481060028076e-02
4.490576982498168945e-01 -1.710824817419052124e-01 -2.952965674921870232e-03 2.655722498893737793e-01
4.456360340118408203e-01 2.408149465918540955e-02 2.358479425311088562e-03 -2.804059349000453949e-02
4.461176693439483643e-01 2.191695421934127808e-01 1.797667588107287884e-03 -3.199784755706787109e-01
4.505010545253753662e-01 2.402203716337680817e-02 -4.601901862770318985e-03 -2.672916091978549957e-02
4.509814977645874023e-01 -1.710336208343505859e-01 -5.136484745889902115e-03 2.644982635974884033e-01
4.475608468055725098e-01 2.416126988828182220e-02 1.534805051051080227e-04 -2.980031818151473999e-02
4.480440616607666016e-01 -1.709628850221633911e-01 -4.425258666742593050e-04 2.629310190677642822e-01
4.446248114109039307e-01 2.416538260877132416e-02 4.816094879060983658e-03 -2.989144250750541687e-02
4.451081156730651855e-01 2.192179411649703979e-01 4.218265879899263382e-03 -3.210509419441223145e-01
4.494924545288085938e-01 2.403617091476917267e-02 -2.202753210440278053e-03 -2.704074233770370483e-02
4.499731957912445068e-01 -1.710541248321533203e-01 -2.743568038567900658e-03 2.649463713169097900e-01
4.465520977973937988e-01 2.410688064992427826e-02 2.555359387770295143e-03 -2.860063128173351288e-02
4.470342397689819336e-01 2.191920876502990723e-01 1.983346883207559586e-03 -3.204762339591979980e-01
4.514181017875671387e-01 2.404195256531238556e-02 -4.426177591085433960e-03 -2.716848254203796387e-02
4.518989324569702148e-01 -1.710162460803985596e-01 -4.969547502696514130e-03 2.641146481037139893e-01
4.484786093235015869e-01 2.417628467082977295e-02 3.127458330709487200e-04 -3.013156354427337646e-02
4.489621222019195557e-01 -1.709501445293426514e-01 -2.898854436352849007e-04 2.626500129699707031e-01
4.455431103706359863e-01 2.417593635618686676e-02 4.963114857673645020e-03 -3.012432530522346497e-02
4.460266530513763428e-01 2.192263603210449219e-01 4.360628314316272736e-03 -3.212372064590454102e-01
4.504111707210540771e-01 2.404258586466312408e-02 -2.064115833491086960e-03 -2.718230895698070526e-02
4.508920311927795410e-01 -1.710496991872787476e-01 -2.607761882245540619e-03 2.648486495018005371e-01
4.474710226058959961e-01 2.410937100648880005e-02 2.689211163669824600e-03 -2.865564450621604919e-02
4.479532241821289062e-01 2.191926538944244385e-01 2.116098301485180855e-03 -3.204888701438903809e-01
4.523370563983917236e-01 2.404063194990158081e-02 -4.293679259717464447e-03 -2.713937126100063324e-02
4.528178870677947998e-01 -1.710194796323776245e-01 -4.836466629058122635e-03 2.641857564449310303e-01
4.493975043296813965e-01 2.417116612195968628e-02 4.472484288271516562e-04 -3.001870028674602509e-02
4.498809278011322021e-01 -1.709571927785873413e-01 -1.531255693407729268e-04 2.628053128719329834e-01
4.464617669582366943e-01 2.416693978011608124e-02 5.102980416268110275e-03 -2.992591634392738342e-02
4.469451010227203369e-01 2.192153483629226685e-01 4.504462238401174545e-03 -3.209944367408752441e-01
4.513294100761413574e-01 2.402953244745731354e-02 -1.915426575578749180e-03 -2.689438872039318085e-02
4.518100023269653320e-01 -1.710648983716964722e-01 -2.453314373269677162e-03 2.651835978031158447e-01
4.483886957168579102e-01 2.409198321402072906e-02 2.850357443094253540e-03 -2.827212959527969360e-02
4.488705396652221680e-01 2.191729396581649780e-01 2.284914720803499222e-03 -3.200543820858001709e-01
4.532540142536163330e-01 2.401852607727050781e-02 -4.116172902286052704e-03 -2.665174938738346100e-02
4.537343680858612061e-01 -1.710441559553146362e-01 -4.649207461625337601e-03 2.647296488285064697e-01
4.503135085105895996e-01 2.414384484291076660e-02 6.453851237893104553e-04 -2.941605634987354279e-02
4.507963657379150391e-01 2.192565351724624634e-01 5.706402225769124925e-05 -3.218953013420104980e-01
4.551815092563629150e-01 2.413377165794372559e-02 -6.380841601639986038e-03 -2.919436432421207428e-02
4.556641876697540283e-01 -1.708960980176925659e-01 -6.964729167520999908e-03 2.614685297012329102e-01
4.522462487220764160e-01 2.432457916438579559e-02 -1.735358498990535736e-03 -3.340299800038337708e-02
4.527327418327331543e-01 -1.707724481821060181e-01 -2.403418533504009247e-03 2.587319016456604004e-01
4.493173062801361084e-01 2.438373677432537079e-02 2.771219471469521523e-03 -3.470812737941741943e-02
4.498049616813659668e-01 2.194658368825912476e-01 2.077057026326656342e-03 -3.265154063701629639e-01
4.541942775249481201e-01 2.431437745690345764e-02 -4.453251603990793228e-03 -3.317820653319358826e-02
4.546805918216705322e-01 -1.707434356212615967e-01 -5.116815678775310516e-03 2.580963671207427979e-01
4.512657225131988525e-01 2.445119433104991913e-02 4.511149018071591854e-05 -3.619609028100967407e-02
4.517547190189361572e-01 -1.706714034080505371e-01 -6.788102909922599792e-04 2.565010786056518555e-01
