4.408840462565422058e-02 2.083291485905647278e-02 -2.013784646987915039e-02 3.704352304339408875e-02
4.450506344437599182e-02 -1.739945560693740845e-01 -1.939697563648223877e-02 3.233053386211395264e-01
4.102517291903495789e-02 2.139815129339694977e-02 -1.293086819350719452e-02 2.456906810402870178e-02
4.145313426852226257e-02 -1.735360026359558105e-01 -1.243948750197887421e-02 3.131442666053771973e-01
3.798241540789604187e-02 2.176093682646751404e-02 -6.176601629704236984e-03 1.656442694365978241e-02
3.841763362288475037e-02 -1.732718944549560547e-01 -5.845312960445880890e-03 3.072921931743621826e-01
3.495219722390174866e-02 2.193286083638668060e-02 3.005306061822921038e-04 1.277154125273227692e-02
3.539085388183593750e-02 -1.731933951377868652e-01 5.559613928198814392e-04 3.055492639541625977e-01
3.192698583006858826e-02 2.192062512040138245e-02 6.666946690529584885e-03 1.304173562675714493e-02
3.236539661884307861e-02 -1.732963025569915771e-01 6.927781738340854645e-03 3.078206777572631836e-01
2.889947220683097839e-02 2.172625437378883362e-02 1.308419555425643921e-02 1.733062230050563812e-02
2.933399751782417297e-02 -1.735808700323104858e-01 1.343080773949623108e-02 3.141128718852996826e-01
2.586237899959087372e-02 2.134720422327518463e-02 1.971306465566158295e-02 2.569567412137985229e-02
2.628932334482669830e-02 2.161809951066970825e-01 2.022697962820529938e-02 -2.607029378414154053e-01
3.061294369399547577e-02 2.077622152864933014e-02 1.501291990280151367e-02 3.829056769609451294e-02
3.102846816182136536e-02 2.156797051429748535e-01 1.577873155474662781e-02 -2.496180832386016846e-01
3.534206002950668335e-02 2.033601887524127960e-02 1.078636944293975830e-02 4.799972847104072571e-02
3.574878349900245667e-02 2.153016477823257446e-01 1.174636371433734894e-02 -2.412605881690979004e-01
4.005481675267219543e-02 2.001389861106872559e-02 6.921152584254741669e-03 5.510419607162475586e-02
4.045509174466133118e-02 -1.752066016197204590e-01 8.023235946893692017e-03 3.499627411365509033e-01
3.695096075534820557e-02 1.980032585561275482e-02 1.502249110490083694e-02 5.982056260108947754e-02
3.734696656465530396e-02 2.147036939859390259e-01 1.621890254318714142e-02 -2.280850559473037720e-01
4.164104163646697998e-02 1.935376971960067749e-02 1.165720075368881226e-02 6.966944038867950439e-02
4.202811792492866516e-02 2.143066674470901489e-01 1.305058971047401428e-02 -2.193129062652587891e-01
4.631425067782402039e-02 1.900062337517738342e-02 8.664332330226898193e-03 7.745798677206039429e-02
4.669426381587982178e-02 2.139973044395446777e-01 1.021349150687456131e-02 -2.124787718057632446e-01
5.097420886158943176e-02 1.873082295060157776e-02 5.963916424661874771e-03 8.340838551521301270e-02
5.134882405400276184e-02 -1.764761060476303101e-01 7.632084190845489502e-03 3.779669702053070068e-01
4.781930148601531982e-02 1.853662356734275818e-02 1.519142277538776398e-02 8.770018815994262695e-02
4.819003492593765259e-02 2.134375721216201782e-01 1.694542728364467621e-02 -2.001513838768005371e-01
5.245878547430038452e-02 1.807740516960620880e-02 1.294239889830350876e-02 9.782849997282028198e-02
5.282033607363700867e-02 2.130114883184432983e-01 1.489896979182958603e-02 -1.907431781291961670e-01
5.708056315779685974e-02 1.767960377037525177e-02 1.108410581946372986e-02 1.066022664308547974e-01
5.743415653705596924e-02 2.126409709453582764e-01 1.321615092456340790e-02 -1.825631707906723022e-01
6.168697774410247803e-02 1.733243465423583984e-02 9.564887732267379761e-03 1.142594963312149048e-01
6.203362345695495605e-02 2.123160362243652344e-01 1.185007765889167786e-02 -1.753904968500137329e-01
6.627994775772094727e-02 1.702651567757129669e-02 8.342267945408821106e-03 1.210070624947547913e-01
6.662047654390335083e-02 2.120279520750045776e-01 1.076240930706262589e-02 -1.690323203802108765e-01
7.086103409528732300e-02 1.675362512469291687e-02 7.381762377917766571e-03 1.270263046026229858e-01
7.119610905647277832e-02 2.117690593004226685e-01 9.922288358211517334e-03 -1.633186489343643188e-01
7.543148845434188843e-02 1.650647632777690887e-02 6.655915174633264542e-03 1.324778944253921509e-01
7.576161623001098633e-02 2.115324586629867554e-01 9.305473417043685913e-03 -1.580977737903594971e-01
7.999226450920104980e-02 1.627852208912372589e-02 6.143517792224884033e-03 1.375062167644500732e-01
8.031783998012542725e-02 2.113119363784790039e-01 8.893642574548721313e-03 -1.532322019338607788e-01
8.454407751560211182e-02 1.606378518044948578e-02 5.828998051583766937e-03 1.422431468963623047e-01
8.486535400152206421e-02 2.111017704010009766e-01 8.673860691487789154e-03 -1.485951542854309082e-01
8.908738940954208374e-02 1.585669256746768951e-02 5.701958201825618744e-03 1.468115299940109253e-01
8.940452337265014648e-02 2.108965218067169189e-01 8.638189174234867096e-03 -1.440670937299728394e-01
9.362245351076126099e-02 1.565193943679332733e-02 5.756846629083156586e-03 1.513284593820571899e-01
9.393548965454101562e-02 2.106909900903701782e-01 8.783415891230106354e-03 -1.395327597856521606e-01
9.814931452274322510e-02 1.544434297829866409e-02 5.992760881781578064e-03 1.559081971645355225e-01
9.845820069313049316e-02 2.104799747467041016e-01 9.110924787819385529e-03 -1.348781436681747437e-01
1.026678010821342468e-01 1.522872038185596466e-02 6.413361523300409317e-03 1.606651693582534790e-01
1.029723733663558960e-01 2.102582752704620361e-01 9.626665152609348297e-03 -1.299876272678375244e-01
1.071775406599044800e-01 1.499975100159645081e-02 7.026912178844213486e-03 1.657167673110961914e-01
1.074775308370590210e-01 2.100204080343246460e-01 1.034124754369258881e-02 -1.247410997748374939e-01
1.116779372096061707e-01 1.475184876471757889e-02 7.846426218748092651e-03 1.711863577365875244e-01
1.119729802012443542e-01 2.097606211900711060e-01 1.127015333622694016e-02 -1.190109699964523315e-01
1.161681935191154480e-01 1.447902433574199677e-02 8.889933116734027863e-03 1.772061735391616821e-01
1.164577677845954895e-01 2.094726264476776123e-01 1.243405696004629135e-02 -1.126590743660926819e-01
1.206472218036651611e-01 1.417473983019590378e-02 1.018087565898895264e-02 1.839206367731094360e-01
1.209307163953781128e-01 2.091495543718338013e-01 1.385928783565759659e-02 -1.055332943797111511e-01
1.251137107610702515e-01 1.383175700902938843e-02 1.174862217158079147e-02 1.914897561073303223e-01
1.253903508186340332e-01 2.087836861610412598e-01 1.557841710746288300e-02 -9.746393561363220215e-02
1.295660138130187988e-01 1.344196312129497528e-02 1.362913846969604492e-02 2.000929564237594604e-01
1.298348605632781982e-01 2.083663642406463623e-01 1.763099804520606995e-02 -8.825963735580444336e-02
1.340021789073944092e-01 4.032312035560607910e-01 1.586580462753772736e-02 -3.753282427787780762e-01
1.420668065547943115e-01 2.078875452280044556e-01 8.359240368008613586e-03 -7.768525183200836182e-02
1.462245583534240723e-01 4.028886556625366211e-01 6.805535405874252319e-03 -3.677191436290740967e-01
1.542823314666748047e-01 2.076706737279891968e-01 -5.488471942953765392e-04 -7.289811968803405762e-02
1.584357470273971558e-01 1.255659479647874832e-02 -2.006809459999203682e-03 2.196116000413894653e-01
1.586868762969970703e-01 2.077071815729141235e-01 2.385422354564070702e-03 -7.370369136333465576e-02
1.628410220146179199e-01 1.255110651254653931e-02 9.113484993577003479e-04 2.197308987379074097e-01
1.630920469760894775e-01 2.076600193977355957e-01 5.305966362357139587e-03 -7.266441732645034790e-02
1.672452390193939209e-01 4.027054905891418457e-01 3.852677997201681137e-03 -3.636685907840728760e-01
1.752993464469909668e-01 2.075290083885192871e-01 -3.420693567022681236e-03 -6.977332383394241333e-02
1.794499307870864868e-01 1.245626434683799744e-02 -4.816160071641206741e-03 2.218284010887145996e-01
1.796990633010864258e-01 2.076467275619506836e-01 -3.795919765252619982e-04 -7.236983627080917358e-02
1.838519871234893799e-01 1.253021508455276489e-02 -1.826988765969872475e-03 2.201932966709136963e-01
1.841025948524475098e-01 2.076782286167144775e-01 2.576877363026142120e-03 -7.306537032127380371e-02
1.882561594247817993e-01 4.027631580829620361e-01 1.115569728426635265e-03 -3.649341762065887451e-01
1.963114291429519653e-01 2.076253592967987061e-01 -6.183113437145948410e-03 -7.189969718456268311e-02
2.004639357328414917e-01 1.259259600192308426e-02 -7.621107622981071472e-03 2.188260406255722046e-01
2.007157802581787109e-01 2.078226506710052490e-01 -3.244586754590272903e-03 -7.625113427639007568e-02
2.048722356557846069e-01 1.274736784398555756e-02 -4.769609309732913971e-03 2.154063582420349121e-01
2.051271796226501465e-01 2.079371809959411621e-01 -4.614825011231005192e-04 -7.877729833126068115e-02
2.092859297990798950e-01 4.030657410621643066e-01 -2.037028549239039421e-03 -3.716057837009429932e-01
2.173472493886947632e-01 2.079727947711944580e-01 -9.469144046306610107e-03 -7.956585288047790527e-02
2.215066999197006226e-01 1.298785395920276642e-02 -1.106046140193939209e-02 2.101145535707473755e-01
2.217664569616317749e-01 2.082661986351013184e-01 -6.858170032501220703e-03 -8.603674173355102539e-02
2.259317785501480103e-01 1.324321515858173370e-02 -8.578904904425144196e-03 2.044745534658432007e-01
2.261966466903686523e-01 2.084867954254150391e-01 -4.489413928240537643e-03 -9.090220183134078979e-02
2.303663790225982666e-01 1.342947687953710556e-02 -6.307458039373159409e-03 2.003609389066696167e-01
2.306349724531173706e-01 2.086410671472549438e-01 -2.300239168107509613e-03 -9.430500119924545288e-02
2.348077893257141113e-01 1.355216186493635178e-02 -4.186339210718870163e-03 1.976513117551803589e-01
2.350788414478302002e-01 2.087337374687194824e-01 -2.333129668841138482e-04 -9.634926915168762207e-02
2.392535060644149780e-01 1.361513417214155197e-02 -2.160298405215144157e-03 1.962600350379943848e-01
2.395258098840713501e-01 2.087679207324981689e-01 1.764902379363775253e-03 -9.710358083248138428e-02
2.437011748552322388e-01 4.038645327091217041e-01 -1.771692768670618534e-04 -3.892291784286499023e-01
2.517784535884857178e-01 2.087450921535491943e-01 -7.961752824485301971e-03 -9.660210460424423218e-02
2.559533715248107910e-01 1.373815443366765976e-02 -9.893794544041156769e-03 1.935583055019378662e-01
2.562281191349029541e-01 2.090002298355102539e-01 -6.022628396749496460e-03 -1.022291928529739380e-01
2.604081332683563232e-01 1.396510377526283264e-02 -8.067212067544460297e-03 1.885475367307662964e-01
2.606874406337738037e-01 2.092015296220779419e-01 -4.296261351555585861e-03 -1.066693142056465149e-01
2.648714780807495117e-01 1.414141431450843811e-02 -6.429647561162710190e-03 1.846550703048706055e-01
2.651543021202087402e-01 2.093547731637954712e-01 -2.736546332016587257e-03 -1.100492104887962341e-01
2.693413794040679932e-01 1.427213847637176514e-02 -4.937530495226383209e-03 1.817691028118133545e-01
2.696268260478973389e-01 2.094643861055374146e-01 -1.302148564718663692e-03 -1.124673411250114441e-01
2.738161087036132812e-01 1.436112448573112488e-02 -3.551495494320988655e-03 1.798044741153717041e-01
2.741033434867858887e-01 2.095337212085723877e-01 4.459413685253821313e-05 -1.139966994524002075e-01
2.782940268516540527e-01 4.046550393104553223e-01 -2.235339954495429993e-03 -4.066655635833740234e-01
2.863871157169342041e-01 2.095648497343063354e-01 -1.036865077912807465e-02 -1.146882027387619019e-01
2.905784249305725098e-01 1.459298655390739441e-02 -1.266241539269685745e-02 1.747055351734161377e-01
2.908702790737152100e-01 2.098938524723052979e-01 -9.168304502964019775e-03 -1.219449192285537720e-01
2.950681447982788086e-01 1.490444224327802658e-02 -1.160720270127058029e-02 1.678314507007598877e-01
2.953662276268005371e-01 2.101905941963195801e-01 -8.250573650002479553e-03 -1.284904927015304565e-01
2.995700538158416748e-01 1.518780551850795746e-02 -1.082038320600986481e-02 1.615781038999557495e-01
2.998737990856170654e-01 2.104629725217819214e-01 -7.588821463286876678e-03 -1.344986408948898315e-01
3.040830790996551514e-01 1.545054372400045395e-02 -1.027879491448402405e-02 1.557804942131042480e-01
3.043920695781707764e-01 2.107181400060653687e-01 -7.163184694945812225e-03 -1.401273459196090698e-01
3.086064457893371582e-01 1.569951511919498444e-02 -9.965731762349605560e-03 1.502871364355087280e-01
3.089204430580139160e-01 2.109627425670623779e-01 -6.959988735616207123e-03 -1.455230414867401123e-01
3.131396770477294922e-01 1.594115234911441803e-02 -9.870450012385845184e-03 1.449560374021530151e-01
3.134585022926330566e-01 2.112030535936355591e-01 -6.971328984946012497e-03 -1.508244127035140991e-01
3.176825642585754395e-01 1.618161983788013458e-02 -9.987817145884037018e-03 1.396510750055313110e-01
3.180061876773834229e-01 2.114451825618743896e-01 -7.194795645773410797e-03 -1.561660319566726685e-01
3.222351074218750000e-01 1.642698235809803009e-02 -1.031811628490686417e-02 1.342384517192840576e-01
3.225636482238769531e-01 2.116951942443847656e-01 -7.633347064256668091e-03 -1.616817563772201538e-01
3.267975449562072754e-01 1.668335124850273132e-02 -1.086698193103075027e-02 1.285833120346069336e-01
3.271312117576599121e-01 2.119592726230621338e-01 -8.295315317809581757e-03 -1.675081104040145874e-01
3.313704133033752441e-01 1.695704273879528046e-02 -1.164547819644212723e-02 1.225463822484016418e-01
3.317095339298248291e-01 2.122438848018646240e-01 -9.194550104439258575e-03 -1.737877130508422852e-01
3.359544277191162109e-01 1.725472323596477509e-02 -1.267030462622642517e-02 1.159805133938789368e-01
3.362995088100433350e-01 2.125559002161026001e-01 -1.035069394856691360e-02 -1.806727200746536255e-01
3.405506312847137451e-01 1.758358627557754517e-02 -1.396414823830127716e-02 1.087270453572273254e-01
3.409022986888885498e-01 2.129028290510177612e-01 -1.178960781544446945e-02 -1.883285790681838989e-01
3.451603651046752930e-01 1.795151829719543457e-02 -1.555617898702621460e-02 1.006119996309280396e-01
3.455193936824798584e-01 2.132929265499114990e-01 -1.354393921792507172e-02 -1.969379782676696777e-01
3.497852385044097900e-01 1.836728863418102264e-02 -1.748269982635974884e-02 9.144184738397598267e-02
3.501525819301605225e-01 2.137354016304016113e-01 -1.565386168658733368e-02 -2.067051976919174194e-01
3.544273078441619873e-01 1.884075626730918884e-02 -1.978796534240245819e-02 8.099891245365142822e-02
3.548041284084320068e-01 -1.759920269250869751e-01 -1.816798746585845947e-02 3.673735857009887695e-01
3.512842655181884766e-01 1.938331499695777893e-02 -1.082051545381546021e-02 6.901784986257553101e-02
3.516719341278076172e-01 2.146587073802947998e-01 -9.440158493816852570e-03 -2.270592749118804932e-01
3.559651076793670654e-01 1.967293582856655121e-02 -1.398134417831897736e-02 6.263099610805511475e-02
3.563585877418518066e-01 -1.752457916736602783e-01 -1.272872369736433029e-02 3.508701324462890625e-01
3.528536558151245117e-01 2.005484141409397125e-02 -5.711321253329515457e-03 5.420077219605445862e-02
3.532547652721405029e-01 2.152582108974456787e-01 -4.627306014299392700e-03 -2.402786314487457275e-01
3.575599193572998047e-01 2.020267210900783539e-02 -9.432878345251083374e-03 5.094112455844879150e-02
3.579639792442321777e-01 -1.747827529907226562e-01 -8.414056152105331421e-03 3.406330347061157227e-01
3.544683158397674561e-01 2.045789174735546112e-02 -1.601395430043339729e-03 4.530872404575347900e-02
3.548774719238281250e-01 2.156027704477310181e-01 -6.952210678718984127e-04 -2.478790283203125000e-01
3.591895401477813721e-01 2.049075253307819366e-02 -5.652801599353551865e-03 4.458452761173248291e-02
3.595993518829345703e-01 2.156933099031448364e-01 -4.761110991239547729e-03 -2.498765289783477783e-01
3.639132082462310791e-01 2.063966728746891022e-02 -9.758641943335533142e-03 4.130084440112113953e-02
3.643260002136230469e-01 -1.743409931659698486e-01 -8.932624943554401398e-03 3.308889269828796387e-01
3.608391880989074707e-01 2.090696059167385101e-02 -2.314846497029066086e-03 3.540251031517982483e-02
3.612573146820068359e-01 2.160620242357254028e-01 -1.606796286068856716e-03 -2.580098807811737061e-01
3.655785620212554932e-01 2.096305601298809052e-02 -6.766994018107652664e-03 3.416581079363822937e-02
3.659978210926055908e-01 -1.740612089633941650e-01 -6.083677522838115692e-03 3.247060179710388184e-01
3.625166118144989014e-01 2.114683948457241058e-02 4.104428808204829693e-04 3.011078573763370514e-02
3.629395365715026855e-01 2.162629067897796631e-01 1.012658583931624889e-03 -2.624426186084747314e-01
3.672648072242736816e-01 2.112651057541370392e-02 -4.236193839460611343e-03 3.055954538285732269e-02
3.676873147487640381e-01 -1.739344298839569092e-01 -3.625002689659595490e-03 3.219029009342193604e-01
3.642086386680603027e-01 2.123894914984703064e-02 2.813055412843823433e-03 2.807900123298168182e-02
3.646334111690521240e-01 2.163204401731491089e-01 3.374635241925716400e-03 -2.637150585651397705e-01
3.689598143100738525e-01 2.115048840641975403e-02 -1.899665687233209610e-03 3.003035858273506165e-02
3.693828284740447998e-01 2.162996381521224976e-01 -1.299058436416089535e-03 -2.632513344287872314e-01
3.737088441848754883e-01 2.119624614715576172e-02 -6.564084906131029129e-03 2.902157977223396301e-02
3.741327524185180664e-01 -1.738309562206268311e-01 -5.983653478324413300e-03 3.196262717247009277e-01
3.706561326980590820e-01 2.137569710612297058e-02 4.088717396371066570e-04 2.506233379244804382e-02
3.710836470127105713e-01 2.164917886257171631e-01 9.101183968596160412e-04 -2.674915492534637451e-01
3.754134774208068848e-01 2.135685272514820099e-02 -4.439712967723608017e-03 2.547828480601310730e-02
3.758406341075897217e-01 -1.737011522054672241e-01 -3.930147271603345871e-03 3.167571425437927246e-01
3.723666071891784668e-01 2.147656120359897614e-02 2.404995495453476906e-03 2.283736877143383026e-02
3.727961182594299316e-01 2.165639400482177734e-01 2.861742861568927765e-03 -2.690857946872711182e-01
3.771274089813232422e-01 2.140126749873161316e-02 -2.519972855225205421e-03 2.449837699532508850e-02
3.775554299354553223e-01 2.165592610836029053e-01 -2.030005212873220444e-03 -2.689785659313201904e-01
3.818866312503814697e-01 2.146634273231029510e-02 -7.409576792269945145e-03 2.306339703500270844e-02
3.823159337043762207e-01 -1.735485643148422241e-01 -6.948308553546667099e-03 3.133993446826934814e-01
3.788449764251708984e-01 2.167167328298091888e-02 -6.803218857385218143e-04 1.853325776755809784e-02
3.792784214019775391e-01 2.168033719062805176e-01 -3.096567234024405479e-04 -2.743642330169677734e-01
3.836144804954528809e-01 2.168584242463111877e-02 -5.796941462904214859e-03 1.822100393474102020e-02
3.840481936931610107e-01 -1.733524948358535767e-01 -5.432521458715200424e-03 3.090693056583404541e-01
3.805811405181884766e-01 2.184643596410751343e-02 7.488646660931408405e-04 1.467807404696941376e-02
3.810180723667144775e-01 2.169576436281204224e-01 1.042426098138093948e-03 -2.777684926986694336e-01
3.853572309017181396e-01 2.182083204388618469e-02 -4.512943327426910400e-03 1.524304226040840149e-02
3.857936561107635498e-01 -1.732361018657684326e-01 -4.208082798868417740e-03 3.064986765384674072e-01
3.823289275169372559e-01 2.194555476307868958e-02 1.921890769153833389e-03 1.249159872531890869e-02
3.827678263187408447e-01 2.170398831367492676e-01 2.171722706407308578e-03 -2.795843183994293213e-01
3.871086239814758301e-01 2.188702672719955444e-02 -3.419963875785470009e-03 1.378276199102401733e-02
3.875463604927062988e-01 -1.731857061386108398e-01 -3.144308691844344139e-03 3.053846955299377441e-01
3.840826451778411865e-01 2.198090590536594391e-02 2.963385079056024551e-03 1.171178556978702545e-02
3.845222592353820801e-01 2.170602381229400635e-01 3.197620855644345284e-03 -2.800346910953521729e-01
3.888634741306304932e-01 2.189281396567821503e-02 -2.403072779998183250e-03 1.365504413843154907e-02
3.893013298511505127e-01 -1.731945872306823730e-01 -2.129971981048583984e-03 3.055787980556488037e-01
3.858374357223510742e-01 2.195764891803264618e-02 3.981604240834712982e-03 1.222489867359399796e-02
3.862766027450561523e-01 2.170222699642181396e-01 4.226102028042078018e-03 -2.791991233825683594e-01
3.906170427799224854e-01 2.184028923511505127e-02 -1.357880537398159504e-03 1.481369975954294205e-02
3.910538554191589355e-01 2.169816941022872925e-01 -1.061606570146977901e-03 -2.782973349094390869e-01
3.953934907913208008e-01 2.187489718198776245e-02 -6.627553608268499374e-03 1.405056379735469818e-02
3.958309888839721680e-01 -1.731513887643814087e-01 -6.346541922539472580e-03 3.046350777149200439e-01
3.923679590225219727e-01 2.206043526530265808e-02 -2.538406988605856895e-04 9.957372210919857025e-03
3.928091526031494141e-01 2.171860337257385254e-01 -5.469326060847379267e-05 -2.828056216239929199e-01
3.971528708934783936e-01 2.206485532224178314e-02 -5.710805766284465790e-03 9.860042482614517212e-03
3.975941836833953857e-01 -1.729747354984283447e-01 -5.513605196028947830e-03 3.007356822490692139e-01
3.941346704959869385e-01 2.222537063062191010e-02 5.011085886508226395e-04 6.318989675492048264e-03
3.945792019367218018e-01 2.173401266336441040e-01 6.274883635342121124e-04 -2.862057983875274658e-01
3.989259898662567139e-01 2.220923639833927155e-02 -5.096627399325370789e-03 6.674976553767919540e-03
3.993701636791229248e-01 -1.728392541408538818e-01 -4.963127896189689636e-03 2.977454960346221924e-01
3.959133923053741455e-01 2.235309593379497528e-02 9.917822899296879768e-04 3.501439467072486877e-03
3.963604569435119629e-01 2.174608111381530762e-01 1.061811111867427826e-03 -2.888683974742889404e-01
4.007096588611602783e-01 2.232373319566249847e-02 -4.715556744486093521e-03 4.149219486862421036e-03
4.011561572551727295e-01 -1.727302670478820801e-01 -4.632572643458843231e-03 2.953405976295471191e-01
3.977015316486358643e-01 2.245741337537765503e-02 1.274239621125161648e-03 1.200247206725180149e-03
3.981506824493408203e-01 2.175610661506652832e-01 1.298244576901197433e-03 -2.910803556442260742e-01
4.025019109249114990e-01 2.242062799632549286e-02 -4.523362964391708374e-03 2.011725679039955139e-03
4.029503166675567627e-01 -1.726361662149429321e-01 -4.483128432184457779e-03 2.932640612125396729e-01
3.994975984096527100e-01 2.254942245781421661e-02 1.382152666337788105e-03 -8.294149301946163177e-04
3.999485969543457031e-01 2.176515161991119385e-01 1.365564414300024509e-03 -2.930759489536285400e-01
4.043016135692596436e-01 2.251012995839118958e-02 -4.495954141020774841e-03 3.735893187695182860e-05
4.047518074512481689e-01 -1.725470572710037231e-01 -4.495207220315933228e-03 2.912983596324920654e-01
4.013008773326873779e-01 2.263870090246200562e-02 1.330760307610034943e-03 -2.798891393467783928e-03
4.017536640167236328e-01 2.177415490150451660e-01 1.274782465770840645e-03 -2.950616478919982910e-01
4.061084985733032227e-01 2.260144054889678955e-02 -4.626450594514608383e-03 -1.976949162781238556e-03
4.065605103969573975e-01 -1.724538505077362061e-01 -4.665989428758621216e-03 2.892426848411560059e-01
4.031114280223846436e-01 2.273431979119777679e-02 1.118864398449659348e-03 -4.908179398626089096e-03
4.035661220550537109e-01 2.178402096033096313e-01 1.020700787194073200e-03 -2.972378730773925781e-01
4.079229235649108887e-01 2.270372025668621063e-02 -4.924057051539421082e-03 -4.233217332512140274e-03
4.083769917488098145e-01 -1.723472625017166138e-01 -5.008721258491277695e-03 2.868920564651489258e-01
4.049300551414489746e-01 2.284575439989566803e-02 7.291198126040399075e-04 -7.366366684436798096e-03
4.053869843482971191e-01 -1.722866445779800415e-01 5.817924975417554379e-04 2.855465114116668701e-01
4.019412398338317871e-01 2.282700315117835999e-02 6.292722653597593307e-03 -6.952859926968812943e-03
4.023977816104888916e-01 2.178581506013870239e-01 6.153665482997894287e-03 -2.976437211036682129e-01
4.067549407482147217e-01 2.264901623129844666e-02 2.007909934036433697e-04 -3.026416990906000137e-03
4.072079062461853027e-01 2.177680879831314087e-01 1.402626512572169304e-04 -2.956459820270538330e-01
4.115632772445678711e-01 2.264413610100746155e-02 -5.772657226771116257e-03 -2.918824786320328712e-03
4.120161533355712891e-01 -1.723945587873458862e-01 -5.831033457070589066e-03 2.879371941089630127e-01
4.085682630538940430e-01 2.281006425619125366e-02 -7.228989124996587634e-05 -6.579080130904912949e-03
4.090244770050048828e-01 -1.723108440637588501e-01 -2.038714883383363485e-04 2.860810458660125732e-01
4.055782556533813477e-01 2.281400747597217560e-02 5.517749115824699402e-03 -6.666181609034538269e-03
4.060345292091369629e-01 2.178563922643661499e-01 5.384425632655620575e-03 -2.976031005382537842e-01
4.103916585445404053e-01 2.265810407698154449e-02 -5.676363361999392509e-04 -3.226891625672578812e-03
4.108448326587677002e-01 -1.724556982517242432e-01 -6.321741384454071522e-04 2.892768979072570801e-01
4.073957204818725586e-01 2.267525717616081238e-02 5.153363570570945740e-03 -3.605355974286794662e-03
4.078492224216461182e-01 2.177229225635528564e-01 5.081256385892629623e-03 -2.946578860282897949e-01
4.122036695480346680e-01 2.252890169620513916e-02 -8.119013509713113308e-04 -3.767507150769233704e-04
4.126542508602142334e-01 2.176624834537506104e-01 -8.194363326765596867e-04 -2.933157384395599365e-01
4.170075058937072754e-01 2.255222760140895844e-02 -6.685751024633646011e-03 -8.913564379326999187e-04
4.174585640430450439e-01 -1.724732071161270142e-01 -6.703577935695648193e-03 2.896746695041656494e-01
4.140090942382812500e-01 2.274369262158870697e-02 -9.100849274545907974e-04 -5.114944651722908020e-03
4.144639670848846436e-01 -1.723651885986328125e-01 -1.012383843772113323e-03 2.872807085514068604e-01
4.110166430473327637e-01 2.277117967605590820e-02 4.733229987323284149e-03 -5.721351597458124161e-03
4.114720821380615234e-01 2.178249359130859375e-01 4.618803039193153381e-03 -2.969071269035339355e-01
4.158285856246948242e-01 2.263744175434112549e-02 -1.319339615292847157e-03 -2.771102823317050934e-03
4.162813127040863037e-01 2.177782952785491943e-01 -1.374761690385639668e-03 -2.958700060844421387e-01
4.206368923187255859e-01 2.267596311867237091e-02 -7.292161695659160614e-03 -3.620973089709877968e-03
4.210904240608215332e-01 -1.723406463861465454e-01 -7.364581339061260223e-03 2.867522835731506348e-01
4.176436066627502441e-01 2.288554795086383820e-02 -1.629535225220024586e-03 -8.244230411946773529e-03
4.181013107299804688e-01 -1.722129881381988525e-01 -1.794419833458960056e-03 2.839241027832031250e-01
4.146570563316345215e-01 2.293450385332107544e-02 3.884062403813004494e-03 -9.324222803115844727e-03
4.151157438755035400e-01 2.180005311965942383e-01 3.697577863931655884e-03 -3.007791638374328613e-01
4.194757640361785889e-01 2.282607927918434143e-02 -2.318005077540874481e-03 -6.932383868843317032e-03
4.199322760105133057e-01 -1.722625494003295898e-01 -2.456652931869029999e-03 2.850182950496673584e-01
4.164870083332061768e-01 2.289435081183910370e-02 3.243712941184639931e-03 -8.438440971076488495e-03
4.169449210166931152e-01 2.179696261882781982e-01 3.074944019317626953e-03 -3.000961840152740479e-01
4.213043153285980225e-01 2.280398644506931305e-02 -2.926979446783661842e-03 -6.445059552788734436e-03
4.217603802680969238e-01 -1.722758710384368896e-01 -3.055880777537822723e-03 2.853129208087921143e-01
4.183148741722106934e-01 2.288953587412834167e-02 2.650378039106726646e-03 -8.332227356731891632e-03
4.187726676464080811e-01 2.179733812808990479e-01 2.483733464032411575e-03 -3.001777529716491699e-01
4.231321215629577637e-01 2.281611226499080658e-02 -3.519821446388959885e-03 -6.712539121508598328e-03
4.235884547233581543e-01 -1.722551882266998291e-01 -3.654072294011712074e-03 2.848577797412872314e-01
4.201433360576629639e-01 2.291869185864925385e-02 2.043083077296614647e-03 -8.975387550890445709e-03
4.206017255783081055e-01 2.180112898349761963e-01 1.863575191237032413e-03 -3.010129928588867188e-01
4.249619543552398682e-01 2.286281995475292206e-02 -4.156684502959251404e-03 -7.742919959127902985e-03
4.254192113876342773e-01 -1.721992790699005127e-01 -4.311542958021163940e-03 2.836256325244903564e-01
4.219752252101898193e-01 2.298390679061412811e-02 1.360969501547515392e-03 -1.041400991380214691e-02
4.224348962306976318e-01 2.180863171815872192e-01 1.152689219452440739e-03 -3.026672303676605225e-01
4.267966151237487793e-01 2.294795401394367218e-02 -4.900655243545770645e-03 -9.620986878871917725e-03
4.272555708885192871e-01 -1.721033751964569092e-01 -5.093074869364500046e-03 2.815116941928863525e-01
4.238135218620300293e-01 2.309085428714752197e-02 5.371591541916131973e-04 -1.277319807559251785e-02
4.242753386497497559e-01 2.182050943374633789e-01 2.816951891873031855e-04 -3.052865862846374512e-01
4.286394119262695312e-01 2.307913266122341156e-02 -5.824036896228790283e-03 -1.251484267413616180e-02
4.291010200977325439e-01 -1.719588190317153931e-01 -6.074333563446998596e-03 2.783248424530029297e-01
4.256618320941925049e-01 2.324926666915416718e-02 -5.078365211375057697e-04 -1.626770198345184326e-02
4.261268079280853271e-01 -1.718654036521911621e-01 -8.331905701197683811e-04 2.762549519538879395e-01
4.226894974708557129e-01 2.326842956244945526e-02 4.691908601671457291e-03 -1.669064722955226898e-02
4.231548905372619629e-01 2.183227837085723877e-01 4.358095582574605942e-03 -3.078895211219787598e-01
4.275213479995727539e-01 2.313900366425514221e-02 -1.799695077352225780e-03 -1.383537333458662033e-02
4.279841184616088867e-01 -1.719570904970169067e-01 -2.076402539387345314e-03 2.782791852951049805e-01
4.245449602603912354e-01 2.319441922008991241e-02 3.489181166514754295e-03 -1.505791302770376205e-02
4.250088632106781006e-01 2.182661592960357666e-01 3.188022878021001816e-03 -3.066379129886627197e-01
4.293741881847381592e-01 2.309892326593399048e-02 -2.944735577329993248e-03 -1.295128185302019119e-02
4.298361539840698242e-01 -1.719806790351867676e-01 -3.203761298209428787e-03 2.788010835647583008e-01
4.263965487480163574e-01 2.318683452904224396e-02 2.372260671108961105e-03 -1.489057019352912903e-02
4.268602728843688965e-01 2.182746827602386475e-01 2.074449323117733002e-03 -3.068240880966186523e-01
4.312257766723632812e-01 2.312323451042175293e-02 -4.062032327055931091e-03 -1.348764542490243912e-02
4.316882491111755371e-01 -1.719402223825454712e-01 -4.331785254180431366e-03 2.779108881950378418e-01
4.282494485378265381e-01 2.324325405061244965e-02 1.226432737894356251e-03 -1.613511517643928528e-02
4.287143051624298096e-01 2.183475941419601440e-01 9.037303971126675606e-04 -3.084308505058288574e-01
4.330812692642211914e-01 2.321277931332588196e-02 -5.264886189252138138e-03 -1.546303462237119675e-02
4.335455000400543213e-01 -1.718332767486572266e-01 -5.574147216975688934e-03 2.755541205406188965e-01
4.301088452339172363e-01 2.336776070296764374e-02 -6.306459545157849789e-05 -1.888167299330234528e-02
4.305762052536010742e-01 -1.717532873153686523e-01 -4.406980588100850582e-04 2.737813591957092285e-01
4.271411299705505371e-01 2.337495051324367523e-02 5.034929141402244568e-03 -1.904053613543510437e-02
4.276086390018463135e-01 2.184243351221084595e-01 4.654118325561285019e-03 -3.101306557655334473e-01
4.319771230220794678e-01 2.323638275265693665e-02 -1.548494561575353146e-03 -1.598357968032360077e-02
4.324418604373931885e-01 -1.718633323907852173e-01 -1.868166145868599415e-03 2.762103676795959473e-01
4.290045797824859619e-01 2.328522875905036926e-02 3.656041342765092850e-03 -1.706118509173393250e-02
4.294703006744384766e-01 2.183545529842376709e-01 3.314817789942026138e-03 -3.085883557796478271e-01
4.338373839855194092e-01 2.318553254008293152e-02 -2.856949344277381897e-03 -1.486186496913433075e-02
4.343010783195495605e-01 -1.718953251838684082e-01 -3.154186531901359558e-03 2.769182920455932617e-01
4.308631718158721924e-01 2.327147871255874634e-02 2.384179271757602692e-03 -1.675779372453689575e-02
4.313286244869232178e-01 2.183591574430465698e-01 2.049023285508155823e-03 -3.086875379085540771e-01
4.356957972049713135e-01 2.320806868374347687e-02 -4.124727100133895874e-03 -1.535910274833440781e-02
4.361599683761596680e-01 -1.718544811010360718e-01 -4.431909415870904922e-03 2.760195732116699219e-01
4.327228665351867676e-01 2.333041466772556305e-02 1.088482211343944073e-03 -1.805787719786167145e-02
4.331894814968109131e-01 2.184367328882217407e-01 7.273246883414685726e-04 -3.103971779346466064e-01
4.375582039356231689e-01 2.330443263053894043e-02 -5.480618681758642197e-03 -1.748496107757091522e-02
4.380243122577667236e-01 -1.717384904623031616e-01 -5.830318201333284378e-03 2.734637260437011719e-01
4.345895349979400635e-01 2.346616052091121674e-02 -3.610432904679328203e-04 -2.105236798524856567e-02
4.350588619709014893e-01 -1.716506183147430420e-01 -7.820906466804444790e-04 2.715166211128234863e-01
4.316258430480957031e-01 2.348249219357967377e-02 4.648241680115461349e-03 -2.141287550330162048e-02
4.320954978466033936e-01 2.185374796390533447e-01 4.219984170049428940e-03 -3.126256167888641357e-01
4.364662468433380127e-01 2.335566096007823944e-02 -2.032527932897210121e-03 -1.861482486128807068e-02
4.369333386421203613e-01 -1.717370897531509399e-01 -2.404824364930391312e-03 2.734261155128479004e-01
4.334986209869384766e-01 2.341909892857074738e-02 3.063698066398501396e-03 -2.001432143151760101e-02
4.339669942855834961e-01 2.184969782829284668e-01 2.663411665707826614e-03 -3.117290437221527100e-01
4.383369386196136475e-01 2.333718538284301758e-02 -3.571169218048453331e-03 -1.820734702050685883e-02
4.388036727905273438e-01 -1.717333644628524780e-01 -3.935316111892461777e-03 2.733466923236846924e-01
4.353690147399902344e-01 2.344451099634170532e-02 1.531617715954780579e-03 -2.057483606040477753e-02
4.358378946781158447e-01 2.185444682836532593e-01 1.120120985433459282e-03 -3.127741217613220215e-01
4.402087926864624023e-01 2.340657263994216919e-02 -5.135361570864915848e-03 -1.973816007375717163e-02
4.406769275665283203e-01 -1.716413497924804688e-01 -5.530124530196189880e-03 2.713200747966766357e-01
4.372440874576568604e-01 2.355906926095485687e-02 -1.037229594658128917e-04 -2.310192212462425232e-02
4.377152621746063232e-01 -1.715613901615142822e-01 -5.657614092342555523e-04 2.695482671260833740e-01
4.342840313911437988e-01 2.356862649321556091e-02 4.825204145163297653e-03 -2.331303991377353668e-02
4.347554147243499756e-01 2.186210453510284424e-01 4.358943551778793335e-03 -3.144696652889251709e-01
4.391278326511383057e-01 2.343727648258209229e-02 -1.930449972860515118e-03 -2.041526138782501221e-02
4.395965933799743652e-01 -1.716569364070892334e-01 -2.338755177333950996e-03 2.716579735279083252e-01
4.361634552478790283e-01 2.349830791354179382e-02 3.094404004514217377e-03 -2.176170051097869873e-02
4.366334080696105957e-01 2.185757458209991455e-01 2.659170189872384071e-03 -3.134666979312896729e-01
4.410049319267272949e-01 2.341601438820362091e-02 -3.610163927078247070e-03 -1.994634419679641724e-02
4.414732456207275391e-01 -1.716539710760116577e-01 -4.009090829640626907e-03 2.715953588485717773e-01
4.380401670932769775e-01 2.352495118975639343e-02 1.422816189005970955e-03 -2.234935946762561798e-02
4.385106563568115234e-01 2.186264693737030029e-01 9.758289670571684837e-04 -3.145830333232879639e-01
4.428831934928894043e-01 2.349063009023666382e-02 -5.315831862390041351e-03 -2.159252017736434937e-02
4.433529973030090332e-01 -1.715546846389770508e-01 -5.747681949287652969e-03 2.694084644317626953e-01
4.399219155311584473e-01 2.364881709218025208e-02 -3.595126909203827381e-04 -2.508175373077392578e-02
4.403948783874511719e-01 -1.714679747819900513e-01 -8.611477678641676903e-04 2.674877345561981201e-01
4.369655251502990723e-01 2.366625331342220306e-02 4.488606471568346024e-03 -2.546669356524944305e-02
4.374388456344604492e-01 2.187235504388809204e-01 3.979272674769163132e-03 -3.167300522327423096e-01
4.418133199214935303e-01 2.354514412581920624e-02 -2.355328062549233437e-03 -2.279485017061233521e-02
4.422842264175415039e-01 -1.715429574251174927e-01 -2.811224898323416710e-03 2.691440284252166748e-01
4.388533830642700195e-01 2.361900545656681061e-02 2.571655204519629478e-03 -2.442426234483718872e-02
4.393257498741149902e-01 2.187039852142333984e-01 2.083169994875788689e-03 -3.162946999073028564e-01
4.436998367309570312e-01 2.355242148041725159e-02 -4.242723807692527771e-03 -2.295553684234619141e-02
4.441708922386169434e-01 -1.715084314346313477e-01 -4.701834637671709061e-03 2.683857381343841553e-01
4.407407045364379883e-01 2.368030697107315063e-02 6.658803904429078102e-04 -2.577645145356655121e-02
4.412143230438232422e-01 -1.714511811733245850e-01 1.503513340139761567e-04 2.671164870262145996e-01
4.377852976322174072e-01 2.366861701011657715e-02 5.492681171745061874e-03 -2.551900781691074371e-02
4.382586777210235596e-01 2.187113761901855469e-01 4.982301034033298492e-03 -3.164638876914978027e-01
4.426328837871551514e-01 2.351880818605422974e-02 -1.346976612694561481e-03 -2.221388369798660278e-02
4.431032836437225342e-01 -1.715838015079498291e-01 -1.791254268027842045e-03 2.700437605381011963e-01
4.396716058254241943e-01 2.356366626918315887e-02 3.609620733186602592e-03 -2.320360764861106873e-02
4.401428699493408203e-01 2.186336666345596313e-01 3.145548515021800995e-03 -3.147454857826232910e-01
4.445155262947082520e-01 2.346705086529254913e-02 -3.149360883980989456e-03 -2.107220888137817383e-02
4.449848830699920654e-01 -1.716095954179763794e-01 -3.570805070921778679e-03 2.706153988838195801e-01
4.415526986122131348e-01 2.356312982738018036e-02 1.841502846218645573e-03 -2.319163642823696136e-02
4.420239627361297607e-01 2.186586260795593262e-01 1.377670094370841980e-03 -3.152929842472076416e-01
4.463971257209777832e-01 2.351707406342029572e-02 -4.928189329802989960e-03 -2.217590063810348511e-02
4.468674659729003906e-01 -1.715338528156280518e-01 -5.371707491576671600e-03 2.689480483531951904e-01
4.434368014335632324e-01 2.366434037685394287e-02 7.253699550346937031e-06 -2.542428486049175262e-02
4.439100623130798340e-01 -1.714577078819274902e-01 -5.012319888919591904e-04 2.672609388828277588e-01
4.404809176921844482e-01 2.367138676345348358e-02 4.843986593186855316e-03 -2.558004669845104218e-02
4.409543573856353760e-01 2.187235355377197266e-01 4.332385491579771042e-03 -3.167307078838348389e-01
4.453288316726684570e-01 2.354014664888381958e-02 -2.002228517085313797e-03 -2.268465608358383179e-02
4.457996189594268799e-01 -1.715530306100845337e-01 -2.455921610817313194e-03 2.693658769130706787e-01
4.423685669898986816e-01 2.360387891530990601e-02 2.931395778432488441e-03 -2.409065328538417816e-02
4.428406357765197754e-01 2.186836749315261841e-01 2.449582796543836594e-03 -3.158472478389739990e-01
4.472143054008483887e-01 2.352691069245338440e-02 -3.867362393066287041e-03 -2.239281870424747467e-02
4.476848542690277100e-01 -1.715393662452697754e-01 -4.315218888223171234e-03 2.690674066543579102e-01
4.442540705204010010e-01 2.364390157163143158e-02 1.066129421815276146e-03 -2.497343719005584717e-02
4.447269439697265625e-01 2.187505513429641724e-01 5.666607175953686237e-04 -3.173198103904724121e-01
4.491019546985626221e-01 2.362052910029888153e-02 -5.779735278338193893e-03 -2.445821836590766907e-02
4.495743513107299805e-01 -1.714180558919906616e-01 -6.268899422138929367e-03 2.663955390453338623e-01
4.461460113525390625e-01 2.379279769957065582e-02 -9.409887134097516537e-04 -2.825803309679031372e-02
4.466218650341033936e-01 -1.713156402111053467e-01 -1.506149303168058395e-03 2.641278505325317383e-01
4.431955516338348389e-01 2.382777072489261627e-02 3.776407800614833832e-03 -2.902974747121334076e-02
4.436720907688140869e-01 2.188953608274459839e-01 3.195812692865729332e-03 -3.205187916755676270e-01
4.480500221252441406e-01 2.372804470360279083e-02 -3.214563010260462761e-03 -2.682974003255367279e-02
4.485245645046234131e-01 -1.713476628065109253e-01 -3.751157782971858978e-03 2.648372352123260498e-01
4.450976252555847168e-01 2.382763102650642395e-02 1.545586739666759968e-03 -2.902648784220218658e-02
4.455741643905639648e-01 2.189273834228515625e-01 9.650569991208612919e-04 -3.212213516235351562e-01
4.499527215957641602e-01 2.379170246422290802e-02 -5.459370091557502747e-03 -2.823425270617008209e-02
4.504285454750061035e-01 -1.712515354156494141e-01 -6.024055182933807373e-03 2.627212107181549072e-01
4.470035135746002197e-01 2.395588345825672150e-02 -7.696313550695776939e-04 -3.185568004846572876e-02
4.474826455116271973e-01 -1.711550205945968628e-01 -1.406745053827762604e-03 2.605843245983123779e-01
4.440595507621765137e-01 2.398698218166828156e-02 3.804941428825259209e-03 -3.254197910428047180e-02
4.445392787456512451e-01 2.190541625022888184e-01 3.154101781547069550e-03 -3.240219950675964355e-01
4.489203691482543945e-01 2.388744428753852844e-02 -3.326337784528732300e-03 -3.034605458378791809e-02
4.493981003761291504e-01 -1.711866557598114014e-01 -3.933258820325136185e-03 2.612855136394500732e-01
4.459743797779083252e-01 2.399122714996337891e-02 1.292451517656445503e-03 -3.263540193438529968e-02
4.464541971683502197e-01 -1.711492389440536499e-01 6.397434044629335403e-04 2.604550123214721680e-01
4.430312216281890869e-01 2.396357804536819458e-02 5.848844069987535477e-03 -3.202604874968528748e-02
4.435104727745056152e-01 2.190011739730834961e-01 5.208322778344154358e-03 -3.228578865528106689e-01
4.478905200958251953e-01 2.380544133484363556e-02 -1.248834654688835144e-03 -2.853701822459697723e-02
4.483666121959686279e-01 -1.712985783815383911e-01 -1.819574972614645958e-03 2.637516260147094727e-01
4.449406564235687256e-01 2.384929731488227844e-02 3.455457510426640511e-03 -2.950465865433216095e-02
4.454176425933837891e-01 2.189215272665023804e-01 2.865364309400320053e-03 -3.210953474044799805e-01
4.497960507869720459e-01 2.375888638198375702e-02 -3.556542564183473587e-03 -2.751017734408378601e-02
4.502712488174438477e-01 -1.713118851184844971e-01 -4.106746055185794830e-03 2.640485167503356934e-01
4.468449950218200684e-01 2.386844530701637268e-02 1.174223842099308968e-03 -2.992689982056617737e-02
4.473223686218261719e-01 -1.712703257799148560e-01 5.756858736276626587e-04 2.631262838840484619e-01
4.438969790935516357e-01 2.384340390563011169e-02 5.838211625814437866e-03 -2.937501668930053711e-02
4.443738460540771484e-01 2.188811451196670532e-01 5.250710994005203247e-03 -3.202102184295654297e-01
4.487514495849609375e-01 2.368481270968914032e-02 -1.153493416495621204e-03 -2.587605640292167664e-02
4.492251574993133545e-01 -1.714205741882324219e-01 -1.671014470048248768e-03 2.664427161216735840e-01
4.457967281341552734e-01 2.372518368065357208e-02 3.657839726656675339e-03 -2.676680125296115875e-02
4.462712407112121582e-01 2.187944948673248291e-01 3.122503636404871941e-03 -3.182933926582336426e-01
4.506471455097198486e-01 2.362820319831371307e-02 -3.243364393711090088e-03 -2.462738379836082458e-02
4.511196911334991455e-01 -1.714470833539962769e-01 -3.735912032425403595e-03 2.670304477214813232e-01
4.476907551288604736e-01 2.372798509895801544e-02 1.604697201400995255e-03 -2.682845480740070343e-02
4.481653273105621338e-01 2.188268899917602539e-01 1.068128040060400963e-03 -3.190046548843383789e-01
4.525418579578399658e-01 2.368973940610885620e-02 -5.311965011060237885e-03 -2.598506771028041840e-02
4.530156552791595459e-01 -1.713556349277496338e-01 -5.831666290760040283e-03 2.650171518325805664e-01
4.495885372161865234e-01 2.384906634688377380e-02 -5.313231959007680416e-04 -2.949941530823707581e-02
4.500655233860015869e-01 -1.712652593851089478e-01 -1.121311564929783344e-03 2.630158364772796631e-01
4.466402232646942139e-01 2.387267723679542542e-02 4.139004740864038467e-03 -3.002056479454040527e-02
4.471176564693450928e-01 2.189350277185440063e-01 3.538593649864196777e-03 -3.213947117328643799e-01
4.514963626861572266e-01 2.376286499202251434e-02 -2.889300696551799774e-03 -2.759796380996704102e-02
4.519716203212738037e-01 -1.713175326585769653e-01 -3.441259963437914848e-03 2.641719579696655273e-01
4.485452771186828613e-01 2.385336719453334808e-02 1.842179102823138237e-03 -2.959438785910606384e-02
4.490223526954650879e-01 2.189488559961318970e-01 1.250291359610855579e-03 -3.216955065727233887e-01
4.534013271331787109e-01 2.380911819636821747e-02 -5.183618981391191483e-03 -2.861856110394001007e-02
4.538775086402893066e-01 -1.712381094694137573e-01 -5.755990277975797653e-03 2.624243795871734619e-01
4.504527449607849121e-01 2.396552450954914093e-02 -5.075026419945061207e-04 -3.206847980618476868e-02
4.509320557117462158e-01 -1.711491495370864868e-01 -1.148872193880379200e-03 2.604542672634124756e-01
4.475090801715850830e-01 2.398918755352497101e-02 4.060213454067707062e-03 -3.259079158306121826e-02
4.479888379573822021e-01 2.190526723861694336e-01 3.408397547900676727e-03 -3.239899277687072754e-01
4.523698985576629639e-01 2.388236112892627716e-02 -3.071400802582502365e-03 -3.023407608270645142e-02
4.528475403785705566e-01 -1.711954027414321899e-01 -3.676082473248243332e-03 2.614782154560089111e-01
4.494236409664154053e-01 2.397882379591464996e-02 1.553481793962419033e-03 -3.236192837357521057e-02
4.499032199382781982e-01 -1.711653769016265869e-01 9.062432800419628620e-04 2.608107328414916992e-01
4.464799165725708008e-01 2.394363097846508026e-02 6.122457794845104218e-03 -3.158621490001678467e-02
4.469587802886962891e-01 2.189772576093673706e-01 5.490733776241540909e-03 -3.223311603069305420e-01
4.513383209705352783e-01 2.377754449844360352e-02 -9.558896999806165695e-04 -2.792175300419330597e-02
4.518138766288757324e-01 -1.713306903839111328e-01 -1.514324685558676720e-03 2.644594311714172363e-01
4.483872652053833008e-01 2.381284721195697784e-02 3.774863900616765022e-03 -2.870074845850467682e-02
4.488635361194610596e-01 2.188804596662521362e-01 3.200848819687962532e-03 -3.201902806758880615e-01
4.532411396503448486e-01 2.371307089924812317e-02 -3.202956635504961014e-03 -2.649964578449726105e-02
4.537153840065002441e-01 -1.713628023862838745e-01 -3.732949728146195412e-03 2.651709914207458496e-01
4.502881467342376709e-01 2.381223067641258240e-02 1.570470281876623631e-03 -2.868699841201305389e-02
4.507643878459930420e-01 2.189116179943084717e-01 9.967302903532981873e-04 -3.208740055561065674e-01
4.551426172256469727e-01 2.377549372613430023e-02 -5.420750007033348083e-03 -2.787692099809646606e-02
4.556181132793426514e-01 -1.712682992219924927e-01 -5.978288128972053528e-03 2.630907893180847168e-01
4.521927535533905029e-01 2.393846958875656128e-02 -7.164726848714053631e-04 -3.147174790501594543e-02
4.526715278625488281e-01 -1.711732000112533569e-01 -1.345907687209546566e-03 2.609850466251373291e-01
4.492480754852294922e-01 2.396793849766254425e-02 3.873792942613363266e-03 -3.212210163474082947e-02
4.497274160385131836e-01 2.190341204404830933e-01 3.231351030990481377e-03 -3.235802948474884033e-01
4.541081190109252930e-01 2.386631071567535400e-02 -3.240254940465092659e-03 -2.988008596003055573e-02
4.545854330062866211e-01 -1.712090224027633667e-01 -3.837856464087963104e-03 2.617787420749664307e-01
4.511612653732299805e-01 2.396750077605247498e-02 1.397718326188623905e-03 -3.211221098899841309e-02
4.516406059265136719e-01 2.190693765878677368e-01 7.554741459898650646e-04 -3.243538141250610352e-01
4.560219943523406982e-01 2.393667958676815033e-02 -5.731602199375629425e-03 -3.143273666501045227e-02
4.565007090568542480e-01 -1.711026132106781006e-01 -6.360257044434547424e-03 2.594363093376159668e-01
4.530786573886871338e-01 2.410955727100372314e-02 -1.171530690044164658e-03 -3.524592518806457520e-02
4.535608589649200439e-01 -1.709955781698226929e-01 -1.876449212431907654e-03 2.570671439170837402e-01
4.501409530639648438e-01 2.415311709046363831e-02 3.264893777668476105e-03 -3.620705381035804749e-02
4.506240189075469971e-01 2.192281037569046021e-01 2.540752524510025978e-03 -3.278580904006958008e-01
4.550085663795471191e-01 2.407006733119487762e-02 -4.016409162431955338e-03 -3.437500447034835815e-02
4.554899632930755615e-01 -1.709940582513809204e-01 -4.703909158706665039e-03 2.570379972457885742e-01
4.520700871944427490e-01 2.419473417103290558e-02 4.368507361505180597e-04 -3.712489455938339233e-02
4.525539875030517578e-01 -1.709334850311279297e-01 -3.056471177842468023e-04 2.556958198547363281e-01
4.491353332996368408e-01 2.419283427298069000e-02 4.808269441127777100e-03 -3.708348423242568970e-02
4.496191740036010742e-01 2.192455083131790161e-01 4.066599998623132706e-03 -3.282454907894134521e-01
4.540040791034698486e-01 2.406589873135089874e-02 -2.498309826478362083e-03 -3.428291529417037964e-02
4.544854164123535156e-01 -1.710201352834701538e-01 -3.183968132361769676e-03 2.576107084751129150e-01
4.510650038719177246e-01 2.414712496101856232e-02 1.968246418982744217e-03 -3.607477247714996338e-02
4.515479505062103271e-01 -1.710029989480972290e-01 1.246750936843454838e-03 2.572284936904907227e-01
4.481278955936431885e-01 2.410113438963890076e-02 6.391320843249559402e-03 -3.506091609597206116e-02
4.486099183559417725e-01 2.191308438777923584e-01 5.690102931112051010e-03 -3.257204890251159668e-01
4.529925286769866943e-01 2.392834797501564026e-02 -8.243069169111549854e-04 -3.124858625233173370e-02
4.534710943698883057e-01 -1.711817681789398193e-01 -1.449278672225773335e-03 2.611741423606872559e-01
4.500474631786346436e-01 2.396083809435367584e-02 3.774204291403293610e-03 -3.196554630994796753e-02
4.505266845226287842e-01 2.190284579992294312e-01 3.134893486276268959e-03 -3.234552741050720215e-01
4.549072384834289551e-01 2.386201173067092896e-02 -3.334212349727749825e-03 -2.978539280593395233e-02
4.553844928741455078e-01 -1.712119728326797485e-01 -3.929920028895139694e-03 2.618436813354492188e-01
4.519602358341217041e-01 2.396586164832115173e-02 1.306953723542392254e-03 -3.207618370652198792e-02
4.524395465850830078e-01 2.190690487623214722e-01 6.654300377704203129e-04 -3.243464529514312744e-01
4.568209350109100342e-01 2.393762767314910889e-02 -5.821499507874250412e-03 -3.145376592874526978e-02
4.572996795177459717e-01 -1.711003631353378296e-01 -6.450574379414319992e-03 2.593867480754852295e-01
4.538776874542236328e-01 2.411308325827121735e-02 -1.262839650735259056e-03 -3.532378003001213074e-02
4.543599486351013184e-01 -1.709907352924346924e-01 -1.969315111637115479e-03 2.569604516029357910e-01
4.509401321411132812e-01 2.415927499532699585e-02 3.169893519952893257e-03 -3.634298592805862427e-02
4.514233171939849854e-01 2.192356288433074951e-01 2.443033969029784203e-03 -3.280240893363952637e-01
4.558080434799194336e-01 2.407898008823394775e-02 -4.117447882890701294e-03 -3.457174822688102722e-02
4.562896192073822021e-01 -1.709836870431900024e-01 -4.808883182704448700e-03 2.568092346191406250e-01
4.528699517250061035e-01 2.420659177005290985e-02 3.273017355240881443e-04 -3.738659620285034180e-02
4.533540606498718262e-01 -1.709200441837310791e-01 -4.204301803838461637e-04 2.553995847702026367e-01
