-1.329316291958093643e-03 8.113603107631206512e-03 6.911122705787420273e-03 4.258815571665763855e-02
-1.167044276371598244e-03 2.031357735395431519e-01 7.762885652482509613e-03 -2.479062527418136597e-01
2.895671175792813301e-03 7.903820835053920746e-03 2.804760588333010674e-03 4.721511155366897583e-02
3.053747583180665970e-03 2.029854357242584229e-01 3.749062772840261459e-03 -2.445815652608871460e-01
7.113456260412931442e-03 7.810143753886222839e-03 -1.142568653449416161e-03 4.928154125809669495e-02
7.269659545272588730e-03 -1.872954070568084717e-01 -1.569377927808091044e-04 3.416037559509277344e-01
3.523751161992549896e-03 7.828778587281703949e-03 6.675137206912040710e-03 4.887134581804275513e-02
3.680326743051409721e-03 2.028543800115585327e-01 7.652564439922571182e-03 -2.416980564594268799e-01
7.737414445728063583e-03 7.623957470059394836e-03 2.818603068590164185e-03 5.338883027434349060e-02
7.889893837273120880e-03 2.027053833007812500e-01 3.886379767209291458e-03 -2.384034693241119385e-01
1.194400154054164886e-02 7.528124842792749405e-03 -8.816898334771394730e-04 5.550279095768928528e-02
1.209456380456686020e-02 -1.875811666250228882e-01 2.283659705426543951e-04 3.479073941707611084e-01
8.342940360307693481e-03 7.537528872489929199e-03 7.186514325439929962e-03 5.529649928212165833e-02
8.493690751492977142e-03 2.025557011365890503e-01 8.292444050312042236e-03 -2.351103872060775757e-01
1.254480518400669098e-02 7.316261064261198044e-03 3.590236417949199677e-03 6.017665565013885498e-02
1.269112993031740189e-02 2.023865580558776855e-01 4.793769214302301407e-03 -2.313713729381561279e-01
1.673886179924011230e-02 7.196431048214435577e-03 1.663420553086325526e-04 6.281980872154235840e-02
1.688279025256633759e-02 -1.879279017448425293e-01 1.422738307155668736e-03 3.555552065372467041e-01
1.312423124909400940e-02 7.173788733780384064e-03 8.533842861652374268e-03 6.332125514745712280e-02
1.326770707964897156e-02 2.021723538637161255e-01 9.800267405807971954e-03 -2.266570180654525757e-01
1.731115393340587616e-02 6.911723408848047256e-03 5.267127417027950287e-03 6.910109519958496094e-02
1.744938828051090240e-02 2.019577622413635254e-01 6.649149116128683090e-03 -2.219153791666030884e-01
2.148854359984397888e-02 6.741410586982965469e-03 2.210841514170169830e-03 7.285751402378082275e-02
2.162337303161621094e-02 2.018315941095352173e-01 3.667991608381271362e-03 -2.191270738840103149e-01
2.566000446677207947e-02 6.657405756413936615e-03 -7.145496201701462269e-04 7.471063733100891113e-02
2.579315192997455597e-02 -1.884543001651763916e-01 7.796631543897092342e-04 3.671680390834808350e-01
2.202406711876392365e-02 6.656568963080644608e-03 8.123023435473442078e-03 7.473105192184448242e-02
2.215719781816005707e-02 2.016611248254776001e-01 9.617645293474197388e-03 -2.153780013322830200e-01
2.619042061269283295e-02 6.403014995157718658e-03 5.310084670782089233e-03 8.032317459583282471e-02
2.631848119199275970e-02 2.014484405517578125e-01 6.916548125445842743e-03 -2.106796950101852417e-01
3.034744970500469208e-02 6.228285841643810272e-03 2.702954458072781563e-03 8.417699486017227173e-02
3.047201596200466156e-02 2.013113945722579956e-01 4.386494401842355728e-03 -2.076519280672073364e-01
3.449824452400207520e-02 6.126987282186746597e-03 2.334559248993173242e-04 8.641148358583450317e-02
3.462078422307968140e-02 -1.889983117580413818e-01 1.961685717105865479e-03 3.791680634021759033e-01
3.084081597626209259e-02 6.095728836953639984e-03 9.545046836137771606e-03 8.710429817438125610e-02
3.096273168921470642e-02 2.010795623064041138e-01 1.128713320940732956e-02 -2.025519311428070068e-01
3.498432412743568420e-02 5.798029713332653046e-03 7.236094214022159576e-03 9.367006272077560425e-02
3.510028496384620667e-02 2.008155286312103271e-01 9.109495207667350769e-03 -1.967211216688156128e-01
3.911659494042396545e-02 5.564465187489986420e-03 5.175072699785232544e-03 9.882146120071411133e-02
3.922788426280021667e-02 2.006118595600128174e-01 7.151502184569835663e-03 -1.922242641448974609e-01
4.324011877179145813e-02 5.388344172388315201e-03 3.307017032057046890e-03 1.027060598134994507e-01
4.334788769483566284e-02 2.004627436399459839e-01 5.361138377338647842e-03 -1.889316737651824951e-01
4.735714197158813477e-02 5.264507140964269638e-03 1.582504599355161190e-03 1.054376363754272461e-01
4.746243357658386230e-02 -1.898800879716873169e-01 3.691257210448384285e-03 3.986194133758544922e-01
4.366483166813850403e-02 5.189304705709218979e-03 1.166364550590515137e-02 1.071025505661964417e-01
4.376861825585365295e-02 2.001421898603439331e-01 1.380569674074649811e-02 -1.818778514862060547e-01
4.777146130800247192e-02 4.825436975806951523e-03 1.016813982278108597e-02 1.151281073689460754e-01
4.786796867847442627e-02 1.998002231121063232e-01 1.247070170938968658e-02 -1.743295788764953613e-01
5.186397209763526917e-02 4.502039868384599686e-03 8.984110318124294281e-03 1.222612112760543823e-01
5.195401608943939209e-02 1.994941383600234985e-01 1.142933405935764313e-02 -1.675738245248794556e-01
5.594389885663986206e-02 4.210461396723985672e-03 8.077858015894889832e-03 1.286927014589309692e-01
5.602810531854629517e-02 1.992157697677612305e-01 1.065171137452125549e-02 -1.614308506250381470e-01
6.001242250204086304e-02 3.942959941923618317e-03 7.423094473779201508e-03 1.345932781696319580e-01
6.009127944707870483e-02 1.989578008651733398e-01 1.011496037244796753e-02 -1.557385474443435669e-01
6.407044082880020142e-02 3.692498430609703064e-03 7.000189274549484253e-03 1.401181668043136597e-01
6.414428353309631348e-02 1.987134963274002075e-01 9.802552871406078339e-03 -1.503481119871139526e-01
6.811855733394622803e-02 3.452558768913149834e-03 6.795590277761220932e-03 1.454111188650131226e-01
6.818760931491851807e-02 1.984765380620956421e-01 9.703812189400196075e-03 -1.451202034950256348e-01
7.215713709592819214e-02 3.216970711946487427e-03 6.801408715546131134e-03 1.506082266569137573e-01
7.222148030996322632e-02 1.982408761978149414e-01 9.813573211431503296e-03 -1.399212628602981567e-01
7.618629932403564453e-02 2.979753306135535240e-03 7.015147712081670761e-03 1.558414548635482788e-01
7.624588906764984131e-02 1.980005651712417603e-01 1.013197749853134155e-02 -1.346201151609420776e-01
8.020590245723724365e-02 2.734961453825235367e-03 7.439574692398309708e-03 1.612419933080673218e-01
8.026060461997985840e-02 1.977496147155761719e-01 1.066441461443901062e-02 -1.290846765041351318e-01
8.421559631824493408e-02 2.476536668837070465e-03 8.082721382379531860e-03 1.669435650110244751e-01
8.426512777805328369e-02 1.974818557500839233e-01 1.142159197479486465e-02 -1.231785714626312256e-01
8.821476250886917114e-02 2.198156202211976051e-03 8.958021178841590881e-03 1.730857640504837036e-01
8.825872838497161865e-02 1.971907615661621094e-01 1.241973601281642914e-02 -1.167577877640724182e-01
9.220253676176071167e-02 1.893079257570207119e-03 1.008458063006401062e-02 1.798174530267715454e-01
9.224040061235427856e-02 1.968692839145660400e-01 1.368092931807041168e-02 -1.096671670675277710e-01
9.617778658866882324e-02 1.553983893245458603e-03 1.148758549243211746e-02 1.873004287481307983e-01
9.620887041091918945e-02 1.965097188949584961e-01 1.523359492421150208e-02 -1.017365902662277222e-01
1.001390591263771057e-01 1.172792515717446804e-03 1.319886278361082077e-02 1.957132965326309204e-01
1.001625135540962219e-01 1.961034834384918213e-01 1.711312867701053619e-02 -9.277692437171936035e-02
1.040845885872840881e-01 7.404823554679751396e-04 1.525759045034646988e-02 2.052556872367858887e-01
1.040993928909301758e-01 1.956409513950347900e-01 1.936270296573638916e-02 -8.257544785737991333e-02
1.080122143030166626e-01 2.468758320901542902e-04 1.771119423210620880e-02 2.161530256271362305e-01
1.080171540379524231e-01 1.951112151145935059e-01 2.203425578773021698e-02 -7.089082151651382446e-02
1.119193807244300842e-01 3.899104595184326172e-01 2.061643823981285095e-02 -3.565412163734436035e-01
1.197175830602645874e-01 1.945015490055084229e-01 1.348561514168977737e-02 -5.742933228611946106e-02
1.236076205968856812e-01 3.894275724887847900e-01 1.233702804893255234e-02 -3.458271324634552002e-01
1.313961744308471680e-01 1.941323131322860718e-01 5.420485511422157288e-03 -4.927955195307731628e-02
1.352788209915161133e-01 -1.066938508301973343e-03 4.434894304722547531e-03 2.451086491346359253e-01
1.352574825286865234e-01 1.939913928508758545e-01 9.337067604064941406e-03 -4.617211595177650452e-02
1.391372978687286377e-01 3.889782130718231201e-01 8.413624949753284454e-03 -3.358945548534393311e-01
1.469168663024902344e-01 1.937375515699386597e-01 1.695734099484980106e-03 -4.057032987475395203e-02
1.507916152477264404e-01 3.888351321220397949e-01 8.843275136314332485e-04 -3.327177464962005615e-01
1.585683226585388184e-01 1.937006115913391113e-01 -5.770027637481689453e-03 -3.975608572363853455e-02
1.624423414468765259e-01 -1.338124275207519531e-03 -6.565149407833814621e-03 2.511007785797119141e-01
1.624155789613723755e-01 1.938769519329071045e-01 -1.543133985251188278e-03 -4.364568367600440979e-02
1.662931144237518311e-01 -1.222830731421709061e-03 -2.416047733277082443e-03 2.485499680042266846e-01
1.662686616182327271e-01 1.939335465431213379e-01 2.554951701313257217e-03 -4.489405080676078796e-02
1.701473295688629150e-01 3.890187740325927734e-01 1.657070708461105824e-03 -3.367697596549987793e-01
1.779277026653289795e-01 1.938732713460922241e-01 -5.078324582427740097e-03 -4.356475546956062317e-02
1.818051636219024658e-01 -1.175494049675762653e-03 -5.949619691818952560e-03 2.475115954875946045e-01
1.817816495895385742e-01 1.940309256315231323e-01 -9.993879357352852821e-04 -4.704202339053153992e-02
1.856622695922851562e-01 3.891671895980834961e-01 -1.940228394232690334e-03 -3.400400876998901367e-01
1.934456229209899902e-01 1.940729022026062012e-01 -8.741030469536781311e-03 -4.796963930130004883e-02
1.973270773887634277e-01 -9.226310066878795624e-04 -9.700423106551170349e-03 2.419426441192626953e-01
1.973086297512054443e-01 1.943365335464477539e-01 -4.861569963395595551e-03 -5.378419533371925354e-02
2.011953592300415039e-01 -7.153752376325428486e-04 -5.937254056334495544e-03 2.373609095811843872e-01
2.011810392141342163e-01 1.944908946752548218e-01 -1.190035720355808735e-03 -5.718887224793434143e-02
2.050708681344985962e-01 3.896299004554748535e-01 -2.333813114091753960e-03 -3.502470254898071289e-01
2.128634601831436157e-01 1.945412009954452515e-01 -9.338753297924995422e-03 -5.830093845725059509e-02
2.167542874813079834e-01 -4.456098540686070919e-04 -1.050477288663387299e-02 2.314209789037704468e-01
2.167453765869140625e-01 1.948248594999313354e-01 -5.876353010535240173e-03 -6.455691158771514893e-02
2.206418663263320923e-01 -2.123501617461442947e-04 -7.167491130530834198e-03 2.262662053108215332e-01
2.206376194953918457e-01 1.950113028287887573e-01 -2.642167033627629280e-03 -6.866896152496337891e-02
2.245378494262695312e-01 -7.267333421623334289e-05 -4.015546292066574097e-03 2.231791764497756958e-01
2.245364040136337280e-01 1.951064467430114746e-01 4.480371717363595963e-04 -7.076770067214965820e-02
2.284385263919830322e-01 3.902219533920288086e-01 -9.673169115558266640e-04 -3.633092343807220459e-01
2.362429648637771606e-01 1.951137781143188477e-01 -8.233501575887203217e-03 -7.093147933483123779e-02
2.401452362537384033e-01 1.108267460949718952e-04 -9.652131237089633942e-03 2.191424071788787842e-01
2.401474565267562866e-01 1.953694075345993042e-01 -5.269282963126897812e-03 -7.656951248645782471e-02
2.440548390150070190e-01 3.233945462852716446e-04 -6.800673436373472214e-03 2.144462913274765015e-01
2.440613061189651489e-01 1.955419033765792847e-01 -2.511747647076845169e-03 -8.037409186363220215e-02
2.479721456766128540e-01 4.560536181088536978e-04 -4.119229502975940704e-03 2.115153223276138306e-01
2.479812651872634888e-01 1.956366598606109619e-01 1.110769153456203640e-04 -8.246415853500366211e-02
2.518939971923828125e-01 3.907570242881774902e-01 -1.538206241093575954e-03 -3.751120269298553467e-01
2.597091495990753174e-01 1.956569552421569824e-01 -9.040446951985359192e-03 -8.291451632976531982e-02
2.636222839355468750e-01 6.657484918832778931e-04 -1.069873757660388947e-02 2.069024741649627686e-01
2.636356055736541748e-01 1.959390342235565186e-01 -6.560687441378831863e-03 -8.913606405258178711e-02
2.675543725490570068e-01 9.117405861616134644e-04 -8.343408815562725067e-03 2.014697641134262085e-01
2.675726115703582764e-01 1.961520165205001831e-01 -4.314013756811618805e-03 -9.383339434862136841e-02
2.714956700801849365e-01 1.092163962312042713e-03 -6.190681830048561096e-03 1.974853426218032837e-01
2.715174853801727295e-01 1.963021159172058105e-01 -2.240974688902497292e-03 -9.714401513338088989e-02
2.754435539245605469e-01 1.212351955473423004e-03 -4.183854907751083374e-03 1.948310434818267822e-01
2.754677832126617432e-01 1.963939070701599121e-01 -2.872340555768460035e-04 -9.916876256465911865e-02
2.793956696987152100e-01 3.915199637413024902e-01 -2.270609373226761818e-03 -3.919422924518585205e-01
2.872260510921478271e-01 1.964303106069564819e-01 -1.010945532470941544e-02 -9.997612982988357544e-02
2.911546826362609863e-01 1.454695360735058784e-03 -1.210897788405418396e-02 1.895002275705337524e-01
2.911837697029113770e-01 1.967477649450302124e-01 -8.318973705172538757e-03 -1.069778650999069214e-01
2.951187193393707275e-01 1.746014808304607868e-03 -1.045853085815906525e-02 1.830689013004302979e-01
2.951536476612091064e-01 1.970160454511642456e-01 -6.797153037041425705e-03 -1.128948777914047241e-01
2.990939617156982422e-01 1.992142526432871819e-03 -9.055050089955329895e-03 1.776358634233474731e-01
2.991338074207305908e-01 1.972424983978271484e-01 -5.502332933247089386e-03 -1.178898140788078308e-01
3.030786514282226562e-01 2.199815353378653526e-03 -7.860129699110984802e-03 1.730521023273468018e-01
3.031226396560668945e-01 1.974333822727203369e-01 -4.399087280035018921e-03 -1.221000403165817261e-01
3.070713281631469727e-01 2.374725183472037315e-03 -6.841087713837623596e-03 1.691917777061462402e-01
3.071188032627105713e-01 1.975939273834228516e-01 -3.457252401858568192e-03 -1.256414353847503662e-01
3.110706806182861328e-01 2.521672751754522324e-03 -5.970080848783254623e-03 1.659487634897232056e-01
3.111211359500885010e-01 1.977285742759704590e-01 -2.651105634868144989e-03 -1.286115646362304688e-01
3.150756955146789551e-01 2.644699066877365112e-03 -5.223337095230817795e-03 1.632338017225265503e-01
3.151285946369171143e-01 1.978410333395004272e-01 -1.958661014214158058e-03 -1.310923695564270020e-01
3.190854191780090332e-01 2.747194375842809677e-03 -4.580508451908826828e-03 1.609719842672348022e-01
3.191403448581695557e-01 1.979344189167022705e-01 -1.361068454571068287e-03 -1.331524401903152466e-01
3.230990469455718994e-01 2.831991761922836304e-03 -4.024117253720760345e-03 1.591007709503173828e-01
3.231556713581085205e-01 1.980113238096237183e-01 -8.421019301749765873e-04 -1.348489373922348022e-01
3.271159231662750244e-01 2.901444444432854652e-03 -3.539080731570720673e-03 1.575682014226913452e-01
3.271739482879638672e-01 1.980738788843154907e-01 -3.877168055623769760e-04 -1.362291276454925537e-01
3.311354219913482666e-01 2.957490505650639534e-03 -3.112299134954810143e-03 1.563314646482467651e-01
3.311945796012878418e-01 1.981238573789596558e-01 1.433000670658657327e-05 -1.373316943645477295e-01
3.351570367813110352e-01 3.001707373186945915e-03 -2.732303924858570099e-03 1.553557515144348145e-01
3.352170884609222412e-01 1.981626749038696289e-01 3.748111776076257229e-04 -1.381879001855850220e-01
3.391803205013275146e-01 3.035355126485228539e-03 -2.388946712017059326e-03 1.546132564544677734e-01
3.392410278320312500e-01 1.981914341449737549e-01 7.033182191662490368e-04 -1.388223767280578613e-01
3.432048559188842773e-01 3.933033049106597900e-01 -2.073129173368215561e-03 -4.312833249568939209e-01
3.510709404945373535e-01 1.982107609510421753e-01 -1.069879624992609024e-02 -1.392546594142913818e-01
3.550351560115814209e-01 3.243670333176851273e-03 -1.348388940095901489e-02 1.500338613986968994e-01
3.551000356674194336e-01 1.985560804605484009e-01 -1.048321183770895004e-02 -1.468722671270370483e-01
3.590711355209350586e-01 3.585811937227845192e-03 -1.342065725475549698e-02 1.424850523471832275e-01
3.591428697109222412e-01 1.988973766565322876e-01 -1.057095639407634735e-02 -1.544014513492584229e-01
3.631207942962646484e-01 3.928360994905233383e-03 -1.365898549556732178e-02 1.349279284477233887e-01
3.631993830204010010e-01 1.992432624101638794e-01 -1.096042711287736893e-02 -1.620327234268188477e-01
3.671842515468597412e-01 4.279926419258117676e-03 -1.420108135789632797e-02 1.271724253892898560e-01
3.672698438167572021e-01 1.996024101972579956e-01 -1.165763288736343384e-02 -1.699567437171936035e-01
3.712618947029113770e-01 4.649239592254161835e-03 -1.505676750093698502e-02 1.190258786082267761e-01
3.713548779487609863e-01 1.999836415052413940e-01 -1.267625018954277039e-02 -1.783690452575683594e-01
3.753545582294464111e-01 5.045370198786258698e-03 -1.624363102018833160e-02 1.102881580591201782e-01
3.754554390907287598e-01 2.003962695598602295e-01 -1.403786800801753998e-02 -1.874749511480331421e-01
3.794633746147155762e-01 5.477948579937219620e-03 -1.778736710548400879e-02 1.007467284798622131e-01
3.795729279518127441e-01 2.008502483367919922e-01 -1.577243208885192871e-02 -1.974945664405822754e-01
3.835899531841278076e-01 5.957402288913726807e-03 -1.972232386469841003e-02 9.017143398523330688e-02
3.837091028690338135e-01 -1.888763904571533203e-01 -1.791889593005180359e-02 3.765673041343688965e-01
3.799315690994262695e-01 6.495424080640077591e-03 -1.038754917681217194e-02 7.828874886035919189e-02
3.800614774227142334e-01 2.017647325992584229e-01 -8.821774274110794067e-03 -2.176533043384552002e-01
3.840967714786529541e-01 6.769995205104351044e-03 -1.317484024912118912e-02 7.223386317491531372e-02
3.842321634292602539e-01 2.020783275365829468e-01 -1.173016335815191269e-02 -2.245765030384063721e-01
3.882737159729003906e-01 7.125970441848039627e-03 -1.622169278562068939e-02 6.438332796096801758e-02
3.884162604808807373e-01 -1.877596974372863770e-01 -1.493402663618326187e-02 3.519043922424316406e-01
3.846610486507415771e-01 7.571411319077014923e-03 -7.895939052104949951e-03 5.454996600747108459e-02
3.848124742507934570e-01 2.028056830167770386e-01 -6.804939359426498413e-03 -2.406136989593505859e-01
3.888686001300811768e-01 7.781598251312971115e-03 -1.161721348762512207e-02 4.991502314805984497e-02
3.890242278575897217e-01 -1.871718615293502808e-01 -1.061891298741102219e-02 3.389101028442382812e-01
3.852807879447937012e-01 8.099566213786602020e-03 -3.840710967779159546e-03 4.289756715297698975e-02
3.854427933692932129e-01 2.032763808965682983e-01 -2.982759615406394005e-03 -2.509946525096893311e-01
3.895083069801330566e-01 8.197150193154811859e-03 -8.002652786672115326e-03 4.074595123529434204e-02
3.896722495555877686e-01 -1.868091374635696411e-01 -7.187733892351388931e-03 3.308932483196258545e-01
3.859360814094543457e-01 8.414389565587043762e-03 -5.698685999959707260e-04 3.595235943794250488e-02
3.861043453216552734e-01 2.035445123910903931e-01 1.491785806138068438e-04 -2.569103240966796875e-01
3.901752531528472900e-01 8.420427329838275909e-03 -4.989027511328458786e-03 3.581966459751129150e-02
3.903436660766601562e-01 -1.866296231746673584e-01 -4.272634163498878479e-03 3.269243240356445312e-01
3.866110742092132568e-01 8.552893996238708496e-03 2.265852410346269608e-03 3.289707750082015991e-02
3.867821097373962402e-01 2.036422789096832275e-01 2.923793857917189598e-03 -2.590700984001159668e-01
3.908549547195434570e-01 8.478709496557712555e-03 -2.257607877254486084e-03 3.453360870480537415e-02
3.910245299339294434e-01 2.036329656839370728e-01 -1.566935679875314236e-03 -2.588607668876647949e-01
3.950971961021423340e-01 8.533416315913200378e-03 -6.744151003658771515e-03 3.332751989364624023e-02
3.952678740024566650e-01 -1.864911764860153198e-01 -6.077600643038749695e-03 3.238749802112579346e-01
3.915380537509918213e-01 8.716786280274391174e-03 3.998992324341088533e-04 2.928165160119533539e-02
3.917123973369598389e-01 2.038329988718032837e-01 9.855323005467653275e-04 -2.632750868797302246e-01
3.957890570163726807e-01 8.696995675563812256e-03 -4.279969260096549988e-03 2.971853502094745636e-02
3.959629833698272705e-01 -1.863633245229721069e-01 -3.685598494485020638e-03 3.210480213165283203e-01
3.922357261180877686e-01 8.810925297439098358e-03 2.735361689701676369e-03 2.720507793128490448e-02
3.924119472503662109e-01 2.038935422897338867e-01 3.279463388025760651e-03 -2.646135687828063965e-01
3.964897990226745605e-01 8.724937215447425842e-03 -2.012807875871658325e-03 2.910193614661693573e-02
3.966642916202545166e-01 2.038756906986236572e-01 -1.430769101716578007e-03 -2.642153799533843994e-01
4.007418155670166016e-01 8.774194866418838501e-03 -6.715076509863138199e-03 2.801593206822872162e-02
4.009172916412353516e-01 -1.862508207559585571e-01 -6.154757924377918243e-03 3.185726404190063477e-01
3.971922993659973145e-01 8.958250284194946289e-03 2.166947815567255020e-04 2.395509369671344757e-02
3.973714411258697510e-01 2.040770947933197021e-01 6.957966834306716919e-04 -2.686594426631927490e-01
4.014529883861541748e-01 8.945219218730926514e-03 -4.677392542362213135e-03 2.424285002052783966e-02
4.016318917274475098e-01 -1.861093491315841675e-01 -4.192535299807786942e-03 3.154463469982147217e-01
3.979097008705139160e-01 9.072076529264450073e-03 2.116391435265541077e-03 2.144418656826019287e-02
3.980911672115325928e-01 2.041636109352111816e-01 2.545275259763002396e-03 -2.705702483654022217e-01
4.021744132041931152e-01 9.005432948470115662e-03 -2.866129623726010323e-03 2.291438728570938110e-02
4.023545384407043457e-01 2.041683644056320190e-01 -2.407842082902789116e-03 -2.706714570522308350e-01
4.064379036426544189e-01 9.080861695110797882e-03 -7.821271196007728577e-03 2.125105261802673340e-02
4.066195189952850342e-01 -1.859280616044998169e-01 -7.396250031888484955e-03 3.114560544490814209e-01
4.029009640216827393e-01 9.298481978476047516e-03 -1.167129026725888252e-03 1.644977740943431854e-02
4.030869305133819580e-01 2.044371515512466431e-01 -8.381335064768791199e-04 -2.766011655330657959e-01
4.071756601333618164e-01 9.327168576419353485e-03 -6.370157003402709961e-03 1.581729762256145477e-02
4.073622226715087891e-01 -1.857028454542160034e-01 -6.053810939192771912e-03 3.064835667610168457e-01
4.036481678485870361e-01 9.504840709269046783e-03 7.586068386444821954e-05 1.189759466797113419e-02
4.038382470607757568e-01 2.046257108449935913e-01 3.138125757686793804e-04 -2.807613909244537354e-01
4.079307615756988525e-01 9.499277919530868530e-03 -5.301415454596281052e-03 1.202049013227224350e-02
4.081207513809204102e-01 -1.855462491512298584e-01 -5.061005707830190659e-03 3.030260503292083740e-01
4.044098258018493652e-01 9.647469036281108856e-03 9.995155269280076027e-04 8.751303888857364655e-03
4.046027660369873047e-01 2.047550678253173828e-01 1.174541655927896500e-03 -2.836160957813262939e-01
4.086978733539581299e-01 9.616387076675891876e-03 -4.497780464589595795e-03 9.437043219804763794e-03
4.088902175426483154e-01 -1.854407787322998047e-01 -4.309039562940597534e-03 3.006974756717681885e-01
4.051813781261444092e-01 9.742331691086292267e-03 1.704910187982022762e-03 6.658689118921756744e-03
4.053762257099151611e-01 2.048397958278656006e-01 1.838083961047232151e-03 -2.854858338832855225e-01
4.094730317592620850e-01 9.691672399640083313e-03 -3.871632739901542664e-03 7.776247803121805191e-03
4.096668660640716553e-01 -1.853745430707931519e-01 -3.716107690706849098e-03 2.992351055145263672e-01
4.059593677520751953e-01 9.800182655453681946e-03 2.268594689667224884e-03 5.382520612329244614e-03
4.061553776264190674e-01 2.048895210027694702e-01 2.376245101913809776e-03 -2.865837812423706055e-01
4.102531671524047852e-01 9.733767248690128326e-03 -3.355430439114570618e-03 6.847652606666088104e-03
4.104478359222412109e-01 -1.853398978710174561e-01 -3.218477359041571617e-03 2.984700202941894531e-01
4.067410528659820557e-01 9.827778674662113190e-03 2.750922925770282745e-03 4.773778840899467468e-03
4.069375991821289062e-01 2.049101740121841431e-01 2.846398390829563141e-03 -2.870399355888366699e-01
4.110358059406280518e-01 9.747741743922233582e-03 -2.894400153309106827e-03 6.539365742355585098e-03
4.112307727336883545e-01 -1.853325814008712769e-01 -2.763612894341349602e-03 2.983076572418212891e-01
4.075241088867187500e-01 9.828655980527400970e-03 3.202540567144751549e-03 4.754432942718267441e-03
4.077206850051879883e-01 2.049045264720916748e-01 3.297629300504922867e-03 -2.869163453578948975e-01
4.118187725543975830e-01 9.735708124935626984e-03 -2.440697513520717621e-03 6.804809439927339554e-03
4.120135009288787842e-01 -1.853511482477188110e-01 -2.304601250216364861e-03 2.987166643142700195e-01
4.083064496517181396e-01 9.803570806980133057e-03 3.669732017442584038e-03 5.307804793119430542e-03
4.085025489330291748e-01 2.048726975917816162e-01 3.775888122618198395e-03 -2.862150073051452637e-01
4.125999808311462402e-01 9.697104804217815399e-03 -1.948412274941802025e-03 7.656395435333251953e-03
4.127939343452453613e-01 -1.853968501091003418e-01 -1.795284333638846874e-03 2.997239530086517334e-01
4.090859889984130859e-01 9.750644676387310028e-03 4.199194256216287613e-03 6.475354544818401337e-03
4.092810153961181641e-01 2.048121243715286255e-01 4.328701645135879517e-03 -2.848797142505645752e-01
4.133772552013397217e-01 9.628702886402606964e-03 -1.368892961181700230e-03 9.165298193693161011e-03
4.135698378086090088e-01 -1.854735910892486572e-01 -1.185586908832192421e-03 3.014160096645355225e-01
4.098603427410125732e-01 9.665239602327346802e-03 4.842733033001422882e-03 8.359408006072044373e-03
4.100536704063415527e-01 2.047174125909805298e-01 5.009921267628669739e-03 -2.827916443347930908e-01
4.141480028629302979e-01 9.524354711174964905e-03 -6.459116120822727680e-04 1.146715972572565079e-02
4.143384993076324463e-01 2.046555578708648682e-01 -4.165684513282030821e-04 -2.814194858074188232e-01
4.184316098690032959e-01 9.539556689560413361e-03 -6.044958252459764481e-03 1.113202422857284546e-02
4.186224043369293213e-01 -1.854951828718185425e-01 -5.822317674756050110e-03 3.019015789031982422e-01
4.149124920368194580e-01 9.709266014397144318e-03 2.157138369511812925e-04 7.388119585812091827e-03
4.151066839694976807e-01 2.048281282186508179e-01 3.634762251749634743e-04 -2.852267324924468994e-01
4.192032516002655029e-01 9.700989350676536560e-03 -5.341058596968650818e-03 7.570803631097078323e-03
4.193972647190093994e-01 -1.853439509868621826e-01 -5.189642310142517090e-03 2.985637784004211426e-01
4.156903922557830811e-01 9.851583279669284821e-03 7.816332508809864521e-04 4.248670767992734909e-03
4.158874154090881348e-01 2.049623131752014160e-01 8.666067151352763176e-04 -2.881875336170196533e-01
4.199866652488708496e-01 9.828017093241214752e-03 -4.897144157439470291e-03 4.768581595271825790e-03
4.201832115650177002e-01 -1.852233558893203735e-01 -4.801772534847259521e-03 2.959023714065551758e-01
4.164787530899047852e-01 9.966714307665824890e-03 1.116275321692228317e-03 1.708932803012430668e-03
4.166780710220336914e-01 2.050726413726806641e-01 1.150453928858041763e-03 -2.906215786933898926e-01
4.207795262336730957e-01 9.934302419424057007e-03 -4.661977756768465042e-03 2.423958154395222664e-03
4.209782183170318604e-01 -1.851204782724380493e-01 -4.613498691469430923e-03 2.936323285102844238e-01
4.172758162021636963e-01 1.006694231182336807e-02 1.259148120880126953e-03 -5.020460230298340321e-04
4.174771606922149658e-01 2.051708102226257324e-01 1.249107182957231998e-03 -2.927874326705932617e-01
4.215805828571319580e-01 1.003107428550720215e-02 -4.606641363352537155e-03 2.891863405238837004e-04
4.217811822891235352e-01 -1.850245147943496704e-01 -4.600857850164175034e-03 2.915151119232177734e-01
4.180806875228881836e-01 1.016274094581604004e-02 1.229444402270019054e-03 -2.615313977003097534e-03
4.182839691638946533e-01 -1.849768161773681641e-01 1.177138183265924454e-03 2.904552519321441650e-01
4.145844280719757080e-01 1.012832578271627426e-02 6.986243650317192078e-03 -1.856174552813172340e-03
4.147869944572448730e-01 2.051493972539901733e-01 6.949119735509157181e-03 -2.923266887664794922e-01
4.188899695873260498e-01 9.929050691425800323e-03 1.102586043998599052e-03 2.539769047871232033e-03
4.190885424613952637e-01 2.050351649522781372e-01 1.153381424956023693e-03 -2.897950708866119385e-01
4.231892526149749756e-01 9.896793402731418610e-03 -4.642520099878311157e-03 3.251393325626850128e-03
4.233871996402740479e-01 -1.851582676172256470e-01 -4.577492363750934601e-03 2.944659292697906494e-01
4.196840226650238037e-01 1.002864073961973190e-02 1.311826636083424091e-03 3.428620984777808189e-04
4.198845922946929932e-01 2.051317542791366577e-01 1.318683847784996033e-03 -2.919258773326873779e-01
4.239872395992279053e-01 9.991025552153587341e-03 -4.519833717495203018e-03 1.172652351669967175e-03
4.241870641708374023e-01 -1.850658208131790161e-01 -4.496380686759948730e-03 2.924261093139648438e-01
4.204857349395751953e-01 1.011995691806077957e-02 1.352141262032091618e-03 -1.671532052569091320e-03
4.206881523132324219e-01 2.052224874496459961e-01 1.318710623309016228e-03 -2.939275205135345459e-01
4.247925877571105957e-01 1.008176337927579880e-02 -4.559840075671672821e-03 -8.289978723041713238e-04
4.249942302703857422e-01 -1.849744915962219238e-01 -4.576419945806264877e-03 2.904117703437805176e-01
4.212947487831115723e-01 1.021241024136543274e-02 1.231815200299024582e-03 -3.710994729772210121e-03
4.214989840984344482e-01 -1.849271804094314575e-01 1.157595310360193253e-03 2.893603444099426270e-01
4.178004264831542969e-01 1.017823908478021622e-02 6.944802124053239822e-03 -2.957278396934270859e-03
4.180040061473846436e-01 2.051999121904373169e-01 6.885656155645847321e-03 -2.934409677982330322e-01
4.221079945564270020e-01 9.980464354157447815e-03 1.016836962662637234e-03 1.405619317665696144e-03
4.223076105117797852e-01 2.050878107547760010e-01 1.044949400238692760e-03 -2.909563183784484863e-01
4.264093637466430664e-01 9.950982406735420227e-03 -4.774176981300115585e-03 2.055998658761382103e-03
4.266083836555480957e-01 -1.851021796464920044e-01 -4.733056761324405670e-03 2.932288050651550293e-01
4.229063391685485840e-01 1.008693594485521317e-02 1.131519093178212643e-03 -9.431032231077551842e-04
4.231080710887908936e-01 2.051926404237747192e-01 1.112657017074525356e-03 -2.932687997817993164e-01
4.272119402885437012e-01 1.005484443157911301e-02 -4.752719309180974960e-03 -2.351714210817590356e-04
4.274130463600158691e-01 -1.849986314773559570e-01 -4.757422488182783127e-03 2.909444272518157959e-01
4.237130582332611084e-01 1.019083801656961441e-02 1.061466173268854618e-03 -3.235124051570892334e-03
4.239168763160705566e-01 -1.849463135004043579e-01 9.967637015506625175e-04 2.897825241088867188e-01
4.202179610729217529e-01 1.016140356659889221e-02 6.792414002120494843e-03 -2.585872309282422066e-03
4.204211831092834473e-01 2.051852792501449585e-01 6.740696728229522705e-03 -2.931180000305175781e-01
4.245248734951019287e-01 9.967880323529243469e-03 8.783367229625582695e-04 1.683212001807987690e-03
4.247242510318756104e-01 2.050772309303283691e-01 9.120009490288794041e-04 -2.907224595546722412e-01
4.288257956504821777e-01 9.942280128598213196e-03 -4.902448039501905441e-03 2.247962402179837227e-03
4.290246367454528809e-01 -1.851090192794799805e-01 -4.857488907873630524e-03 2.933800816535949707e-01
4.253224432468414307e-01 1.008184812963008881e-02 1.010112697258591652e-03 -8.308609831146895885e-04
4.255240857601165771e-01 2.051893025636672974e-01 9.934954578056931496e-04 -2.931949198246002197e-01
4.296278655529022217e-01 1.005319599062204361e-02 -4.870402626693248749e-03 -1.988177391467615962e-04
4.298289418220520020e-01 -1.849985718727111816e-01 -4.874379374086856842e-03 2.909434735774993896e-01
4.261289536952972412e-01 1.019254513084888458e-02 9.444901952520012856e-04 -3.272787434980273247e-03
4.263328313827514648e-01 2.053009420633316040e-01 8.790344581939280033e-04 -2.956575751304626465e-01
4.304388463497161865e-01 1.016646623611450195e-02 -5.034117028117179871e-03 -2.697535790503025055e-03
4.306421577930450439e-01 -1.848829239606857300e-01 -5.088067613542079926e-03 2.883928120136260986e-01
4.269444942474365234e-01 1.031120959669351578e-02 6.797888781875371933e-04 -5.890477914363145828e-03
4.271507263183593750e-01 -1.848204880952835083e-01 5.619793082587420940e-04 2.870068550109863281e-01
4.234543144702911377e-01 1.029344834387302399e-02 6.302116438746452332e-03 -5.498777143657207489e-03
4.236601889133453369e-01 2.053244560956954956e-01 6.192140746861696243e-03 -2.961866557598114014e-01
4.277666807174682617e-01 1.011477783322334290e-02 2.684075152501463890e-04 -1.557288225740194321e-03
4.279689788818359375e-01 2.052328735589981079e-01 2.372617600485682487e-04 -2.941555082798004150e-01
4.320736229419708252e-01 1.010754611343145370e-02 -5.645848810672760010e-03 -1.397770829498767853e-03
4.322757720947265625e-01 -1.849329769611358643e-01 -5.673803854733705521e-03 2.894984781742095947e-01
4.285771250724792480e-01 1.026941370218992233e-02 1.161657637567259371e-04 -4.968483000993728638e-03
4.287825226783752441e-01 -1.848542094230651855e-01 1.679610795690678060e-05 2.877510786056518555e-01
4.250854253768920898e-01 1.026750914752483368e-02 5.771818105131387711e-03 -4.926536232233047485e-03
4.252907931804656982e-01 2.053062170743942261e-01 5.673287436366081238e-03 -2.957828044891357422e-01
4.293968975543975830e-01 1.010384131222963333e-02 -2.423689438728615642e-04 -1.316031441092491150e-03
4.295989871025085449e-01 2.052292674779891968e-01 -2.686895604711025953e-04 -2.940754294395446777e-01
4.337035715579986572e-01 1.011114846915006638e-02 -6.150198169052600861e-03 -1.477244892157614231e-03
4.339057803153991699e-01 -1.849220693111419678e-01 -6.179742980748414993e-03 2.892588973045349121e-01
4.302073419094085693e-01 1.028746273368597031e-02 -3.945650241803377867e-04 -5.366638302803039551e-03
4.304130971431732178e-01 -1.848288327455520630e-01 -5.018977681174874306e-04 2.871917784214019775e-01
4.267165064811706543e-01 1.030027773231267929e-02 5.241937469691038132e-03 -5.649406462907791138e-03
4.269225299358367920e-01 2.053466588258743286e-01 5.128949414938688278e-03 -2.966738343238830566e-01
4.310294687747955322e-01 1.015197113156318665e-02 -8.045272552408277988e-04 -2.377750584855675697e-03
4.312325119972229004e-01 -1.849584281444549561e-01 -8.520822739228606224e-04 2.900512218475341797e-01
4.275333285331726074e-01 1.017565838992595673e-02 4.948942456394433975e-03 -2.900312887504696846e-03
4.277368485927581787e-01 2.052262872457504272e-01 4.890935961157083511e-03 -2.940177023410797119e-01
4.318413734436035156e-01 1.003494672477245331e-02 -9.894176619127392769e-04 2.037476951954886317e-04
4.320420622825622559e-01 2.051710784435272217e-01 -9.853427764028310776e-04 -2.927911877632141113e-01
4.361454844474792480e-01 1.006318535655736923e-02 -6.841166410595178604e-03 -4.191882035229355097e-04
4.363467395305633545e-01 -1.849599927663803101e-01 -6.849550176411867142e-03 2.900974452495574951e-01
4.326475560665130615e-01 1.025895960628986359e-02 -1.047601457685232162e-03 -4.737865179777145386e-03
4.328527450561523438e-01 -1.848479509353637695e-01 -1.142358756624162197e-03 2.876143455505371094e-01
4.291557669639587402e-01 1.029027160257101059e-02 4.609928000718355179e-03 -5.428650882095098495e-03
4.293615818023681641e-01 2.053458094596862793e-01 4.501355346292257309e-03 -2.966535389423370361e-01
4.334684908390045166e-01 1.015997678041458130e-02 -1.431715441867709160e-03 -2.554357983171939850e-03
4.336716830730438232e-01 -1.849414110183715820e-01 -1.482802676036953926e-03 2.896764874458312988e-01
4.299728572368621826e-01 1.020165160298347473e-02 4.310727585107088089e-03 -3.473716555163264275e-03
4.301768839359283447e-01 2.052615135908126831e-01 4.241253249347209930e-03 -2.947934567928314209e-01
4.342821240425109863e-01 1.007935591042041779e-02 -1.654615858569741249e-03 -7.759140571579337120e-04
4.344837069511413574e-01 -1.850188225507736206e-01 -1.670134137384593487e-03 2.913844883441925049e-01
4.307833313941955566e-01 1.012689899653196335e-02 4.157555755227804184e-03 -1.824696431867778301e-03
4.309858679771423340e-01 2.051889747381210327e-01 4.121061880141496658e-03 -2.931929826736450195e-01
4.350896477699279785e-01 1.000851392745971680e-02 -1.742797438055276871e-03 7.868300308473408222e-04
4.352898299694061279e-01 -1.850883960723876953e-01 -1.727060764096677303e-03 2.929193675518035889e-01
4.315880537033081055e-01 1.005813293159008026e-02 4.131326451897621155e-03 -3.077440487686544657e-04
4.317892193794250488e-01 2.051205933094024658e-01 4.125171806663274765e-03 -2.916843295097351074e-01
4.358916282653808594e-01 9.940066374838352203e-03 -1.708514755591750145e-03 2.296766266226768494e-03
4.360904395580291748e-01 2.050864845514297485e-01 -1.662579481489956379e-03 -2.909247279167175293e-01
4.401921629905700684e-01 9.988272562623023987e-03 -7.481073960661888123e-03 1.233377493917942047e-03
4.403919279575347900e-01 -1.850255876779556274e-01 -7.456406485289335251e-03 2.915465831756591797e-01
4.366914033889770508e-01 1.020187605172395706e-02 -1.625474891625344753e-03 -3.478651167824864388e-03
4.368954598903656006e-01 -1.848967224359512329e-01 -1.695047947578132153e-03 2.886909842491149902e-01
4.331975281238555908e-01 1.024935580790042877e-02 4.078771453350782394e-03 -4.526070319116115570e-03
4.334025084972381592e-01 2.053125798702239990e-01 3.988250158727169037e-03 -2.959192991256713867e-01
4.375087618827819824e-01 1.013399474322795868e-02 -1.930136000737547874e-03 -1.981225330382585526e-03
4.377114474773406982e-01 -1.849602162837982178e-01 -1.969760516658425331e-03 2.900920808315277100e-01
4.340122342109680176e-01 1.018976140767335892e-02 3.832081332802772522e-03 -3.211420495063066483e-03
4.342160224914550781e-01 2.052565515041351318e-01 3.767852904275059700e-03 -2.946828305721282959e-01
4.383211731910705566e-01 1.008108071982860565e-02 -2.125803381204605103e-03 -8.139539277181029320e-04
4.385227859020233154e-01 -1.850103139877319336e-01 -2.142082434147596359e-03 2.911975085735321045e-01
4.348225891590118408e-01 1.014211028814315796e-02 3.681867383420467377e-03 -2.160245086997747421e-03
4.350254237651824951e-01 2.052110582590103149e-01 3.638662630692124367e-03 -2.936792373657226562e-01
4.391296505928039551e-01 1.003742590546607971e-02 -2.234922023490071297e-03 1.490578288212418556e-04
4.393303990364074707e-01 -1.850524097681045532e-01 -2.231940859928727150e-03 2.921259999275207520e-01
4.356293380260467529e-01 1.010130066424608231e-02 3.610579296946525574e-03 -1.260013668797910213e-03
4.358313679695129395e-01 2.051712870597839355e-01 3.585378872230648994e-03 -2.928015887737274170e-01
4.399347901344299316e-01 9.998398832976818085e-03 -2.270652679726481438e-03 1.009972416795790195e-03
4.401347637176513672e-01 2.051528394222259521e-01 -2.250453224405646324e-03 -2.923884987831115723e-01
4.442378282546997070e-01 1.006304845213890076e-02 -8.098223246634006500e-03 -4.161929537076503038e-04
4.444390833377838135e-01 -1.849418282508850098e-01 -8.106547407805919647e-03 2.897006869316101074e-01
4.407402276992797852e-01 1.029477175325155258e-02 -2.312533557415008545e-03 -5.527896806597709656e-03
4.409461319446563721e-01 -1.847939342260360718e-01 -2.423091325908899307e-03 2.864244878292083740e-01
4.372502565383911133e-01 1.036248542368412018e-02 3.305398626253008842e-03 -7.021663244813680649e-03
4.374575018882751465e-01 2.054368704557418823e-01 3.164965426549315453e-03 -2.986598610877990723e-01
4.415662586688995361e-01 1.026995480060577393e-02 -2.808231860399246216e-03 -4.980450961738824844e-03
4.417716562747955322e-01 -1.848116070032119751e-01 -2.907841000705957413e-03 2.868151366710662842e-01
4.380754232406616211e-01 1.035168953239917755e-02 2.828461583703756332e-03 -6.783492397516965866e-03
4.382824599742889404e-01 2.054329663515090942e-01 2.692791633307933807e-03 -2.985726594924926758e-01
4.423910975456237793e-01 1.027273107320070267e-02 -3.278661752119660378e-03 -5.041698459535837173e-03
4.425965547561645508e-01 -1.848020404577255249e-01 -3.379495581611990929e-03 2.866049706935882568e-01
4.389005303382873535e-01 1.036793738603591919e-02 2.352603711187839508e-03 -7.141903974115848541e-03
4.391078650951385498e-01 2.054560631513595581e-01 2.209765603765845299e-03 -2.990816235542297363e-01
4.432170093059539795e-01 1.030268985778093338e-02 -3.771866904571652412e-03 -5.702602677047252655e-03
4.434230625629425049e-01 -1.847649663686752319e-01 -3.885918995365500450e-03 2.857878804206848145e-01
4.397277534008026123e-01 1.041219010949134827e-02 1.829838496632874012e-03 -8.118107914924621582e-03
4.399359822273254395e-01 2.055078446865081787e-01 1.667476375587284565e-03 -3.002231419086456299e-01
4.440461397171020508e-01 1.036217249929904938e-02 -4.336986225098371506e-03 -7.014787755906581879e-03
4.442533850669860840e-01 -1.846973150968551636e-01 -4.477282054722309113e-03 2.842966318130493164e-01
4.405594468116760254e-01 1.048820931464433670e-02 1.208650297485291958e-03 -9.795046411454677582e-03
4.407692253589630127e-01 2.055928111076354980e-01 1.012749271467328072e-03 -3.020963966846466064e-01
4.448810815811157227e-01 1.045643538236618042e-02 -5.029178224503993988e-03 -9.094230830669403076e-03
4.450902044773101807e-01 -1.845930367708206177e-01 -5.211063195019960403e-03 2.819977104663848877e-01
4.413983523845672607e-01 1.060286164283752441e-02 4.288909258320927620e-04 -1.232421211898326874e-02
4.416103959083557129e-01 -1.845252364873886108e-01 1.824066712288185954e-04 2.804940044879913330e-01
4.379198849201202393e-01 1.059411093592643738e-02 5.792286712676286697e-03 -1.213138643652200699e-02
4.381317794322967529e-01 2.056325227022171021e-01 5.549659021198749542e-03 -3.029811680316925049e-01
4.422444105148315430e-01 1.043191272765398026e-02 -5.099642439745366573e-04 -8.553177118301391602e-03
4.424530565738677979e-01 -1.846827268600463867e-01 -6.810277700424194336e-04 2.839688062667846680e-01
4.387594163417816162e-01 1.044893730431795120e-02 4.998348187655210495e-03 -8.928834460675716400e-03
4.389683902263641357e-01 2.054988443851470947e-01 4.819771740585565567e-03 -3.000305294990539551e-01
4.430783689022064209e-01 1.030853204429149628e-02 -1.180839142762124538e-03 -5.831457674503326416e-03
4.432845413684844971e-01 -1.847964674234390259e-01 -1.297468319535255432e-03 2.864786684513092041e-01
4.395886063575744629e-01 1.034396607428789139e-02 4.432104993611574173e-03 -6.613189354538917542e-03
4.397954940795898438e-01 2.054020762443542480e-01 4.299841355532407761e-03 -2.978944480419158936e-01
4.439035356044769287e-01 1.021909527480602264e-02 -1.658047665841877460e-03 -3.858531126752495766e-03
4.441079199314117432e-01 -1.848790347576141357e-01 -1.735218334943056107e-03 2.883008122444152832e-01
4.404103159904479980e-01 1.026761531829833984e-02 4.030797630548477173e-03 -4.928892012685537338e-03
4.406156837940216064e-01 2.053315341472625732e-01 3.932219929993152618e-03 -2.963373363018035889e-01
4.447223246097564697e-01 1.015374064445495605e-02 -1.994526712223887444e-03 -2.416846342384815216e-03
4.449253976345062256e-01 2.053042352199554443e-01 -2.042863750830292702e-03 -2.957284152507781982e-01
4.490314722061157227e-01 1.021147146821022034e-02 -7.957431487739086151e-03 -3.690462326630949974e-03
4.492357075214385986e-01 -1.847954541444778442e-01 -8.031240664422512054e-03 2.864712178707122803e-01
4.455398023128509521e-01 1.044010091572999954e-02 -2.301816828548908234e-03 -8.733843453228473663e-03
4.457485973834991455e-01 -1.846487671136856079e-01 -2.476493595167994499e-03 2.832219302654266357e-01
4.420556128025054932e-01 1.050842273980379105e-02 3.187945345416665077e-03 -1.024102605879306793e-02
4.422657787799835205e-01 2.055845111608505249e-01 2.983124693855643272e-03 -3.019164204597473145e-01
4.463774859905242920e-01 1.042016874998807907e-02 -3.055203473195433617e-03 -8.294168859720230103e-03
4.465858936309814453e-01 -1.846578270196914673e-01 -3.221086924895644188e-03 2.834232449531555176e-01
4.428927302360534668e-01 1.050991192460060120e-02 2.447377890348434448e-03 -1.027385704219341278e-02
4.431029260158538818e-01 2.055966854095458984e-01 2.241900656372308731e-03 -3.021835982799530029e-01
4.472148418426513672e-01 1.044284738600254059e-02 -3.801771206781268120e-03 -8.794472552835941315e-03
4.474236965179443359e-01 -1.846243739128112793e-01 -3.977660555392503738e-03 2.826865315437316895e-01
4.437312185764312744e-01 1.055408455431461334e-02 1.676069805398583412e-03 -1.124827377498149872e-02
4.439423084259033203e-01 2.056519538164138794e-01 1.451104413717985153e-03 -3.034019172191619873e-01
4.480553567409515381e-01 1.050935685634613037e-02 -4.616933874785900116e-03 -1.026169117540121078e-02
4.482655227184295654e-01 -1.845460832118988037e-01 -4.822167567908763885e-03 2.809609770774841309e-01
4.445746243000030518e-01 1.064432598650455475e-02 7.970517617650330067e-04 -1.323894411325454712e-02
4.447875022888183594e-01 -1.844890415668487549e-01 5.322728538885712624e-04 2.796953618526458740e-01
4.410977065563201904e-01 1.062530744820833206e-02 6.126179825514554977e-03 -1.281964592635631561e-02
4.413102269172668457e-01 2.056588679552078247e-01 5.869787186384201050e-03 -3.035634160041809082e-01
4.454233944416046143e-01 1.045375689864158630e-02 -2.014811616390943527e-04 -9.035081602632999420e-03
4.456324875354766846e-01 2.055785953998565674e-01 -3.821827995125204325e-04 -3.017815649509429932e-01
4.497440457344055176e-01 1.046209502965211868e-02 -6.417814176529645920e-03 -9.219201281666755676e-03
4.499532878398895264e-01 -1.845672279596328735e-01 -6.602198351174592972e-03 2.814319431781768799e-01
4.462619423866271973e-01 1.064827013760805130e-02 -9.735595085658133030e-04 -1.332596410065889359e-02
4.464749097824096680e-01 -1.844597011804580688e-01 -1.240078825503587723e-03 2.790496349334716797e-01
4.427857100963592529e-01 1.067991461604833603e-02 4.340914078056812286e-03 -1.402415242046117783e-02
4.429993033409118652e-01 2.057393491268157959e-01 4.060430917888879776e-03 -3.053343296051025391e-01
4.471141099929809570e-01 1.055976469069719315e-02 -2.046255394816398621e-03 -1.137359719723463058e-02
4.473252892494201660e-01 -1.845327764749526978e-01 -2.273727441206574440e-03 2.806630134582519531e-01
4.436346292495727539e-01 1.062153000384569168e-02 3.339532762765884399e-03 -1.273617614060640335e-02
4.438470602035522461e-01 2.056954354047775269e-01 3.084809286519885063e-03 -3.043635785579681396e-01
4.479609727859497070e-01 1.052965223789215088e-02 -3.002462210133671761e-03 -1.070936676114797592e-02
4.481715857982635498e-01 -1.845491081476211548e-01 -3.216649405658245087e-03 2.810247242450714111e-01
4.444805979728698730e-01 1.061857584863901138e-02 2.403845312073826790e-03 -1.267097238451242447e-02
4.446929693222045898e-01 2.057059705257415771e-01 2.150425920262932777e-03 -3.045944869518280029e-01
4.488070905208587646e-01 1.055344007909297943e-02 -3.941463772207498550e-03 -1.123414468020200729e-02
4.490181505680084229e-01 -1.845117658376693726e-01 -4.166146740317344666e-03 2.802025973796844482e-01
4.453279078006744385e-01 1.066936738789081573e-02 1.437905128113925457e-03 -1.379140000790357590e-02
4.455412924289703369e-01 2.057706713676452637e-01 1.162077183835208416e-03 -3.060202896595001221e-01
4.496567249298095703e-01 1.063217688351869583e-02 -4.958328790962696075e-03 -1.297111343592405319e-02
4.498693645000457764e-01 -1.844183206558227539e-01 -5.217751022428274155e-03 2.781432867050170898e-01
4.461809992790222168e-01 1.077768113464117050e-02 3.451145603321492672e-04 -1.618073508143424988e-02
4.463965594768524170e-01 -1.843492239713668823e-01 2.149983083654660732e-05 2.766110599040985107e-01
4.427095651626586914e-01 1.077242661267518997e-02 5.553720984607934952e-03 -1.606508716940879822e-02
4.429250061511993408e-01 2.058142870664596558e-01 5.232419352978467941e-03 -3.069905936717987061e-01
4.470413029193878174e-01 1.061817444860935211e-02 -9.073924738913774490e-04 -1.266209408640861511e-02
4.472536444664001465e-01 -1.844907552003860474e-01 -1.160634332336485386e-03 2.797344028949737549e-01
4.435638487339019775e-01 1.064773648977279663e-02 4.434053786098957062e-03 -1.331436075270175934e-02
4.437767863273620605e-01 2.057058215141296387e-01 4.167766310274600983e-03 -3.045949935913085938e-01
4.478909075260162354e-01 1.052472088485956192e-02 -1.924133626744151115e-03 -1.060057710856199265e-02
4.481014013290405273e-01 -1.845695823431015015e-01 -2.136145019903779030e-03 2.814746499061584473e-01
4.444100260734558105e-01 1.058277301490306854e-02 3.493347670882940292e-03 -1.188125088810920715e-02
4.446216821670532227e-01 2.056544572114944458e-01 3.255722811445593834e-03 -3.034599423408508301e-01
4.487347602844238281e-01 1.048625260591506958e-02 -2.813476137816905975e-03 -9.752012789249420166e-03
4.489444792270660400e-01 -1.845952421426773071e-01 -3.008516272529959679e-03 2.820419073104858398e-01
4.452525973320007324e-01 1.056949794292449951e-02 2.632321789860725403e-03 -1.158837787806987762e-02
4.454639852046966553e-01 2.056535929441452026e-01 2.400554250925779343e-03 -3.034396171569824219e-01
4.495770335197448730e-01 1.049751881510019302e-02 -3.668238176032900810e-03 -1.000057440251111984e-02
4.497869908809661865e-01 -1.845716387033462524e-01 -3.868249710649251938e-03 2.815227210521697998e-01
4.460955560207366943e-01 1.060528121888637543e-02 1.762204919941723347e-03 -1.237771846354007721e-02
4.463076591491699219e-01 2.057019174098968506e-01 1.514650532044470310e-03 -3.045041263103485107e-01
4.504217207431793213e-01 1.055841147899627686e-02 -4.575431812554597855e-03 -1.134390104562044144e-02
4.506328701972961426e-01 -1.844976246356964111e-01 -4.802309907972812653e-03 2.798919081687927246e-01
4.469429254531860352e-01 1.069250237196683884e-02 7.955282926559448242e-04 -1.430176850408315659e-02
4.471567869186401367e-01 2.058030366897583008e-01 5.094929365441203117e-04 -3.067335784435272217e-01
4.512728452682495117e-01 1.067382842302322388e-02 -5.625179037451744080e-03 -1.389002613723278046e-02
4.514863193035125732e-01 -1.843670010566711426e-01 -5.902979522943496704e-03 2.770127952098846436e-01
4.477989673614501953e-01 1.083866599947214127e-02 -3.627235128078609705e-04 -1.752606965601444244e-02
4.480157494544982910e-01 -1.842780858278274536e-01 -7.132448954507708549e-04 2.750423848628997803e-01
4.443301856517791748e-01 1.085403840988874435e-02 4.787602927535772324e-03 -1.786540821194648743e-02
4.445472657680511475e-01 2.059070020914077759e-01 4.430294502526521683e-03 -3.090339601039886475e-01
