3.076812811195850372e-02 -4.645889624953269958e-03 -2.713285945355892181e-02 -3.978377580642700195e-02
3.067521005868911743e-02 -1.993684619665145874e-01 -2.792853489518165588e-02 2.442164868116378784e-01
2.668784186244010925e-02 -3.940806090831756592e-01 -2.304420433938503265e-02 5.279608964920043945e-01
1.880623027682304382e-02 -1.986421346664428711e-01 -1.248498726636171341e-02 2.281066179275512695e-01
1.483338698744773865e-02 -3.935834765434265137e-01 -7.922855205833911896e-03 5.168253183364868164e-01
6.961717270314693451e-03 -1.983508467674255371e-01 2.413651440292596817e-03 2.216563075780868530e-01
2.994700334966182709e-03 -3.263485617935657501e-03 6.846777629107236862e-03 -7.026427239179611206e-02
2.929430687800049782e-03 -1.984829306602478027e-01 5.441492423415184021e-03 2.245709598064422607e-01
-1.040227827616035938e-03 -3.439164953306317329e-03 9.932911023497581482e-03 -6.639055907726287842e-02
-1.109011122025549412e-03 -1.987021118402481079e-01 8.605100214481353760e-03 2.294096350669860840e-01
-5.083053372800350189e-03 -3.704174188897013664e-03 1.319329254329204559e-02 -6.054656952619552612e-02
-5.157136823982000351e-03 -1.990127861499786377e-01 1.198236178606748581e-02 2.362695634365081787e-01
-9.137392044067382812e-03 -4.064052365720272064e-03 1.670775189995765686e-02 -5.260980874300003052e-02
-9.218673221766948700e-03 -1.994215399026870728e-01 1.565555669367313385e-02 2.452973723411560059e-01
-1.320710405707359314e-02 -4.526649136096239090e-03 2.056150324642658234e-02 -4.240659251809120178e-02
-1.329763699322938919e-02 1.902945190668106079e-01 1.971337199211120605e-02 -3.285319209098815918e-01
-9.491747245192527771e-03 -5.102451890707015991e-03 1.314273383468389511e-02 -2.969805337488651276e-02
-9.593795984983444214e-03 -2.004103809595108032e-01 1.254877261817455292e-02 2.671023905277252197e-01
-1.360200345516204834e-02 -5.469758063554763794e-03 1.789082027971744537e-02 -2.159627713263034821e-02
-1.371139846742153168e-02 1.893911063671112061e-01 1.745889522135257721e-02 -3.085811734199523926e-01
-9.923576377332210541e-03 -5.975195672363042831e-03 1.128727197647094727e-02 -1.044373027980327606e-02
-1.004308089613914490e-02 -2.012571841478347778e-01 1.107839681208133698e-02 2.857789993286132812e-01
-1.406822446733713150e-02 -6.294971797615289688e-03 1.679397746920585632e-02 -3.389410441741347313e-03
-1.419412344694137573e-02 1.885821521282196045e-01 1.672618836164474487e-02 -2.907266914844512939e-01
-1.042248029261827469e-02 -6.774253211915493011e-03 1.091165468096733093e-02 7.184210233390331268e-03
-1.055796537548303604e-02 1.881895214319229126e-01 1.105533912777900696e-02 -2.820360958576202393e-01
-6.794175133109092712e-03 -7.088360376656055450e-03 5.414617247879505157e-03 1.411304716020822525e-02
-6.935942452400922775e-03 -2.022875398397445679e-01 5.696878302842378616e-03 3.084994256496429443e-01
-1.098169293254613876e-02 -7.247226778417825699e-03 1.186686661094427109e-02 1.761856488883495331e-02
-1.112663745880126953e-02 1.877025514841079712e-01 1.221923809498548508e-02 -2.712967395782470703e-01
-7.372586987912654877e-03 -7.591617293655872345e-03 6.793303415179252625e-03 2.521501481533050537e-02
-7.524419110268354416e-03 1.874322593212127686e-01 7.297603879123926163e-03 -2.653168439865112305e-01
-3.775774035602807999e-03 -7.793087512254714966e-03 1.991267083212733269e-03 2.965886518359184265e-02
-3.931635990738868713e-03 -2.029435336589813232e-01 2.584444358944892883e-03 3.229694068431854248e-01
-7.990506477653980255e-03 -7.858484052121639252e-03 9.043832309544086456e-03 3.110261447727680206e-02
-8.147676475346088409e-03 1.871326118707656860e-01 9.665885008871555328e-03 -2.587132155895233154e-01
-4.405023995786905289e-03 -8.125985041260719299e-03 4.491620231419801712e-03 3.700271993875503540e-02
-4.567543510347604752e-03 1.869312673807144165e-01 5.231674760580062866e-03 -2.542596757411956787e-01
-8.289183024317026138e-04 -8.264990523457527161e-03 1.464810775360092521e-04 4.006881266832351685e-02
-9.942181641235947609e-04 -2.033890485763549805e-01 9.478572756052017212e-04 3.327979445457458496e-01
-5.061998963356018066e-03 -8.280594833195209503e-03 7.603816222399473190e-03 4.041408002376556396e-02
-5.227610934525728226e-03 1.867315024137496948e-01 8.412097580730915070e-03 -2.498601078987121582e-01
-1.492980867624282837e-03 -8.509566076099872589e-03 3.414895851165056229e-03 4.546426236629486084e-02
-1.663172151893377304e-03 1.865632534027099609e-01 4.324181005358695984e-03 -2.461392879486083984e-01
2.068092813715338707e-03 -8.620191365480422974e-03 -5.986044998280704021e-04 4.790445044636726379e-02
1.895689056254923344e-03 -2.037335485219955444e-01 3.594844893086701632e-04 3.403984606266021729e-01
-2.178982133045792580e-03 -8.616719394922256470e-03 7.167453411966562271e-03 4.782890900969505310e-02
-2.351316390559077263e-03 1.864017248153686523e-01 8.124032057821750641e-03 -2.425840348005294800e-01
1.376718049868941307e-03 -8.835320360958576202e-03 3.272351110354065895e-03 5.265031382441520691e-02
1.200011698529124260e-03 1.862395554780960083e-01 4.325357265770435333e-03 -2.389983683824539185e-01
4.924802575260400772e-03 -8.943918161094188690e-03 -4.546100972220301628e-04 5.504575744271278381e-02
4.745924379676580429e-03 -2.040593475103378296e-01 6.463050376623868942e-04 3.475852012634277344e-01
6.647374830208718777e-04 -8.946594782173633575e-03 7.598009426146745682e-03 5.510616302490234375e-02
4.858055617660284042e-04 1.860655993223190308e-01 8.700132369995117188e-03 -2.351698875427246094e-01
4.207117483019828796e-03 -9.179574437439441681e-03 3.996734973043203354e-03 6.024459004402160645e-02
4.023525863885879517e-03 1.858848482370376587e-01 5.201626569032669067e-03 -2.311746627092361450e-01
7.741222623735666275e-03 -9.311046451330184937e-03 5.781333893537521362e-04 6.314448267221450806e-02
7.555001880973577499e-03 -2.044412791728973389e-01 1.841022982262074947e-03 3.560097515583038330e-01
3.466176334768533707e-03 -9.345554746687412262e-03 8.961218409240245819e-03 6.390792131423950195e-02
3.279265249148011208e-03 1.856467723846435547e-01 1.023937668651342392e-02 -2.259342670440673828e-01
6.992200855165719986e-03 -9.620004333555698395e-03 5.720691289752721786e-03 6.996087729930877686e-02
6.799800787121057510e-03 1.854194700717926025e-01 7.119908928871154785e-03 -2.209116667509078979e-01
1.050818990916013718e-02 -9.803527966141700745e-03 2.701675286516547203e-03 7.400863617658615112e-02
1.031211949884891510e-02 1.852795928716659546e-01 4.181847907602787018e-03 -2.178206741809844971e-01
1.401771139353513718e-02 -9.901893325150012970e-03 -1.745655317790806293e-04 7.617843896150588989e-02
1.381967309862375259e-02 -2.050213366746902466e-01 1.349003287032246590e-03 3.688062727451324463e-01
9.719246067106723785e-03 -9.918584488332271576e-03 8.725129067897796631e-03 7.654902338981628418e-02
9.520874358713626862e-03 1.850772053003311157e-01 1.025610975921154022e-02 -2.133683711290359497e-01
1.322241872549057007e-02 -1.018986478447914124e-02 5.988742224872112274e-03 8.253207057714462280e-02
1.301862113177776337e-02 1.848457306623458862e-01 7.639383431524038315e-03 -2.082553952932357788e-01
1.671553589403629303e-02 -1.038462016731500626e-02 3.474275581538677216e-03 8.682754635810852051e-02
1.650784350931644440e-02 1.846873611211776733e-01 5.210826639086008072e-03 -2.047572284936904907e-01
2.020159177482128143e-02 -1.050872169435024261e-02 1.115682069212198257e-03 8.956489711999893188e-02
1.999141648411750793e-02 1.845972239971160889e-01 2.906979992985725403e-03 -2.027658224105834961e-01
2.368336170911788940e-02 -1.056618429720401764e-02 -1.148336450569331646e-03 9.083269536495208740e-02
2.347203716635704041e-02 -2.056716531515121460e-01 6.683174869976937771e-04 3.831531107425689697e-01
1.935860328376293182e-02 -1.055920124053955078e-02 8.331379853188991547e-03 9.068097174167633057e-02
1.914742030203342438e-02 1.844423413276672363e-01 1.014499925076961517e-02 -1.993618011474609375e-01
2.283626608550548553e-02 -1.082322373986244202e-02 6.157762836664915085e-03 9.650405496358871460e-02
2.261980250477790833e-02 1.842099279165267944e-01 8.087843656539916992e-03 -1.942297667264938354e-01
2.630400098860263824e-02 -1.102677173912525177e-02 4.203248769044876099e-03 1.009935215115547180e-01
2.608346566557884216e-02 1.840346902608871460e-01 6.223119329661130905e-03 -1.903603374958038330e-01
2.976415865123271942e-02 -1.117573585361242294e-02 2.415912458673119545e-03 1.042792201042175293e-01
2.954064495861530304e-02 1.839115172624588013e-01 4.501496907323598862e-03 -1.876405179500579834e-01
3.321887552738189697e-02 -1.127455383539199829e-02 7.486864342354238033e-04 1.064590439200401306e-01
3.299338370561599731e-02 1.838366538286209106e-01 2.877867314964532852e-03 -1.859875768423080444e-01
3.667011857032775879e-02 -1.132634840905666351e-02 -8.418842917308211327e-04 1.076018139719963074e-01
3.644359111785888672e-02 -2.064362317323684692e-01 1.310152001678943634e-03 4.000190198421478271e-01
3.231486678123474121e-02 -1.133288349956274033e-02 9.310532361268997192e-03 1.077494323253631592e-01
3.208820894360542297e-02 1.836544126272201538e-01 1.146552059799432755e-02 -1.819815784692764282e-01
3.576129674911499023e-02 -1.162970252335071564e-02 7.825888693332672119e-03 1.142961308360099792e-01
3.552870079874992371e-02 1.833792477846145630e-01 1.011181157082319260e-02 -1.759075373411178589e-01
3.919628635048866272e-02 -1.188594847917556763e-02 6.593660917133092880e-03 1.199480965733528137e-01
3.895856812596321106e-02 1.831409186124801636e-01 8.992622606456279755e-03 -1.706473231315612793e-01
4.262138530611991882e-02 -1.210858672857284546e-02 5.579676479101181030e-03 1.248588860034942627e-01
4.237921535968780518e-02 1.829329878091812134e-01 8.076854050159454346e-03 -1.660585105419158936e-01
4.603787511587142944e-02 -1.230364479124546051e-02 4.755683708935976028e-03 1.291614621877670288e-01
4.579180106520652771e-02 1.827498525381088257e-01 7.338913157582283020e-03 -1.620173156261444092e-01
4.944679886102676392e-02 -1.247638184577226639e-02 4.098566714674234390e-03 1.329717785120010376e-01
4.919727146625518799e-02 1.825866252183914185e-01 6.758002098649740219e-03 -1.584153026342391968e-01
5.284900218248367310e-02 -1.263142842799425125e-02 3.589696250855922699e-03 1.363919228315353394e-01
5.259637534618377686e-02 1.824389249086380005e-01 6.317534949630498886e-03 -1.551563441753387451e-01
5.624515190720558167e-02 -1.277291029691696167e-02 3.214407945051789284e-03 1.395129114389419556e-01
5.598969385027885437e-02 1.823028624057769775e-01 6.004665978252887726e-03 -1.521541923284530640e-01
5.963575094938278198e-02 -1.290455926209688187e-02 2.961582038551568985e-03 1.424169987440109253e-01
5.937766283750534058e-02 1.821748465299606323e-01 5.809922236949205399e-03 -1.493301242589950562e-01
6.302116066217422485e-02 -1.302981097251176834e-02 2.823319751769304276e-03 1.451800316572189331e-01
6.276056170463562012e-02 1.820515990257263184e-01 5.726920440793037415e-03 -1.466108560562133789e-01
6.640159338712692261e-02 -1.315189898014068604e-02 2.794703468680381775e-03 1.478732973337173462e-01
6.613855808973312378e-02 1.819299161434173584e-01 5.752169527113437653e-03 -1.439266502857208252e-01
6.977715343236923218e-02 -1.327393483370542526e-02 2.873636316508054733e-03 1.505654156208038330e-01
6.951167434453964233e-02 1.818067431449890137e-01 5.884944926947355270e-03 -1.412095576524734497e-01
7.314781099557876587e-02 -1.339898910373449326e-02 3.060753690078854561e-03 1.533241420984268188e-01
7.287982851266860962e-02 1.816790103912353516e-01 6.127236410975456238e-03 -1.383916139602661133e-01
7.651340961456298828e-02 -1.353016868233680725e-02 3.359404392540454865e-03 1.562180519104003906e-01
7.624280452728271484e-02 1.815435290336608887e-01 6.483765318989753723e-03 -1.354031711816787720e-01
7.987368106842041016e-02 -1.367069501429796219e-02 3.775701858103275299e-03 1.593182086944580078e-01
7.960026711225509644e-02 1.813969910144805908e-01 6.962066050618886948e-03 -1.321711838245391846e-01
8.322820067405700684e-02 -1.382398605346679688e-02 4.318642430007457733e-03 1.627000123262405396e-01
8.295172452926635742e-02 1.812358796596527100e-01 7.572642527520656586e-03 -1.286173611879348755e-01
8.657643944025039673e-02 -1.399373263120651245e-02 5.000295117497444153e-03 1.664449870586395264e-01
8.629656583070755005e-02 1.810562908649444580e-01 8.329194970428943634e-03 -1.246563047170639038e-01
8.991768956184387207e-02 -1.418399438261985779e-02 5.836068652570247650e-03 1.706427186727523804e-01
8.963401615619659424e-02 1.808539330959320068e-01 9.248923510313034058e-03 -1.201934143900871277e-01
9.325109422206878662e-02 -1.439929381012916565e-02 6.845054682344198227e-03 1.753930598497390747e-01
9.296310693025588989e-02 1.806240230798721313e-01 1.035291608422994614e-02 -1.151226460933685303e-01
9.657558798789978027e-02 -1.464472245424985886e-02 8.050463162362575531e-03 1.808084845542907715e-01
9.628269076347351074e-02 1.803611069917678833e-01 1.166663318872451782e-02 -1.093239709734916687e-01
9.988991171121597290e-02 -1.492606103420257568e-02 9.480153210461139679e-03 1.870167553424835205e-01
9.959139674901962280e-02 1.800589859485626221e-01 1.322048902511596680e-02 -1.026605367660522461e-01
1.031925752758979797e-01 -1.524991635233163834e-02 1.116727758198976517e-02 1.941639184951782227e-01
1.028875708580017090e-01 1.797105222940444946e-01 1.505055651068687439e-02 -9.497539699077606201e-02
1.064817830920219421e-01 -1.562387123703956604e-02 1.315104868263006210e-02 2.024177163839340210e-01
1.061693057417869568e-01 1.793075501918792725e-01 1.719940267503261566e-02 -8.608784526586532593e-02
1.097554564476013184e-01 -1.605665870010852814e-02 1.547764521092176437e-02 2.119715064764022827e-01
1.094343289732933044e-01 1.788406223058700562e-01 1.971707493066787720e-02 -7.578914612531661987e-02
1.130111366510391235e-01 -1.655836403369903564e-02 1.820129342377185822e-02 2.230487912893295288e-01
1.126799732446670532e-01 1.782987713813781738e-01 2.266226895153522491e-02 -6.383761018514633179e-02
1.162459477782249451e-01 3.730885982513427734e-01 2.138551697134971619e-02 -3.492851853370666504e-01
1.237077191472053528e-01 1.776691228151321411e-01 1.439981255680322647e-02 -4.993613436818122864e-02
1.272611021995544434e-01 3.725816607475280762e-01 1.340109016746282578e-02 -3.380412459373474121e-01
1.347127407789230347e-01 1.772716045379638672e-01 6.640265230089426041e-03 -4.116265475749969482e-02
1.382581591606140137e-01 -1.794493198394775391e-02 5.817012395709753036e-03 2.536079287528991699e-01
1.378992646932601929e-01 1.770934760570526123e-01 1.088917069137096405e-02 -3.723455220460891724e-02
1.414411365985870361e-01 3.720575869083404541e-01 1.014447957277297974e-02 -3.264620304107666016e-01
1.488822847604751587e-01 1.767926961183547974e-01 3.615238936617970467e-03 -3.059733286499977112e-02
1.524181365966796875e-01 3.718626201152801514e-01 3.003292251378297806e-03 -3.221374154090881348e-01
1.598553955554962158e-01 1.766980290412902832e-01 -3.439456224441528320e-03 -2.850889228284358978e-02
1.633893549442291260e-01 -1.837443187832832336e-02 -4.009634256362915039e-03 2.630868554115295410e-01
1.630218625068664551e-01 1.768045276403427124e-01 1.252103247679769993e-03 -3.085804171860218048e-02
1.665579527616500854e-01 3.719084858894348145e-01 6.349423783831298351e-04 -3.231456577777862549e-01
1.739961206912994385e-01 1.767775118350982666e-01 -5.827970802783966064e-03 -3.026255778968334198e-02
1.775316745042800903e-01 -1.826038211584091187e-02 -6.433221977204084396e-03 2.605758905410766602e-01
1.771664768457412720e-01 1.769528090953826904e-01 -1.221703831106424332e-03 -3.412918746471405029e-02
1.807055324316024780e-01 -1.815159991383552551e-02 -1.904287608340382576e-03 2.581680417060852051e-01
1.803424954414367676e-01 1.769974827766418457e-01 3.259073011577129364e-03 -3.511492908000946045e-02
1.838824450969696045e-01 3.720725476741790771e-01 2.556774299591779709e-03 -3.267678022384643555e-01
1.913238912820816040e-01 1.769142895936965942e-01 -3.978581633418798447e-03 -3.327968344092369080e-02
1.948621869087219238e-01 -1.815038174390792847e-02 -4.644175525754690170e-03 2.581453025341033936e-01
1.944991797208786011e-01 1.770375669002532959e-01 5.187307833693921566e-04 -3.599883243441581726e-02
1.980399191379547119e-01 3.721520602703094482e-01 -2.012458862736821175e-04 -3.285180628299713135e-01
2.054829597473144531e-01 1.770329922437667847e-01 -6.771606858819723129e-03 -3.589859232306480408e-02
2.090236246585845947e-01 -1.799120754003524780e-02 -7.489578798413276672e-03 2.546401619911193848e-01
2.086638063192367554e-01 1.772368699312210083e-01 -2.396775642409920692e-03 -4.039567708969116211e-02
2.122085392475128174e-01 3.723931014537811279e-01 -3.204689128324389458e-03 -3.338338434696197510e-01
2.196564078330993652e-01 1.773169189691543579e-01 -9.881366044282913208e-03 -4.216323420405387878e-02
2.232027351856231689e-01 -1.766194961965084076e-02 -1.072463113814592361e-02 2.473857253789901733e-01
2.228495031595230103e-01 1.776115149259567261e-01 -5.776916164904832840e-03 -4.866060987114906311e-02
2.264017313718795776e-01 -1.742712780833244324e-02 -6.750128697603940964e-03 2.421940714120864868e-01
2.260531932115554810e-01 1.777905970811843872e-01 -1.906247227452695370e-03 -5.261036381125450134e-02
2.296089977025985718e-01 3.729398250579833984e-01 -2.958454424515366554e-03 -3.458941280841827393e-01
2.370678037405014038e-01 1.778600811958312988e-01 -9.876336902379989624e-03 -5.414556339383125305e-02
2.406249940395355225e-01 -1.711887679994106293e-02 -1.095924805849790573e-02 2.354050129652023315e-01
2.402826249599456787e-01 1.781579256057739258e-01 -6.251147948205471039e-03 -6.071455776691436768e-02
2.438457757234573364e-01 -1.687384210526943207e-02 -7.465438917279243469e-03 2.299895584583282471e-01
2.435083091259002686e-01 1.783539950847625732e-01 -2.865647897124290466e-03 -6.503885239362716675e-02
2.470753788948059082e-01 -1.672676019370555878e-02 -4.166425205767154694e-03 2.267385721206665039e-01
2.467408478260040283e-01 1.784544885158538818e-01 3.683464019559323788e-04 -6.725568324327468872e-02
2.503099441528320312e-01 3.735711574554443359e-01 -9.767672745510935783e-04 -3.598223626613616943e-01
2.577813565731048584e-01 1.784631013870239258e-01 -8.173215202987194061e-03 -6.744760274887084961e-02
2.613506317138671875e-01 -1.654072105884552002e-02 -9.522167034447193146e-03 2.226454615592956543e-01
2.610197961330413818e-01 1.787160336971282959e-01 -5.069257691502571106e-03 -7.302585244178771973e-02
2.645941376686096191e-01 -1.633288525044918060e-02 -6.529774516820907593e-03 2.180534005165100098e-01
2.642674744129180908e-01 1.788817942142486572e-01 -2.168706618249416351e-03 -7.668212801218032837e-02
2.678450942039489746e-01 -1.620899513363838196e-02 -3.702349262312054634e-03 2.153157740831375122e-01
2.675209343433380127e-01 1.789656877517700195e-01 6.039663567207753658e-04 -7.853273302316665649e-02
2.711002528667449951e-01 3.740789890289306641e-01 -9.666882106103003025e-04 -3.710250556468963623e-01
2.785818278789520264e-01 1.789707690477371216e-01 -8.387189358472824097e-03 -7.864707708358764648e-02
2.821612358093261719e-01 -1.602994650602340698e-02 -9.960130788385868073e-03 2.113779038190841675e-01
2.818406224250793457e-01 1.792329847812652588e-01 -5.732572637498378754e-03 -8.443019539117813110e-02
2.854253053665161133e-01 -1.580632291734218597e-02 -7.421176414936780930e-03 2.064386010169982910e-01
2.851091623306274414e-01 1.794209629297256470e-01 -3.292404580861330032e-03 -8.857607096433639526e-02
2.886976003646850586e-01 -1.565364561975002289e-02 -5.063925869762897491e-03 2.030662894248962402e-01
2.883845269680023193e-01 1.795403659343719482e-01 -1.002600183710455894e-03 -9.120975434780120850e-02
2.919753193855285645e-01 -1.556720770895481110e-02 -2.826795214787125587e-03 2.011566907167434692e-01
2.916639745235443115e-01 1.795950531959533691e-01 1.196338445879518986e-03 -9.241662174463272095e-02
2.952558696269989014e-01 3.746998310089111328e-01 -6.519939634017646313e-04 -3.847218751907348633e-01
3.027498722076416016e-01 1.795871555805206299e-01 -8.346430957317352295e-03 -9.224458038806915283e-02
3.063416182994842529e-01 -1.541417930275201797e-02 -1.019132323563098907e-02 1.977934092283248901e-01
3.060333430767059326e-01 1.798520535230636597e-01 -6.235454697161912918e-03 -9.808691591024398804e-02
3.096303641796112061e-01 -1.517998427152633667e-02 -8.197193033993244171e-03 1.926222294569015503e-01
3.093267679214477539e-01 1.800582706928253174e-01 -4.344748333096504211e-03 -1.026352494955062866e-01
3.129279315471649170e-01 -1.500115171074867249e-02 -6.397453602403402328e-03 1.886737644672393799e-01
3.126279115676879883e-01 1.802117377519607544e-01 -2.623978303745388985e-03 -1.060204207897186279e-01
3.162321448326110840e-01 -1.487251091748476028e-02 -4.744386766105890274e-03 1.858334988355636597e-01
3.159347176551818848e-01 1.803169995546340942e-01 -1.027716789394617081e-03 -1.083423197269439697e-01
3.195410370826721191e-01 -1.479020994156599045e-02 -3.194563090801239014e-03 1.840161979198455811e-01
3.192452490329742432e-01 1.803773045539855957e-01 4.857606545556336641e-04 -1.096727848052978516e-01
3.228527903556823730e-01 3.754923045635223389e-01 -1.707695075310766697e-03 -4.022024273872375488e-01
3.303626179695129395e-01 1.803946048021316528e-01 -9.751743637025356293e-03 -1.100583747029304504e-01
3.339705169200897217e-01 -1.458626147359609604e-02 -1.195291057229042053e-02 1.795320510864257812e-01
3.336788117885589600e-01 1.807046830654144287e-01 -8.362269960343837738e-03 -1.168975085020065308e-01
3.372928798198699951e-01 -1.429646462202072144e-02 -1.070022024214267731e-02 1.731355041265487671e-01
3.370069563388824463e-01 1.809769868850708008e-01 -7.237509824335575104e-03 -1.229037046432495117e-01
3.406265079975128174e-01 -1.404053531587123871e-02 -9.695583954453468323e-03 1.674870997667312622e-01
3.403456807136535645e-01 1.812188476324081421e-01 -6.345842033624649048e-03 -1.282386630773544312e-01
3.439700603485107422e-01 -1.381162367761135101e-02 -8.910614997148513794e-03 1.624354869127273560e-01
3.436938226222991943e-01 1.814367473125457764e-01 -5.661905743181705475e-03 -1.330451369285583496e-01
3.473225831985473633e-01 -1.360364537686109543e-02 -8.322807960212230682e-03 1.578461825847625732e-01
3.470504879951477051e-01 1.816364675760269165e-01 -5.165884736925363541e-03 -1.374507248401641846e-01
3.506832420825958252e-01 -1.341111026704311371e-02 -7.914898917078971863e-03 1.535979807376861572e-01
3.504149913787841797e-01 1.818232685327529907e-01 -4.842939786612987518e-03 -1.415713727474212646e-01
3.540514707565307617e-01 -1.322898734360933304e-02 -7.674367167055606842e-03 1.495797634124755859e-01
3.537868857383728027e-01 1.820020079612731934e-01 -4.682772327214479446e-03 -1.455143541097640991e-01
3.574269413948059082e-01 -1.305256597697734833e-02 -7.593059446662664413e-03 1.456875652074813843e-01
3.571658730506896973e-01 1.821772903203964233e-01 -4.679307807236909866e-03 -1.493811160326004028e-01
3.608094155788421631e-01 -1.287733763456344604e-02 -7.666930556297302246e-03 1.418219208717346191e-01
3.605518937110900879e-01 1.823535710573196411e-01 -4.830492194741964340e-03 -1.532699018716812134e-01
3.641989529132843018e-01 -1.269887946546077728e-02 -7.895889692008495331e-03 1.378852128982543945e-01
3.639449775218963623e-01 1.825352758169174194e-01 -5.138185806572437286e-03 -1.572782546281814575e-01
3.675956726074218750e-01 -1.251274161040782928e-02 -8.283751085400581360e-03 1.337792873382568359e-01
3.673454225063323975e-01 1.827268749475479126e-01 -5.608165170997381210e-03 -1.615055054426193237e-01
3.709999620914459229e-01 -1.231433730572462082e-02 -8.838275447487831116e-03 1.294029355049133301e-01
3.707536756992340088e-01 1.829331070184707642e-01 -6.250216625630855560e-03 -1.660552024841308594e-01
3.744123280048370361e-01 -1.209882646799087524e-02 -9.571320377290248871e-03 1.246494203805923462e-01
3.741703629493713379e-01 1.831589341163635254e-01 -7.078332360833883286e-03 -1.710377186536788940e-01
3.778335452079772949e-01 -1.186099834740161896e-02 -1.049908623099327087e-02 1.194038316607475281e-01
3.775963187217712402e-01 1.834097951650619507e-01 -8.111010305583477020e-03 -1.765728890895843506e-01
3.812645077705383301e-01 -1.159514766186475754e-02 -1.164246816188097000e-02 1.135402917861938477e-01
3.810326159000396729e-01 1.836916804313659668e-01 -9.371662512421607971e-03 -1.827929019927978516e-01
3.847064375877380371e-01 -1.129493303596973419e-02 -1.302751991897821426e-02 1.069189384579658508e-01
3.844805359840393066e-01 1.840112656354904175e-01 -1.088914088904857635e-02 -1.898454725742340088e-01
3.881607651710510254e-01 -1.095322892069816589e-02 -1.468605082482099533e-02 9.938257932662963867e-02
3.879417181015014648e-01 1.843760907649993896e-01 -1.269839890301227570e-02 -1.978973448276519775e-01
3.916292190551757812e-01 -1.056195423007011414e-02 -1.665634661912918091e-02 9.075291454792022705e-02
3.914179801940917969e-01 -2.054412513971328735e-01 -1.484128739684820175e-02 3.781345784664154053e-01
3.873091638088226318e-01 -1.011170446872711182e-02 -7.278596516698598862e-03 8.080933988094329834e-02
3.871069252490997314e-01 1.851138323545455933e-01 -5.662409588694572449e-03 -2.141610831022262573e-01
3.908092081546783447e-01 -9.926715865731239319e-03 -9.945631027221679688e-03 7.673029601573944092e-02
3.906106650829315186e-01 1.853363960981369019e-01 -8.411025628447532654e-03 -2.190738469362258911e-01
3.943173885345458984e-01 -9.664324112236499786e-03 -1.279250252991914749e-02 7.094407081604003906e-02
3.941241204738616943e-01 -2.046005576848983765e-01 -1.137362048029899597e-02 3.595636188983917236e-01
3.900321125984191895e-01 -9.318792261183261871e-03 -4.182348493486642838e-03 6.331612914800643921e-02
3.898457288742065430e-01 1.858628690242767334e-01 -2.916026161983609200e-03 -2.306834161281585693e-01
3.935629725456237793e-01 -9.217288345098495483e-03 -7.529694586992263794e-03 6.107826903462409973e-02
3.933786451816558838e-01 1.860118061304092407e-01 -6.308129057288169861e-03 -2.339707762002944946e-01
3.970988690853118896e-01 -9.019446559250354767e-03 -1.098754443228244781e-02 5.671570077538490295e-02
3.969184756278991699e-01 -2.039821445941925049e-01 -9.853230789303779602e-03 3.459118306636810303e-01
3.928388357162475586e-01 -8.721430785953998566e-03 -2.934994408860802650e-03 5.013816431164741516e-02
3.926644027233123779e-01 1.864424794912338257e-01 -1.932231127284467220e-03 -2.434693276882171631e-01
3.963932693004608154e-01 -8.651816286146640778e-03 -6.801617797464132309e-03 4.860349744558334351e-02
3.962202370166778564e-01 -2.036755830049514771e-01 -5.829547531902790070e-03 3.391327261924743652e-01
3.921467065811157227e-01 -8.471166715025901794e-03 9.531065588817000389e-04 4.461719468235969543e-02
3.919772803783416748e-01 1.866371035575866699e-01 1.845450489781796932e-03 -2.477648705244064331e-01
3.957100212574005127e-01 -8.511153981089591980e-03 -3.109846962615847588e-03 4.549958556890487671e-02
3.955398201942443848e-01 1.866552531719207764e-01 -2.199855167418718338e-03 -2.481629103422164917e-01
3.992729187011718750e-01 -8.435213007032871246e-03 -7.163113448768854141e-03 4.382532835006713867e-02
3.991042077541351318e-01 -2.034537196159362793e-01 -6.286606658250093460e-03 3.342396616935729980e-01
3.950351476669311523e-01 -8.242861367762088776e-03 3.981862391810864210e-04 3.958089649677276611e-02
3.948702812194824219e-01 1.868733763694763184e-01 1.189804170280694962e-03 -2.529763579368591309e-01
3.986077606678009033e-01 -8.265542797744274139e-03 -3.869723295792937279e-03 4.008160158991813660e-02
3.984424471855163574e-01 -2.033317834138870239e-01 -3.068091347813606262e-03 3.315410912036895752e-01
3.943758010864257812e-01 -8.166301064193248749e-03 3.562730504199862480e-03 3.789221495389938354e-02
3.942124843597412109e-01 1.869043856859207153e-01 4.320574924349784851e-03 -2.536645233631134033e-01
3.979505598545074463e-01 -8.278995752334594727e-03 -7.527154521085321903e-04 4.037806764245033264e-02
3.977849781513214111e-01 1.868537366390228271e-01 5.484588837134651840e-05 -2.525422573089599609e-01
4.015220701694488525e-01 -8.268993347883224487e-03 -4.995999392122030258e-03 4.015797004103660583e-02
4.013566672801971436e-01 -2.033189535140991211e-01 -4.192839842289686203e-03 3.312604427337646484e-01
3.972902894020080566e-01 -8.137565106153488159e-03 2.432368928566575050e-03 3.725824132561683655e-02
3.971275389194488525e-01 1.869494169950485229e-01 3.177533857524394989e-03 -2.546562552452087402e-01
4.008665382862091064e-01 -8.217754773795604706e-03 -1.915591303259134293e-03 3.902722522616386414e-02
4.007021784782409668e-01 1.869316101074218750e-01 -1.135046826675534248e-03 -2.542594671249389648e-01
4.044408202171325684e-01 -8.174112997949123383e-03 -6.220236420631408691e-03 3.806522116065025330e-02
4.042773246765136719e-01 -2.032063156366348267e-01 -5.458931904286146164e-03 3.287791311740875244e-01
4.002132117748260498e-01 -8.007078431546688080e-03 1.116650644689798355e-03 3.437971696257591248e-02
4.000530540943145752e-01 1.870988458395004272e-01 1.804245053790509701e-03 -2.579506933689117432e-01
4.037950336933135986e-01 -8.048821240663528442e-03 -3.354768734425306320e-03 3.530078008770942688e-02
4.036340713500976562e-01 -2.031224966049194336e-01 -2.648753114044666290e-03 3.269233703613281250e-01
3.995716273784637451e-01 -7.962942123413085938e-03 3.889714134857058525e-03 3.340630978345870972e-02
3.994123637676239014e-01 1.871030181646347046e-01 4.557840526103973389e-03 -2.580468356609344482e-01
4.031544029712677002e-01 -8.083710446953773499e-03 -6.030963268131017685e-04 3.607020899653434753e-02
4.029927551746368408e-01 1.870468854904174805e-01 1.183078129542991519e-04 -2.568029463291168213e-01
4.067336916923522949e-01 -8.076755329966545105e-03 -5.017750896513462067e-03 3.591730073094367981e-02
4.065721333026885986e-01 -2.031263858079910278e-01 -4.299405030906200409e-03 3.270128667354583740e-01
4.025096297264099121e-01 -7.943495176732540131e-03 2.240852219983935356e-03 3.297719731926918030e-02
4.023507535457611084e-01 1.871462464332580566e-01 2.900396240875124931e-03 -2.589978873729705811e-01
4.060936570167541504e-01 -8.016987703740596771e-03 -2.279561245813965797e-03 3.459846600890159607e-02
4.059333205223083496e-01 -2.031061798334121704e-01 -1.587591948918998241e-03 3.265613019466400146e-01
4.018712043762207031e-01 -7.961656898260116577e-03 4.943633917719125748e-03 3.337813541293144226e-02
4.017119705677032471e-01 1.870890557765960693e-01 5.611196625977754593e-03 -2.577409446239471436e-01
4.054537415504455566e-01 -8.112555369734764099e-03 4.563780094031244516e-04 3.670655563473701477e-02
4.052914977073669434e-01 1.870028525590896606e-01 1.190509065054357052e-03 -2.558323442935943604e-01
4.090315699577331543e-01 -8.136080577969551086e-03 -3.926137927919626236e-03 3.722584992647171021e-02
4.088688492774963379e-01 -2.032015174627304077e-01 -3.181620733812451363e-03 3.286674618721008301e-01
4.048047959804534912e-01 -8.034410886466503143e-03 3.391728503629565239e-03 3.498289734125137329e-02
4.046441316604614258e-01 1.870387345552444458e-01 4.091386217623949051e-03 -2.566279768943786621e-01
4.083848893642425537e-01 -8.141387253999710083e-03 -1.041173236444592476e-03 3.734262287616729736e-02
4.082220792770385742e-01 1.869954764842987061e-01 -2.943208091892302036e-04 -2.556686103343963623e-01
4.119619727134704590e-01 -8.122268132865428925e-03 -5.407693330198526382e-03 3.692145645618438721e-02
4.117995202541351318e-01 -2.031662613153457642e-01 -4.669263958930969238e-03 3.278933167457580566e-01
4.077362120151519775e-01 -7.978143170475959778e-03 1.888602040708065033e-03 3.374157100915908813e-02
4.075766503810882568e-01 1.871166676282882690e-01 2.563433488830924034e-03 -2.583448886871337891e-01
4.113189876079559326e-01 -8.041780441999435425e-03 -2.603464294224977493e-03 3.514548018574714661e-02
4.111581444740295410e-01 1.871174126863479614e-01 -1.900554634630680084e-03 -2.583577334880828857e-01
4.149004817008972168e-01 -7.977358065545558929e-03 -7.067709229886531830e-03 3.372513130307197571e-02
4.147409498691558838e-01 -2.029972523450851440e-01 -6.393206771463155746e-03 3.241697549819946289e-01
4.106810092926025391e-01 -7.784849032759666443e-03 9.018883429234847426e-05 2.947756834328174591e-02
4.105252921581268311e-01 1.873358041048049927e-01 6.797402165830135345e-04 -2.631768882274627686e-01
4.142720103263854980e-01 -7.795838639140129089e-03 -4.583797883242368698e-03 2.972034364938735962e-02
4.141161143779754639e-01 -2.028517574071884155e-01 -3.989391028881072998e-03 3.209535181522369385e-01
4.100590646266937256e-01 -7.673220243304967880e-03 2.429679268971085548e-03 2.701516263186931610e-02
4.099056124687194824e-01 1.874137967824935913e-01 2.969982568174600601e-03 -2.649001777172088623e-01
4.136538803577423096e-01 -7.750412449240684509e-03 -2.328020986169576645e-03 2.871802262961864471e-02
4.134988784790039062e-01 -2.028388977050781250e-01 -1.753660617396235466e-03 3.206655383110046387e-01
4.094420969486236572e-01 -7.692019455134868622e-03 4.659649915993213654e-03 2.743007615208625793e-02
4.092882573604583740e-01 1.873628050088882446e-01 5.208251532167196274e-03 -2.637790441513061523e-01
4.130355119705200195e-01 -7.833102717995643616e-03 -6.732945621479302645e-05 3.054205887019634247e-02
4.128788411617279053e-01 1.872898191213607788e-01 5.435117054730653763e-04 -2.621621191501617432e-01
4.166246354579925537e-01 -7.839891128242015839e-03 -4.699730314314365387e-03 3.069219551980495453e-02
4.164678454399108887e-01 -2.028941363096237183e-01 -4.085886757820844650e-03 3.218885958194732666e-01
4.124099612236022949e-01 -7.714235223829746246e-03 2.351885661482810974e-03 2.791996113955974579e-02
4.122556746006011963e-01 1.873739063739776611e-01 2.910284791141748428e-03 -2.640199959278106689e-01
4.160031676292419434e-01 -7.789460010826587677e-03 -2.370115136727690697e-03 2.957944385707378387e-02
4.158473610877990723e-01 -2.028773427009582520e-01 -1.778526115231215954e-03 3.215136229991912842e-01
4.117898046970367432e-01 -7.730109151452779770e-03 4.651746712625026703e-03 2.827036008238792419e-02
4.116352200508117676e-01 1.873248219490051270e-01 5.217153578996658325e-03 -2.629412710666656494e-01
4.153816998004913330e-01 -7.871205918490886688e-03 -4.167165025137364864e-05 3.138263151049613953e-02
4.152242839336395264e-01 1.872513443231582642e-01 5.859809461981058121e-04 -2.613134384155273438e-01
4.189693033695220947e-01 -7.878968492150306702e-03 -4.640287719666957855e-03 3.155425190925598145e-02
4.188117384910583496e-01 -2.029340714216232300e-01 -4.009203054010868073e-03 3.227695226669311523e-01
4.147530496120452881e-01 -7.755257654935121536e-03 2.446187427267432213e-03 2.882494591176509857e-02
4.145979583263397217e-01 1.873315274715423584e-01 3.022686345502734184e-03 -2.630851864814758301e-01
4.183445870876312256e-01 -7.833437994122505188e-03 -2.239017281681299210e-03 3.054960072040557861e-02
4.181879162788391113e-01 1.873205453157424927e-01 -1.628025318495929241e-03 -2.628389298915863037e-01
4.219343364238739014e-01 -7.778124418109655380e-03 -6.884803529828786850e-03 2.933006733655929565e-02
4.217787683010101318e-01 -2.028006762266159058e-01 -6.298202555626630783e-03 3.198328316211700439e-01
4.177227318286895752e-01 -7.589590735733509064e-03 9.845431486610323191e-05 2.517036534845829010e-02
4.175709486007690430e-01 1.875309497117996216e-01 6.018616259098052979e-04 -2.674815058708190918e-01
4.213215708732604980e-01 -7.599587086588144302e-03 -4.747768398374319077e-03 2.539120055735111237e-02
4.211695790290832520e-01 -2.026531249284744263e-01 -4.239944275468587875e-03 3.165723681449890137e-01
4.171165227890014648e-01 -7.471044547855854034e-03 2.091503236442804337e-03 2.255534194409847260e-02
4.169670939445495605e-01 1.876208484172821045e-01 2.542610280215740204e-03 -2.694669663906097412e-01
4.207195043563842773e-01 -7.537293247878551483e-03 -2.846729010343551636e-03 2.401683852076530457e-02
4.205687642097473145e-01 -2.026183009147644043e-01 -2.366392174735665321e-03 3.158002197742462158e-01
4.165163934230804443e-01 -7.462725974619388580e-03 3.949612379074096680e-03 2.237196452915668488e-02
4.163671433925628662e-01 1.876023560762405396e-01 4.397051874548196793e-03 -2.690621912479400635e-01
4.201191961765289307e-01 -7.582061924040317535e-03 -9.841923601925373077e-04 2.500433288514614105e-02
4.199675619602203369e-01 1.875539869070053101e-01 -4.841056943405419588e-04 -2.679889500141143799e-01
4.237186312675476074e-01 -7.561049424111843109e-03 -5.843884777277708054e-03 2.454124204814434052e-02
4.235674142837524414e-01 -2.025987058877944946e-01 -5.353060085326433182e-03 3.153746426105499268e-01
4.195154309272766113e-01 -7.400916889309883118e-03 9.544328786432743073e-04 2.100835740566253662e-02
4.193674325942993164e-01 1.877073347568511963e-01 1.374600105918943882e-03 -2.713732719421386719e-01
4.231215715408325195e-01 -7.434205617755651474e-03 -4.052865784615278244e-03 2.174288406968116760e-02
4.229728877544403076e-01 -2.024977952241897583e-01 -3.618007991462945938e-03 3.131443262100219727e-01
4.189229309558868408e-01 -7.324495818465948105e-03 2.644878812134265900e-03 1.932260021567344666e-02
4.187764227390289307e-01 1.877594292163848877e-01 3.031330881640315056e-03 -2.725246548652648926e-01
4.225316345691680908e-01 -7.405648473650217056e-03 -2.419162541627883911e-03 2.111281082034111023e-02
4.223835170269012451e-01 -2.024928182363510132e-01 -1.996906241402029991e-03 3.130314946174621582e-01
4.183336496353149414e-01 -7.342481054365634918e-03 4.263723269104957581e-03 1.971946470439434052e-02
4.181868135929107666e-01 1.877180635929107666e-01 4.658112768083810806e-03 -2.716151773929595947e-01
4.219411611557006836e-01 -7.470044307410717010e-03 -7.741905865259468555e-04 2.253330312669277191e-02
4.217917621135711670e-01 1.876630038022994995e-01 -3.235245239920914173e-04 -2.703937888145446777e-01
4.255450367927551270e-01 -7.454331964254379272e-03 -5.731400102376937866e-03 2.218707837164402008e-02
4.253959357738494873e-01 -2.024936228990554810e-01 -5.287658888846635818e-03 3.130562007427215576e-01
4.213460683822631836e-01 -7.296744734048843384e-03 9.734649793244898319e-04 1.871039904654026031e-02
4.212001264095306396e-01 1.878112256526947021e-01 1.347673009149730206e-03 -2.736652195453643799e-01
4.249563515186309814e-01 -7.329921703785657883e-03 -4.125631414353847504e-03 1.944245211780071259e-02
4.248097538948059082e-01 -2.023924589157104492e-01 -3.736782586202025414e-03 3.108208477497100830e-01
4.207619130611419678e-01 -7.217474747449159622e-03 2.479634247720241547e-03 1.696179248392581940e-02
4.206175506114959717e-01 1.878688335418701172e-01 2.818870125338435173e-03 -2.749377489089965820e-01
4.243749380111694336e-01 -7.293228525668382645e-03 -2.679884899407625198e-03 1.863291673362255096e-02
4.242290854454040527e-01 -2.023766487836837769e-01 -2.307226415723562241e-03 3.104691207408905029e-01
4.201815426349639893e-01 -7.221897598356008530e-03 3.902155673131346703e-03 1.705943979322910309e-02
4.200370907783508301e-01 1.878438740968704224e-01 4.243344534188508987e-03 -2.743897736072540283e-01
4.237939715385437012e-01 -7.338361814618110657e-03 -1.244450802914798260e-03 1.962849870324134827e-02
4.236472249031066895e-01 -2.024424374103546143e-01 -8.518807590007781982e-04 3.119185268878936768e-01
4.195983707904815674e-01 -7.308367174118757248e-03 5.386489909142255783e-03 1.896706596016883850e-02
4.194521903991699219e-01 1.877359300851821899e-01 5.765831097960472107e-03 -2.720115184783935547e-01
4.232069253921508789e-01 -7.467825431376695633e-03 3.256009658798575401e-04 2.248439565300941467e-02
4.230575561523437500e-01 1.876494586467742920e-01 7.752888486720621586e-04 -2.700957953929901123e-01
4.268105328083038330e-01 -7.483551744371652603e-03 -4.626626614481210709e-03 2.283157408237457275e-02
4.266608655452728271e-01 -2.025388479232788086e-01 -4.169995430856943130e-03 3.140511512756347656e-01
4.226101040840148926e-01 -7.357743103057146072e-03 2.111027948558330536e-03 2.005607634782791138e-02
4.224629402160644531e-01 1.877338737249374390e-01 2.512149512767791748e-03 -2.719600498676300049e-01
4.262176156044006348e-01 -7.423837669193744659e-03 -2.927051624283194542e-03 2.151415869593620300e-02
4.260691404342651367e-01 -2.025036960840225220e-01 -2.496768254786729813e-03 3.132721185684204102e-01
4.220190644264221191e-01 -7.346259430050849915e-03 3.768674330785870552e-03 1.980284973978996277e-02
4.218721389770507812e-01 1.877214461565017700e-01 4.164731130003929138e-03 -2.716886401176452637e-01
4.256265759468078613e-01 -7.459688466042280197e-03 -1.269041444174945354e-03 2.230494655668735504e-02
4.254773855209350586e-01 1.876804381608963013e-01 -8.229425293393433094e-04 -2.707781195640563965e-01
4.292309880256652832e-01 -7.429759018123149872e-03 -6.238504778593778610e-03 2.164514735341072083e-02
4.290823936462402344e-01 -2.024616897106170654e-01 -5.805601831525564194e-03 3.123532533645629883e-01
4.250331521034240723e-01 -7.257514633238315582e-03 4.414631694089621305e-04 1.784507557749748230e-02
4.248880147933959961e-01 1.878581047058105469e-01 7.983646937645971775e-04 -2.746985256671905518e-01
4.286451637744903564e-01 -7.275230716913938522e-03 -4.695605952292680740e-03 1.823609508574008942e-02
4.284996688365936279e-01 -2.023295313119888306e-01 -4.330884199589490891e-03 3.094338178634643555e-01
4.244530797004699707e-01 -7.146138697862625122e-03 1.857792143709957600e-03 1.538819726556539536e-02
4.243101477622985840e-01 1.879491209983825684e-01 2.165556186810135841e-03 -2.767080068588256836e-01
4.280691444873809814e-01 -7.203659042716026306e-03 -3.368603764101862907e-03 1.665716059505939484e-02
4.279250502586364746e-01 -2.022771388292312622e-01 -3.035460598766803741e-03 3.082753419876098633e-01
4.238795340061187744e-01 -7.112068124115467072e-03 3.130046417936682701e-03 1.463667117059230804e-02
4.237372875213623047e-01 1.879648566246032715e-01 3.422779962420463562e-03 -2.770570516586303711e-01
4.274965822696685791e-01 -7.205760106444358826e-03 -2.118360949680209160e-03 1.670345477759838104e-02
4.273524582386016846e-01 -2.022972702980041504e-01 -1.784291933290660381e-03 3.087172508239746094e-01
4.233065247535705566e-01 -7.149938493967056274e-03 4.390053451061248779e-03 1.547215227037668228e-02
4.231635034084320068e-01 1.879087835550308228e-01 4.699496552348136902e-03 -2.758224308490753174e-01
4.269216954708099365e-01 -7.279903627932071686e-03 -8.169523789547383785e-04 1.833900623023509979e-02
4.267760813236236572e-01 -2.023901343345642090e-01 -4.501722578424960375e-04 3.107640743255615234e-01
4.227283000946044922e-01 -7.261767517775297165e-03 5.765108857303857803e-03 1.793919876217842102e-02
4.225830435752868652e-01 1.877770274877548218e-01 6.123892962932586670e-03 -2.729192078113555908e-01
4.263385832309722900e-01 -7.431760895997285843e-03 6.655087927356362343e-04 2.168890647590160370e-02
4.261899590492248535e-01 1.876806467771530151e-01 1.099286950193345547e-03 -2.707839608192443848e-01
4.299435615539550781e-01 -7.456980645656585693e-03 -4.316392354667186737e-03 2.224547229707241058e-02
4.297944307327270508e-01 -2.025167644023895264e-01 -3.871483029797673225e-03 3.135634064674377441e-01
4.257440865039825439e-01 -7.339877542108297348e-03 2.399785211309790611e-03 1.966205798089504242e-02
4.255973100662231445e-01 1.877475827932357788e-01 2.793026389554142952e-03 -2.722627520561218262e-01
4.293522536754608154e-01 -7.414117455482482910e-03 -2.652228577062487602e-03 2.129980362951755524e-02
4.292039573192596436e-01 -2.024979293346405029e-01 -2.226232551038265228e-03 3.131447434425354004e-01
4.251540005207061768e-01 -7.344338111579418182e-03 4.036662168800830841e-03 1.976056396961212158e-02
4.250071346759796143e-01 1.877194941043853760e-01 4.431873559951782227e-03 -2.716460227966308594e-01
4.287615120410919189e-01 -7.465419359505176544e-03 -1.001046737655997276e-03 2.243143692612648010e-02
4.286122024059295654e-01 1.876708716154098511e-01 -5.524180014617741108e-04 -2.705671489238739014e-01
4.323656260967254639e-01 -7.443190552294254303e-03 -5.963761359453201294e-03 2.194147743284702301e-02
4.322167634963989258e-01 -2.024791091680526733e-01 -5.524931475520133972e-03 3.127368092536926270e-01
4.281671941280364990e-01 -7.278887555003166199e-03 7.298046839423477650e-04 1.831663213670253754e-02
4.280216097831726074e-01 1.878325939178466797e-01 1.096137333661317825e-03 -2.741359472274780273e-01
4.317782521247863770e-01 -7.304984144866466522e-03 -4.386581480503082275e-03 1.889250613749027252e-02
4.316321611404418945e-01 -2.023637592792510986e-01 -4.008731339126825333e-03 3.101882040500640869e-01
4.275848865509033203e-01 -7.184917107224464417e-03 2.195032546296715736e-03 1.624372787773609161e-02
4.274411797523498535e-01 1.879054903984069824e-01 2.519906964153051376e-03 -2.757458388805389404e-01
4.311992824077606201e-01 -7.252326700836420059e-03 -2.995009534060955048e-03 1.773080974817276001e-02
4.310542345046997070e-01 -2.023312002420425415e-01 -2.640393562614917755e-03 3.094672858715057373e-01
4.270076155662536621e-01 -7.171726319938898087e-03 3.548952052369713783e-03 1.595281064510345459e-02
4.268641769886016846e-01 1.878991425037384033e-01 3.868008265271782875e-03 -2.756082713603973389e-01
4.306221604347229004e-01 -7.277774158865213394e-03 -1.644157222472131252e-03 1.829211600124835968e-02
4.304766058921813965e-01 -2.023761123418807983e-01 -1.278314855881035328e-03 3.104558289051055908e-01
4.264290928840637207e-01 -7.235967088490724564e-03 4.930801689624786377e-03 1.737004145979881287e-02
4.262843728065490723e-01 1.878149211406707764e-01 5.278202705085277557e-03 -2.737530767917633057e-01
4.300406575202941895e-01 -7.381938397884368896e-03 -1.968590804608538747e-04 2.058991231024265289e-02
4.298930168151855469e-01 1.877428293228149414e-01 2.149391511920839548e-04 -2.721551060676574707e-01
4.336479008197784424e-01 -7.382181938737630844e-03 -5.228163208812475204e-03 2.059559151530265808e-02
4.335002303123474121e-01 -2.024287730455398560e-01 -4.816251341253519058e-03 3.116244077682495117e-01
4.294516742229461670e-01 -7.238532416522502899e-03 1.416236511431634426e-03 1.742646843194961548e-02
4.293068945407867432e-01 1.878630816936492920e-01 1.764765940606594086e-03 -2.748092710971832275e-01
4.330641627311706543e-01 -7.284006569534540176e-03 -3.731419797986745834e-03 1.842973195016384125e-02
4.329184889793395996e-01 -2.023522406816482544e-01 -3.362825140357017517e-03 3.099330067634582520e-01
4.288714230060577393e-01 -7.182544562965631485e-03 2.835835330188274384e-03 1.619145460426807404e-02
4.287277758121490479e-01 1.878986209630966187e-01 3.159664338454604149e-03 -2.755953967571258545e-01
4.324857592582702637e-01 -7.268265821039676666e-03 -2.352243289351463318e-03 1.808242499828338623e-02
4.323403835296630859e-01 -2.023563981056213379e-01 -1.990594901144504547e-03 3.100222647190093994e-01
4.282932579517364502e-01 -7.206148002296686172e-03 4.209850449115037918e-03 1.671222597360610962e-02
4.281491339206695557e-01 1.878551691770553589e-01 4.544095136225223541e-03 -2.746394872665405273e-01
4.319062530994415283e-01 -7.331313565373420715e-03 -9.486945928074419498e-04 1.947319507598876953e-02
4.317596256732940674e-01 1.878042370080947876e-01 -5.592306843027472496e-04 -2.735089063644409180e-01
4.355157017707824707e-01 -7.309737149626016617e-03 -6.029408890753984451e-03 1.899758726358413696e-02
4.353695213794708252e-01 -2.023447006940841675e-01 -5.649457219988107681e-03 3.097720742225646973e-01
4.313226044178009033e-01 -7.142717018723487854e-03 5.459846579469740391e-04 1.531284488737583160e-02
4.311797618865966797e-01 1.879713982343673706e-01 8.522415300831198692e-04 -2.771977782249450684e-01
4.349391758441925049e-01 -7.162699475884437561e-03 -4.691713955253362656e-03 1.575383357703685760e-02
4.347959458827972412e-01 -2.022170573472976685e-01 -4.376637283712625504e-03 3.069527745246887207e-01
4.307515919208526611e-01 -7.033010944724082947e-03 1.762418542057275772e-03 1.289279852062463760e-02
4.306109249591827393e-01 1.880636215209960938e-01 2.020274521782994270e-03 -2.792335450649261475e-01
4.343722164630889893e-01 -7.087091915309429169e-03 -3.564396407455205917e-03 1.408588886260986328e-02
4.342304468154907227e-01 -2.021577507257461548e-01 -3.282678546383976936e-03 3.056420683860778809e-01
4.301873147487640381e-01 -6.989168003201484680e-03 2.830163110047578812e-03 1.192568615078926086e-02
4.300475120544433594e-01 1.880920827388763428e-01 3.068676684051752090e-03 -2.798629403114318848e-01
4.338093698024749756e-01 -7.073510903865098953e-03 -2.528582233935594559e-03 1.378624979406595230e-02
4.336678981781005859e-01 -2.021591067314147949e-01 -2.252857200801372528e-03 3.056703209877014160e-01
4.296247065067291260e-01 -7.005125284194946289e-03 3.860548837110400200e-03 1.227773632854223251e-02
4.294846057891845703e-01 1.880612522363662720e-01 4.106103442609310150e-03 -2.791846394538879395e-01
4.332458376884460449e-01 -7.119036745280027390e-03 -1.477589248679578304e-03 1.479050610214471817e-02
4.331034421920776367e-01 -2.022197693586349487e-01 -1.181779196485877037e-03 3.070068657398223877e-01
4.290590584278106689e-01 -7.080995012074708939e-03 4.958358127623796463e-03 1.395147480070590973e-02
4.289174377918243408e-01 1.879694908857345581e-01 5.237387958914041519e-03 -2.771629095077514648e-01
4.326768219470977783e-01 -7.226780056953430176e-03 -3.058705769944936037e-04 1.716726832091808319e-02
4.325322806835174561e-01 1.878995597362518311e-01 3.747479786397889256e-05 -2.756121456623077393e-01
4.362902939319610596e-01 -7.222929503768682480e-03 -5.474768113344907761e-03 1.708259806036949158e-02
4.361458122730255127e-01 -2.022659331560134888e-01 -5.133116152137517929e-03 3.080331683158874512e-01
4.321005046367645264e-01 -7.071224972605705261e-03 1.027546939440071583e-03 1.373581122606992722e-02
4.319590926170349121e-01 1.880359798669815063e-01 1.302263117395341396e-03 -2.786227464675903320e-01
4.357197880744934082e-01 -7.104529999196529388e-03 -4.270191770046949387e-03 1.447063870728015900e-02
4.355777204036712646e-01 -2.021649777889251709e-01 -3.980778623372316360e-03 3.058032095432281494e-01
4.315344095230102539e-01 -6.986530497670173645e-03 2.135285641998052597e-03 1.186751294881105423e-02
4.313946962356567383e-01 1.881047338247299194e-01 2.372635761275887489e-03 -2.801409363746643066e-01
4.351567625999450684e-01 -7.050983142107725143e-03 -3.230182919651269913e-03 1.328936312347650528e-02
4.350157678127288818e-01 -2.021264582872390747e-01 -2.964395796880125999e-03 3.049513697624206543e-01
4.309732317924499512e-01 -6.962390616536140442e-03 3.134631784632802010e-03 1.133503112941980362e-02
4.308339655399322510e-01 1.881144642829895020e-01 3.361332463100552559e-03 -2.803572416305541992e-01
4.345962703227996826e-01 -7.055272348225116730e-03 -2.245812211185693741e-03 1.338394731283187866e-02
4.344551563262939453e-01 -2.021449506282806396e-01 -1.978133339434862137e-03 3.053574562072753906e-01
