-3.469322249293327332e-02 4.750934615731239319e-02 4.570290446281433105e-02 2.658740617334842682e-02
-3.374303504824638367e-02 2.419470995664596558e-01 4.623465240001678467e-02 -2.513327002525329590e-01
-2.890409342944622040e-02 4.363793730735778809e-01 4.120799899101257324e-02 -5.290812849998474121e-01
-2.017650566995143890e-02 2.407026588916778564e-01 3.062637150287628174e-02 -2.237036824226379395e-01
-1.536245271563529968e-02 4.353738129138946533e-01 2.615229785442352295e-02 -5.065706968307495117e-01
-6.654976401478052139e-03 2.398932874202728271e-01 1.602088287472724915e-02 -2.057623118162155151e-01
-1.857110764831304550e-03 4.454594105482101440e-02 1.190563663840293884e-02 9.193104505538940430e-02
-9.661918738856911659e-04 2.394952476024627686e-01 1.374425832182168961e-02 -1.969720125198364258e-01
3.823712933808565140e-03 4.417942091822624207e-02 9.804817847907543182e-03 1.000147387385368347e-01
4.707301501184701920e-03 2.391594946384429932e-01 1.180511247366666794e-02 -1.895587444305419922e-01
9.490490891039371490e-03 4.387065768241882324e-02 8.013937622308731079e-03 1.068247184157371521e-01
1.036790478974580765e-02 2.388768494129180908e-01 1.015043258666992188e-02 -1.833191066980361938e-01
1.514544151723384857e-02 4.361114650964736938e-02 6.484049838036298752e-03 1.125485375523567200e-01
1.601766422390937805e-02 2.386395931243896484e-01 8.735020644962787628e-03 -1.780816763639450073e-01
2.079045586287975311e-02 4.339373484253883362e-02 5.173387005925178528e-03 1.173439994454383850e-01
2.165833115577697754e-02 2.384411841630935669e-01 7.520267274230718613e-03 -1.737022846937179565e-01
2.642715536057949066e-02 4.321241006255149841e-02 4.046221263706684113e-03 1.213435232639312744e-01
2.729140222072601318e-02 2.382761538028717041e-01 6.473091896623373032e-03 -1.700601130723953247e-01
3.205692768096923828e-02 4.306215792894363403e-02 3.071889514103531837e-03 1.246578246355056763e-01
3.291817009449005127e-02 2.381399571895599365e-01 5.565046332776546478e-03 -1.670543700456619263e-01
3.768096864223480225e-02 4.293879866600036621e-02 2.223958726972341537e-03 1.273789554834365845e-01
3.853974491357803345e-02 2.380288243293762207e-01 4.771538078784942627e-03 -1.646015048027038574e-01
4.330031946301460266e-02 4.283889010548591614e-02 1.479507889598608017e-03 1.295828819274902344e-01
4.415709897875785828e-02 2.379396110773086548e-01 4.071165341883897781e-03 -1.626329123973846436e-01
4.891588911414146423e-02 4.275961965322494507e-02 8.185073966160416603e-04 1.313315778970718384e-01
4.977108165621757507e-02 2.378698289394378662e-01 3.445138921961188316e-03 -1.610930114984512329e-01
5.452847853302955627e-02 4.269873350858688354e-02 2.232787664979696274e-04 1.326747834682464600e-01
5.538245290517807007e-02 2.378174811601638794e-01 2.876774175092577934e-03 -1.599376946687698364e-01
6.013880297541618347e-02 4.265446960926055908e-02 -3.219797217752784491e-04 1.336513906717300415e-01
6.099189445376396179e-02 2.377810329198837280e-01 2.351047936826944351e-03 -1.591331064701080322e-01
6.574751436710357666e-02 4.262549802660942078e-02 -8.316140738315880299e-04 1.342905908823013306e-01
6.660002470016479492e-02 2.377593517303466797e-01 1.854197704233229160e-03 -1.586545854806900024e-01
7.135520875453948975e-02 4.261090233922004700e-02 -1.318893861025571823e-03 1.346127241849899292e-01
7.220742851495742798e-02 2.377517223358154297e-01 1.373360515572130680e-03 -1.584860086441040039e-01
7.696246355772018433e-02 4.261013492941856384e-02 -1.796359545551240444e-03 1.346298605203628540e-01
7.781466841697692871e-02 2.377577722072601318e-01 8.962377905845642090e-04 -1.586192399263381958e-01
8.256982266902923584e-02 4.262299835681915283e-02 -2.276147017255425453e-03 1.343462914228439331e-01
8.342228084802627563e-02 2.377774864435195923e-01 4.107787099201232195e-04 -1.590538620948791504e-01
8.817782998085021973e-02 4.264964908361434937e-02 -2.770298393443226814e-03 1.337586343288421631e-01
8.903082460165023804e-02 2.378111779689788818e-01 -9.512589895166456699e-05 -1.597969979047775269e-01
9.378704428672790527e-02 4.269058257341384888e-02 -3.291065804660320282e-03 1.328559219837188721e-01
9.464085847139358521e-02 2.378595173358917236e-01 -6.339475512504577637e-04 -1.608634740114212036e-01
9.939804673194885254e-02 4.274665191769599915e-02 -3.851216984912753105e-03 1.316193938255310059e-01
1.002529859542846680e-01 2.379235625267028809e-01 -1.218829303979873657e-03 -1.622760593891143799e-01
1.050114557147026062e-01 4.281907528638839722e-02 -4.464350640773773193e-03 1.300221085548400879e-01
1.058678328990936279e-01 2.380046993494033813e-01 -1.863908139057457447e-03 -1.640659123659133911e-01
1.106279268860816956e-01 4.290947318077087402e-02 -5.145226139575242996e-03 1.280284225940704346e-01
1.114861220121383667e-01 2.381047606468200684e-01 -2.584657864645123482e-03 -1.662733107805252075e-01
1.162482127547264099e-01 4.301989451050758362e-02 -5.910124164074659348e-03 1.255931109189987183e-01
1.171086132526397705e-01 -1.520168930292129517e-01 -3.398261731490492821e-03 4.164056181907653809e-01
1.140682771801948547e-01 4.315305873751640320e-02 4.929850343614816666e-03 1.226532980799674988e-01
1.149313375353813171e-01 2.382040321826934814e-01 7.382916286587715149e-03 -1.684702485799789429e-01
1.196954175829887390e-01 4.297718778252601624e-02 4.013511352241039276e-03 1.265325993299484253e-01
1.205549612641334534e-01 2.380414158105850220e-01 6.544163450598716736e-03 -1.648814082145690918e-01
1.253157854080200195e-01 4.282639548182487488e-02 3.246535547077655792e-03 1.298588216304779053e-01
1.261723190546035767e-01 2.379016876220703125e-01 5.843712016940116882e-03 -1.617981046438217163e-01
1.309303492307662964e-01 4.269657284021377563e-02 2.607749775052070618e-03 1.327226161956787109e-01
1.317842751741409302e-01 2.377810776233673096e-01 5.262202117592096329e-03 -1.591364592313766479e-01
1.365399062633514404e-01 4.258418083190917969e-02 2.079472877085208893e-03 1.352019011974334717e-01
1.373915821313858032e-01 2.376762777566909790e-01 4.783511161804199219e-03 -1.568242609500885010e-01
1.421451121568679810e-01 4.248617216944694519e-02 1.647025928832590580e-03 1.373639106750488281e-01
1.429948359727859497e-01 2.375845015048980713e-01 4.394304007291793823e-03 -1.547989547252655029e-01
1.477465182542800903e-01 4.239990189671516418e-02 1.298325019888579845e-03 1.392670273780822754e-01
1.485945284366607666e-01 2.375032305717468262e-01 4.083665553480386734e-03 -1.530060172080993652e-01
1.533445864915847778e-01 4.232304915785789490e-02 1.023545511998236179e-03 1.409624218940734863e-01
1.541910469532012939e-01 2.374303191900253296e-01 3.842793870717287064e-03 -1.513974219560623169e-01
1.589396595954895020e-01 4.225356131792068481e-02 8.148454362526535988e-04 1.424953490495681763e-01
1.597847193479537964e-01 2.373638302087783813e-01 3.664752235636115074e-03 -1.499304026365280151e-01
1.645320057868957520e-01 4.218959435820579529e-02 6.661442457698285580e-04 1.439064145088195801e-01
1.653757989406585693e-01 2.373020052909851074e-01 3.544272622093558311e-03 -1.485662758350372314e-01
1.701218336820602417e-01 4.212947562336921692e-02 5.729472031816840172e-04 1.452326923608779907e-01
1.709644198417663574e-01 2.372432202100753784e-01 3.477600868791341782e-03 -1.472694277763366699e-01
1.757092922925949097e-01 4.207163676619529724e-02 5.322123761288821697e-04 1.465085744857788086e-01
1.765507161617279053e-01 2.371859699487686157e-01 3.462383989244699478e-03 -1.460063904523849487e-01
1.812944412231445312e-01 4.201460257172584534e-02 5.422561080195009708e-04 1.477668285369873047e-01
1.821347326040267944e-01 2.371287792921066284e-01 3.497592872008681297e-03 -1.447449773550033569e-01
1.868773102760314941e-01 4.195691645145416260e-02 6.026932969689369202e-04 1.490393280982971191e-01
1.877164542675018311e-01 2.370702326297760010e-01 3.583479672670364380e-03 -1.434534043073654175e-01
1.924578547477722168e-01 4.189714416861534119e-02 7.144116680137813091e-04 1.503578871488571167e-01
1.932957917451858521e-01 2.370088547468185425e-01 3.721569431945681572e-03 -1.420995742082595825e-01
1.980359703302383423e-01 4.183380678296089172e-02 8.795780595391988754e-04 1.517551243305206299e-01
1.988726407289505005e-01 2.369431555271148682e-01 3.914680331945419312e-03 -1.406501829624176025e-01
2.036115080118179321e-01 4.176535457372665405e-02 1.101676607504487038e-03 1.532651782035827637e-01
2.044468224048614502e-01 2.368715107440948486e-01 4.166980274021625519e-03 -1.390699893236160278e-01
2.091842442750930786e-01 4.169012978672981262e-02 1.385580399073660374e-03 1.549246311187744141e-01
2.100180536508560181e-01 2.367922067642211914e-01 4.484072793275117874e-03 -1.373208463191986084e-01
2.147538959980010986e-01 4.160632565617561340e-02 1.737655955366790295e-03 1.567733436822891235e-01
2.155860215425491333e-01 2.367033511400222778e-01 4.873123019933700562e-03 -1.353608816862106323e-01
2.203200906515121460e-01 4.151194170117378235e-02 2.165905199944972992e-03 1.588554531335830688e-01
2.211503237485885620e-01 2.366028130054473877e-01 5.343014374375343323e-03 -1.331433951854705811e-01
2.258823812007904053e-01 4.316478371620178223e-01 2.680146368220448494e-03 -4.241358935832977295e-01
2.345153391361236572e-01 2.364880144596099854e-01 -5.802571773529052734e-03 -1.306092739105224609e-01
2.392451018095016479e-01 4.144966229796409607e-02 -8.414757438004016876e-03 1.602373868227005005e-01
2.400740981101989746e-01 2.366910725831985474e-01 -5.210009403526782990e-03 -1.350882649421691895e-01
2.448079138994216919e-01 4.164412617683410645e-02 -7.911774329841136932e-03 1.559464484453201294e-01
2.456407994031906128e-01 2.368784546852111816e-01 -4.792845807969570160e-03 -1.392219215631484985e-01
2.503783702850341797e-01 4.182547703385353088e-02 -7.577284239232540131e-03 1.519450843334197998e-01
2.512148618698120117e-01 2.370551079511642456e-01 -4.538382403552532196e-03 -1.431186348199844360e-01
2.559559643268585205e-01 4.199844226241111755e-02 -7.400755304843187332e-03 1.481290608644485474e-01
2.567959427833557129e-01 2.372255921363830566e-01 -4.438173957169055939e-03 -1.468794345855712891e-01
2.615404725074768066e-01 4.216747358441352844e-02 -7.375762797892093658e-03 1.444000303745269775e-01
2.623838186264038086e-01 2.373942732810974121e-01 -4.487762227654457092e-03 -1.506006568670272827e-01
2.671316862106323242e-01 4.233686998486518860e-02 -7.499775383621454239e-03 1.406631022691726685e-01
2.679784297943115234e-01 2.375654280185699463e-01 -4.686512984335422516e-03 -1.543764024972915649e-01
2.727297544479370117e-01 4.251088947057723999e-02 -7.774041034281253815e-03 1.368243545293807983e-01
2.735799551010131836e-01 2.377433180809020996e-01 -5.037554074078798294e-03 -1.583009958267211914e-01
2.783348262310028076e-01 4.269385337829589844e-02 -8.203574456274509430e-03 1.327884644269943237e-01
2.791886925697326660e-01 2.379323542118072510e-01 -5.547804757952690125e-03 -1.624712496995925903e-01
2.839473485946655273e-01 4.289025440812110901e-02 -8.797229267656803131e-03 1.284563392400741577e-01
2.848051488399505615e-01 2.381371259689331055e-01 -6.228102836757898331e-03 -1.669889688491821289e-01
2.895678877830505371e-01 4.310486838221549988e-02 -9.567881934344768524e-03 1.237226799130439758e-01
2.904299795627593994e-01 2.383625805377960205e-01 -7.093428634107112885e-03 -1.719633936882019043e-01
2.951972484588623047e-01 4.334286972880363464e-02 -1.053269673138856888e-02 1.184733659029006958e-01
2.960641086101531982e-01 2.386141270399093628e-01 -8.163229562342166901e-03 -1.775138378143310547e-01
3.008363842964172363e-01 4.360995069146156311e-02 -1.171350665390491486e-02 1.125827208161354065e-01
3.017085790634155273e-01 2.388977706432342529e-01 -9.461851790547370911e-03 -1.837726086378097534e-01
3.064865469932556152e-01 4.391247034072875977e-02 -1.313730422407388687e-02 1.059105098247528076e-01
3.073647916316986084e-01 2.392202019691467285e-01 -1.101909391582012177e-02 -1.908880621194839478e-01
3.121491968631744385e-01 4.425760358572006226e-02 -1.483685523271560669e-02 9.829852730035781860e-02
3.130343556404113770e-01 2.395890206098556519e-01 -1.287088450044393539e-02 -1.990282237529754639e-01
3.178261220455169678e-01 4.465350136160850525e-02 -1.685144938528537750e-02 8.956690132617950439e-02
3.187192082405090332e-01 2.400128990411758423e-01 -1.506011094897985458e-02 -2.083846628665924072e-01
3.235194385051727295e-01 4.510948807001113892e-02 -1.922780461609363556e-02 7.950977981090545654e-02
3.244216442108154297e-01 -1.497316211462020874e-01 -1.763760857284069061e-02 3.660647869110107422e-01
3.214270174503326416e-01 4.563647136092185974e-02 -1.031631231307983398e-02 6.787304580211639404e-02
3.223397433757781982e-01 2.409047931432723999e-01 -8.958850987255573273e-03 -2.280467897653579712e-01
3.271578252315521240e-01 4.591201245784759521e-02 -1.351978722959756851e-02 6.179677695035934448e-02
3.280760645866394043e-01 -1.490135192871093750e-01 -1.228385139256715775e-02 3.501836359500885010e-01
3.250958025455474854e-01 4.628096148371696472e-02 -5.280178971588611603e-03 5.365267023444175720e-02
3.260214328765869141e-01 2.414782196283340454e-01 -4.207125399261713028e-03 -2.406915128231048584e-01
3.308509886264801025e-01 4.641662538051605225e-02 -9.020955301821231842e-03 5.066141486167907715e-02
3.317793309688568115e-01 2.416667640209197998e-01 -8.007727563381195068e-03 -2.448539882898330688e-01
3.366126716136932373e-01 4.666009172797203064e-02 -1.290480699390172958e-02 4.529238119721412659e-02
3.375458717346191406e-01 -1.482744514942169189e-01 -1.199895981699228287e-02 3.338759541511535645e-01
3.345803618431091309e-01 4.701619595289230347e-02 -5.321440286934375763e-03 3.743344545364379883e-02
3.355206847190856934e-01 2.422140538692474365e-01 -4.572771489620208740e-03 -2.569236755371093750e-01
3.403649628162384033e-01 4.715768247842788696e-02 -9.711245074868202209e-03 3.431341424584388733e-02
3.413081169128417969e-01 -1.478236615657806396e-01 -9.024976752698421478e-03 3.239165842533111572e-01
3.383516669273376465e-01 4.742562025785446167e-02 -2.546645002439618111e-03 2.840127982199192047e-02
3.393001556396484375e-01 2.425840049982070923e-01 -1.978619489818811417e-03 -2.650840580463409424e-01
3.441518545150756836e-01 4.749034345149993896e-02 -7.280300371348857880e-03 2.697414346039295197e-02
3.451016545295715332e-01 -1.475264430046081543e-01 -6.740817800164222717e-03 3.173511922359466553e-01
3.421511352062225342e-01 4.769086092710494995e-02 -3.937938890885561705e-04 2.255009301006793976e-02
3.431049287319183350e-01 2.428184598684310913e-01 5.720796616515144706e-05 -2.702570557594299316e-01
3.479613065719604492e-01 4.769568890333175659e-02 -5.347933154553174973e-03 2.244391664862632751e-02
3.489152193069458008e-01 2.428939193487167358e-01 -4.899054765701293945e-03 -2.719215452671051025e-01
3.537731170654296875e-01 4.784222319722175598e-02 -1.033748593181371689e-02 1.921219192445278168e-02
3.547299504280090332e-01 -1.471299678087234497e-01 -9.953241795301437378e-03 3.086156845092773438e-01
3.517873585224151611e-01 4.813238233327865601e-02 -3.780927974730730057e-03 1.281046401709318161e-02
3.527500033378601074e-01 -1.469351500272750854e-01 -3.524718806147575378e-03 3.042980730533599854e-01
3.498112857341766357e-01 4.823686182498931885e-02 2.561242552474141121e-03 1.050561480224132538e-02
3.507760167121887207e-01 2.433219850063323975e-01 2.771354978904128075e-03 -2.813681066036224365e-01
3.556424677371978760e-01 4.816061630845069885e-02 -2.856007311493158340e-03 1.218760199844837189e-02
3.566056787967681885e-01 2.433234155178070068e-01 -2.612255280837416649e-03 -2.813950479030609131e-01
3.614721596240997314e-01 4.823881760239601135e-02 -8.240156807005405426e-03 1.046282891184091568e-02
3.624369204044342041e-01 -1.467639952898025513e-01 -8.030899800360202789e-03 3.005345463752746582e-01
3.595016598701477051e-01 4.847149550914764404e-02 -2.020209096372127533e-03 5.329685285687446594e-03
3.604710698127746582e-01 2.436223626136779785e-01 -1.913615386001765728e-03 -2.879899442195892334e-01
3.653435111045837402e-01 4.852775111794471741e-02 -7.673414424061775208e-03 4.088819492608308792e-03
3.663140833377838135e-01 -1.464833170175552368e-01 -7.591638248413801193e-03 2.943408489227294922e-01
3.633844256401062012e-01 4.874604195356369019e-02 -1.704821246676146984e-03 -7.266703178174793720e-04
3.643593490123748779e-01 -1.463514119386672974e-01 -1.719354651868343353e-03 2.914178669452667236e-01
3.614323139190673828e-01 4.879500716924667358e-02 4.109003115445375443e-03 -1.806816784664988518e-03
3.624082207679748535e-01 2.438577860593795776e-01 4.072866402566432953e-03 -2.931904792785644531e-01
3.672853708267211914e-01 4.867800325155258179e-02 -1.790942857041954994e-03 7.741897716186940670e-04
3.682589232921600342e-01 2.438255995512008667e-01 -1.775459153577685356e-03 -2.924732565879821777e-01
3.731354475021362305e-01 4.872900247573852539e-02 -7.624924182891845703e-03 -3.508212103042751551e-04
3.741100132465362549e-01 -1.462827771902084351e-01 -7.631940767168998718e-03 2.899166345596313477e-01
3.711843490600585938e-01 4.894717037677764893e-02 -1.833608257584273815e-03 -5.163524299860000610e-03
3.721632957458496094e-01 -1.461484283208847046e-01 -1.936878659762442112e-03 2.869403064250946045e-01
3.692403435707092285e-01 4.900108650326728821e-02 3.801927668973803520e-03 -6.352859083563089371e-03
3.702203631401062012e-01 2.440683096647262573e-01 3.674870356917381287e-03 -2.978338003158569336e-01
3.751017153263092041e-01 4.889416322112083435e-02 -2.281805733218789101e-03 -3.994164057075977325e-03
3.760796189308166504e-01 2.440487593412399292e-01 -2.361689228564500809e-03 -2.973961532115936279e-01
3.809605836868286133e-01 4.896055907011032104e-02 -8.309612050652503967e-03 -5.458998028188943863e-03
3.819397985935211182e-01 -1.460412442684173584e-01 -8.418791927397251129e-03 2.845906019210815430e-01
3.790189623832702637e-01 4.919976368546485901e-02 -2.726980019360780716e-03 -1.073562074452638626e-02
3.800029754638671875e-01 -1.458829790353775024e-01 -2.941692480817437172e-03 2.810856699943542480e-01
3.770852982997894287e-01 4.928081482648849487e-02 2.680020872503519058e-03 -1.252360735088586807e-02
3.780709207057952881e-01 2.443642318248748779e-01 2.429548650979995728e-03 -3.043597638607025146e-01
3.829582035541534424e-01 4.920773953199386597e-02 -3.657646244391798973e-03 -1.091159414499998093e-02
3.839423656463623047e-01 -1.458615660667419434e-01 -3.875878173857927322e-03 2.806150615215301514e-01
3.810251355171203613e-01 4.931546002626419067e-02 1.736423000693321228e-03 -1.328778173774480820e-02
3.820114433765411377e-01 2.444124668836593628e-01 1.470667310059070587e-03 -3.054223358631134033e-01
3.868996798992156982e-01 4.926958680152893066e-02 -4.637779667973518372e-03 -1.227596402168273926e-02
3.878850638866424561e-01 -1.457855403423309326e-01 -4.883298650383949280e-03 2.789400815963745117e-01
3.849693536758422852e-01 4.940572381019592285e-02 6.955029675737023354e-04 -1.527901459485292435e-02
3.859574794769287109e-01 2.445176988840103149e-01 3.899227012880146503e-04 -3.077424168586730957e-01
3.908478319644927979e-01 4.939018934965133667e-02 -5.764925852417945862e-03 -1.493654865771532059e-02
3.918356299400329590e-01 -1.456486135721206665e-01 -6.063656881451606750e-03 2.759219110012054443e-01
3.889226615428924561e-01 4.955932125449180603e-02 -5.452184122987091541e-04 -1.866730861365795135e-02
3.899138569831848145e-01 -1.455548107624053955e-01 -9.185645612888038158e-04 2.738435566425323486e-01
3.870027661323547363e-01 4.958023875951766968e-02 4.558306187391281128e-03 -1.912895776331424713e-02
3.879943490028381348e-01 2.446365207433700562e-01 4.175727255642414093e-03 -3.103702068328857422e-01
3.928870856761932373e-01 4.945532977581024170e-02 -2.031676936894655228e-03 -1.637330651283264160e-02
3.938761949539184570e-01 -1.456374228000640869e-01 -2.359143225476145744e-03 2.756679058074951172e-01
3.909634351730346680e-01 4.951810464262962341e-02 3.154215170070528984e-03 -1.775815896689891815e-02
3.919537961483001709e-01 2.445946782827377319e-01 2.799051813781261444e-03 -3.094442188739776611e-01
3.968456983566284180e-01 4.943295940756797791e-02 -3.389832563698291779e-03 -1.587987318634986877e-02
3.978343605995178223e-01 -1.456402093172073364e-01 -3.707430092617869377e-03 2.757315933704376221e-01
3.949215710163116455e-01 4.953443631529808044e-02 1.807201886549592018e-03 -1.811834610998630524e-02
3.959122598171234131e-01 2.446304261684417725e-01 1.444834982976317406e-03 -3.102305233478546143e-01
4.008048474788665771e-01 4.948791489005088806e-02 -4.759775940328836441e-03 -1.709229685366153717e-02
4.017946124076843262e-01 -1.455654501914978027e-01 -5.101621616631746292e-03 2.740850746631622314e-01
3.988833129405975342e-01 4.962891712784767151e-02 3.800797858275473118e-04 -2.020254172384738922e-02
3.998758792877197266e-01 2.447454184293746948e-01 -2.397104617557488382e-05 -3.127655386924743652e-01
4.047707915306091309e-01 4.962380602955818176e-02 -6.279281340539455414e-03 -2.009015716612339020e-02
4.057632684707641602e-01 -1.454075276851654053e-01 -6.681084632873535156e-03 2.706049978733062744e-01
4.028551280498504639e-01 4.980911687016487122e-02 -1.268984982743859291e-03 -2.417767606675624847e-02
4.038513004779815674e-01 -1.452946215867996216e-01 -1.752538490109145641e-03 2.681046128273010254e-01
4.009453952312469482e-01 4.985230416059494019e-02 3.609553445130586624e-03 -2.513057366013526917e-02
4.019424617290496826e-01 2.449223101139068604e-01 3.106942167505621910e-03 -3.166724741458892822e-01
4.068408906459808350e-01 4.975624009966850281e-02 -3.226507222279906273e-03 -2.301133610308170319e-02
4.078360199928283691e-01 -1.453192979097366333e-01 -3.686733776703476906e-03 2.686518430709838867e-01
4.049296379089355469e-01 4.985507577657699585e-02 1.686303061433136463e-03 -2.519161626696586609e-02
4.059267342090606689e-01 2.449527978897094727e-01 1.182470703497529030e-03 -3.173420131206512451e-01
4.108257889747619629e-01 4.981403052806854248e-02 -5.164369475096464157e-03 -2.428641542792320251e-02
4.118220806121826172e-01 -1.452334821224212646e-01 -5.650097969919443130e-03 2.667626440525054932e-01
4.089173972606658936e-01 4.996865242719650269e-02 -3.148453251924365759e-04 -2.769701369106769562e-02
4.099167883396148682e-01 2.450951188802719116e-01 -8.687856025062501431e-04 -3.204792737960815430e-01
4.148186743259429932e-01 4.998555034399032593e-02 -7.278370670974254608e-03 -2.807044424116611481e-02
4.158183932304382324e-01 -1.450312733650207520e-01 -7.839779369533061981e-03 2.623072266578674316e-01
4.129177629947662354e-01 5.020170286297798157e-02 -2.593635348603129387e-03 -3.283811733126640320e-02
4.139218032360076904e-01 -1.448829621076583862e-01 -3.250397741794586182e-03 2.590253651142120361e-01
4.110241532325744629e-01 5.028524622321128845e-02 1.930109574459493160e-03 -3.468101099133491516e-02
4.120298624038696289e-01 2.453794628381729126e-01 1.236489391885697842e-03 -3.267543315887451172e-01
4.169374406337738037e-01 5.023993179202079773e-02 -5.298597272485494614e-03 -3.368173912167549133e-02
4.179422259330749512e-01 -1.448056399822235107e-01 -5.972232203930616379e-03 2.573247253894805908e-01
4.150461256504058838e-01 5.040106922388076782e-02 -8.257377194240689278e-04 -3.723593428730964661e-02
4.160541594028472900e-01 -1.447090357542037964e-01 -1.570456428453326225e-03 2.551863491535186768e-01
4.131599664688110352e-01 5.043530464172363281e-02 3.533270675688982010e-03 -3.799151256680488586e-02
4.141686558723449707e-01 2.455064058303833008e-01 2.773440442979335785e-03 -3.295575678348541260e-01
4.190787971019744873e-01 5.034508928656578064e-02 -3.817710792645812035e-03 -3.600131720304489136e-02
4.200856983661651611e-01 -1.447219103574752808e-01 -4.537736997008323669e-03 2.554746568202972412e-01
4.171912670135498047e-01 5.046453699469566345e-02 5.717556341551244259e-04 -3.863609954714775085e-02
4.182005524635314941e-01 -1.446656137704849243e-01 -2.009663730859756470e-04 2.542271614074707031e-01
4.153072535991668701e-01 5.045921355485916138e-02 4.883577115833759308e-03 -3.851914405822753906e-02
4.163164198398590088e-01 2.455107867717742920e-01 4.113194067031145096e-03 -3.296572566032409668e-01
4.212266504764556885e-01 5.033053085207939148e-02 -2.479951130226254463e-03 -3.568006679415702820e-02
4.222332537174224854e-01 -1.447557657957077026e-01 -3.193552372977137566e-03 2.562193870544433594e-01
4.193381369113922119e-01 5.041163042187690735e-02 1.930835074745118618e-03 -3.746913373470306396e-02
4.203463792800903320e-01 2.455058395862579346e-01 1.181452418677508831e-03 -3.295422494411468506e-01
4.252564907073974609e-01 5.036709085106849670e-02 -5.409392528235912323e-03 -3.648696839809417725e-02
4.262638390064239502e-01 -1.446768641471862793e-01 -6.139131728559732437e-03 2.544843554496765137e-01
4.233703017234802246e-01 5.053219571709632874e-02 -1.049444894306361675e-03 -4.012863337993621826e-02
4.243809282779693604e-01 -1.445746868848800659e-01 -1.852017594501376152e-03 2.522229850292205811e-01
4.214894473552703857e-01 5.057365819811820984e-02 3.192442469298839569e-03 -4.104351624846458435e-02
4.225009083747863770e-01 2.456496804952621460e-01 2.371572190895676613e-03 -3.327174782752990723e-01
4.274139106273651123e-01 5.049405619502067566e-02 -4.282777663320302963e-03 -3.928763046860694885e-02
4.284237921237945557e-01 -1.445662230253219604e-01 -5.068530328571796417e-03 2.520409524440765381e-01
4.255324602127075195e-01 5.062774196267127991e-02 -2.771088838926516473e-05 -4.223635047674179077e-02
4.265450239181518555e-01 -1.444938182830810547e-01 -8.724379586055874825e-04 2.504378259181976318e-01
4.236551523208618164e-01 5.064058676362037659e-02 4.136318806558847427e-03 -4.252015054225921631e-02
4.246679544448852539e-01 2.457029819488525391e-01 3.285915590822696686e-03 -3.338951766490936279e-01
4.295819997787475586e-01 5.053441599011421204e-02 -3.391987644135951996e-03 -4.017784446477890015e-02
4.305927157402038574e-01 -1.445387303829193115e-01 -4.195544403046369553e-03 2.514329552650451660e-01
4.277019202709197998e-01 5.064288154244422913e-02 8.331144927069544792e-04 -4.257037490606307983e-02
4.287147819995880127e-01 2.457528710365295410e-01 -1.829299799283035100e-05 -3.349903225898742676e-01
4.336298406124114990e-01 5.063118413090705872e-02 -6.718099582940340042e-03 -4.231316968798637390e-02
4.346424639225006104e-01 -1.443937867879867554e-01 -7.564363069832324982e-03 2.482425868511199951e-01
4.317545890808105469e-01 5.083536729216575623e-02 -2.599511295557022095e-03 -4.681668058037757874e-02
4.327712953090667725e-01 -1.442492157220840454e-01 -3.535844851285219193e-03 2.450449466705322266e-01
4.298863112926483154e-01 5.092306435108184814e-02 1.365053933113813400e-03 -4.875117167830467224e-02
4.309047758579254150e-01 -1.442184299230575562e-01 3.900305309798568487e-04 2.443621307611465454e-01
4.280204176902770996e-01 5.089794471859931946e-02 5.277273245155811310e-03 -4.819774627685546875e-02
4.290383756160736084e-01 2.459438294172286987e-01 4.313318058848381042e-03 -3.392109870910644531e-01
4.339572489261627197e-01 5.076076835393905640e-02 -2.470901468768715858e-03 -4.517100751399993896e-02
4.349724650382995605e-01 -1.443256735801696777e-01 -3.374321851879358292e-03 2.467312961816787720e-01
4.320859313011169434e-01 5.084431543946266174e-02 1.560304313898086548e-03 -4.701405018568038940e-02
4.331028163433074951e-01 2.459438592195510864e-01 6.200232892297208309e-04 -3.392042815685272217e-01
4.380217194557189941e-01 5.081309005618095398e-02 -6.164062302559614182e-03 -4.632589593529701233e-02
4.390379786491394043e-01 -1.442199349403381348e-01 -7.090580184012651443e-03 2.444058507680892944e-01
4.361535608768463135e-01 5.100257322192192078e-02 -2.202463103458285332e-03 -5.050515383481979370e-02
4.371736347675323486e-01 -1.440877318382263184e-01 -3.212566254660487175e-03 2.414820641279220581e-01
4.342918694019317627e-01 5.107996612787246704e-02 1.617075176909565926e-03 -5.221245810389518738e-02
4.353134632110595703e-01 -1.440651416778564453e-01 5.728259566240012646e-04 2.409802228212356567e-01
4.324321746826171875e-01 5.104862898588180542e-02 5.392430350184440613e-03 -5.152195692062377930e-02
4.334531426429748535e-01 2.460928410291671753e-01 4.361991304904222488e-03 -3.424986600875854492e-01
4.383749961853027344e-01 5.090910568833351135e-02 -2.487981691956520081e-03 -4.844341799616813660e-02
4.393931627273559570e-01 -1.441770792007446289e-01 -3.456850070506334305e-03 2.434534877538681030e-01
4.365096390247344971e-01 5.099407583475112915e-02 1.412219600751996040e-03 -5.031780898571014404e-02
4.375295042991638184e-01 -1.441480964422225952e-01 4.058634804096072912e-04 2.428103536367416382e-01
4.346465468406677246e-01 5.096805468201637268e-02 5.262070335447788239e-03 -4.974452778697013855e-02
4.356659054756164551e-01 2.460141628980636597e-01 4.267179872840642929e-03 -3.407625854015350342e-01
4.405862092971801758e-01 5.083175376057624817e-02 -2.548071788623929024e-03 -4.673710465431213379e-02
4.416028261184692383e-01 -1.442535668611526489e-01 -3.482813946902751923e-03 2.451407909393310547e-01
4.387177526950836182e-01 5.091795697808265686e-02 1.420001965016126633e-03 -4.863865673542022705e-02
4.397361278533935547e-01 2.460195124149322510e-01 4.472288419492542744e-04 -3.408732116222381592e-01
4.446565210819244385e-01 5.089120566844940186e-02 -6.370235700160264969e-03 -4.804930090904235840e-02
4.456743299961090088e-01 -1.441388279199600220e-01 -7.331221830099821091e-03 2.426169812679290771e-01
4.427915513515472412e-01 5.108707398176193237e-02 -2.478882204741239548e-03 -5.236936360597610474e-02
4.438132941722869873e-01 -1.439992487430572510e-01 -3.526269458234310150e-03 2.395304292440414429e-01
4.409333169460296631e-01 5.117290094494819641e-02 1.264339080080389977e-03 -5.426269769668579102e-02
4.419567584991455078e-01 -1.439671516418457031e-01 1.790851238183677197e-04 2.388188689947128296e-01
4.390774369239807129e-01 5.115223675966262817e-02 4.955462645739316940e-03 -5.380756407976150513e-02
4.401004612445831299e-01 2.462027817964553833e-01 3.879311261698603630e-03 -3.449229001998901367e-01
4.450245201587677002e-01 5.102586373686790466e-02 -3.019146621227264404e-03 -5.101919919252395630e-02
4.460450410842895508e-01 -1.440526694059371948e-01 -4.039530642330646515e-03 2.407096326351165771e-01
4.431639909744262695e-01 5.112675577402114868e-02 7.746621267870068550e-04 -5.324472859501838684e-02
4.441865384578704834e-01 -1.440062969923019409e-01 -2.902324777096509933e-04 2.396825104951858521e-01
4.413064122200012207e-01 5.111980065703392029e-02 4.503417760133743286e-03 -5.309195071458816528e-02
4.423288106918334961e-01 2.461768984794616699e-01 3.441578708589076996e-03 -3.443506062030792236e-01
4.472523331642150879e-01 5.100614950060844421e-02 -3.445433685556054115e-03 -5.058441683650016785e-02
4.482724666595458984e-01 -1.440662294626235962e-01 -4.457122180610895157e-03 2.410094588994979858e-01
4.453911483287811279e-01 5.111910775303840637e-02 3.630671417340636253e-04 -5.307602882385253906e-02
4.464135169982910156e-01 -1.440080404281616211e-01 -6.984533974900841713e-04 2.397214323282241821e-01
4.435333609580993652e-01 5.112387612462043762e-02 4.095975309610366821e-03 -5.318173021078109741e-02
4.445558488368988037e-01 2.461868524551391602e-01 3.032340435311198235e-03 -3.445695340633392334e-01
4.494795799255371094e-01 5.102190002799034119e-02 -3.859050106257200241e-03 -5.093193799257278442e-02
4.505000114440917969e-01 -1.440445035696029663e-01 -4.877688828855752945e-03 2.405309379100799561e-01
4.476191103458404541e-01 5.114678293466567993e-02 -6.707025022478774190e-05 -5.368655174970626831e-02
4.486420452594757080e-01 -1.439741998910903931e-01 -1.140801236033439636e-03 2.389752119779586792e-01
4.457625746726989746e-01 5.116402357816696167e-02 3.638702910393476486e-03 -5.406733602285385132e-02
4.467858374118804932e-01 2.462336122989654541e-01 2.557356143370270729e-03 -3.456000089645385742e-01
4.517105221748352051e-01 5.107537657022476196e-02 -4.354644101113080978e-03 -5.211174860596656799e-02
4.527320265769958496e-01 -1.439838707447052002e-01 -5.396878812462091446e-03 2.391940802335739136e-01
4.498523473739624023e-01 5.121476575732231140e-02 -6.129973335191607475e-04 -5.518627911806106567e-02
4.508766531944274902e-01 -1.438983827829360962e-01 -1.716722967103123665e-03 2.373031824827194214e-01
4.479986727237701416e-01 5.124804750084877014e-02 3.029340645298361778e-03 -5.592076107859611511e-02
4.490236341953277588e-01 2.463264316320419312e-01 1.910925493575632572e-03 -3.476463556289672852e-01
4.539501667022705078e-01 5.117735266685485840e-02 -5.042002070695161819e-03 -5.436147376894950867e-02
4.549737274646759033e-01 -1.438719481229782104e-01 -6.129231303930282593e-03 2.367264032363891602e-01
4.520962834358215332e-01 5.133703723549842834e-02 -1.394703285768628120e-03 -5.788354575634002686e-02
4.531230330467224121e-01 -1.437648832798004150e-01 -2.552374033257365227e-03 2.343590110540390015e-01
4.502477347850799561e-01 5.139343813061714172e-02 2.134806243702769279e-03 -5.912791565060615540e-02
4.512755870819091797e-01 2.464847117662429810e-01 9.522479376755654812e-04 -3.511365354061126709e-01
4.562052786350250244e-01 5.134923383593559265e-02 -6.070482544600963593e-03 -5.815348401665687561e-02
4.572322666645050049e-01 -1.436851471662521362e-01 -7.233552169054746628e-03 2.326079905033111572e-01
4.543585777282714844e-01 5.153940245509147644e-02 -2.581392414867877960e-03 -6.234782561659812927e-02
4.553893506526947021e-01 -1.435454487800598145e-01 -3.828348824754357338e-03 2.295195460319519043e-01
4.525184333324432373e-01 5.163100734353065491e-02 7.620418909937143326e-04 -6.436851620674133301e-02
4.535510540008544922e-01 -1.435018628835678101e-01 -5.253285053186118603e-04 2.285547405481338501e-01
4.506810307502746582e-01 5.162759497761726379e-02 4.045766312628984451e-03 -6.429384648799896240e-02
4.517135918140411377e-01 2.466913014650344849e-01 2.759889233857393265e-03 -3.556975722312927246e-01
4.566473960876464844e-01 5.153022333979606628e-02 -4.354062024503946304e-03 -6.214565411210060120e-02
4.576780200004577637e-01 -1.435290277004241943e-01 -5.596975330263376236e-03 2.291603684425354004e-01
4.548074305057525635e-01 5.167245492339134216e-02 -1.013768021948635578e-03 -6.528277695178985596e-02
4.558408856391906738e-01 -1.434349417686462402e-01 -2.319423714652657509e-03 2.270801216363906860e-01
4.529721736907958984e-01 5.172007158398628235e-02 2.222178969532251358e-03 -6.633353233337402344e-02
4.540065824985504150e-01 -1.434336602687835693e-01 8.955082739703357220e-04 2.270496785640716553e-01
4.511379003524780273e-01 5.167547613382339478e-02 5.436501931399106979e-03 -6.535063683986663818e-02
4.521714150905609131e-01 2.467190623283386230e-01 4.129488952457904816e-03 -3.563133776187896729e-01
4.571057856082916260e-01 5.153864249587059021e-02 -2.996778348460793495e-03 -6.233117356896400452e-02
4.581365585327148438e-01 -1.435402184724807739e-01 -4.243401810526847839e-03 2.294047474861145020e-01
4.552657604217529297e-01 5.164211615920066833e-02 3.446930495556443930e-04 -6.461367011070251465e-02
4.562986195087432861e-01 -1.434847712516784668e-01 -9.475804399698972702e-04 2.281779795885086060e-01
4.534289240837097168e-01 5.165070667862892151e-02 3.615979338064789772e-03 -6.480368971824645996e-02
4.544619321823120117e-01 2.467206269502639771e-01 2.319905441254377365e-03 -3.563435673713684082e-01
4.593963325023651123e-01 5.156577005982398987e-02 -4.806965589523315430e-03 -6.293001025915145874e-02
4.604276716709136963e-01 -1.434869319200515747e-01 -6.065566092729568481e-03 2.282324135303497314e-01
4.575579166412353516e-01 5.172117054462432861e-02 -1.500917715020477772e-03 -6.635762006044387817e-02
4.585923552513122559e-01 -1.433792263269424438e-01 -2.828069962561130524e-03 2.258513867855072021e-01
4.557247459888458252e-01 5.178302526473999023e-02 1.688957563601434231e-03 -6.772228330373764038e-02
4.567604064941406250e-01 -1.433631032705307007e-01 3.345119766891002655e-04 2.254930436611175537e-01
4.538931548595428467e-01 5.175407230854034424e-02 4.844372626394033432e-03 -6.708434969186782837e-02
4.549282491207122803e-01 2.468062341213226318e-01 3.502685809507966042e-03 -3.582349121570587158e-01
4.598643481731414795e-01 5.163466185331344604e-02 -3.662012517452239990e-03 -6.444957107305526733e-02
4.608970582485198975e-01 -1.434345990419387817e-01 -4.951003938913345337e-03 2.270757257938385010e-01
4.580283761024475098e-01 5.175776034593582153e-02 -4.094895266462117434e-04 -6.716480851173400879e-02
4.590635299682617188e-01 -1.433583199977874756e-01 -1.752785756252706051e-03 2.253888845443725586e-01
4.561963379383087158e-01 5.178864300251007080e-02 2.754992106929421425e-03 -6.784641742706298828e-02
4.572321176528930664e-01 2.468709796667098999e-01 1.398063730448484421e-03 -3.596588671207427979e-01
4.621695578098297119e-01 5.172919109463691711e-02 -5.795113276690244675e-03 -6.653541326522827148e-02
4.632041156291961670e-01 -1.433092057704925537e-01 -7.125821895897388458e-03 2.243134975433349609e-01
4.603379368782043457e-01 5.191386863589286804e-02 -2.639551647007465363e-03 -7.060863822698593140e-02
4.613762199878692627e-01 -1.431701481342315674e-01 -4.051724448800086975e-03 2.212403267621994019e-01
4.585128128528594971e-01 5.200948938727378845e-02 3.730820899363607168e-04 -7.271791994571685791e-02
4.595530033111572266e-01 -1.431178152561187744e-01 -1.081276219338178635e-03 2.200827002525329590e-01
4.566906392574310303e-01 5.201958119869232178e-02 3.320377552881836891e-03 -7.294111698865890503e-02
4.577310383319854736e-01 -1.431498080492019653e-01 1.861555385403335094e-03 2.207875549793243408e-01
4.548680484294891357e-01 5.194547772407531738e-02 6.277306471019983292e-03 -7.130758464336395264e-02
4.559069573879241943e-01 2.469768822193145752e-01 4.851154983043670654e-03 -3.620033860206604004e-01
4.608464837074279785e-01 5.178631097078323364e-02 -2.388913184404373169e-03 -6.779475510120391846e-02
4.618822336196899414e-01 -1.433013081550598145e-01 -3.744808258488774300e-03 2.241334915161132812e-01
4.590162038803100586e-01 5.187396332621574402e-02 7.378615555353462696e-04 -6.972832977771759033e-02
4.600536823272705078e-01 -1.432585567235946655e-01 -6.567050586454570293e-04 2.231872975826263428e-01
4.571885168552398682e-01 5.187277123332023621e-02 3.807041095569729805e-03 -6.970269978046417236e-02
4.582259654998779297e-01 2.469399422407150269e-01 2.412986941635608673e-03 -3.611820638179779053e-01
4.631647467613220215e-01 5.178377032279968262e-02 -4.810654092580080032e-03 -6.773924827575683594e-02
4.642004370689392090e-01 -1.432688832283020020e-01 -6.165439262986183167e-03 2.234220206737518311e-01
4.613350629806518555e-01 5.194064602255821228e-02 -1.696998719125986099e-03 -7.119933515787124634e-02
4.623738825321197510e-01 -1.431569308042526245e-01 -3.120985347777605057e-03 2.209476977586746216e-01
4.595107436180114746e-01 5.200948566198348999e-02 1.297968556173145771e-03 -7.271807640790939331e-02
4.605509340763092041e-01 -1.431310474872589111e-01 -1.563929254189133644e-04 2.203740775585174561e-01
4.576883018016815186e-01 5.199313908815383911e-02 4.251088947057723999e-03 -7.235817611217498779e-02
4.587281644344329834e-01 2.470538914203643799e-01 2.803925191983580589e-03 -3.636968433856964111e-01
4.636692404747009277e-01 5.189219862222671509e-02 -4.470011685043573380e-03 -7.013110071420669556e-02
4.647070765495300293e-01 -1.431653797626495361e-01 -5.872633308172225952e-03 2.211381644010543823e-01
4.618437886238098145e-01 5.204001441597938538e-02 -1.449870062060654163e-03 -7.339142262935638428e-02
4.628845751285552979e-01 -1.430611163377761841e-01 -2.917698584496974945e-03 2.188337147235870361e-01
4.600233435630798340e-01 5.210241675376892090e-02 1.458975719287991524e-03 -7.476814836263656616e-02
4.610654115676879883e-01 -1.430404186248779297e-01 -3.638732232502661645e-05 2.183747291564941406e-01
4.582045972347259521e-01 5.208205059170722961e-02 4.331107251346111298e-03 -7.431967556476593018e-02
4.592462480068206787e-01 2.471416443586349487e-01 2.844713861122727394e-03 -3.656329810619354248e-01
4.641890525817871094e-01 5.197938159108161926e-02 -4.467945545911788940e-03 -7.205442339181900024e-02
4.652286469936370850e-01 -1.430782377719879150e-01 -5.909034051001071930e-03 2.192154973745346069e-01
4.623670876026153564e-01 5.212768539786338806e-02 -1.524724066257476807e-03 -7.532550394535064697e-02
4.634096324443817139e-01 -1.429723799228668213e-01 -3.031234256923198700e-03 2.168759703636169434e-01
4.605501890182495117e-01 5.219278112053871155e-02 1.306285150349140167e-03 -7.676159590482711792e-02
4.615940451622009277e-01 -1.429478675127029419e-01 -2.289466501679271460e-04 2.163331806659698486e-01
4.587351083755493164e-01 5.217735096812248230e-02 4.097716882824897766e-03 -7.642195373773574829e-02
4.597786366939544678e-01 -1.430031061172485352e-01 2.569278003647923470e-03 2.175509929656982422e-01
4.569185674190521240e-01 5.208202451467514038e-02 6.920298095792531967e-03 -7.432036101818084717e-02
4.579602181911468506e-01 2.471040785312652588e-01 5.433890502899885178e-03 -3.648118972778320312e-01
4.629023075103759766e-01 5.190533399581909180e-02 -1.862347242422401905e-03 -7.042053341865539551e-02
4.639404118061065674e-01 -1.431898623704910278e-01 -3.270758083090186119e-03 2.216742336750030518e-01
4.610766172409057617e-01 5.197868123650550842e-02 1.162726548500359058e-03 -7.203862816095352173e-02
4.621161818504333496e-01 -1.431599259376525879e-01 -2.780460345093160868e-04 2.210109233856201172e-01
4.592529833316802979e-01 5.196600407361984253e-02 4.142172168940305710e-03 -7.175970822572708130e-02
4.602923095226287842e-01 2.470283210277557373e-01 2.706978237256407738e-03 -3.631328940391540527e-01
4.652328789234161377e-01 5.186800658702850342e-02 -4.555679392069578171e-03 -6.959762424230575562e-02
4.662702381610870361e-01 -1.431883424520492554e-01 -5.947632249444723129e-03 2.216444909572601318e-01
4.634064733982086182e-01 5.201812088489532471e-02 -1.514742267318069935e-03 -7.290861010551452637e-02
4.644468426704406738e-01 -1.430820822715759277e-01 -2.972914604470133781e-03 2.192960232496261597e-01
4.615851938724517822e-01 5.208223685622215271e-02 1.413005869835615158e-03 -7.432319968938827515e-02
4.626268446445465088e-01 -1.430599391460418701e-01 -7.345818448811769485e-05 2.188051939010620117e-01
4.597656428813934326e-01 5.206305906176567078e-02 4.302645567804574966e-03 -7.390090078115463257e-02
4.608069062232971191e-01 2.471230626106262207e-01 2.824627794325351715e-03 -3.652232289314270020e-01
4.657493531703948975e-01 5.196108669042587280e-02 -4.479836672544479370e-03 -7.165098190307617188e-02
4.667885899543762207e-01 -1.430963575839996338e-01 -5.912856198847293854e-03 2.196151763200759888e-01
4.639266431331634521e-01 5.210961401462554932e-02 -1.520552905276417732e-03 -7.492703199386596680e-02
4.649688303470611572e-01 -1.429904997348785400e-01 -3.019093535840511322e-03 2.172757685184478760e-01
4.621090292930603027e-01 5.217447504401206970e-02 1.326421741396188736e-03 -7.635798305273056030e-02
4.631525278091430664e-01 -1.429664641618728638e-01 -2.007379371207207441e-04 2.167431414127349854e-01
4.602932035923004150e-01 5.215835571289062500e-02 4.134125076234340668e-03 -7.600310444831848145e-02
4.613363444805145264e-01 2.472207993268966675e-01 2.614062745124101639e-03 -3.673788309097290039e-01
4.662807881832122803e-01 5.206179618835449219e-02 -4.733514040708541870e-03 -7.387280464172363281e-02
4.673220217227935791e-01 -1.429919749498367310e-01 -6.210969761013984680e-03 2.173129320144653320e-01
4.644621610641479492e-01 5.221821367740631104e-02 -1.864711404778063297e-03 -7.732271403074264526e-02
4.655065238475799561e-01 -1.428769528865814209e-01 -3.411165671423077583e-03 2.147713005542755127e-01
4.626489877700805664e-01 5.229359492659568787e-02 8.842604001984000206e-04 -7.898569852113723755e-02
4.636948704719543457e-01 -1.428410261869430542e-01 -6.954536074772477150e-04 2.139760851860046387e-01
4.608380496501922607e-01 5.229086428880691528e-02 3.584068035706877708e-03 -7.892613857984542847e-02
4.618838727474212646e-01 -1.428822875022888184e-01 2.005545189604163170e-03 2.148854136466979980e-01
4.590262174606323242e-01 5.221094191074371338e-02 6.303253583610057831e-03 -7.716420292854309082e-02
4.600704312324523926e-01 2.472419589757919312e-01 4.759969189763069153e-03 -3.678517937660217285e-01
4.650152921676635742e-01 5.205270275473594666e-02 -2.597066340968012810e-03 -7.367178052663803101e-02
4.660563468933105469e-01 -1.430319249629974365e-01 -4.070501774549484253e-03 2.181906253099441528e-01
4.631956815719604492e-01 5.214798077940940857e-02 2.933105861302465200e-04 -7.577352225780487061e-02
4.642386436462402344e-01 -1.429781764745712280e-01 -1.222159829922020435e-03 2.170019298791885376e-01
4.613790810108184814e-01 5.216122791171073914e-02 3.117878688499331474e-03 -7.606627047061920166e-02
4.624223113059997559e-01 -1.430052816867828369e-01 1.596553483977913857e-03 2.175987362861633301e-01
4.595622122287750244e-01 5.209381133317947388e-02 5.948528181761503220e-03 -7.458014786243438721e-02
4.606040716171264648e-01 2.471299767494201660e-01 4.456925205886363983e-03 -3.653803765773773193e-01
4.655466973781585693e-01 5.194497480988502502e-02 -2.850682474672794342e-03 -7.129544019699096680e-02
4.665855765342712402e-01 -1.431359946727752686e-01 -4.276591353118419647e-03 2.204867154359817505e-01
4.637228548526763916e-01 5.204682797193527222e-02 1.331432431470602751e-04 -7.354214042425155640e-02
4.647637903690338135e-01 -1.430770307779312134e-01 -1.337699592113494873e-03 2.191827893257141113e-01
4.619022607803344727e-01 5.206401646137237549e-02 3.045956138521432877e-03 -7.392180711030960083e-02
4.629435539245605469e-01 -1.431014686822891235e-01 1.567519968375563622e-03 2.197205722332000732e-01
4.600815176963806152e-01 5.199803784489631653e-02 5.961931310594081879e-03 -7.246747612953186035e-02
4.611214697360992432e-01 2.470340132713317871e-01 4.512581974267959595e-03 -3.632634282112121582e-01
4.660621583461761475e-01 5.184821784496307373e-02 -2.752686850726604462e-03 -6.916103512048721313e-02
4.670991301536560059e-01 -1.432341635227203369e-01 -4.135907627642154694e-03 2.226521372795104980e-01
4.642344415187835693e-01 5.194665864109992981e-02 3.171350108459591866e-04 -7.133254408836364746e-02
4.652733802795410156e-01 -1.431798338890075684e-01 -1.109515898860991001e-03 2.214504182338714600e-01
4.624097645282745361e-01 5.195795744657516479e-02 3.319492563605308533e-03 -7.158228754997253418e-02
4.634489417076110840e-01 2.470321655273437500e-01 1.887846738100051880e-03 -3.632160425186157227e-01
4.683895707130432129e-01 5.188342928886413574e-02 -5.376474466174840927e-03 -6.993845105171203613e-02
4.694272279739379883e-01 -1.431610286235809326e-01 -6.775243207812309265e-03 2.210433334112167358e-01
4.665640294551849365e-01 5.205710604786872864e-02 -2.354376483708620071e-03 -7.376905530691146851e-02
4.676051735877990723e-01 -1.430310159921646118e-01 -3.829757682979106903e-03 2.181701213121414185e-01
4.647445380687713623e-01 5.214547365903854370e-02 5.336449830792844296e-04 -7.571840286254882812e-02
4.657874405384063721e-01 -1.429841220378875732e-01 -9.807230671867728233e-04 2.171328365802764893e-01
4.629277586936950684e-01 5.215183272957801819e-02 3.361933864653110504e-03 -7.585928589105606079e-02
4.639708101749420166e-01 -1.430181562900543213e-01 1.844748039729893208e-03 2.178824394941329956e-01
4.611104428768157959e-01 5.207737907767295837e-02 6.202396936714649200e-03 -7.421799749135971069e-02
4.621520042419433594e-01 2.471098601818084717e-01 4.718036856502294540e-03 -3.649376034736633301e-01
4.670941829681396484e-01 5.192118510603904724e-02 -2.580715110525488853e-03 -7.077074050903320312e-02
4.681326150894165039e-01 -1.431636810302734375e-01 -3.996130079030990601e-03 2.210968434810638428e-01
4.652693271636962891e-01 5.201517045497894287e-02 4.258068220224231482e-04 -7.284394651651382446e-02
4.663096368312835693e-01 -1.431128829717636108e-01 -1.031072111800312996e-03 2.199732959270477295e-01
4.634473919868469238e-01 5.202379077672958374e-02 3.368393750861287117e-03 -7.303469628095626831e-02
4.644878506660461426e-01 2.470972836017608643e-01 1.907699857838451862e-03 -3.646529912948608398e-01
4.694297909736633301e-01 5.194827914237976074e-02 -5.385359749197959900e-03 -7.136913388967514038e-02
4.704687595367431641e-01 -1.430960595607757568e-01 -6.812742445617914200e-03 2.196098268032073975e-01
4.676068425178527832e-01 5.212261527776718140e-02 -2.420545788481831551e-03 -7.521430402994155884e-02
4.686492979526519775e-01 -1.429645568132400513e-01 -3.924831748008728027e-03 2.167039513587951660e-01
4.657900035381317139e-01 5.221328884363174438e-02 4.092470917385071516e-04 -7.721444964408874512e-02
4.668342769145965576e-01 -1.429145336151123047e-01 -1.135041937232017517e-03 2.155975699424743652e-01
4.639759957790374756e-01 5.222363024950027466e-02 3.176909405738115311e-03 -7.744318991899490356e-02
4.650204479694366455e-01 -1.429437249898910522e-01 1.628045574761927128e-03 2.162403613328933716e-01
4.621615707874298096e-01 5.215492099523544312e-02 5.952852778136730194e-03 -7.592855393886566162e-02
4.632046818733215332e-01 2.471910268068313599e-01 4.434281960129737854e-03 -3.667274117469787598e-01
4.681484997272491455e-01 5.200634896755218506e-02 -2.900266321375966072e-03 -7.264959067106246948e-02
4.691886305809020996e-01 -1.430739015340805054e-01 -4.353258293122053146e-03 2.191168814897537231e-01
4.663271605968475342e-01 5.211000517010688782e-02 2.907948510255664587e-05 -7.493606209754943848e-02
4.673693478107452393e-01 -1.430123597383499146e-01 -1.469641691073775291e-03 2.177560478448867798e-01
4.645090997219085693e-01 5.213056504726409912e-02 2.885479014366865158e-03 -7.539010792970657349e-02
4.655517041683197021e-01 -1.430326402187347412e-01 1.377676962874829769e-03 2.182018011808395386e-01
4.626910686492919922e-01 5.206959694623947144e-02 5.741712637245655060e-03 -7.404623180627822876e-02
4.637324512004852295e-01 2.471087723970413208e-01 4.260788206011056900e-03 -3.649121224880218506e-01
4.686746299266815186e-01 5.192652344703674316e-02 -3.037454094737768173e-03 -7.088873535394668579e-02
4.697131514549255371e-01 -1.431517452001571655e-01 -4.455228801816701889e-03 2.208343148231506348e-01
4.668501317501068115e-01 5.203359946608543396e-02 -3.854234819300472736e-05 -7.325063645839691162e-02
4.678907990455627441e-01 -1.430878043174743652e-01 -1.503555104136466980e-03 2.194201350212097168e-01
4.650290310382843018e-01 5.205561220645904541e-02 2.884847577661275864e-03 -7.373669743537902832e-02
4.660701453685760498e-01 2.471360862255096436e-01 1.410113531164824963e-03 -3.655080497264862061e-01
4.710128903388977051e-01 5.199412256479263306e-02 -5.900047253817319870e-03 -7.238082587718963623e-02
4.720527529716491699e-01 -1.430427432060241699e-01 -7.347663864493370056e-03 2.184347808361053467e-01
