-3.746400028467178345e-02 1.219516713172197342e-02 -1.447128877043724060e-02 4.021130874752998352e-02
-3.722009435296058655e-02 -1.827163100242614746e-01 -1.366706192493438721e-02 3.282935023307800293e-01
-4.087442159652709961e-02 1.259751711040735245e-02 -7.101192139089107513e-03 3.133213147521018982e-02
-4.062247276306152344e-02 2.078205794095993042e-01 -6.474549416452646255e-03 -2.635827958583831787e-01
-3.646605834364891052e-02 1.279163919389247894e-02 -1.174620538949966431e-02 2.705096453428268433e-02
-3.621022775769233704e-02 -1.821599155664443970e-01 -1.120518613606691360e-02 3.160048127174377441e-01
-3.985342383384704590e-02 1.311984099447727203e-02 -4.885090049356222153e-03 1.980931684374809265e-02
-3.959102928638458252e-02 2.083115130662918091e-01 -4.488904029130935669e-03 -2.744109034538269043e-01
-3.542479872703552246e-02 1.325389090925455093e-02 -9.977121837437152863e-03 1.685284264385700226e-02
-3.515972197055816650e-02 -1.817235648632049561e-01 -9.640065021812915802e-03 3.063712418079376221e-01
-3.879419341683387756e-02 1.353441830724477768e-02 -3.512640018016099930e-03 1.066374313086271286e-02
-3.852350264787673950e-02 2.087065726518630981e-01 -3.299365285784006119e-03 -2.831254005432128906e-01
-3.434937074780464172e-02 1.363183278590440750e-02 -8.961873129010200500e-03 8.515110239386558533e-03
-3.407673537731170654e-02 -1.813604533672332764e-01 -8.791570551693439484e-03 2.983570396900177002e-01
-3.770394623279571533e-02 1.388570759445428848e-02 -2.824430121108889580e-03 2.914426615461707115e-03
-3.742622956633567810e-02 2.090480476617813110e-01 -2.766141667962074280e-03 -2.906582951545715332e-01
-3.324526920914649963e-02 1.396565139293670654e-02 -8.579307235777378082e-03 1.150933094322681427e-03
-3.296595439314842224e-02 -1.810322105884552002e-01 -8.556288667023181915e-03 2.911146879196166992e-01
-3.658660128712654114e-02 1.421068515628576279e-02 -2.733995206654071808e-03 -4.254466388374567032e-03
-3.630238771438598633e-02 -1.808719485998153687e-01 -2.819084562361240387e-03 2.875646054744720459e-01
-3.991982713341712952e-02 1.429008971899747849e-02 2.932207426056265831e-03 -6.006107199937105179e-03
-3.963402286171913147e-02 2.093698680400848389e-01 2.812085207551717758e-03 -2.977624535560607910e-01
-3.544662520289421082e-02 1.420794241130352020e-02 -3.143163630738854408e-03 -4.193965811282396317e-03
-3.516246750950813293e-02 -1.808687895536422729e-01 -3.227042965590953827e-03 2.874956130981445312e-01
-3.877984359860420227e-02 1.429903227835893631e-02 2.522869035601615906e-03 -6.203358527272939682e-03
-3.849386423826217651e-02 2.093847095966339111e-01 2.398801734670996666e-03 -2.980892360210418701e-01
-3.430616855621337891e-02 1.422864757478237152e-02 -3.562982659786939621e-03 -4.650723189115524292e-03
-3.402159735560417175e-02 -1.808420270681381226e-01 -3.655997104942798615e-03 2.869059145450592041e-01
-3.763843700289726257e-02 1.433187443763017654e-02 2.082121092826128006e-03 -6.927839014679193497e-03
-3.735179826617240906e-02 2.094238996505737305e-01 1.943564391694962978e-03 -2.989531159400939941e-01
-3.316332027316093445e-02 1.427430193871259689e-02 -4.035497549921274185e-03 -5.657848436385393143e-03
-3.287783637642860413e-02 -1.807895451784133911e-01 -4.148654639720916748e-03 2.857491075992584229e-01
-3.649362549185752869e-02 1.439132913947105408e-02 1.566327409818768501e-03 -8.239386603236198425e-03
-3.620579838752746582e-02 2.094907760620117188e-01 1.401539659127593040e-03 -3.004277050495147705e-01
-3.201598301529884338e-02 1.434888225048780441e-02 -4.607014358043670654e-03 -7.303092163056135178e-03
-3.172900527715682983e-02 -1.807066947221755981e-01 -4.753076471388339996e-03 2.839227020740509033e-01
-3.534314036369323730e-02 1.448272354900836945e-02 9.253778844140470028e-04 -1.025550905615091324e-02
-3.505348414182662964e-02 2.095913887023925781e-01 7.202677079476416111e-04 -3.026463389396667480e-01
-3.086165711283683777e-02 1.445918250828981400e-02 -5.332658533006906509e-03 -9.736327454447746277e-03
-3.057247400283813477e-02 -1.805858910083770752e-01 -5.527385510504245758e-03 2.812593281269073486e-01
-3.418419137597084045e-02 1.461447030305862427e-02 9.780112304724752903e-05 -1.316178496927022934e-02
-3.389190137386322021e-02 -1.805088818073272705e-01 -1.654345687711611390e-04 2.795520126819610596e-01
-3.750208020210266113e-02 1.461542770266532898e-02 5.425605457276105881e-03 -1.318310201168060303e-02
-3.720977157354354858e-02 2.096591442823410034e-01 5.161943379789590836e-03 -3.041492700576782227e-01
-3.301658853888511658e-02 1.446401700377464294e-02 -9.210418211296200752e-04 -9.842855855822563171e-03
-3.272730857133865356e-02 -1.806447058916091919e-01 -1.117898966185748577e-03 2.825493216514587402e-01
-3.634020313620567322e-02 1.449316553771495819e-02 4.533087834715843201e-03 -1.048596762120723724e-02
-3.605033829808235168e-02 2.095498144626617432e-01 4.323368426412343979e-03 -3.017352223396301270e-01
-3.185934200882911682e-02 1.436651032418012619e-02 -1.711335964500904083e-03 -7.691926322877407074e-03
-3.157201036810874939e-02 -1.807308495044708252e-01 -1.865174504928290844e-03 2.844505608081817627e-01
-3.518662974238395691e-02 1.441764831542968750e-02 3.823836799710988998e-03 -8.820044808089733124e-03
-3.489827737212181091e-02 2.094845473766326904e-01 3.647435922175645828e-03 -3.002940416336059570e-01
-3.070858493447303772e-02 1.431080233305692673e-02 -2.358445199206471443e-03 -6.463035941123962402e-03
-3.042236901819705963e-02 -1.807772517204284668e-01 -2.487706020474433899e-03 2.854748368263244629e-01
-3.403791412711143494e-02 1.438009645789861679e-02 3.221790771931409836e-03 -7.991651073098182678e-03
-3.375031054019927979e-02 2.094556987285614014e-01 3.061957890167832375e-03 -2.996563315391540527e-01
-2.956119924783706665e-02 1.429023314267396927e-02 -2.931168768554925919e-03 -6.009290926158428192e-03
-2.927539311349391937e-02 -1.807895600795745850e-01 -3.051354549825191498e-03 2.857473790645599365e-01
-3.289118409156799316e-02 1.437577698379755020e-02 2.663593040779232979e-03 -7.896360941231250763e-03
-3.260366991162300110e-02 2.094594240188598633e-01 2.505665877833962440e-03 -2.997376918792724609e-01
-2.841448038816452026e-02 1.430185046046972275e-02 -3.489088267087936401e-03 -6.265591830015182495e-03
-2.812844328582286835e-02 -1.807698905467987061e-01 -3.614400047808885574e-03 2.853144407272338867e-01
-3.174384310841560364e-02 1.440342422574758530e-02 2.091888803988695145e-03 -8.506242185831069946e-03
-3.145577386021614075e-02 2.094953060150146484e-01 1.921763992868363857e-03 -3.005284070968627930e-01
-2.726586721837520599e-02 1.434602215886116028e-02 -4.088804125785827637e-03 -7.240026723593473434e-03
-2.697894722223281860e-02 -1.807170510292053223e-01 -4.233604762703180313e-03 2.841500341892242432e-01
-3.059328719973564148e-02 1.446502562612295151e-02 1.449395786039531231e-03 -9.865134954452514648e-03
-3.030398674309253693e-02 -1.806776821613311768e-01 1.252093119546771049e-03 2.832747399806976318e-01
-3.391753882169723511e-02 1.442638784646987915e-02 6.917587947100400925e-03 -9.013018570840358734e-03
-3.362901136279106140e-02 2.094484567642211914e-01 6.737327668815851212e-03 -2.995053529739379883e-01
-2.944004349410533905e-02 1.423111837357282639e-02 7.472203578799962997e-04 -4.705247003585100174e-03
-2.915542200207710266e-02 -1.809015423059463501e-01 6.531153921969234943e-04 2.882133424282073975e-01
-3.277345374226570129e-02 1.421109028160572052e-02 6.417382042855024338e-03 -4.263525363057851791e-03
-3.248922899365425110e-02 2.092404216527938843e-01 6.332111544907093048e-03 -2.949148118495941162e-01
-2.830442227423191071e-02 1.402877178043127060e-02 4.338157305028289557e-04 -2.415676572127267718e-04
-2.802384644746780396e-02 -1.810993999242782593e-01 4.289843782316893339e-04 2.925781905651092529e-01
-3.164583444595336914e-02 1.401643361896276474e-02 6.280548404902219772e-03 3.060183371417224407e-05
-3.136550635099411011e-02 2.090477496385574341e-01 6.281160283833742142e-03 -2.906641364097595215e-01
-2.718455158174037933e-02 1.383680291473865509e-02 4.678776895161718130e-04 3.993158694356679916e-03
-2.690781466662883759e-02 2.089520394802093506e-01 5.477408994920551777e-04 -2.885421216487884521e-01
-2.272877469658851624e-02 1.382228359580039978e-02 -5.223101470619440079e-03 4.313518293201923370e-03
-2.245232835412025452e-02 -1.812243759632110596e-01 -5.136830732226371765e-03 2.953439354896545410e-01
-2.607681602239608765e-02 1.397043280303478241e-02 7.700475980527698994e-04 1.045360462740063667e-03
-2.579740621149539948e-02 -1.811625510454177856e-01 7.909548003226518631e-04 2.939711511135101318e-01
-2.942065894603729248e-02 1.394811179488897324e-02 6.670377682894468307e-03 1.537781092338263988e-03
-2.914169616997241974e-02 2.089737653732299805e-01 6.701133213937282562e-03 -2.890331149101257324e-01
-2.496222034096717834e-02 1.375690288841724396e-02 9.204709785990417004e-04 5.755722522735595703e-03
-2.468708343803882599e-02 2.088656425476074219e-01 1.035585417412221432e-03 -2.866366505622863770e-01
-2.050977014005184174e-02 1.372893620282411575e-02 -4.697147291153669357e-03 6.372719537466764450e-03
-2.023519016802310944e-02 -1.813253313302993774e-01 -4.569693002849817276e-03 2.975699603557586670e-01
-2.386169694364070892e-02 1.386145688593387604e-02 1.381705864332616329e-03 3.449327778071165085e-03
-2.358446829020977020e-02 -1.812802851200103760e-01 1.450692419894039631e-03 2.965678870677947998e-01
-2.721007354557514191e-02 1.382095739245414734e-02 7.382050156593322754e-03 4.342829808592796326e-03
-2.693365514278411865e-02 2.088362723588943481e-01 7.468906696885824203e-03 -2.860018610954284668e-01
-2.275693044066429138e-02 1.360859628766775131e-02 1.748869428411126137e-03 9.027315303683280945e-03
-2.248475700616836548e-02 2.087054252624511719e-01 1.929415739141404629e-03 -2.831033170223236084e-01
-1.831064932048320770e-02 1.355600450187921524e-02 -3.732650307938456535e-03 1.018751971423625946e-02
-1.803953014314174652e-02 -1.815122216939926147e-01 -3.528899978846311569e-03 3.016904294490814209e-01
-2.166977338492870331e-02 1.365985255688428879e-02 2.504908246919512749e-03 7.896642200648784637e-03
-2.139657735824584961e-02 2.087457925081253052e-01 2.662841230630874634e-03 -2.839949131011962891e-01
-1.722166128456592560e-02 1.358596142381429672e-02 -3.017056966200470924e-03 9.526675567030906677e-03
-1.694994233548641205e-02 -1.814925968647003174e-01 -2.826523501425981522e-03 3.012561500072479248e-01
-2.057979255914688110e-02 1.366953179240226746e-02 3.198599908500909805e-03 7.683147676289081573e-03
-2.030640281736850739e-02 2.087454646825790405e-01 3.352262778207659721e-03 -2.839888632297515869e-01
-1.613149419426918030e-02 1.357586123049259186e-02 -2.327514579519629478e-03 9.749454446136951447e-03
-1.585997641086578369e-02 -1.815126389265060425e-01 -2.132525434717535973e-03 3.016971051692962646e-01
-1.949022896587848663e-02 1.363964751362800598e-02 3.901416668668389320e-03 8.342398330569267273e-03
-1.921743527054786682e-02 2.087054252624511719e-01 4.068264737725257874e-03 -2.831070423126220703e-01
-1.504332758486270905e-02 1.352568995207548141e-02 -1.593875931575894356e-03 1.085621956735849380e-02
-1.477281376719474792e-02 -1.815733611583709717e-01 -1.376751577481627464e-03 3.030358254909515381e-01
-1.840428076684474945e-02 1.356817875057458878e-02 4.683964885771274567e-03 9.919027797877788544e-03
-1.813291758298873901e-02 2.086226493120193481e-01 4.882345441728830338e-03 -2.812823653221130371e-01
-1.396046485751867294e-02 1.343138981610536575e-02 -7.433019345626235008e-04 1.293641421943902969e-02
-1.369183696806430817e-02 -1.816798895597457886e-01 -4.845736548304557800e-04 3.053847253322601318e-01
-1.732543483376502991e-02 1.344896014779806137e-02 5.623120814561843872e-03 1.254901755601167679e-02
-1.705645583570003510e-02 2.084898203611373901e-01 5.874101072549819946e-03 -2.783544659614562988e-01
-1.288665924221277237e-02 1.328456308692693710e-02 3.070121456403285265e-04 1.617535203695297241e-02
-1.262096781283617020e-02 -1.818417906761169434e-01 6.305191782303154469e-04 3.089551329612731934e-01
-1.625780388712882996e-02 1.327117159962654114e-02 6.809621583670377731e-03 1.647111587226390839e-02
-1.599238067865371704e-02 2.082948088645935059e-01 7.139043882489204407e-03 -2.740555405616760254e-01
-1.182648353278636932e-02 1.307172514498233795e-02 1.657933345995843410e-03 2.087048068642616272e-02
-1.156504917889833450e-02 -1.820739656686782837e-01 2.075342927128076553e-03 3.140760362148284912e-01
-1.520652882754802704e-02 1.301836315542459488e-02 8.356863632798194885e-03 2.204833552241325378e-02
-1.494616176933050156e-02 2.080194801092147827e-01 8.797830902040004730e-03 -2.679862380027770996e-01
-1.078577153384685516e-02 1.277308166027069092e-02 3.438105806708335876e-03 2.745855599641799927e-02
-1.053030975162982941e-02 2.078455537557601929e-01 3.987276926636695862e-03 -2.641376256942749023e-01
-6.373398937284946442e-03 1.266692392528057098e-02 -1.295475638471543789e-03 2.980025112628936768e-02
-6.120060570538043976e-03 -1.824364215135574341e-01 -6.994706927798688412e-04 3.220741748809814453e-01
-9.768788702785968781e-03 1.269547920674085617e-02 5.742012523114681244e-03 2.917072921991348267e-02
-9.514879435300827026e-03 2.077346146106719971e-01 6.325426977127790451e-03 -2.616949975490570068e-01
-5.360187031328678131e-03 1.252294704318046570e-02 1.091526937671005726e-03 3.297629952430725098e-02
-5.109728313982486725e-03 -1.826146394014358521e-01 1.751052914187312126e-03 3.260034024715423584e-01
-8.762020617723464966e-03 1.248233672231435776e-02 8.271121419966220856e-03 3.387320786714553833e-02
-8.512374013662338257e-03 2.074847072362899780e-01 8.948585018515586853e-03 -2.561886608600616455e-01
-4.362680017948150635e-03 1.223614346235990524e-02 3.824812127277255058e-03 3.930330649018287659e-02
-4.117957316339015961e-03 2.073030322790145874e-01 4.610878415405750275e-03 -2.521704137325286865e-01
2.810354453686159104e-05 1.211555115878582001e-02 -4.325298650655895472e-04 4.196330904960632324e-02
2.704145736061036587e-04 -1.830001920461654663e-01 4.067363042850047350e-04 3.345097303390502930e-01
-3.389589255675673485e-03 1.211596466600894928e-02 7.096930872648954391e-03 4.195510223507881165e-02
-3.147270064800977707e-03 2.071354389190673828e-01 7.936033420264720917e-03 -2.484802603721618652e-01
9.954386623576283455e-04 1.190104987472295761e-02 2.966427942737936974e-03 4.669526964426040649e-02
1.233459566719830036e-03 2.069803327322006226e-01 3.900333307683467865e-03 -2.450502514839172363e-01
5.373066291213035583e-03 1.180289778858423233e-02 -1.000671647489070892e-03 4.886038228869438171e-02
5.609124433249235153e-03 -1.833046972751617432e-01 -2.346397559449542314e-05 3.412274122238159180e-01
1.943030511029064655e-03 1.181759405881166458e-02 6.801084615290164948e-03 4.853709414601325989e-02
2.179382368922233582e-03 2.068413645029067993e-01 7.771826349198818207e-03 -2.419922947883605957e-01
6.316209677606821060e-03 1.160926744341850281e-02 2.931980416178703308e-03 5.313190445303916931e-02
6.548394914716482162e-03 2.066890597343444824e-01 3.994618542492389679e-03 -2.386245131492614746e-01
1.068217586725950241e-02 1.151026599109172821e-02 -7.778719882480800152e-04 5.531574413180351257e-02
1.091238111257553101e-02 -1.836005300283432007e-01 3.284428676124662161e-04 3.477531373500823975e-01
7.240370847284793854e-03 1.151675451546907425e-02 7.283505517989397049e-03 5.517380312085151672e-02
7.470706012099981308e-03 2.065335214138031006e-01 8.386981673538684845e-03 -2.352022528648376465e-01
1.160137634724378586e-02 1.129274908453226089e-02 3.682936774566769600e-03 6.011434644460678101e-02
1.182723138481378555e-02 2.063616961240768433e-01 4.885223694145679474e-03 -2.314043194055557251e-01
1.595446467399597168e-02 1.117028575390577316e-02 2.571374643594026566e-04 6.281556189060211182e-02
1.617787033319473267e-02 -1.839553564786911011e-01 1.513448776677250862e-03 3.555796146392822266e-01
1.249876432120800018e-02 1.114504877477884293e-02 8.625040762126445770e-03 6.337429583072662354e-02
1.272166520357131958e-02 2.061422765254974365e-01 9.892527014017105103e-03 -2.265749424695968628e-01
1.684451103210449219e-02 1.088036131113767624e-02 5.361028015613555908e-03 6.921195983886718750e-02
1.706211827695369720e-02 2.059250473976135254e-01 6.745267193764448166e-03 -2.217747271060943604e-01
2.118061855435371399e-02 1.070733182132244110e-02 2.309772884473204613e-03 7.302827388048171997e-02
2.139476500451564789e-02 2.057960927486419678e-01 3.770338371396064758e-03 -2.189250141382217407e-01
2.551068738102912903e-02 1.062045060098171234e-02 -6.081619067117571831e-04 7.494484633207321167e-02
2.572309598326683044e-02 -1.844927817583084106e-01 8.907350711524486542e-04 3.674358427524566650e-01
2.203324064612388611e-02 1.061650551855564117e-02 8.239451795816421509e-03 7.503390312194824219e-02
2.224557101726531982e-02 2.056193798780441284e-01 9.740130044519901276e-03 -2.150380909442901611e-01
2.635795809328556061e-02 1.035953778773546219e-02 5.439368076622486115e-03 8.070131391286849976e-02
2.656514942646026611e-02 2.054030895233154297e-01 7.053394336253404617e-03 -2.102605253458023071e-01
3.067321144044399261e-02 1.018100511282682419e-02 2.848183736205101013e-03 8.463900536298751831e-02
3.087683208286762238e-02 2.052620202302932739e-01 4.540964029729366302e-03 -2.071439623832702637e-01
3.498207032680511475e-02 1.007542386651039124e-02 3.980848123319447041e-04 8.696795254945755005e-02
3.518357872962951660e-02 -1.850522309541702271e-01 2.137443749234080315e-03 3.797764480113983154e-01
3.148253634572029114e-02 1.003930158913135529e-02 9.732972830533981323e-03 8.776822686195373535e-02
3.168332204222679138e-02 2.050203979015350342e-01 1.148833706974983215e-02 -2.018281221389770508e-01
3.578373044729232788e-02 9.736044332385063171e-03 7.451775018125772476e-03 9.445657581090927124e-02
3.597845137119293213e-02 2.047504037618637085e-01 9.340906515717506409e-03 -1.958660334348678589e-01
4.007345810532569885e-02 9.496092796325683594e-03 5.423585418611764908e-03 9.974883496761322021e-02
4.026338085532188416e-02 2.045398950576782227e-01 7.418562192469835281e-03 -1.912180334329605103e-01
4.435417801141738892e-02 9.312607347965240479e-03 3.594201523810625076e-03 1.037958711385726929e-01
4.454043135046958923e-02 2.043828666210174561e-01 5.670119076967239380e-03 -1.877509355545043945e-01
4.862808808684349060e-02 9.180253371596336365e-03 1.915100496262311935e-03 1.067152917385101318e-01
4.881169274449348450e-02 2.042747139930725098e-01 4.049406386911869049e-03 -1.853628158569335938e-01
5.289718508720397949e-02 9.095052257180213928e-03 3.421498695388436317e-04 1.085947826504707336e-01
5.307908728718757629e-02 -1.860318034887313843e-01 2.514045685529708862e-03 4.013856351375579834e-01
4.935845360159873962e-02 9.054400958120822906e-03 1.054175850003957748e-02 1.094963923096656799e-01
4.953953996300697327e-02 2.040237188339233398e-01 1.273168623447418213e-02 -1.798421144485473633e-01
5.362001433968544006e-02 8.721913211047649384e-03 9.134843945503234863e-03 1.168298646807670593e-01
5.379445105791091919e-02 2.037117928266525269e-01 1.147144101560115814e-02 -1.729571521282196045e-01
5.786868929862976074e-02 8.427556604146957397e-03 8.012298494577407837e-03 1.233224645256996155e-01
5.803724005818367004e-02 2.034338116645812988e-01 1.047874800860881805e-02 -1.668219268321990967e-01
6.210591644048690796e-02 8.163440041244029999e-03 7.142309099435806274e-03 1.291482299566268921e-01
6.226918473839759827e-02 2.031823545694351196e-01 9.725273586809635162e-03 -1.612728536128997803e-01
6.633283197879791260e-02 7.922532968223094940e-03 6.499816663563251495e-03 1.344622075557708740e-01
6.649128347635269165e-02 2.029507756233215332e-01 9.189060889184474945e-03 -1.561630517244338989e-01
7.055030018091201782e-02 7.698478177189826965e-03 6.065799854695796967e-03 1.394045799970626831e-01
7.070426642894744873e-02 2.027330249547958374e-01 8.853891864418983459e-03 -1.513585299253463745e-01
7.475892454385757446e-02 7.485424634069204330e-03 5.826720967888832092e-03 1.441044211387634277e-01
7.490863651037216187e-02 2.025234401226043701e-01 8.708809502422809601e-03 -1.467346101999282837e-01
7.895910739898681641e-02 7.277871947735548019e-03 5.774117540568113327e-03 1.486830115318298340e-01
7.910466194152832031e-02 2.023166716098785400e-01 8.747777901589870453e-03 -1.421727240085601807e-01
8.315099775791168213e-02 7.070529274642467499e-03 5.904322955757379532e-03 1.532570868730545044e-01
8.329240977764129639e-02 2.021074444055557251e-01 8.969465270638465881e-03 -1.375573277473449707e-01
8.733455836772918701e-02 6.858178880065679550e-03 6.218318361788988113e-03 1.579417735338211060e-01
8.747171610593795776e-02 2.018905580043792725e-01 9.377153590321540833e-03 -1.327729523181915283e-01
9.150952845811843872e-02 6.635544355958700180e-03 6.721694953739643097e-03 1.628535240888595581e-01
9.164223819971084595e-02 2.016606330871582031e-01 9.978765621781349182e-03 -1.277013272047042847e-01
9.567545354366302490e-02 6.397158373147249222e-03 7.424739189445972443e-03 1.681130081415176392e-01
9.580339491367340088e-02 2.014120519161224365e-01 1.078699901700019836e-02 -1.222184151411056519e-01
9.983164072036743164e-02 6.137229036539793015e-03 8.342631161212921143e-03 1.738480925559997559e-01
9.995438158512115479e-02 2.011387944221496582e-01 1.181959267705678940e-02 -1.161913722753524780e-01
1.039771586656570435e-01 5.849499255418777466e-03 9.495764970779418945e-03 1.801969856023788452e-01
1.040941476821899414e-01 2.008342891931533813e-01 1.309970486909151077e-02 -1.094752997159957886e-01
1.081108376383781433e-01 5.527096800506114960e-03 1.091019902378320694e-02 1.873115599155426025e-01
1.082213744521141052e-01 2.004912644624710083e-01 1.465643011033535004e-02 -1.019097566604614258e-01
1.122312024235725403e-01 5.162370391190052032e-03 1.261823438107967377e-02 1.953609585762023926e-01
1.123344451189041138e-01 2.001015692949295044e-01 1.652545295655727386e-02 -9.331491589546203613e-02
1.163364797830581665e-01 4.746711812913417816e-03 1.465915516018867493e-02 2.045356333255767822e-01
1.164314150810241699e-01 1.996559947729110718e-01 1.874986849725246429e-02 -8.348724246025085449e-02
1.204245314002037048e-01 3.945042192935943604e-01 1.708012260496616364e-02 -3.701960742473602295e-01
1.283146142959594727e-01 1.991438120603561401e-01 9.676202200353145599e-03 -7.217689603567123413e-02
1.322975009679794312e-01 3.884492209181189537e-03 8.232664316892623901e-03 2.235431373119354248e-01
1.323751807212829590e-01 1.988878101110458374e-01 1.270352676510810852e-02 -6.653155386447906494e-02
1.363529413938522339e-01 3.938253521919250488e-01 1.137289591133594513e-02 -3.551795184612274170e-01
1.442294418811798096e-01 1.985435634851455688e-01 4.269305150955915451e-03 -5.893222242593765259e-02
1.482003182172775269e-01 3.360654227435588837e-03 3.090660786256194115e-03 2.350946366786956787e-01
1.482675373554229736e-01 1.984383165836334229e-01 7.792553398758172989e-03 -5.661179870367050171e-02
1.522362977266311646e-01 3.934476673603057861e-01 6.660317536443471909e-03 -3.468259572982788086e-01
1.601052582263946533e-01 1.982316225767135620e-01 -2.762017247732728720e-04 -5.205026268959045410e-02
1.640698909759521484e-01 3.113626968115568161e-03 -1.317207003012299538e-03 2.405455112457275391e-01
1.641321629285812378e-01 1.982543766498565674e-01 3.493703203275799751e-03 -5.255261436104774475e-02
1.680972427129745483e-01 3.933260440826416016e-01 2.442650962620973587e-03 -3.441312015056610107e-01
1.759637594223022461e-01 1.981694400310516357e-01 -4.439973272383213043e-03 -5.067901685833930969e-02
1.799271553754806519e-01 3.111430676653981209e-03 -5.453553516417741776e-03 2.405997663736343384e-01
1.799893826246261597e-01 1.983108520507812500e-01 -6.415582611225545406e-04 -5.379836261272430420e-02
1.839555948972702026e-01 3.934420049190521240e-01 -1.717525534331798553e-03 -3.466836512088775635e-01
1.918244361877441406e-01 1.983445286750793457e-01 -8.651197887957096100e-03 -5.454280599951744080e-02
1.957913339138031006e-01 3.347681369632482529e-03 -9.742054156959056854e-03 2.353980988264083862e-01
1.958582848310470581e-01 1.986074596643447876e-01 -5.034092348068952560e-03 -6.034178659319877625e-02
1.998304277658462524e-01 3.558044089004397392e-03 -6.240928079932928085e-03 2.307486087083816528e-01
1.999015957117080688e-01 1.987686157226562500e-01 -1.625956152565777302e-03 -6.389637291431427002e-02
2.038769721984863281e-01 3.670015139505267143e-03 -2.903883578255772591e-03 2.282731086015701294e-01
2.039503604173660278e-01 1.988333463668823242e-01 1.661578775383532047e-03 -6.532438844442367554e-02
2.079270333051681519e-01 3.939314186573028564e-01 3.550910623744130135e-04 -3.574826121330261230e-01
2.158056646585464478e-01 1.988044381141662598e-01 -6.794561166316270828e-03 -6.468773633241653442e-02
2.197817564010620117e-01 3.780556377023458481e-03 -8.088315837085247040e-03 2.258437424898147583e-01
2.198573648929595947e-01 1.990171670913696289e-01 -3.571440931409597397e-03 -6.937952339649200439e-02
2.238377034664154053e-01 3.946597222238779068e-03 -4.959031473845243454e-03 2.221744507551193237e-01
2.239166349172592163e-01 1.991390734910964966e-01 -5.155424005351960659e-04 -7.206861674785614014e-02
2.278994172811508179e-01 3.942684233188629150e-01 -1.956914784386754036e-03 -3.649141490459442139e-01
2.357847839593887329e-01 1.991743296384811401e-01 -9.255197830498218536e-03 -7.284891605377197266e-02
2.397682666778564453e-01 4.186277743428945541e-03 -1.071217563003301620e-02 2.168996483087539673e-01
2.398519963026046753e-01 1.994597166776657104e-01 -6.374183110892772675e-03 -7.914302498102188110e-02
2.438412010669708252e-01 4.429716616868972778e-03 -7.957043126225471497e-03 2.115220278501510620e-01
2.439297884702682495e-01 1.996645331382751465e-01 -3.726602997630834579e-03 -8.366025984287261963e-02
2.479230761528015137e-01 4.596192855387926102e-03 -5.399807821959257126e-03 2.078446000814437866e-01
2.480150014162063599e-01 1.997949331998825073e-01 -1.242916216142475605e-03 -8.653679490089416504e-02
2.520109117031097412e-01 3.949346840381622314e-01 -2.973651979118585587e-03 -3.796116113662719727e-01
2.599096000194549561e-01 1.998550891876220703e-01 -1.056588441133499146e-02 -8.786775171756744385e-02
2.639066874980926514e-01 4.886168986558914185e-03 -1.232323888689279556e-02 2.014629840850830078e-01
2.640044093132019043e-01 2.001821845769882202e-01 -8.293979801237583160e-03 -9.508172422647476196e-02
2.680080533027648926e-01 5.180077161639928818e-03 -1.019561383873224258e-02 1.949729621410369873e-01
2.681116759777069092e-01 2.004463821649551392e-01 -6.296154577285051346e-03 -1.009087190032005310e-01
2.721205949783325195e-01 5.415220744907855988e-03 -8.314329199492931366e-03 1.897811591625213623e-01
2.722288966178894043e-01 2.006551325321197510e-01 -4.518705420196056366e-03 -1.055129617452621460e-01
2.762419879436492920e-01 5.598221439868211746e-03 -6.628965027630329132e-03 1.857409179210662842e-01
2.763539552688598633e-01 2.008143812417984009e-01 -2.914146520197391510e-03 -1.090258061885833740e-01
2.803702652454376221e-01 5.734317004680633545e-03 -5.094662774354219437e-03 1.827363073825836182e-01
2.804849445819854736e-01 2.009287923574447632e-01 -1.439936575479805470e-03 -1.115494370460510254e-01
2.845035195350646973e-01 5.827507004141807556e-03 -3.670925274491310120e-03 1.806788444519042969e-01
2.846200764179229736e-01 2.010017931461334229e-01 -5.734831211157143116e-05 -1.131598576903343201e-01
2.886401116847991943e-01 5.880665499716997147e-03 -2.320545492693781853e-03 1.795049756765365601e-01
2.887577116489410400e-01 2.010357528924942017e-01 1.269554020836949348e-03 -1.139091029763221741e-01
2.927784323692321777e-01 3.961394727230072021e-01 -1.008628052659332752e-03 -4.061912298202514648e-01
3.007012307643890381e-01 2.010318487882614136e-01 -9.132452309131622314e-03 -1.138264536857604980e-01
3.047218620777130127e-01 6.041938439011573792e-03 -1.140898186713457108e-02 1.759613156318664551e-01
3.048426806926727295e-01 2.013252973556518555e-01 -7.889755070209503174e-03 -1.202988252043724060e-01
3.088692128658294678e-01 6.317264400422573090e-03 -1.029573194682598114e-02 1.698845475912094116e-01
3.089955449104309082e-01 2.015850543975830078e-01 -6.898040883243083954e-03 -1.260285079479217529e-01
3.130272328853607178e-01 6.562602240592241287e-03 -9.418610483407974243e-03 1.644702106714248657e-01
3.131585121154785156e-01 2.018181085586547852e-01 -6.129206623882055283e-03 -1.311690807342529297e-01
3.171948492527008057e-01 6.784487981349229813e-03 -8.752588182687759399e-03 1.595738679170608521e-01
3.173305392265319824e-01 2.020306438207626343e-01 -5.561111029237508774e-03 -1.358573734760284424e-01
3.213711678981781006e-01 6.988788489252328873e-03 -8.278258144855499268e-03 1.550659239292144775e-01
3.215109407901763916e-01 2.022282779216766357e-01 -5.176940001547336578e-03 -1.402170658111572266e-01
3.255555033683776855e-01 7.180858869105577469e-03 -7.981281727552413940e-03 1.508281379938125610e-01
3.256991207599639893e-01 2.024161815643310547e-01 -4.964718595147132874e-03 -1.443619877099990845e-01
3.297474384307861328e-01 7.365681231021881104e-03 -7.851958274841308594e-03 1.467505395412445068e-01
3.298947513103485107e-01 2.025991976261138916e-01 -4.916947335004806519e-03 -1.483991593122482300e-01
3.339467346668243408e-01 7.547994144260883331e-03 -7.884930819272994995e-03 1.427285224199295044e-01
3.340977132320404053e-01 2.027819752693176270e-01 -5.030360072851181030e-03 -1.524314880371093750e-01
3.381533324718475342e-01 7.732414640486240387e-03 -8.078989572823047638e-03 1.386602371931076050e-01
3.383079767227172852e-01 2.029691338539123535e-01 -5.305785220116376877e-03 -1.565604954957962036e-01
3.423673808574676514e-01 7.923556491732597351e-03 -8.436994627118110657e-03 1.344438642263412476e-01
3.425258398056030273e-01 2.031653374433517456e-01 -5.748117342591285706e-03 -1.608888208866119385e-01
3.465891480445861816e-01 8.126144297420978546e-03 -8.965893648564815521e-03 1.299751996994018555e-01
3.467516601085662842e-01 2.033753842115402222e-01 -6.366389803588390350e-03 -1.655228137969970703e-01
3.508191704750061035e-01 8.345134556293487549e-03 -9.676846675574779510e-03 1.251449137926101685e-01
3.509860932826995850e-01 2.036043703556060791e-01 -7.173947989940643311e-03 -1.705751866102218628e-01
3.550581634044647217e-01 8.585833013057708740e-03 -1.058545149862766266e-02 1.198359802365303040e-01
3.552298843860626221e-01 2.038578391075134277e-01 -8.188731968402862549e-03 -1.761676818132400513e-01
3.593070507049560547e-01 8.854025043547153473e-03 -1.171208545565605164e-02 1.139207631349563599e-01
3.594841361045837402e-01 2.041418254375457764e-01 -9.433670900762081146e-03 -1.824341118335723877e-01
3.635669648647308350e-01 9.156117215752601624e-03 -1.308235246688127518e-02 1.072579696774482727e-01
3.637500703334808350e-01 2.044630795717239380e-01 -1.093719340860843658e-02 -1.895235031843185425e-01
3.678393363952636719e-01 9.499290026724338531e-03 -1.472766324877738953e-02 9.968921542167663574e-02
3.680293262004852295e-01 2.048291862010955811e-01 -1.273387856781482697e-02 -1.976036280393600464e-01
3.721259236335754395e-01 9.891663677990436554e-03 -1.668595150113105774e-02 9.103529155254364014e-02
3.723237514495849609e-01 2.052487581968307495e-01 -1.486524567008018494e-02 -2.068649977445602417e-01
3.764287233352661133e-01 1.034249365329742432e-02 -1.900254562497138977e-02 8.109187334775924683e-02
3.766355812549591064e-01 -1.845019757747650146e-01 -1.738070882856845856e-02 3.677193820476531982e-01
3.729455471038818359e-01 1.086258236318826675e-02 -1.002631988376379013e-02 6.960715353488922119e-02
3.731627762317657471e-01 2.061268389225006104e-01 -8.634177036583423615e-03 -2.262221872806549072e-01
3.772853314876556396e-01 1.112933456897735596e-02 -1.315862126648426056e-02 6.372474133968353271e-02
3.775078952312469482e-01 -1.838015019893646240e-01 -1.188412588089704514e-02 3.522271513938903809e-01
3.738318681716918945e-01 1.148740667849779129e-02 -4.839582834392786026e-03 5.582062900066375732e-02
3.740616142749786377e-01 2.066784203052520752e-01 -3.723170375451445580e-03 -2.383852899074554443e-01
3.781951963901519775e-01 1.160985045135021210e-02 -8.490876294672489166e-03 5.312092229723930359e-02
3.784273862838745117e-01 2.068525105714797974e-01 -7.428457494825124741e-03 -2.422288060188293457e-01
3.825644552707672119e-01 1.183745544403791428e-02 -1.227303408086299896e-02 4.810176417231559753e-02
3.828012049198150635e-01 -1.831063777208328247e-01 -1.131099835038185120e-02 3.368873000144958496e-01
3.791390657424926758e-01 1.217469386756420135e-02 -4.573252052068710327e-03 4.065907746553421021e-02
3.793825507164001465e-01 2.073619216680526733e-01 -3.760070540010929108e-03 -2.534632384777069092e-01
3.835297822952270508e-01 1.229386497288942337e-02 -8.829335682094097137e-03 3.803132846951484680e-02
3.837756812572479248e-01 -1.827003657817840576e-01 -8.068708702921867371e-03 3.279154896736145020e-01
3.801216781139373779e-01 1.253551896661520004e-02 -1.510399160906672478e-03 3.269901126623153687e-02
3.803723752498626709e-01 2.076790928840637207e-01 -8.564189192838966846e-04 -2.604600787162780762e-01
3.845259547233581543e-01 1.256938278675079346e-02 -6.065620575100183487e-03 3.195260092616081238e-02
3.847773373126983643e-01 -1.824650615453720093e-01 -5.426568444818258286e-03 3.227156102657318115e-01
3.811280429363250732e-01 1.273374073207378387e-02 1.027743564918637276e-03 2.832630649209022522e-02
3.813827335834503174e-01 2.078409343957901001e-01 1.594269648194313049e-03 -2.640321850776672363e-01
3.855395317077636719e-01 1.269626710563898087e-02 -3.686373820528388023e-03 2.915317006409168243e-02
3.857934772968292236e-01 -1.823726296424865723e-01 -3.103310475125908852e-03 3.206707239151000977e-01
3.821460008621215820e-01 1.279338262975215912e-02 3.310104133561253548e-03 2.701075561344623566e-02
3.824018836021423340e-01 2.078677117824554443e-01 3.850319189950823784e-03 -2.646259665489196777e-01
3.865592479705810547e-01 1.269101351499557495e-02 -1.442200038582086563e-03 2.926890179514884949e-02
3.868130445480346680e-01 2.078336179256439209e-01 -8.568219491280615330e-04 -2.638687193393707275e-01
3.909697234630584717e-01 1.272390596568584442e-02 -6.134196184575557709e-03 2.854384854435920715e-02
3.912242054939270020e-01 -1.823095381259918213e-01 -5.563319195061922073e-03 3.192850649356842041e-01
3.875780105590820312e-01 1.289119850844144821e-02 8.223823970183730125e-04 2.485288679599761963e-02
3.878358304500579834e-01 2.080013453960418701e-01 1.319440081715583801e-03 -2.675704658031463623e-01
3.919958770275115967e-01 1.286058966070413589e-02 -4.031968768686056137e-03 2.552833966910839081e-02
3.922530710697174072e-01 -1.822033077478408813e-01 -3.521402133628726006e-03 3.169364035129547119e-01
3.886090219020843506e-01 1.296862214803695679e-02 2.817325992509722710e-03 2.314504235982894897e-02
3.888683915138244629e-01 2.080500572919845581e-01 3.280226839706301689e-03 -2.686476707458496094e-01
3.930293917655944824e-01 1.288144756108522415e-02 -2.092726295813918114e-03 2.506806887686252594e-02
3.932870030403137207e-01 2.080333530902862549e-01 -1.591364853084087372e-03 -2.682743966579437256e-01
3.974476754665374756e-01 1.293414365500211716e-02 -6.956852972507476807e-03 2.390617318451404572e-02
3.977063596248626709e-01 -1.820873469114303589e-01 -6.478729192167520523e-03 3.143860399723052979e-01
3.940646052360534668e-01 1.312628574669361115e-02 -1.910086139105260372e-04 1.966699399054050446e-02
3.943271338939666748e-01 2.082509696483612061e-01 2.023312699748203158e-04 -2.730762064456939697e-01
3.984921574592590332e-01 1.312613859772682190e-02 -5.259192548692226410e-03 1.967054419219493866e-02
3.987546861171722412e-01 -1.819199919700622559e-01 -4.865781869739294052e-03 3.106895089149475098e-01
3.951162695884704590e-01 1.327093876898288727e-02 1.348008401691913605e-03 1.647603325545787811e-02
3.953816890716552734e-01 2.083735316991806030e-01 1.677529071457684040e-03 -2.757812738418579102e-01
3.995491862297058105e-01 1.322768721729516983e-02 -3.838096512481570244e-03 1.743027195334434509e-02
3.998137116432189941e-01 -1.818390041589736938e-01 -3.489491064101457596e-03 3.088997602462768555e-01
3.961769342422485352e-01 1.333248522132635117e-02 2.688504289835691452e-03 1.511839684098958969e-02
3.964436054229736328e-01 2.084157764911651611e-01 2.990872133523225784e-03 -2.767150700092315674e-01
4.006119072437286377e-01 1.325128413736820221e-02 -2.543429145589470863e-03 1.690968126058578491e-02
4.008769392967224121e-01 -1.818341016769409180e-01 -2.205235417932271957e-03 3.087890446186065674e-01
3.972402513027191162e-01 1.331920363008975983e-02 3.970545250922441483e-03 1.541146077215671539e-02
3.975066244602203369e-01 2.083839923143386841e-01 4.278774838894605637e-03 -2.760160863399505615e-01
4.016743302345275879e-01 1.320125255733728409e-02 -1.241546822711825371e-03 1.801330596208572388e-02
4.019383490085601807e-01 2.083409875631332397e-01 -8.812806336209177971e-04 -2.750610709190368652e-01
4.061051607131958008e-01 1.323162112385034561e-02 -6.382502149790525436e-03 1.734375581145286560e-02
4.063698053359985352e-01 -1.817982196807861328e-01 -6.035627331584692001e-03 3.080061078071594238e-01
4.027338325977325439e-01 1.340921130031347275e-02 1.244950399268418550e-04 1.342583820223808289e-02
4.030020236968994141e-01 2.085293829441070557e-01 3.930118109565228224e-04 -2.792178094387054443e-01
4.071725904941558838e-01 1.340182125568389893e-02 -5.191344302147626877e-03 1.358904968947172165e-02
4.074406325817108154e-01 -1.816452890634536743e-01 -4.919563420116901398e-03 3.046295344829559326e-01
4.038077294826507568e-01 1.354641653597354889e-02 1.173027441836893559e-03 1.039916370064020157e-02
4.040786623954772949e-01 2.086515277624130249e-01 1.381010632030665874e-03 -2.819134294986724854e-01
4.082517027854919434e-01 1.350990310311317444e-02 -4.257258027791976929e-03 1.120474375784397125e-02
4.085218906402587891e-01 -1.815507411956787109e-01 -4.033163189888000488e-03 3.025414049625396729e-01
4.048908650875091553e-01 1.362846419215202332e-02 2.017665421590209007e-03 8.589254692196846008e-03
4.051634371280670166e-01 2.087214142084121704e-01 2.189450431615114212e-03 -2.834563851356506348e-01
4.093378782272338867e-01 1.356831006705760956e-02 -3.479677485302090645e-03 9.916271083056926727e-03
4.096092283725738525e-01 -1.815035641193389893e-01 -3.281351877376437187e-03 3.014992773532867432e-01
4.059791564941406250e-01 1.366499997675418854e-02 2.748633734881877899e-03 7.783301174640655518e-03
4.062524735927581787e-01 2.087474316358566284e-01 2.904299879446625710e-03 -2.840311229228973389e-01
4.104274213314056396e-01 1.358417049050331116e-02 -2.776322886347770691e-03 9.566376917064189911e-03
4.106990993022918701e-01 -1.814978569746017456e-01 -2.584995236247777939e-03 3.013720512390136719e-01
4.070691466331481934e-01 1.366084441542625427e-02 3.442445769906044006e-03 7.874989882111549377e-03
4.073423743247985840e-01 2.087332606315612793e-01 3.599945455789566040e-03 -2.837198078632354736e-01
4.115170240402221680e-01 1.356014609336853027e-02 -2.074450952932238579e-03 1.009633392095565796e-02
4.117882251739501953e-01 -1.815319955348968506e-01 -1.872524153441190720e-03 3.021240234375000000e-01
4.081575870513916016e-01 1.361659541726112366e-02 4.169956315308809280e-03 8.851132355630397797e-03
4.084299206733703613e-01 2.086784988641738892e-01 4.346978850662708282e-03 -2.825132012367248535e-01
4.126034975051879883e-01 1.349481195211410522e-02 -1.303285243920981884e-03 1.153755653649568558e-02
4.128733873367309570e-01 2.086354345083236694e-01 -1.072534127160906792e-03 -2.815562784671783447e-01
4.170460999011993408e-01 1.352879405021667480e-02 -6.703659892082214355e-03 1.078817341476678848e-02
4.173166751861572266e-01 -1.814963817596435547e-01 -6.487896200269460678e-03 3.013485074043273926e-01
4.136867523193359375e-01 1.371743902564048767e-02 -4.609264142345637083e-04 6.626505870372056961e-03
4.139610826969146729e-01 2.088460028171539307e-01 -3.283963014837354422e-04 -2.862018048763275146e-01
4.181380271911621094e-01 1.372873131185770035e-02 -6.052432581782341003e-03 6.377521902322769165e-03
4.184125959873199463e-01 -1.813059002161026001e-01 -5.924881901592016220e-03 2.971447110176086426e-01
4.147864580154418945e-01 1.390000991523265839e-02 1.801196776796132326e-05 2.599075436592102051e-03
4.150644838809967041e-01 2.090217024087905884e-01 6.999347533565014601e-05 -2.900781631469726562e-01
4.192449152469635010e-01 1.389875356107950211e-02 -5.731570068746805191e-03 2.626832807436585426e-03
4.195228815078735352e-01 -1.811405271291732788e-01 -5.679033230990171432e-03 2.934958934783935547e-01
4.159000813961029053e-01 1.406192593276500702e-02 1.908844133140519261e-04 -9.727082215249538422e-04
4.161812961101531982e-01 -1.810627579689025879e-01 1.714302488835528493e-04 2.917704284191131592e-01
4.125600457191467285e-01 1.405674405395984650e-02 6.006839219480752945e-03 -8.584160241298377514e-04
4.128411710262298584e-01 2.090920358896255493e-01 5.989670753479003906e-03 -2.916400730609893799e-01
4.170230329036712646e-01 1.388519536703824997e-02 1.568691950524225831e-04 2.925885375589132309e-03
4.173007309436798096e-01 2.090048938989639282e-01 2.153869136236608028e-04 -2.897075414657592773e-01
4.214808344841003418e-01 1.387987472116947174e-02 -5.578763782978057861e-03 3.043306758627295494e-03
4.217584133148193359e-01 -1.811616271734237671e-01 -5.517897661775350571e-03 2.939608693122863770e-01
4.181351959705352783e-01 1.403855811804533005e-02 3.613193402998149395e-04 -4.572150355670601130e-04
4.184159636497497559e-01 2.091553211212158203e-01 3.521750331856310368e-04 -2.930261194705963135e-01
4.225990772247314453e-01 1.402835454791784286e-02 -5.508347414433956146e-03 -2.321420324733480811e-04
4.228796362876892090e-01 -1.810141652822494507e-01 -5.512990057468414307e-03 2.907077670097351074e-01
4.192593693733215332e-01 1.418595761060714722e-02 3.011649532709270716e-04 -3.708792617544531822e-03
4.195430874824523926e-01 -1.809403151273727417e-01 2.269890828756615520e-04 2.890691459178924561e-01
4.159242808818817139e-01 1.417840272188186646e-02 6.008371710777282715e-03 -3.542188089340925217e-03
4.162078499794006348e-01 2.092136740684509277e-01 5.937528330832719803e-03 -2.943233549594879150e-01
4.203920960426330566e-01 1.400757487863302231e-02 5.106091339257545769e-05 2.262460329802706838e-04
4.206722676753997803e-01 2.091287970542907715e-01 5.558583143283613026e-05 -2.924405634403228760e-01
4.248548448085784912e-01 1.400605030357837677e-02 -5.793225485831499100e-03 2.598873397801071405e-04
4.251349568367004395e-01 -1.810323446989059448e-01 -5.788027774542570114e-03 2.911093533039093018e-01
4.215143024921417236e-01 1.417166087776422501e-02 3.415948594920337200e-05 -3.393402323126792908e-03
4.217977523803710938e-01 -1.809507757425308228e-01 -3.370855847606435418e-05 2.893002927303314209e-01
4.181787371635437012e-01 1.417165156453847885e-02 5.752297583967447281e-03 -3.393255872651934624e-03
4.184621572494506836e-01 2.092106342315673828e-01 5.684432573616504669e-03 -2.942557334899902344e-01
4.226463735103607178e-01 1.400810480117797852e-02 -2.006821596296504140e-04 2.145534235751256347e-04
4.229265451431274414e-01 2.091329395771026611e-01 -1.963910908671095967e-04 -2.925316989421844482e-01
4.271091818809509277e-01 1.401378307491540909e-02 -6.047024857252836227e-03 8.929684554459527135e-05
4.273894727230072021e-01 -1.810209304094314575e-01 -6.045239046216011047e-03 2.908582091331481934e-01
4.237690567970275879e-01 1.418670080602169037e-02 -2.280749176861718297e-04 -3.725181566551327705e-03
4.240527749061584473e-01 -1.809319853782653809e-01 -3.025785554200410843e-04 2.888857722282409668e-01
4.204341471195220947e-01 1.419428549706935883e-02 5.475136917084455490e-03 -3.892565611749887466e-03
4.207180440425872803e-01 2.092372924089431763e-01 5.397285800427198410e-03 -2.948430180549621582e-01
4.249027669429779053e-01 1.403880864381790161e-02 -4.995744093321263790e-04 -4.627527378033846617e-04
4.251835644245147705e-01 2.091679275035858154e-01 -5.088294856250286102e-04 -2.933032512664794922e-01
4.293669164180755615e-01 1.405322831124067307e-02 -6.374894641339778900e-03 -7.808539667166769505e-04
4.296479821205139160e-01 -1.809767186641693115e-01 -6.390511523932218552e-03 2.898839116096496582e-01
4.260284304618835449e-01 1.423577032983303070e-02 -5.928333848714828491e-04 -4.807636607438325882e-03
4.263131618499755859e-01 -1.808776706457138062e-01 -6.889860960654914379e-04 2.876881957054138184e-01
4.226956069469451904e-01 1.425409596413373947e-02 5.064777564257383347e-03 -5.211962386965751648e-03
4.229806959629058838e-01 2.093030512332916260e-01 4.960538353770971298e-03 -2.962926030158996582e-01
4.271667599678039551e-01 1.411073096096515656e-02 -9.653135784901678562e-04 -2.049333881586790085e-03
4.274489581584930420e-01 -1.809973567724227905e-01 -1.006300211884081364e-03 2.903288602828979492e-01
4.238290190696716309e-01 1.413892302662134171e-02 4.800277296453714371e-03 -2.671264344826340675e-03
4.241117835044860840e-01 2.091917097568511963e-01 4.746851976960897446e-03 -2.938357889652252197e-01
4.282956421375274658e-01 1.400239858776330948e-02 -1.129863900132477283e-03 3.404405142646282911e-04
4.285756647586822510e-01 2.091405391693115234e-01 -1.123055117204785347e-03 -2.926987707614898682e-01
4.327584803104400635e-01 1.403461396694183350e-02 -6.977030076086521149e-03 -3.702393441926687956e-04
4.330391883850097656e-01 -1.809865832328796387e-01 -6.984435021877288818e-03 2.901031970977783203e-01
4.294194579124450684e-01 1.423425972461700439e-02 -1.182370935566723347e-03 -4.774322733283042908e-03
4.297041296958923340e-01 -1.808707118034362793e-01 -1.277857343666255474e-03 2.875353097915649414e-01
4.260867238044738770e-01 1.426943670958280563e-02 4.472848959267139435e-03 -5.550360772758722305e-03
4.263721108436584473e-01 2.093269526958465576e-01 4.361841827630996704e-03 -2.968187034130096436e-01
4.305586516857147217e-01 1.414309721440076828e-02 -1.574532245285809040e-03 -2.763319062069058418e-03
4.308415055274963379e-01 -1.809562444686889648e-01 -1.629798556677997112e-03 2.894224226474761963e-01
4.272223711013793945e-01 1.418891642242670059e-02 4.158649593591690063e-03 -3.774094395339488983e-03
4.275061488151550293e-01 2.092509865760803223e-01 4.083167761564254761e-03 -2.951420247554779053e-01
4.316911697387695312e-01 1.407105568796396255e-02 -1.819672761484980583e-03 -1.174127333797514439e-03
4.319725930690765381e-01 -1.810247451066970825e-01 -1.843155245296657085e-03 2.909341156482696533e-01
4.283521175384521484e-01 1.412343326956033707e-02 3.975526895374059677e-03 -2.329550683498382568e-03
4.286345839500427246e-01 2.091881483793258667e-01 3.928936086595058441e-03 -2.937555015087127686e-01
4.328183531761169434e-01 1.401039771735668182e-02 -1.946174073964357376e-03 1.639601541683077812e-04
4.330985546112060547e-01 2.091602087020874023e-01 -1.942894887179136276e-03 -2.931323647499084473e-01
4.372817575931549072e-01 1.406600978225469589e-02 -7.805542089045047760e-03 -1.062840921804308891e-03
4.375630617141723633e-01 -1.809431314468383789e-01 -7.826799526810646057e-03 2.891471683979034424e-01
4.339441955089569092e-01 1.428954675793647766e-02 -2.043856075033545494e-03 -5.993949715048074722e-03
4.342299997806549072e-01 -1.808030307292938232e-01 -2.163734985515475273e-03 2.860434055328369141e-01
4.306139349937438965e-01 1.434971019625663757e-02 3.557133255526423454e-03 -7.321150973439216614e-03
4.309009313583374023e-01 2.094204723834991455e-01 3.410710254684090614e-03 -2.988796532154083252e-01
4.350893497467041016e-01 1.425006426870822906e-02 -2.566882409155368805e-03 -5.122992675751447678e-03
4.353743493556976318e-01 -1.808349788188934326e-01 -2.669342327862977982e-03 2.867489457130432129e-01
4.317576289176940918e-01 1.432493794709444046e-02 3.065636614337563515e-03 -6.774671375751495361e-03
4.320441484451293945e-01 2.094027847051620483e-01 2.930143149569630623e-03 -2.984887659549713135e-01
4.362322092056274414e-01 1.423919294029474258e-02 -3.039632458239793777e-03 -4.883179906755685806e-03
4.365169703960418701e-01 -1.808390319347381592e-01 -3.137296065688133240e-03 2.868391573429107666e-01
4.329001903533935547e-01 1.432751864194869995e-02 2.599487314000725746e-03 -6.831592414528131485e-03
4.331867396831512451e-01 2.094120979309082031e-01 2.462855307385325432e-03 -2.986932098865509033e-01
4.373749792575836182e-01 1.425512135028839111e-02 -3.511009039357304573e-03 -5.234569776803255081e-03
4.376600980758666992e-01 -1.808163076639175415e-01 -3.615700406953692436e-03 2.863385379314422607e-01
4.340437650680541992e-01 1.435702852904796600e-02 2.111070090904831886e-03 -7.482567336410284042e-03
4.343309104442596436e-01 2.094486355781555176e-01 1.961418893188238144e-03 -2.994986772537231445e-01
4.385198950767517090e-01 1.429878640919923782e-02 -4.028555005788803101e-03 -6.197804119437932968e-03
4.388058483600616455e-01 -1.807651519775390625e-01 -4.152510780841112137e-03 2.852113544940948486e-01
4.351905584335327148e-01 1.441576890647411346e-02 1.551716122776269913e-03 -8.778355084359645844e-03
4.354788661003112793e-01 2.095154374837875366e-01 1.376149011775851250e-03 -3.009712994098663330e-01
4.396691918373107910e-01 1.437389384955167770e-02 -4.643276799470186234e-03 -7.854674942791461945e-03
4.399566650390625000e-01 -1.806811541318893433e-01 -4.800370428711175919e-03 2.833596467971801758e-01
4.363430440425872803e-01 1.450892910361289978e-02 8.668222581036388874e-04 -1.083343196660280228e-02
4.366331994533538818e-01 2.096184343099594116e-01 6.501536117866635323e-04 -3.032427430152893066e-01
4.408255815505981445e-01 1.448722742497920990e-02 -5.414701066911220551e-03 -1.035483926534652710e-02
4.411153197288513184e-01 -1.805566549301147461e-01 -5.621797870844602585e-03 2.806147634983062744e-01
4.375042021274566650e-01 1.464503817260265350e-02 -9.502420653006993234e-06 -1.383593212813138962e-02
4.377970993518829346e-01 -1.804767698049545288e-01 -2.862210676539689302e-04 2.788439989089965820e-01
4.341875612735748291e-01 1.464925706386566162e-02 5.290658678859472275e-03 -1.392919011414051056e-02
4.344805479049682617e-01 2.096949368715286255e-01 5.012074951082468033e-03 -3.049381673336029053e-01
4.386744499206542969e-01 1.450191810727119446e-02 -1.086688251234591007e-03 -1.067877467721700668e-02
4.389644861221313477e-01 -1.806044280529022217e-01 -1.300263800658285618e-03 2.816610932350158691e-01
4.353523850440979004e-01 1.453604269772768021e-02 4.332958254963159561e-03 -1.143165025860071182e-02
4.356431066989898682e-01 2.095955908298492432e-01 4.104325082153081894e-03 -3.027443289756774902e-01
4.398350119590759277e-01 1.441538054496049881e-02 -1.950561651028692722e-03 -8.769824169576168060e-03
4.401233196258544922e-01 -1.806785464286804199e-01 -2.125958213582634926e-03 2.832970321178436279e-01
