-5.143769085407257080e-03 -3.290719166398048401e-02 2.804531715810298920e-02 3.826158493757247925e-02
-5.801912862807512283e-03 1.618015915155410767e-01 2.881054952740669250e-02 -2.454425096511840820e-01
-2.565881004557013512e-03 -3.371974453330039978e-02 2.390169911086559296e-02 5.618692934513092041e-02
-3.240275895223021507e-03 1.610514819622039795e-01 2.502543851733207703e-02 -2.288600355386734009e-01
-1.924615025927778333e-05 -3.441898524761199951e-02 2.044823765754699707e-02 7.161056995391845703e-02
-7.076258189044892788e-04 1.604039371013641357e-01 2.188044972717761993e-02 -2.145513445138931274e-01
2.500452799722552299e-03 -3.502388671040534973e-02 1.758942194283008575e-02 8.495255559682846069e-02
1.799975056201219559e-03 1.598415672779083252e-01 1.928847283124923706e-02 -2.021293938159942627e-01
4.996806383132934570e-03 -3.555085137486457825e-02 1.524588465690612793e-02 9.657517820596694946e-02
4.285789560526609421e-03 1.593493074178695679e-01 1.717738807201385498e-02 -1.912589669227600098e-01
7.472775876522064209e-03 -3.601410984992980957e-02 1.335220877081155777e-02 1.067928299307823181e-01
6.752493325620889664e-03 1.589139848947525024e-01 1.548806577920913696e-02 -1.816478073596954346e-01
9.930772706866264343e-03 -3.642613068222999573e-02 1.185510959476232529e-02 1.158805266022682190e-01
9.202250279486179352e-03 1.585239619016647339e-01 1.417271979153156281e-02 -1.730387508869171143e-01
1.237272936850786209e-02 -3.679792955517768860e-02 1.071194466203451157e-02 1.240813061594963074e-01
1.163677126169204712e-02 1.581689268350601196e-01 1.319357100874185562e-02 -1.652029603719711304e-01
1.480014994740486145e-02 -3.713937476277351379e-02 9.889512322843074799e-03 1.316128075122833252e-01
1.405736245214939117e-02 1.578395217657089233e-01 1.252176798880100250e-02 -1.579337865114212036e-01
1.721415296196937561e-02 -3.745944052934646606e-02 9.363092482089996338e-03 1.386730074882507324e-01
1.646496355533599854e-02 1.575271636247634888e-01 1.213655248284339905e-02 -1.510413736104965210e-01
1.961550675332546234e-02 -3.776644915342330933e-02 9.115725755691528320e-03 1.454455405473709106e-01
1.886017806828022003e-02 1.572237759828567505e-01 1.202463638037443161e-02 -1.443476676940917969e-01
2.200465463101863861e-02 -3.806829825043678284e-02 9.137682616710662842e-03 1.521044224500656128e-01
2.124328725039958954e-02 1.569216251373291016e-01 1.217977143824100494e-02 -1.376818120479583740e-01
2.438172139227390289e-02 -3.837263584136962891e-02 9.426135569810867310e-03 1.588186323642730713e-01
2.361426874995231628e-02 1.566130965948104858e-01 1.260250806808471680e-02 -1.308757513761520386e-01
2.674653008580207825e-02 -3.868708759546279907e-02 9.984993375837802887e-03 1.657563149929046631e-01
2.597278729081153870e-02 1.562905162572860718e-01 1.330011896789073944e-02 -1.237599775195121765e-01
2.909859828650951385e-02 -3.901942819356918335e-02 1.082491967827081680e-02 1.730891466140747070e-01
2.831820957362651825e-02 1.559459418058395386e-01 1.428670249879360199e-02 -1.161592975258827209e-01
3.143712878227233887e-02 -3.937777504324913025e-02 1.196351647377014160e-02 1.809965223073959351e-01
3.064957261085510254e-02 1.555709540843963623e-01 1.558344718068838120e-02 -1.078884676098823547e-01
3.376099094748497009e-02 -3.977079689502716064e-02 1.342567801475524902e-02 1.896699368953704834e-01
3.296557813882827759e-02 1.551565378904342651e-01 1.721907593309879303e-02 -9.874767810106277466e-02
3.606870770454406738e-02 -4.020791128277778625e-02 1.524412352591753006e-02 1.993177086114883423e-01
3.526454791426658630e-02 1.546927243471145630e-01 1.923047751188278198e-02 -8.851768076419830322e-02
3.835840523242950439e-02 -4.069951549172401428e-02 1.746012456715106964e-02 2.101698964834213257e-01
3.754441440105438232e-02 1.541684865951538086e-01 2.166352234780788422e-02 -7.695453613996505737e-02
4.062778130173683167e-02 -4.125721752643585205e-02 2.012443169951438904e-02 2.224838137626647949e-01
3.980263695120811462e-02 1.535713970661163330e-01 2.457410842180252075e-02 -6.378374248743057251e-02
4.287406802177429199e-02 3.483325541019439697e-01 2.329843305051326752e-02 -3.486132025718688965e-01
4.984071850776672363e-02 1.528871208429336548e-01 1.632616855204105377e-02 -4.867549985647201538e-02
5.289845913648605347e-02 -4.246509075164794922e-02 1.535265799611806870e-02 2.491134405136108398e-01
5.204915627837181091e-02 1.524342894554138184e-01 2.033492736518383026e-02 -3.868766874074935913e-02
5.509784445166587830e-02 3.472588062286376953e-01 1.956117339432239532e-02 -3.248859941959381104e-01
6.204301863908767700e-02 1.518638879060745239e-01 1.306345406919717789e-02 -2.609905228018760681e-02
6.508029997348785400e-02 -4.344294220209121704e-02 1.254147291183471680e-02 2.706767320632934570e-01
6.421143561601638794e-02 1.514978110790252686e-01 1.795500703155994415e-02 -1.802430301904678345e-02
6.724139302968978882e-02 3.463577330112457275e-01 1.759452186524868011e-02 -3.049885630607604980e-01
7.416854798793792725e-02 1.509895175695419312e-01 1.149475015699863434e-02 -6.809097249060869217e-03
7.718834280967712402e-02 3.459447622299194336e-01 1.135856844484806061e-02 -2.958432435989379883e-01
8.410723507404327393e-02 1.506627351045608521e-01 5.441703367978334427e-03 4.002441710326820612e-04
8.712048828601837158e-02 -4.453683644533157349e-02 5.449708085507154465e-03 2.947951257228851318e-01
8.622975647449493408e-02 1.505070030689239502e-01 1.134561095386743546e-02 3.835914423689246178e-03
8.923989534378051758e-02 3.454644083976745605e-01 1.142232865095138550e-02 -2.852458655834197998e-01
9.614918380975723267e-02 1.501814275979995728e-01 5.717411637306213379e-03 1.101760007441043854e-02
9.915281087160110474e-02 -4.502204433083534241e-02 5.937763955444097519e-03 3.054989278316497803e-01
9.825237095355987549e-02 1.500147879123687744e-01 1.204774249345064163e-02 1.469453983008861542e-02
1.012526676058769226e-01 3.449619114398956299e-01 1.234163343906402588e-02 -2.741629779338836670e-01
1.081519052386283875e-01 1.496660560369491577e-01 6.858373992145061493e-03 2.238684706389904022e-02
1.111452281475067139e-01 3.446889817714691162e-01 7.306111045181751251e-03 -2.681243121623992920e-01
1.180390045046806335e-01 1.494635343551635742e-01 1.943624694831669331e-03 2.685402333736419678e-02
1.210282742977142334e-01 3.445575535297393799e-01 2.480705035850405693e-03 -2.652150392532348633e-01
1.279194205999374390e-01 1.494002938270568848e-01 -2.823595656082034111e-03 2.824929542839527130e-02
1.309074312448501587e-01 3.445626199245452881e-01 -2.258609747514128685e-03 -2.653231620788574219e-01
1.377986818552017212e-01 1.494729816913604736e-01 -7.565073203295469284e-03 2.664651721715927124e-02
1.407881379127502441e-01 -4.553967341780662537e-02 -7.032142486423254013e-03 3.169330060482025146e-01
1.398773491382598877e-01 1.496817320585250854e-01 -6.934824050404131413e-04 2.204071357846260071e-02
1.428709775209426880e-01 3.448136150836944580e-01 -2.526681637391448021e-04 -2.708609402179718018e-01
1.497672498226165771e-01 1.496952772140502930e-01 -5.669886711984872818e-03 2.174228988587856293e-02
1.527611613273620605e-01 -4.534490779042243958e-02 -5.235041026026010513e-03 3.126309216022491455e-01
1.518542617559432983e-01 1.498512327671051025e-01 1.017577364109456539e-03 1.830163411796092987e-02
1.548512876033782959e-01 3.449585735797882080e-01 1.383610069751739502e-03 -2.740600705146789551e-01
1.617504656314849854e-01 1.498169004917144775e-01 -4.097591154277324677e-03 1.905893720686435699e-02
1.647467911243438721e-01 3.449973762035369873e-01 -3.716412466019392014e-03 -2.749139964580535889e-01
1.716467440128326416e-01 1.499286592006683350e-01 -9.214692749083042145e-03 1.659444533288478851e-02
1.746453195810317993e-01 -4.505994543433189392e-02 -8.882803842425346375e-03 3.063558340072631836e-01
1.737441271543502808e-01 1.501874476671218872e-01 -2.755686640739440918e-03 1.088479347527027130e-02
1.767478734254837036e-01 3.453488051891326904e-01 -2.537990920245647430e-03 -2.826662957668304443e-01
1.836548447608947754e-01 1.502631604671478271e-01 -8.191317319869995117e-03 9.215067140758037567e-03
1.866601109504699707e-01 -4.474036768078804016e-02 -8.007016032934188843e-03 2.993023097515106201e-01
1.857652962207794189e-01 1.504947990179061890e-01 -2.020969288423657417e-03 4.104925785213708878e-03
1.887751966714859009e-01 3.456456661224365234e-01 -1.938870875164866447e-03 -2.892149686813354492e-01
1.956881135702133179e-01 1.505514234304428101e-01 -7.723169866949319839e-03 2.855840837582945824e-03
1.986991316080093384e-01 -4.445892199873924255e-02 -7.666053250432014465e-03 2.930920422077178955e-01
1.978099644184112549e-01 1.507714837789535522e-01 -1.804212224669754505e-03 -1.998761435970664024e-03
2.008253931999206543e-01 3.459192514419555664e-01 -1.844187499955296516e-03 -2.952503859996795654e-01
2.077437788248062134e-01 1.508236527442932129e-01 -7.749195210635662079e-03 -3.149664262309670448e-03
2.107602506875991821e-01 -4.418631270527839661e-02 -7.812188472598791122e-03 2.870782613754272461e-01
2.098765224218368530e-01 1.510461717844009399e-01 -2.070623449981212616e-03 -8.058292791247367859e-03
2.128974497318267822e-01 3.461977541446685791e-01 -2.231789287179708481e-03 -3.013938069343566895e-01
2.198214083909988403e-01 1.511076837778091431e-01 -8.259665220975875854e-03 -9.415574371814727783e-03
2.228435575962066650e-01 -4.389483854174613953e-02 -8.447976782917976379e-03 2.806499302387237549e-01
2.219656556844711304e-01 1.513465940952301025e-01 -2.834978513419628143e-03 -1.468544825911521912e-02
2.249925881624221802e-01 3.465090990066528320e-01 -3.128687385469675064e-03 -3.082614839076995850e-01
2.319227755069732666e-01 1.514318585395812988e-01 -9.293917566537857056e-03 -1.656691171228885651e-02
2.349514067173004150e-01 -4.355558380484580994e-02 -9.625255130231380463e-03 2.731692492961883545e-01
2.340802997350692749e-01 1.517023742198944092e-01 -4.161870572715997696e-03 -2.253390662372112274e-02
2.371143400669097900e-01 3.468837738037109375e-01 -4.612548742443323135e-03 -3.165270388126373291e-01
2.440520226955413818e-01 1.518278121948242188e-01 -1.094308961182832718e-02 -2.530231326818466187e-02
2.470885813236236572e-01 -4.313550889492034912e-02 -1.144913583993911743e-02 2.639079689979553223e-01
2.462258636951446533e-01 1.521479785442352295e-01 -6.170976907014846802e-03 -3.236404433846473694e-02
2.492688298225402832e-01 -4.288494214415550232e-02 -6.818257737904787064e-03 2.583655118942260742e-01
2.484111189842224121e-01 1.523336768150329590e-01 -1.650947495363652706e-03 -3.646017611026763916e-02
2.514578104019165039e-01 3.474792838096618652e-01 -2.380151068791747093e-03 -3.296635448932647705e-01
2.584073841571807861e-01 1.523912847042083740e-01 -8.973421528935432434e-03 -3.773215040564537048e-02
2.614552080631256104e-01 -4.260084778070449829e-02 -9.728064760565757751e-03 2.521061301231384277e-01
2.606031894683837891e-01 1.526586562395095825e-01 -4.685942549258470535e-03 -4.362928122282028198e-02
2.636563777923583984e-01 -4.239578917622566223e-02 -5.558528006076812744e-03 2.475715130567550659e-01
2.628084421157836914e-01 1.528051048517227173e-01 -6.070978124625980854e-04 -4.685950279235839844e-02
2.658645510673522949e-01 3.479357659816741943e-01 -1.544287893921136856e-03 -3.397339284420013428e-01
2.728232741355895996e-01 1.528358161449432373e-01 -8.338966406881809235e-03 -4.753836616873741150e-02
2.758799791336059570e-01 -4.216558113694190979e-02 -9.289733134210109711e-03 2.425019145011901855e-01
2.750366628170013428e-01 1.530878245830535889e-01 -4.439695272594690323e-03 -5.309669300913810730e-02
2.780984342098236084e-01 -4.197018593549728394e-02 -5.501628853380680084e-03 2.381821721792221069e-01
2.772590219974517822e-01 1.532299220561981201e-01 -7.379854796454310417e-04 -5.623103678226470947e-02
2.803236246109008789e-01 3.483624458312988281e-01 -1.862606266513466835e-03 -3.491467237472534180e-01
2.872908711433410645e-01 1.532670408487319946e-01 -8.845540694892406464e-03 -5.705171078443527222e-02
2.903562188148498535e-01 -4.172696918249130249e-02 -9.986574761569499969e-03 2.328273057937622070e-01
2.895216643810272217e-01 1.535362452268600464e-01 -5.330028478056192398e-03 -6.298890709877014160e-02
2.925924062728881836e-01 -4.150888696312904358e-02 -6.589806638658046722e-03 2.280076146125793457e-01
2.917622327804565430e-01 1.537066102027893066e-01 -2.029654569923877716e-03 -6.674667447805404663e-02
2.948363423347473145e-01 -4.138617590069770813e-02 -3.364587901160120964e-03 2.252952009439468384e-01
2.940086424350738525e-01 1.537836939096450806e-01 1.141315908171236515e-03 -6.844715029001235962e-02
2.970843017101287842e-01 3.488892614841461182e-01 -2.276270679431036115e-04 -3.607697784900665283e-01
3.040620982646942139e-01 1.537705510854721069e-01 -7.443022448569536209e-03 -6.815862655639648438e-02
3.071374893188476562e-01 -4.124389961361885071e-02 -8.806195110082626343e-03 2.221667319536209106e-01
3.063126206398010254e-01 1.540028005838394165e-01 -4.362860228866338730e-03 -7.328096777200698853e-02
3.093926906585693359e-01 -4.105632752180099487e-02 -5.828479770570993423e-03 2.180222719907760620e-01
3.085715472698211670e-01 1.541484594345092773e-01 -1.468034111894667149e-03 -7.649348676204681396e-02
3.116545081138610840e-01 -4.095242172479629517e-02 -2.997903851792216301e-03 2.157258987426757812e-01
3.108354806900024414e-01 1.542122662067413330e-01 1.316614099778234959e-03 -7.790118455886840820e-02
3.139197230339050293e-01 3.493153154850006104e-01 -2.414095069980248809e-04 -3.701684176921844482e-01
3.209060132503509521e-01 1.541967988014221191e-01 -7.644778117537498474e-03 -7.756162434816360474e-02
3.239899575710296631e-01 -4.081473499536514282e-02 -9.196010418236255646e-03 2.126995772123336792e-01
3.231736719608306885e-01 1.544374823570251465e-01 -4.942019004374742508e-03 -8.286994695663452148e-02
3.262624144554138184e-01 -4.061328247189521790e-02 -6.599417887628078461e-03 2.082496732473373413e-01
3.254501521587371826e-01 1.546024084091186523e-01 -2.434424357488751411e-03 -8.650770038366317749e-02
3.285422027111053467e-01 -4.048456251621246338e-02 -4.164578393101692200e-03 2.054061591625213623e-01
3.277325034141540527e-01 1.546966880559921265e-01 -5.645519195240922272e-05 -8.858756721019744873e-02
3.308264315128326416e-01 3.498194515705108643e-01 -1.828206470236182213e-03 -3.812882900238037109e-01
3.378228247165679932e-01 1.547235101461410522e-01 -9.453972801566123962e-03 -8.918236941099166870e-02
3.409172892570495605e-01 -4.026166349649429321e-02 -1.123761944472789764e-02 2.005029022693634033e-01
3.401120603084564209e-01 1.550191938877105713e-01 -7.227561902254819870e-03 -9.570368379354476929e-02
3.432124555110931396e-01 -3.999842703342437744e-02 -9.141636081039905548e-03 1.946902275085449219e-01
3.424124717712402344e-01 1.552530974149703979e-01 -5.247831344604492188e-03 -1.008624210953712463e-01
3.455175459384918213e-01 -3.979326039552688599e-02 -7.265079766511917114e-03 1.901602149009704590e-01
3.447216749191284180e-01 1.554318666458129883e-01 -3.461875254288315773e-03 -1.048056557774543762e-01
3.478303253650665283e-01 -3.964029997587203979e-02 -5.557988304644823074e-03 1.867830455303192139e-01
3.470375239849090576e-01 1.555607318878173828e-01 -1.822327263653278351e-03 -1.076480075716972351e-01
3.501487374305725098e-01 -3.953506052494049072e-02 -3.975287545472383499e-03 1.844594329595565796e-01
3.493580222129821777e-01 1.556435376405715942e-01 -2.860989479813724756e-04 -1.094748973846435547e-01
3.524709045886993408e-01 -3.947430476546287537e-02 -2.475596964359283447e-03 1.831177473068237305e-01
3.516814112663269043e-01 1.556829810142517090e-01 1.186758163385093212e-03 -1.103451028466224670e-01
3.547950685024261475e-01 -3.945595771074295044e-02 -1.020143972709774971e-03 1.827120035886764526e-01
3.540059626102447510e-01 1.556805819272994995e-01 2.634095959365367889e-03 -1.102925688028335571e-01
3.571195602416992188e-01 3.507646918296813965e-01 4.282446752768009901e-04 -4.021432995796203613e-01
3.641348481178283691e-01 1.556366533041000366e-01 -7.614620961248874664e-03 -1.093253791332244873e-01
3.672475814819335938e-01 -3.937534987926483154e-02 -9.801128879189491272e-03 1.809454858303070068e-01
3.664600849151611328e-01 1.558854728937149048e-01 -6.182218901813030243e-03 -1.148131638765335083e-01
3.695777952671051025e-01 -3.914735838770866394e-02 -8.478482253849506378e-03 1.759129166603088379e-01
3.687948286533355713e-01 1.560948938131332397e-01 -4.960224032402038574e-03 -1.194325834512710571e-01
3.719167411327362061e-01 -3.895563632249832153e-02 -7.348875515162944794e-03 1.716813147068023682e-01
3.711376190185546875e-01 1.562707275152206421e-01 -3.915249370038509369e-03 -1.233108639717102051e-01
3.742630481719970703e-01 -3.879491612315177917e-02 -6.381466519087553024e-03 1.681342720985412598e-01
3.734871447086334229e-01 1.564177870750427246e-01 -3.018780844286084175e-03 -1.265549659729003906e-01
3.766154944896697998e-01 -3.866077959537506104e-02 -5.549880210310220718e-03 1.651740372180938721e-01
3.758422732353210449e-01 1.565401703119277954e-01 -2.246399410068988800e-03 -1.292545348405838013e-01
3.789730966091156006e-01 -3.854952380061149597e-02 -4.831490106880664825e-03 1.627188324928283691e-01
3.782021105289459229e-01 1.566412597894668579e-01 -1.577113405801355839e-03 -1.314843744039535522e-01
3.813349306583404541e-01 -3.845806792378425598e-02 -4.206800833344459534e-03 1.607005745172500610e-01
3.805657625198364258e-01 1.567238569259643555e-01 -9.927893988788127899e-04 -1.333065181970596313e-01
3.837002515792846680e-01 -3.838386014103889465e-02 -3.658919595181941986e-03 1.590630412101745605e-01
3.829325735569000244e-01 1.567902863025665283e-01 -4.776589630637317896e-04 -1.347719430923461914e-01
3.860683739185333252e-01 -3.832482174038887024e-02 -3.173097735270857811e-03 1.577602475881576538e-01
3.853018581867218018e-01 1.568424105644226074e-01 -1.789267480489797890e-05 -1.359220147132873535e-01
3.884387314319610596e-01 -3.827928006649017334e-02 -2.736333059147000313e-03 1.567552685737609863e-01
3.876731395721435547e-01 1.568817347288131714e-01 3.987723030149936676e-04 -1.367896497249603271e-01
3.908107578754425049e-01 -3.824592009186744690e-02 -2.337020821869373322e-03 1.560190618038177490e-01
3.900458514690399170e-01 1.569094210863113403e-01 7.833603303879499435e-04 -1.374002248048782349e-01
3.931840360164642334e-01 -3.822374716401100159e-02 -1.964644296094775200e-03 1.555297374725341797e-01
3.924195766448974609e-01 1.569262742996215820e-01 1.145950402133166790e-03 -1.377723515033721924e-01
3.955580890178680420e-01 -3.821206837892532349e-02 -1.609496539458632469e-03 1.552718877792358398e-01
3.947938382625579834e-01 1.569328904151916504e-01 1.495941192843019962e-03 -1.379183679819107056e-01
3.979324996471405029e-01 -3.821045532822608948e-02 -1.262426027096807957e-03 1.552361398935317993e-01
3.971683084964752197e-01 1.569295525550842285e-01 1.842296682298183441e-03 -1.378447860479354858e-01
4.003068804740905762e-01 -3.821874037384986877e-02 -9.145991061814129353e-04 1.554187834262847900e-01
3.995425105094909668e-01 1.569162905216217041e-01 2.193776657804846764e-03 -1.375525444746017456e-01
4.026808440685272217e-01 -3.823700919747352600e-02 -5.572742084041237831e-04 1.558216810226440430e-01
4.019160866737365723e-01 1.568929105997085571e-01 2.559159416705369949e-03 -1.370369940996170044e-01
4.050539433956146240e-01 3.519781231880187988e-01 -1.815805298974737525e-04 -4.289114475250244141e-01
4.120935201644897461e-01 1.568587422370910645e-01 -8.759809657931327820e-03 -1.362857669591903687e-01
4.152306914329528809e-01 -3.813665360212326050e-02 -1.148552540689706802e-02 1.536207497119903564e-01
4.144679605960845947e-01 1.571478545665740967e-01 -8.413109928369522095e-03 -1.426633596420288086e-01
4.176109135150909424e-01 -3.785260394215583801e-02 -1.126637775450944901e-02 1.473535448312759399e-01
4.168538749217987061e-01 1.574288606643676758e-01 -8.319306187331676483e-03 -1.488623023033142090e-01
4.200024306774139404e-01 -3.757298365235328674e-02 -1.129655260592699051e-02 1.411844789981842041e-01
4.192509949207305908e-01 1.577089279890060425e-01 -8.472862653434276581e-03 -1.550408005714416504e-01
4.224051535129547119e-01 -3.729069605469703674e-02 -1.157367881387472153e-02 1.349571347236633301e-01
4.216593503952026367e-01 1.579951047897338867e-01 -8.874536491930484772e-03 -1.613545268774032593e-01
4.248192608356475830e-01 -3.699868172407150269e-02 -1.210162695497274399e-02 1.285155564546585083e-01
4.240792691707611084e-01 1.582945138216018677e-01 -9.531315416097640991e-03 -1.679605841636657715e-01
4.272451698780059814e-01 -3.668971359729766846e-02 -1.289052795618772507e-02 1.217003092169761658e-01
4.265113770961761475e-01 1.586145311594009399e-01 -1.045652106404304504e-02 -1.750214248895645142e-01
4.296836555004119873e-01 -3.635622560977935791e-02 -1.395695004612207413e-02 1.143445596098899841e-01
4.289565384387969971e-01 1.589629054069519043e-01 -1.167005859315395355e-02 -1.827087998390197754e-01
4.321357905864715576e-01 -3.599013760685920715e-02 -1.532423496246337891e-02 1.062699183821678162e-01
4.314160048961639404e-01 1.593480259180068970e-01 -1.319883670657873154e-02 -1.912080645561218262e-01
4.346029460430145264e-01 -3.558264300227165222e-02 -1.702299714088439941e-02 9.728211909532546997e-02
4.338912963867187500e-01 -2.304565310478210449e-01 -1.507735531777143478e-02 3.845460712909698486e-01
4.292821586132049561e-01 -3.512380644679069519e-02 -7.386433891952037811e-03 8.714772015810012817e-02
4.285796880722045898e-01 1.601032316684722900e-01 -5.643479526042938232e-03 -2.078564465045928955e-01
4.317817687988281250e-01 -3.493756055831909180e-02 -9.800608269870281219e-03 8.304091542959213257e-02
4.310829937458038330e-01 1.603235006332397461e-01 -8.139790035784244537e-03 -2.127179354429244995e-01
4.342894852161407471e-01 -3.468113765120506287e-02 -1.239414885640144348e-02 7.738624513149261475e-02
4.335958659648895264e-01 -2.296232432126998901e-01 -1.084642391651868820e-02 3.661331534385681152e-01
4.290033876895904541e-01 -3.434884548187255859e-02 -3.523760940879583359e-03 7.005000859498977661e-02
4.283164143562316895e-01 1.608234494924545288e-01 -2.122760750353336334e-03 -2.237426042556762695e-01
4.315328896045684814e-01 -3.426809981465339661e-02 -6.597612518817186356e-03 6.826997548341751099e-02
4.308475255966186523e-01 1.609478145837783813e-01 -5.232213065028190613e-03 -2.264872193336486816e-01
4.340664744377136230e-01 -3.409896790981292725e-02 -9.761957451701164246e-03 6.454069912433624268e-02
4.333845078945159912e-01 -2.290796041488647461e-01 -8.471143431961536407e-03 3.541277647018432617e-01
4.288029074668884277e-01 -3.383823484182357788e-02 -1.388588454574346542e-03 5.878571420907974243e-02
4.281261265277862549e-01 1.613035947084426880e-01 -2.128741907654330134e-04 -2.343349903821945190e-01
4.313521981239318848e-01 -3.381531313061714172e-02 -4.899573978036642075e-03 5.828077346086502075e-02
4.306758940219879150e-01 1.613765507936477661e-01 -3.733958583325147629e-03 -2.359439730644226074e-01
4.339034259319305420e-01 -3.369185701012611389e-02 -8.452838286757469177e-03 5.555881932377815247e-02
4.332295954227447510e-01 -2.286915928125381470e-01 -7.341661490499973297e-03 3.455628752708435059e-01
4.286557734012603760e-01 -3.346598148345947266e-02 -4.304042086005210876e-04 5.057391524314880371e-02
4.279864430427551270e-01 1.616621315479278564e-01 5.810740985907614231e-04 -2.422447800636291504e-01
4.312196969985961914e-01 -3.346810862421989441e-02 -4.263821523636579514e-03 5.062137916684150696e-02
4.305503368377685547e-01 -2.285286635160446167e-01 -3.251393791288137436e-03 3.419559895992279053e-01
4.259797632694244385e-01 -3.336060419678688049e-02 3.587725805118680000e-03 4.824954271316528320e-02
4.253125488758087158e-01 1.617097109556198120e-01 4.552716854959726334e-03 -2.432992756366729736e-01
4.285467267036437988e-01 -3.347696736454963684e-02 -3.132686833851039410e-04 5.081621557474136353e-02
4.278771877288818359e-01 1.616494804620742798e-01 7.030555862002074718e-04 -2.419655323028564453e-01
4.311101734638214111e-01 -3.348251059651374817e-02 -4.136255010962486267e-03 5.093907192349433899e-02
4.304405450820922852e-01 -2.285449057817459106e-01 -3.117473563179373741e-03 3.423141241073608398e-01
4.258696436882019043e-01 -3.337874263525009155e-02 3.728808602318167686e-03 4.864975064992904663e-02
4.252020716667175293e-01 1.616895347833633423e-01 4.701803438365459442e-03 -2.428543716669082642e-01
4.284358620643615723e-01 -3.349925205111503601e-02 -1.552839385112747550e-04 5.130790546536445618e-02
4.277658760547637939e-01 1.616249233484268188e-01 8.708741515874862671e-04 -2.414240092039108276e-01
4.309983551502227783e-01 -3.350945562124252319e-02 -3.957605920732021332e-03 5.153348669409751892e-02
4.303281903266906738e-01 -2.285744398832321167e-01 -2.926936373114585876e-03 3.429651260375976562e-01
4.257566928863525391e-01 -3.341096639633178711e-02 3.932366147637367249e-03 4.936066269874572754e-02
4.250884652137756348e-01 1.616543829441070557e-01 4.919579718261957169e-03 -2.420789748430252075e-01
4.283215701580047607e-01 -3.353749960660934448e-02 7.799996819812804461e-05 5.215164646506309509e-02
4.276508092880249023e-01 1.615833342075347900e-01 1.121032866649329662e-03 -2.405066639184951782e-01
4.308824837207794189e-01 -3.355461359024047852e-02 -3.689100500196218491e-03 5.252964794635772705e-02
4.302113950252532959e-01 1.616200357675552368e-01 -2.638507634401321411e-03 -2.413149327039718628e-01
4.334437847137451172e-01 -3.346412256360054016e-02 -7.464806083589792252e-03 5.053457245230674744e-02
4.327745139598846436e-01 -2.284782528877258301e-01 -6.454114802181720734e-03 3.408529758453369141e-01
4.282049238681793213e-01 -3.326506167650222778e-02 3.629446728155016899e-04 4.614179953932762146e-02
4.275396466255187988e-01 1.618516892194747925e-01 1.285780686885118484e-03 -2.464265972375869751e-01
4.307766556739807129e-01 -3.328860923647880554e-02 -3.642751136794686317e-03 4.666162282228469849e-02
4.301109015941619873e-01 -2.283581346273422241e-01 -2.709518652409315109e-03 3.381929993629455566e-01
4.255437254905700684e-01 -3.319773450493812561e-02 4.054341465234756470e-03 4.465688019990921021e-02
4.248797893524169922e-01 1.618658453226089478e-01 4.947478882968425751e-03 -2.467441111803054810e-01
4.281170964241027832e-01 -3.332641348242759705e-02 1.259668260900070891e-05 4.749524593353271484e-02
4.274505674839019775e-01 1.617953628301620483e-01 9.625016245990991592e-04 -2.451837062835693359e-01
4.306864738464355469e-01 -3.334033116698265076e-02 -3.941172268241643906e-03 4.780266433954238892e-02
4.300196766853332520e-01 -2.284055501222610474e-01 -2.985119121149182320e-03 3.392395079135894775e-01
4.254515469074249268e-01 -3.324124589562416077e-02 3.799671074375510216e-03 4.561674594879150391e-02
4.247867465019226074e-01 1.618260145187377930e-01 4.712006077170372009e-03 -2.458649277687072754e-01
4.280232489109039307e-01 -3.336291760206222534e-02 -2.052927011391147971e-04 4.830053821206092834e-02
4.273560047149658203e-01 1.617619693279266357e-01 7.607180741615593433e-04 -2.444471567869186401e-01
4.305912256240844727e-01 -3.337083384394645691e-02 -4.128225147724151611e-03 4.847562685608863831e-02
4.299238026142120361e-01 -2.284333407878875732e-01 -3.158712293952703476e-03 3.398531973361968994e-01
4.253551363945007324e-01 -3.326659277081489563e-02 3.638351801782846451e-03 4.617587849497795105e-02
4.246898293495178223e-01 1.618029922246932983e-01 4.561869427561759949e-03 -2.453569024801254272e-01
4.279258847236633301e-01 -3.338380903005599976e-02 -3.452685195952653885e-04 4.876145720481872559e-02
4.272581934928894043e-01 1.617430895566940308e-01 6.299605593085289001e-04 -2.440303862094879150e-01
4.304930567741394043e-01 -3.338785469532012939e-02 -4.250647034496068954e-03 4.885118082165718079e-02
4.298253059387207031e-01 -2.284485995769500732e-01 -3.273623529821634293e-03 3.401899635791778564e-01
4.252563416957855225e-01 -3.328021988272666931e-02 3.530175657942891121e-03 4.647652432322502136e-02
4.245907366275787354e-01 1.617909371852874756e-01 4.459706135094165802e-03 -2.450905144214630127e-01
4.278265535831451416e-01 -3.339442983269691467e-02 -4.421040357556194067e-04 4.899577051401138306e-02
4.271586537361145020e-01 1.617338508367538452e-01 5.378113710321485996e-04 -2.438266128301620483e-01
4.303933382034301758e-01 -3.339577093720436096e-02 -4.338720813393592834e-03 4.902590811252593994e-02
4.297254085540771484e-01 -2.284552454948425293e-01 -3.358202753588557243e-03 3.403367698192596436e-01
4.251563251018524170e-01 -3.328566998243331909e-02 3.448532894253730774e-03 4.659676179289817810e-02
4.244906008243560791e-01 1.617866605520248413e-01 4.380467813462018967e-03 -2.449961304664611816e-01
4.277263283729553223e-01 -3.339758142828941345e-02 -5.194545956328511238e-04 4.906527698040008545e-02
4.270583987236022949e-01 1.617318093776702881e-01 4.618509556166827679e-04 -2.437814921140670776e-01
4.302930235862731934e-01 -3.339672833681106567e-02 -4.413778893649578094e-03 4.904707148671150208e-02
4.296250939369201660e-01 -2.284551113843917847e-01 -3.432837547734379768e-03 3.403341472148895264e-01
4.250559806823730469e-01 -3.328448534011840820e-02 3.373845480382442474e-03 4.657068476080894470e-02
4.243902862071990967e-01 1.617889255285263062e-01 4.305259324610233307e-03 -2.450458556413650513e-01
4.276260733604431152e-01 -3.339425474405288696e-02 -5.956578534096479416e-04 4.899194091558456421e-02
4.269581735134124756e-01 1.617362350225448608e-01 3.841808938886970282e-04 -2.438788563013076782e-01
4.301929175853729248e-01 -3.339120373129844666e-02 -4.493396263569593430e-03 4.892521724104881287e-02
4.295250773429870605e-01 -2.284484356641769409e-01 -3.514891956001520157e-03 3.401870727539062500e-01
4.249561131000518799e-01 -3.327665105462074280e-02 3.288849256932735443e-03 4.639781266450881958e-02
4.242905974388122559e-01 1.617979854345321655e-01 4.216805566102266312e-03 -2.452456355094909668e-01
4.275265336036682129e-01 -3.338393568992614746e-02 -6.881073350086808205e-04 4.876438155770301819e-02
4.268588721752166748e-01 1.617478728294372559e-01 2.871802716981619596e-04 -2.441355735063552856e-01
4.300938248634338379e-01 -3.337817639112472534e-02 -4.595531150698661804e-03 4.863792657852172852e-02
4.294262528419494629e-01 -2.284339368343353271e-01 -3.622772637754678726e-03 3.398673832416534424e-01
4.248575866222381592e-01 -3.326062113046646118e-02 3.174575045704841614e-03 4.604424908757209778e-02
4.241923689842224121e-01 1.618156582117080688e-01 4.095460288226604462e-03 -2.456353753805160522e-01
4.274286925792694092e-01 -3.336453810334205627e-02 -8.172475500032305717e-04 4.833653196692466736e-02
4.267613887786865234e-01 1.617691218852996826e-01 1.494830648880451918e-04 -2.446041256189346313e-01
4.299967885017395020e-01 -3.335496410727500916e-02 -4.742599558085203171e-03 4.812594130635261536e-02
4.293296635150909424e-01 -2.284085899591445923e-01 -3.780080704018473625e-03 3.393087685108184814e-01
4.247615039348602295e-01 -3.323305770754814148e-02 3.006094601005315781e-03 4.543622210621833801e-02
4.240968525409698486e-01 1.618456542491912842e-01 3.914819099009037018e-03 -2.462967485189437866e-01
4.273337423801422119e-01 -3.333198651671409607e-02 -1.011115731671452522e-03 4.761843383312225342e-02
4.266671240329742432e-01 1.618044525384902954e-01 -5.874702037544921041e-05 -2.453833371400833130e-01
4.299032092094421387e-01 -3.331666067242622375e-02 -4.966413602232933044e-03 4.728106036782264709e-02
4.292368590831756592e-01 -2.283670455217361450e-01 -4.020792432129383087e-03 3.383929133415222168e-01
4.246695339679718018e-01 -3.318811208009719849e-02 2.747065620496869087e-03 4.444476589560508728e-02
4.240057766437530518e-01 1.618943363428115845e-01 3.635961096733808517e-03 -2.473701685667037964e-01
4.272436499595642090e-01 -3.327935189008712769e-02 -1.311442465521395206e-03 4.645739868283271790e-02
4.265780746936798096e-01 1.618613749742507935e-01 -3.822945000138133764e-04 -2.466390132904052734e-01
4.298152923583984375e-01 -3.325510770082473755e-02 -5.315074697136878967e-03 4.592330381274223328e-02
4.291501939296722412e-01 -2.283004373311996460e-01 -4.396608565002679825e-03 3.369245529174804688e-01
4.245841801166534424e-01 -3.311620280146598816e-02 2.341882325708866119e-03 4.285841807723045349e-02
4.239218533039093018e-01 1.619720906019210815e-01 3.199050668627023697e-03 -2.490846961736679077e-01
4.271613061428070068e-01 -3.319539874792098999e-02 -1.782643259502947330e-03 4.460555315017700195e-02
4.264973998069763184e-01 -2.282917499542236328e-01 -8.905322174541652203e-04 3.367255032062530518e-01
4.219315648078918457e-01 -3.315713256597518921e-02 5.843977909535169601e-03 4.376188665628433228e-02
4.212684333324432373e-01 1.618805378675460815e-01 6.719215773046016693e-03 -2.470714896917343140e-01
4.245060384273529053e-01 -3.333673253655433655e-02 1.777785830199718475e-03 4.772322997450828552e-02
4.238393008708953857e-01 1.617596894502639771e-01 2.732250373810529709e-03 -2.443982660770416260e-01
4.270744919776916504e-01 -3.340118750929832458e-02 -2.155714901164174080e-03 4.914523288607597351e-02
4.264064729213714600e-01 1.617516130208969116e-01 -1.172810094431042671e-03 -2.442170679569244385e-01
4.296414852142333984e-01 -3.335357084870338440e-02 -6.057151593267917633e-03 4.809570312500000000e-02
4.289744198322296143e-01 -2.283881455659866333e-01 -5.095237400382757187e-03 3.388614058494567871e-01
4.244066476821899414e-01 -3.319406509399414062e-02 1.681990805082023144e-03 4.457608982920646667e-02
4.237427711486816406e-01 1.619037240743637085e-01 2.573512494564056396e-03 -2.475756704807281494e-01
4.269808530807495117e-01 -3.325488418340682983e-02 -2.378000877797603607e-03 4.591787979006767273e-02
4.263157546520233154e-01 -2.283426523208618164e-01 -1.459643361158668995e-03 3.378495872020721436e-01
4.217489063739776611e-01 -3.319996222853660583e-02 5.297348368912935257e-03 4.470671713352203369e-02
4.210849106311798096e-01 1.618456244468688965e-01 6.191482767462730408e-03 -2.463001459836959839e-01
4.243218302726745605e-01 -3.336420282721519470e-02 1.265479600988328457e-03 4.832926765084266663e-02
4.236545264720916748e-01 1.617395728826522827e-01 2.232064958661794662e-03 -2.439541220664978027e-01
4.268893301486968994e-01 -3.341418132185935974e-02 -2.647017594426870346e-03 4.943201690912246704e-02
4.262210428714752197e-01 -2.284980714321136475e-01 -1.658377121202647686e-03 3.412786126136779785e-01
4.216510951519012451e-01 -3.335256874561309814e-02 5.167195107787847519e-03 4.807319119572639465e-02
4.209840297698974609e-01 1.616949141025543213e-01 6.128659006208181381e-03 -2.429749667644500732e-01
4.242179393768310547e-01 -3.351404517889022827e-02 1.269159605726599693e-03 5.163477733731269836e-02
4.235476553440093994e-01 1.615896821022033691e-01 2.301855012774467468e-03 -2.406474500894546509e-01
4.267794489860534668e-01 -3.356507420539855957e-02 -2.511093858629465103e-03 5.276065319776535034e-02
4.261081516742706299e-01 1.615927964448928833e-01 -1.455880817957222462e-03 -2.407134771347045898e-01
4.293400049209594727e-01 -3.350833058357238770e-02 -6.270150654017925262e-03 5.150986462831497192e-02
4.286698400974273682e-01 -2.285398095846176147e-01 -5.239953286945819855e-03 3.422079384326934814e-01
4.240990281105041504e-01 -3.334371000528335571e-02 1.604205346666276455e-03 4.787724837660789490e-02
4.234321713447570801e-01 1.617552042007446289e-01 2.561750356107950211e-03 -2.442991137504577637e-01
4.266672730445861816e-01 -3.340324386954307556e-02 -2.324231900274753571e-03 4.919075593352317810e-02
4.259991943836212158e-01 1.617519557476043701e-01 -1.340416725724935532e-03 -2.442245781421661377e-01
4.292342364788055420e-01 -3.335082158446311951e-02 -6.224908400326967239e-03 4.803524911403656006e-02
4.285672307014465332e-01 -2.283829599618911743e-01 -5.264203064143657684e-03 3.387476801872253418e-01
4.239995479583740234e-01 -3.318650275468826294e-02 1.510750269517302513e-03 4.440937563776969910e-02
4.233358204364776611e-01 1.619137525558471680e-01 2.398937940597534180e-03 -2.477965056896209717e-01
4.265741109848022461e-01 -3.324237465858459473e-02 -2.556992461904883385e-03 4.564212635159492493e-02
4.259092509746551514e-01 -2.283275723457336426e-01 -1.644149888306856155e-03 3.375172019004821777e-01
4.213427007198333740e-01 -3.318225964903831482e-02 5.106193944811820984e-03 4.431625455617904663e-02
4.206790626049041748e-01 1.618660986423492432e-01 5.992519203573465347e-03 -2.467512637376785278e-01
4.239163696765899658e-01 -3.334091976284980774e-02 1.057494082488119602e-03 4.781580716371536255e-02
4.232495725154876709e-01 1.617658436298370361e-01 2.013810211792588234e-03 -2.445332854986190796e-01
4.264848828315734863e-01 -3.338480740785598755e-02 -2.876855432987213135e-03 4.878417029976844788e-02
4.258171916007995605e-01 -2.284653931856155396e-01 -1.901171985082328320e-03 3.405580222606658936e-01
4.212478697299957275e-01 -3.331643715500831604e-02 4.909988958388566971e-03 4.727619513869285583e-02
4.205815494060516357e-01 1.617347598075866699e-01 5.855512805283069611e-03 -2.438535541296005249e-01
4.238162338733673096e-01 -3.347033262252807617e-02 9.784416761249303818e-04 5.067058652639389038e-02
4.231468439102172852e-01 1.616375744342803955e-01 1.991853350773453712e-03 -2.417034804821014404e-01
4.263795912265777588e-01 -3.351277112960815430e-02 -2.842216053977608681e-03 5.160707235336303711e-02
4.257093369960784912e-01 1.616498231887817383e-01 -1.810074551030993462e-03 -2.419712394475936890e-01
4.289423227310180664e-01 -3.344622999429702759e-02 -6.649499293416738510e-03 5.014019086956977844e-02
4.282734096050262451e-01 -2.284722030162811279e-01 -5.646695382893085480e-03 3.407177627086639404e-01
4.237039685249328613e-01 -3.327037021517753601e-02 1.167659414932131767e-03 4.625954106450080872e-02
4.230385422706604004e-01 1.618348211050033569e-01 2.092850161716341972e-03 -2.460547536611557007e-01
4.262752532958984375e-01 -3.331696242094039917e-02 -2.828244818374514580e-03 4.728757590055465698e-02
4.256089031696319580e-01 -2.283982485532760620e-01 -1.882493263110518456e-03 3.390768170356750488e-01
4.210409522056579590e-01 -3.324955701828002930e-02 4.899043124169111252e-03 4.580086097121238708e-02
4.203759431838989258e-01 1.618018001317977905e-01 5.815060343593358994e-03 -2.453323602676391602e-01
4.236119985580444336e-01 -3.340271860361099243e-02 9.084134362637996674e-04 4.917909577488899231e-02
4.229439496994018555e-01 1.617061942815780640e-01 1.891995314508676529e-03 -2.432170808315277100e-01
4.261780679225921631e-01 -3.344272822141647339e-02 -2.972346264868974686e-03 5.006203055381774902e-02
4.255092144012451172e-01 -2.285219281911849976e-01 -1.971105579286813736e-03 3.418056666851043701e-01
4.209387600421905518e-01 -3.337199240922927856e-02 4.865007940679788589e-03 4.850183054804801941e-02
4.202713370323181152e-01 1.616798639297485352e-01 5.835044197738170624e-03 -2.426421791315078735e-01
4.235049188137054443e-01 -3.352494910359382629e-02 9.822007268667221069e-04 5.187554284930229187e-02
4.228344261646270752e-01 1.615829020738601685e-01 2.019711537286639214e-03 -2.404973357915878296e-01
4.260660707950592041e-01 -3.356784209609031677e-02 -2.790234982967376709e-03 5.282198265194892883e-02
4.253947138786315918e-01 1.615940034389495850e-01 -1.733795274049043655e-03 -2.407399713993072510e-01
4.286265969276428223e-01 -3.350313380360603333e-02 -6.548594683408737183e-03 5.139555782079696655e-02
4.279565513134002686e-01 -2.285305708646774292e-01 -5.520683713257312775e-03 3.420051634311676025e-01
4.233859181404113770e-01 -3.333051875233650208e-02 1.319419825449585915e-03 4.758647829294204712e-02
4.227193295955657959e-01 1.617724895477294922e-01 2.271149540320038795e-03 -2.446798682212829590e-01
4.259547591209411621e-01 -3.338182717561721802e-02 -2.622447907924652100e-03 4.871856793761253357e-02
4.252871274948120117e-01 -2.284660786390304565e-01 -1.648076577112078667e-03 3.405729234218597412e-01
4.207178056240081787e-01 -3.332071378827095032e-02 5.163382273167371750e-03 4.737075790762901306e-02
4.200513958930969238e-01 1.617268174886703491e-01 6.110797170549631119e-03 -2.436786144971847534e-01
4.232859313488006592e-01 -3.348188102245330811e-02 1.237225136719644070e-03 5.092553421854972839e-02
4.226163029670715332e-01 1.616223007440567017e-01 2.255735686048865318e-03 -2.413667887449264526e-01
4.258487522602081299e-01 -3.353179246187210083e-02 -2.571599790826439857e-03 5.202680826187133789e-02
4.251781105995178223e-01 1.616269350051879883e-01 -1.531063695438206196e-03 -2.414663732051849365e-01
4.284106492996215820e-01 -3.347310796380043030e-02 -6.360391154885292053e-03 5.073322728276252747e-02
4.277411997318267822e-01 -2.285032868385314941e-01 -5.345726385712623596e-03 3.414026200771331787e-01
4.231711328029632568e-01 -3.330568596720695496e-02 1.482326071709394455e-03 4.703877866268157959e-02
4.225050210952758789e-01 1.617949753999710083e-01 2.423101803287863731e-03 -2.451760917901992798e-01
4.257408976554870605e-01 -3.336149826645851135e-02 -2.480420051142573357e-03 4.827015474438667297e-02
4.250736832618713379e-01 -2.284477949142456055e-01 -1.515017123892903328e-03 3.401694595813751221e-01
4.205047190189361572e-01 -3.330431878566741943e-02 5.288371816277503967e-03 4.700916260480880737e-02
4.198386371135711670e-01 1.617414057254791260e-01 6.228555459529161453e-03 -2.440005540847778320e-01
4.230734705924987793e-01 -3.346895799040794373e-02 1.348544261418282986e-03 5.064048990607261658e-02
4.224040806293487549e-01 1.616336256265640259e-01 2.361353952437639236e-03 -2.416166514158248901e-01
4.256367683410644531e-01 -3.352196887135505676e-02 -2.470979234203696251e-03 5.181016772985458374e-02
4.249663054943084717e-01 1.616353243589401245e-01 -1.434775767847895622e-03 -2.416513413190841675e-01
4.281990230083465576e-01 -3.346610069274902344e-02 -6.267802789807319641e-03 5.057866871356964111e-02
4.275296926498413086e-01 -2.284976243972778320e-01 -5.256229545921087265e-03 3.412774801254272461e-01
4.229597449302673340e-01 -3.330128267407417297e-02 1.569320214912295341e-03 4.694169014692306519e-02
4.222937226295471191e-01 1.617981344461441040e-01 2.508153906092047691e-03 -2.452456951141357422e-01
4.255296885967254639e-01 -3.335955366492271423e-02 -2.396759809926152229e-03 4.822731390595436096e-02
4.248625040054321289e-01 -2.284470498561859131e-01 -1.432213583029806614e-03 3.401530683040618896e-01
4.202935397624969482e-01 -3.330475464463233948e-02 5.370847880840301514e-03 4.701885581016540527e-02
4.196274578571319580e-01 1.617397665977478027e-01 6.311225239187479019e-03 -2.439646869897842407e-01
4.228622615337371826e-01 -3.347175195813179016e-02 1.431931275874376297e-03 5.070225149393081665e-02
4.221928119659423828e-01 1.616296321153640747e-01 2.445976249873638153e-03 -2.415285408496856689e-01
4.254254102706909180e-01 -3.352716937661170959e-02 -2.384594641625881195e-03 5.192490294575691223e-02
4.247548580169677734e-01 1.616288870573043823e-01 -1.346096396446228027e-03 -2.415094226598739624e-01
4.279874563217163086e-01 -3.347380459308624268e-02 -6.176284980028867722e-03 5.074860155582427979e-02
4.273179769515991211e-01 -2.285066545009613037e-01 -5.161312874406576157e-03 3.414764702320098877e-01
4.227478504180908203e-01 -3.331164643168449402e-02 1.668216544203460217e-03 4.717045277357101440e-02
4.220815896987915039e-01 1.617863476276397705e-01 2.611625706776976585e-03 -2.449856698513031006e-01
4.253173172473907471e-01 -3.337281197309494019e-02 -2.288087736815214157e-03 4.851988330483436584e-02
4.246498644351959229e-01 -2.284618765115737915e-01 -1.317690126597881317e-03 3.404800295829772949e-01
4.200806319713592529e-01 -3.332120552659034729e-02 5.491910502314567566e-03 4.738185927271842957e-02
4.194142222404479980e-01 1.617215722799301147e-01 6.439547520130872726e-03 -2.435632795095443726e-01
4.226486384868621826e-01 -3.349176794290542603e-02 1.568282023072242737e-03 5.114387348294258118e-02
4.219788014888763428e-01 1.616076529026031494e-01 2.591159427538514137e-03 -2.410438358783721924e-01
4.252109527587890625e-01 -3.355120867490768433e-02 -2.229717094451189041e-03 5.245528742671012878e-02
4.245399236679077148e-01 1.616026461124420166e-01 -1.180611434392631054e-03 -2.409303039312362671e-01
4.277719855308532715e-01 -3.350242599844932556e-02 -5.999217275530099869e-03 5.137999728322029114e-02
4.271019399166107178e-01 -2.285378426313400269e-01 -4.971617367118597031e-03 3.421640992164611816e-01
4.225311875343322754e-01 -3.334551304578781128e-02 1.871664542704820633e-03 4.791757464408874512e-02
4.218642711639404297e-01 1.617495566606521606e-01 2.830015961080789566e-03 -2.441742420196533203e-01
4.250992536544799805e-01 -3.341270983219146729e-02 -2.053468720987439156e-03 4.940000176429748535e-02
4.244310259819030762e-01 1.617386341094970703e-01 -1.065468764863908291e-03 -2.439301013946533203e-01
4.276657700538635254e-01 -3.336808830499649048e-02 -5.944070871919393539e-03 4.841655492782592773e-02
4.269984364509582520e-01 -2.284042984247207642e-01 -4.975739866495132446e-03 3.392181694507598877e-01
4.224303364753723145e-01 -3.321190923452377319e-02 1.808623550459742546e-03 4.497032985091209412e-02
4.217661023139953613e-01 1.618840694427490234e-01 2.708030166104435921e-03 -2.471414059400558472e-01
4.250037670135498047e-01 -3.327646106481552124e-02 -2.234798157587647438e-03 4.639445990324020386e-02
4.243382513523101807e-01 -2.283663004636764526e-01 -1.306908903643488884e-03 3.383714556694030762e-01
4.197709262371063232e-01 -3.322577103972434998e-02 5.460520274937152863e-03 4.527668282389640808e-02
4.191063940525054932e-01 1.618174612522125244e-01 6.366054061800241470e-03 -2.456784099340438843e-01
4.223427474498748779e-01 -3.339483588933944702e-02 1.452485681511461735e-03 4.900570586323738098e-02
4.216748476028442383e-01 1.617062538862228394e-01 2.432599663734436035e-03 -2.432186007499694824e-01
4.249089956283569336e-01 -3.345035761594772339e-02 -2.431772183626890182e-03 5.023064091801643372e-02
4.242399930953979492e-01 -2.285373508930206299e-01 -1.427159295417368412e-03 3.421453237533569336e-01
4.196692407131195068e-01 -3.339512646198272705e-02 5.415747407823801041e-03 4.901270568370819092e-02
4.190013408660888672e-01 1.616487503051757812e-01 6.396001204848289490e-03 -2.419565916061401367e-01
4.222342967987060547e-01 -3.356397897005081177e-02 1.556869479827582836e-03 5.273691564798355103e-02
4.215630292892456055e-01 1.615356206893920898e-01 2.611607778817415237e-03 -2.394544035196304321e-01
4.247937500476837158e-01 -3.362354636192321777e-02 -2.177480142563581467e-03 5.405115708708763123e-02
4.241212606430053711e-01 1.615295559167861938e-01 -1.096457126550376415e-03 -2.393179833889007568e-01
4.273518621921539307e-01 -3.357671201229095459e-02 -5.882816854864358902e-03 5.301888659596443176e-02
4.266803264617919922e-01 -2.286138236522674561e-01 -4.822439048439264297e-03 3.438399434089660645e-01
4.221080541610717773e-01 -3.342359513044357300e-02 2.054359763860702515e-03 4.964022338390350342e-02
4.214395880699157715e-01 1.616688370704650879e-01 3.047164296731352806e-03 -2.423938214778900146e-01
4.246729612350463867e-01 -3.349650651216506958e-02 -1.800712314434349537e-03 5.124869570136070251e-02
4.240030348300933838e-01 1.616512238979339600e-01 -7.757383864372968674e-04 -2.420018315315246582e-01
4.272360503673553467e-01 -3.345964476466178894e-02 -5.615775007754564285e-03 5.043631047010421753e-02
4.265668392181396484e-01 -2.285006195306777954e-01 -4.607048816978931427e-03 3.413421213626861572e-01
4.219968318939208984e-01 -3.331342712044715881e-02 2.219794085249304771e-03 4.720998182892799377e-02
4.213305711746215820e-01 1.617766171693801880e-01 3.163993591442704201e-03 -2.447717487812042236e-01
4.245660901069641113e-01 -3.339037671685218811e-02 -1.731441356241703033e-03 4.890749230980873108e-02
4.238983094692230225e-01 1.617563664913177490e-01 -7.532915333285927773e-04 -2.443212121725082397e-01
4.271334111690521240e-01 -3.335482254624366760e-02 -5.639716051518917084e-03 4.812400788068771362e-02
4.264663159847259521e-01 -2.283954471349716187e-01 -4.677235614508390427e-03 3.390222191810607910e-01
4.218984246253967285e-01 -3.320726379752159119e-02 2.103209029883146286e-03 4.486804455518722534e-02
4.212342798709869385e-01 1.618844717741012573e-01 3.000569995492696762e-03 -2.471505552530288696e-01
4.244719743728637695e-01 -3.328020870685577393e-02 -1.942441216669976711e-03 4.647730663418769836e-02
4.238063693046569824e-01 -2.283742576837539673e-01 -1.012895139865577221e-03 3.385467529296875000e-01
4.192388653755187988e-01 -3.323790431022644043e-02 5.758039653301239014e-03 4.554457589983940125e-02
4.185741245746612549e-01 1.618010103702545166e-01 6.668931338936090469e-03 -2.453160881996154785e-01
4.218101501464843750e-01 -3.341555595397949219e-02 1.762609463185071945e-03 4.946289584040641785e-02
4.211418330669403076e-01 1.616810858249664307e-01 2.751867286860942841e-03 -2.426633983850479126e-01
4.243754446506500244e-01 -3.348007053136825562e-02 -2.101400401443243027e-03 5.088627338409423828e-02
4.237058460712432861e-01 1.616719514131546021e-01 -1.083674957044422626e-03 -2.424589246511459351e-01
4.269392788410186768e-01 -3.343450650572776794e-02 -5.932853557169437408e-03 4.988199099898338318e-02
4.262706041336059570e-01 -2.284708917140960693e-01 -4.935213364660739899e-03 3.406871557235717773e-01
4.217011630535125732e-01 -3.327906504273414612e-02 1.878529670648276806e-03 4.645204916596412659e-02
4.210355877876281738e-01 1.618158966302871704e-01 2.807570621371269226e-03 -2.456375956535339355e-01
4.242719113826751709e-01 -3.334603831171989441e-02 -2.105181105434894562e-03 4.792958498001098633e-02
4.236049950122833252e-01 -2.284377366304397583e-01 -1.146589522249996662e-03 3.399475514888763428e-01
4.190362393856048584e-01 -3.329949453473091125e-02 5.652361549437046051e-03 4.690328985452651978e-02
4.183702468872070312e-01 1.617409586906433105e-01 6.590427365154027939e-03 -2.439909279346466064e-01
4.216050803661346436e-01 -3.347450867295265198e-02 1.710609183646738529e-03 5.076348409056663513e-02
4.209355711936950684e-01 1.616228669881820679e-01 2.725878730416297913e-03 -2.413792461156845093e-01
4.241680204868316650e-01 -3.353791311383247375e-02 -2.101705875247716904e-03 5.216225236654281616e-02
4.234972894191741943e-01 1.616141200065612793e-01 -1.058460911735892296e-03 -2.411830425262451172e-01
4.267295598983764648e-01 -3.349270299077033997e-02 -5.882121622562408447e-03 5.116583406925201416e-02
4.260596930980682373e-01 -2.285298258066177368e-01 -4.858804866671562195e-03 3.419871032238006592e-01
4.214891195297241211e-01 -3.333907946944236755e-02 1.980937318876385689e-03 4.777597635984420776e-02
4.208223223686218262e-01 1.617544144392013550e-01 2.936456818133592606e-03 -2.442812919616699219e-01
4.240574240684509277e-01 -3.340935707092285156e-02 -1.949168858118355274e-03 4.932641983032226562e-02
4.233892261981964111e-01 1.617404818534851074e-01 -9.626405080780386925e-04 -2.439708411693572998e-01
