-9.032710455358028412e-03 1.822854205965995789e-02 1.804079860448837280e-02 -2.473032334819436073e-03
-8.668139576911926270e-03 2.130871713161468506e-01 1.799133792519569397e-02 -2.894097268581390381e-01
-4.406395833939313889e-03 1.771335676312446594e-02 1.220314390957355499e-02 8.892755955457687378e-03
-4.052128642797470093e-03 2.126581966876983643e-01 1.238099951297044754e-02 -2.799150943756103516e-01
2.010352909564971924e-04 1.736183278262615204e-02 6.782697513699531555e-03 1.664691790938377380e-02
5.482719861902296543e-04 2.123858630657196045e-01 7.115636020898818970e-03 -2.738882899284362793e-01
4.795989021658897400e-03 1.716310717165470123e-02 1.637870213016867638e-03 2.103039994835853577e-02
5.139251239597797394e-03 -1.779823005199432373e-01 2.058478305116295815e-03 3.142296373844146729e-01
1.579605392180383205e-03 1.711027324199676514e-02 8.343070745468139648e-03 2.219660393893718719e-02
1.921810791827738285e-03 2.121115922927856445e-01 8.787003345787525177e-03 -2.678423523902893066e-01
6.164042744785547256e-03 1.686534285545349121e-02 3.430156037211418152e-03 2.759905159473419189e-02
6.501349620521068573e-03 -1.783056259155273438e-01 3.982136957347393036e-03 3.213622570037841797e-01
2.935236785560846329e-03 1.675938628613948822e-02 1.040938217192888260e-02 2.993779443204402924e-02
3.270424436777830124e-03 2.117305248975753784e-01 1.100813783705234528e-02 -2.594427764415740967e-01
7.505035027861595154e-03 1.645316928625106812e-02 5.819282960146665573e-03 3.669184818863868713e-02
7.834098301827907562e-03 2.114911824464797974e-01 6.553119514137506485e-03 -2.541493773460388184e-01
1.206392236053943634e-02 1.627628505229949951e-02 1.470132265239953995e-03 4.059330001473426819e-02
1.238944754004478455e-02 -1.788667142391204834e-01 2.281998284161090851e-03 3.337396979331970215e-01
8.812113665044307709e-03 1.622268185019493103e-02 8.956792764365673065e-03 4.177727922797203064e-02
9.136566892266273499e-03 2.112150639295578003e-01 9.792338125407695770e-03 -2.480662912130355835e-01
1.336086820811033249e-02 1.595463603734970093e-02 4.831012338399887085e-03 4.768919944763183594e-02
1.367996074259281158e-02 2.110069841146469116e-01 5.784796085208654404e-03 -2.434655874967575073e-01
1.790009997785091400e-02 1.580288261175155640e-02 9.154843282885849476e-04 5.103637650609016418e-02
1.821615919470787048e-02 -1.793321818113327026e-01 1.936211949214339256e-03 3.440079987049102783e-01
1.462951488792896271e-02 1.576217077672481537e-02 8.816371671855449677e-03 5.193627253174781799e-02
1.494475826621055603e-02 2.107565999031066895e-01 9.855097159743309021e-03 -2.379520237445831299e-01
1.915989071130752563e-02 1.549525558948516846e-02 5.096056964248418808e-03 5.782311782240867615e-02
1.946979574859142303e-02 2.105437666177749634e-01 6.252519320696592331e-03 -2.332476228475570679e-01
2.368067018687725067e-02 1.533304061740636826e-02 1.587566803209483624e-03 6.140097975730895996e-02
2.398733235895633698e-02 -1.798116415739059448e-01 2.815586514770984650e-03 3.545843660831451416e-01
2.039109915494918823e-02 1.527016703039407730e-02 9.907273575663566589e-03 6.279060989618301392e-02
2.069650217890739441e-02 2.102486789226531982e-01 1.116308569908142090e-02 -2.267501205205917358e-01
2.490147575736045837e-02 1.496898755431175232e-02 6.628083530813455582e-03 6.943304836750030518e-02
2.520085498690605164e-02 2.099952846765518188e-01 8.016744628548622131e-03 -2.211513370275497437e-01
2.940076217055320740e-02 1.475967187434434891e-02 3.593717934563755989e-03 7.404957711696624756e-02
2.969595417380332947e-02 2.098299264907836914e-01 5.074709188193082809e-03 -2.174973487854003906e-01
3.389255329966545105e-02 1.463579293340444565e-02 7.247622706927359104e-04 7.678202539682388306e-02
3.418526798486709595e-02 -1.804965436458587646e-01 2.260402776300907135e-03 3.696935176849365234e-01
3.057533875107765198e-02 1.459322124719619751e-02 9.654273279011249542e-03 7.772418856620788574e-02
3.086720220744609833e-02 2.095754593610763550e-01 1.120875682681798935e-02 -2.118972092866897583e-01
3.505871072411537170e-02 1.429505087435245514e-02 6.970812566578388214e-03 8.430029451847076416e-02
3.534461185336112976e-02 2.093163877725601196e-01 8.656818419694900513e-03 -2.061752080917358398e-01
3.953094035387039185e-02 1.407172158360481262e-02 4.533314611762762070e-03 8.922589570283889771e-02
3.981237486004829407e-02 2.091283947229385376e-01 6.317832507193088531e-03 -2.020233273506164551e-01
4.399494454264640808e-02 1.391666661947965622e-02 2.277365885674953461e-03 9.264586120843887329e-02
4.427327588200569153e-02 -1.812378466129302979e-01 4.130282904952764511e-03 3.860464096069335938e-01
4.064851999282836914e-02 1.382522284984588623e-02 1.185121200978755951e-02 9.466860443353652954e-02
4.092502221465110779e-02 2.087753266096115112e-01 1.374458335340023041e-02 -1.942518353462219238e-01
4.510052874684333801e-02 1.345948781818151474e-02 9.859547019004821777e-03 1.027350276708602905e-01
4.536971822381019592e-02 2.084387689828872681e-01 1.191424764692783356e-02 -1.868210136890411377e-01
4.953849688172340393e-02 1.314839441329240799e-02 8.177827112376689911e-03 1.095964610576629639e-01
4.980146139860153198e-02 2.081522047519683838e-01 1.036975625902414322e-02 -1.804952323436737061e-01
5.396450683474540710e-02 1.288341823965311050e-02 6.759851705282926559e-03 1.154408603906631470e-01
5.422217398881912231e-02 2.079078555107116699e-01 9.068668819963932037e-03 -1.751017421483993530e-01
5.838033184409141541e-02 1.265730615705251694e-02 5.566634237766265869e-03 1.204282045364379883e-01
5.863348022103309631e-02 2.076990604400634766e-01 7.975198328495025635e-03 -1.704933196306228638e-01
6.278745830059051514e-02 1.246387418359518051e-02 4.565332550555467606e-03 1.246948391199111938e-01
6.303673982620239258e-02 2.075201272964477539e-01 7.059229072183370590e-03 -1.665442883968353271e-01
6.718713790178298950e-02 1.229783985763788223e-02 3.728343406692147255e-03 1.283572465181350708e-01
6.743309646844863892e-02 2.073661834001541138e-01 6.295488215982913971e-03 -1.631471067667007446e-01
7.158041745424270630e-02 1.215467695146799088e-02 3.032546024769544601e-03 1.315152049064636230e-01
7.182351499795913696e-02 2.072330564260482788e-01 5.662850104272365570e-03 -1.602094471454620361e-01
7.596817612648010254e-02 1.203049439936876297e-02 2.458661329001188278e-03 1.342545747756958008e-01
7.620878517627716064e-02 2.071171402931213379e-01 5.143752787262201309e-03 -1.576516777276992798e-01
8.035112917423248291e-02 1.192192547023296356e-02 1.990719465538859367e-03 1.366495341062545776e-01
8.058957010507583618e-02 2.070153057575225830e-01 4.723710007965564728e-03 -1.554046869277954102e-01
8.472987264394760132e-02 1.182604208588600159e-02 1.615616376511752605e-03 1.387647092342376709e-01
8.496639132499694824e-02 2.069248110055923462e-01 4.390910733491182327e-03 -1.534080803394317627e-01
8.910489082336425781e-02 1.174026913940906525e-02 1.322749187238514423e-03 1.406568437814712524e-01
8.933969587087631226e-02 2.068432569503784180e-01 4.135886207222938538e-03 -1.516084820032119751e-01
9.347656369209289551e-02 1.166232302784919739e-02 1.103716436773538589e-03 1.423763483762741089e-01
9.370980411767959595e-02 2.067684531211853027e-01 3.951243590563535690e-03 -1.499581634998321533e-01
9.784517437219619751e-02 1.159014180302619934e-02 9.520801831968128681e-04 1.439686715602874756e-01
9.807697683572769165e-02 2.066984474658966064e-01 3.831453621387481689e-03 -1.484137326478958130e-01
1.022109463810920715e-01 1.152183767408132553e-02 8.631788659840822220e-04 1.454754620790481567e-01
1.024413853883743286e-01 2.066314220428466797e-01 3.772688098251819611e-03 -1.469350159168243408e-01
1.065740138292312622e-01 1.145564299076795578e-02 8.339878404513001442e-04 1.469357311725616455e-01
1.068031266331672668e-01 2.065656483173370361e-01 3.772702533751726151e-03 -1.454839706420898438e-01
1.109344363212585449e-01 1.138986553996801376e-02 8.630229276604950428e-04 1.483867764472961426e-01
1.111622378230094910e-01 2.064994424581527710e-01 3.830758389085531235e-03 -1.440237611532211304e-01
1.152922213077545166e-01 1.132284570485353470e-02 9.502832544967532158e-04 1.498652398586273193e-01
1.155186817049980164e-01 2.064311802387237549e-01 3.947588149458169937e-03 -1.425177454948425293e-01
1.196473017334938049e-01 1.125291269272565842e-02 1.097233151085674763e-03 1.514079570770263672e-01
1.198723614215850830e-01 2.063591331243515015e-01 4.125392064452171326e-03 -1.409286111593246460e-01
1.239995434880256653e-01 1.117834355682134628e-02 1.306820078752934933e-03 1.530529409646987915e-01
1.242231130599975586e-01 2.062815576791763306e-01 4.367879126220941544e-03 -1.392174214124679565e-01
1.283487379550933838e-01 1.109732128679752350e-02 1.583530451171100140e-03 1.548402905464172363e-01
1.285706907510757446e-01 2.061965614557266235e-01 4.680336453020572662e-03 -1.373426467180252075e-01
1.326946169137954712e-01 1.100788917392492294e-02 1.933483406901359558e-03 1.568131744861602783e-01
1.329147815704345703e-01 2.061021029949188232e-01 5.069747101515531540e-03 -1.352591663599014282e-01
1.370368152856826782e-01 1.090790517628192902e-02 2.364563755691051483e-03 1.590188741683959961e-01
1.372549831867218018e-01 2.059959173202514648e-01 5.544941406697034836e-03 -1.329171508550643921e-01
1.413749009370803833e-01 1.079498603940010071e-02 2.886598231270909309e-03 1.615099608898162842e-01
1.415908038616180420e-01 2.058755010366439819e-01 6.116797216236591339e-03 -1.302609294652938843e-01
1.457083076238632202e-01 1.066645700484514236e-02 3.511578775942325592e-03 1.643454730510711670e-01
1.459216326475143433e-01 2.057379633188247681e-01 6.798488553613424301e-03 -1.272275745868682861e-01
1.500363945960998535e-01 1.051928289234638214e-02 4.253936931490898132e-03 1.675924211740493774e-01
1.502467840909957886e-01 2.055800855159759521e-01 7.605785038322210312e-03 -1.237454861402511597e-01
1.543583869934082031e-01 1.035000011324882507e-02 5.130875390022993088e-03 1.713272482156753540e-01
1.545653790235519409e-01 2.053981423377990723e-01 8.557420223951339722e-03 -1.197326332330703735e-01
1.586733460426330566e-01 1.015463471412658691e-02 6.162767764180898666e-03 1.756377518177032471e-01
1.588764339685440063e-01 2.051878422498703003e-01 9.675523266196250916e-03 -1.150946691632270813e-01
1.629801988601684570e-01 9.928607381880283356e-03 7.373629603534936905e-03 1.806250363588333130e-01
1.631787717342376709e-01 2.049442678689956665e-01 1.098612975329160690e-02 -1.097226813435554504e-01
1.672776490449905396e-01 9.666630066931247711e-03 8.791676722466945648e-03 1.864059716463088989e-01
1.674709916114807129e-01 2.046616971492767334e-01 1.251979637891054153e-02 -1.034906134009361267e-01
1.715642213821411133e-01 9.362583048641681671e-03 1.044998411089181900e-02 1.931158304214477539e-01
1.717514693737030029e-01 2.043334990739822388e-01 1.431229989975690842e-02 -9.625234454870223999e-02
1.758381426334381104e-01 3.992474377155303955e-01 1.238725334405899048e-02 -3.843856155872344971e-01
1.838230937719345093e-01 2.039518207311630249e-01 4.699540790170431137e-03 -8.782292157411575317e-02
1.879021227359771729e-01 8.762824349105358124e-03 2.943082479760050774e-03 2.063390016555786133e-01
1.880773901939392090e-01 2.038425654172897339e-01 7.069862447679042816e-03 -8.541408181190490723e-02
1.921542286872863770e-01 3.988624513149261475e-01 5.361580755561590195e-03 -3.758580982685089111e-01
2.001314908266067505e-01 2.036647796630859375e-01 -2.155581256374716759e-03 -8.148947358131408691e-02
2.042047828435897827e-01 8.573787286877632141e-03 -3.785370616242289543e-03 2.105125933885574341e-01
2.043762505054473877e-01 2.037496566772460938e-01 4.248811164870858192e-04 -8.336202055215835571e-02
2.084512412548065186e-01 8.621618151664733887e-03 -1.242359285242855549e-03 2.094549238681793213e-01
2.086236774921417236e-01 2.037613093852996826e-01 2.946739317849278450e-03 -8.361963927745819092e-02
2.126989066600799561e-01 3.988409042358398438e-01 1.274346606805920601e-03 -3.753713965415954590e-01
2.206757217645645142e-01 2.037008702754974365e-01 -6.233081687241792679e-03 -8.228694647550582886e-02
2.247497439384460449e-01 8.668821305036544800e-03 -7.878820411860942841e-03 2.084229290485382080e-01
2.249231189489364624e-01 2.039025425910949707e-01 -3.710361663252115250e-03 -8.673490583896636963e-02
2.290011644363403320e-01 8.833970874547958374e-03 -5.445059854537248611e-03 2.047750949859619141e-01
2.291778475046157837e-01 2.040333598852157593e-01 -1.349558122456073761e-03 -8.962050080299377441e-02
2.332585155963897705e-01 8.930782787501811981e-03 -3.141968045383691788e-03 2.026363313198089600e-01
2.334371358156204224e-01 2.040975242853164673e-01 9.107586811296641827e-04 -9.103607386350631714e-02
2.375190854072570801e-01 3.992063999176025391e-01 -9.099628077819943428e-04 -3.834315240383148193e-01
2.455032169818878174e-01 2.040973901748657227e-01 -8.578592911362648010e-03 -9.103563427925109863e-02
2.495851516723632812e-01 9.099446237087249756e-03 -1.039930619299411774e-02 1.989284455776214600e-01
2.497671544551849365e-01 2.043685764074325562e-01 -6.420737132430076599e-03 -9.701675921678543091e-02
2.538545131683349609e-01 9.339239448308944702e-03 -8.361072279512882233e-03 1.936335414648056030e-01
2.540413141250610352e-01 2.045797854661941528e-01 -4.488401114940643311e-03 -1.016751751303672791e-01
2.581329047679901123e-01 9.522451087832450867e-03 -6.521904841065406799e-03 1.895882934331893921e-01
2.583233416080474854e-01 2.047370970249176025e-01 -2.730138832703232765e-03 -1.051448658108711243e-01
2.624180912971496582e-01 9.654376655817031860e-03 -4.833036102354526520e-03 1.866754591464996338e-01
2.626111805438995361e-01 2.048451453447341919e-01 -1.099526998586952686e-03 -1.075281724333763123e-01
2.667080760002136230e-01 9.738964028656482697e-03 -3.250090638175606728e-03 1.848076581954956055e-01
2.669028639793395996e-01 2.049072682857513428e-01 4.460625641513615847e-04 -1.088987812399864197e-01
2.710010111331939697e-01 4.000228345394134521e-01 -1.731912954710423946e-03 -4.014409482479095459e-01
2.790014743804931641e-01 2.049254775047302246e-01 -9.760731831192970276e-03 -1.093045473098754883e-01
2.830999791622161865e-01 9.944749064743518829e-03 -1.194682251662015915e-02 1.802830100059509277e-01
2.832988798618316650e-01 2.052356004714965820e-01 -8.341162465512752533e-03 -1.161446496844291687e-01
2.874035835266113281e-01 1.023415103554725647e-02 -1.066405605524778366e-02 1.738950759172439575e-01
2.876082658767700195e-01 2.055070847272872925e-01 -7.186153903603553772e-03 -1.221328452229499817e-01
2.917183935642242432e-01 1.048882678151130676e-02 -9.628810919821262360e-03 1.682742834091186523e-01
2.919281721115112305e-01 2.057472765445709229e-01 -6.263325456529855728e-03 -1.274306327104568481e-01
2.960431277751922607e-01 1.071560289710760117e-02 -8.811937645077705383e-03 1.632697284221649170e-01
2.962574362754821777e-01 2.059625834226608276e-01 -5.546543747186660767e-03 -1.321800500154495239e-01
3.003766834735870361e-01 1.092052273452281952e-02 -8.190144784748554230e-03 1.587478667497634888e-01
3.005951046943664551e-01 2.061587721109390259e-01 -5.015187431126832962e-03 -1.365075558423995972e-01
3.047182857990264893e-01 1.110900752246379852e-02 -7.745338603854179382e-03 1.545889377593994141e-01
3.049404621124267578e-01 2.063409984111785889e-01 -4.653559532016515732e-03 -1.405273675918579102e-01
3.090672791004180908e-01 1.128600258380174637e-02 -7.464107125997543335e-03 1.506838202476501465e-01
3.092930018901824951e-01 2.065140306949615479e-01 -4.450430627912282944e-03 -1.443444937467575073e-01
3.134232759475708008e-01 1.145610120147466660e-02 -7.337320595979690552e-03 1.469310820102691650e-01
3.136523962020874023e-01 2.066823542118072510e-01 -4.398698918521404266e-03 -1.480575650930404663e-01
3.177860379219055176e-01 1.162366662174463272e-02 -7.359850220382213593e-03 1.432344168424606323e-01
3.180185258388519287e-01 2.068502455949783325e-01 -4.495161585509777069e-03 -1.517612934112548828e-01
3.221555352210998535e-01 1.179294660687446594e-02 -7.530387490987777710e-03 1.395001262426376343e-01
3.223913908004760742e-01 2.070219367742538452e-01 -4.740384873002767563e-03 -1.555489748716354370e-01
3.265318274497985840e-01 1.196817774325609207e-02 -7.851364091038703918e-03 1.356347203254699707e-01
3.267711699008941650e-01 2.072017043828964233e-01 -5.138670094311237335e-03 -1.595148295164108276e-01
3.309152126312255859e-01 1.215369533747434616e-02 -8.328966796398162842e-03 1.315425634384155273e-01
3.311582803726196289e-01 2.073939591646194458e-01 -5.698115564882755280e-03 -1.637563705444335938e-01
3.353061676025390625e-01 1.235403958708047867e-02 -8.973242715001106262e-03 1.271235346794128418e-01
3.355532586574554443e-01 2.076033800840377808e-01 -6.430772133171558380e-03 -1.683767884969711304e-01
3.397053182125091553e-01 1.257406733930110931e-02 -9.798307903110980988e-03 1.222704946994781494e-01
3.399567902088165283e-01 2.078350186347961426e-01 -7.352898363023996353e-03 -1.734875291585922241e-01
3.441134989261627197e-01 1.281906850636005402e-02 -1.082264818251132965e-02 1.168667599558830261e-01
3.443698883056640625e-01 2.080944031476974487e-01 -8.485313504934310913e-03 -1.792108863592147827e-01
3.485317826271057129e-01 1.309489924460649490e-02 -1.206953078508377075e-02 1.107831895351409912e-01
3.487936556339263916e-01 2.083877027034759521e-01 -9.853867813944816589e-03 -1.856830418109893799e-01
3.529614210128784180e-01 1.340811420232057571e-02 -1.356752775609493256e-02 1.038751527667045593e-01
3.532295823097229004e-01 2.087218463420867920e-01 -1.149002462625503540e-02 -1.930572092533111572e-01
3.574040234088897705e-01 1.376613043248653412e-02 -1.535116881132125854e-02 9.597907215356826782e-02
3.576793372631072998e-01 2.091047018766403198e-01 -1.343158818781375885e-02 -2.015073299407958984e-01
3.618614375591278076e-01 1.417739409953355789e-02 -1.746173389256000519e-02 8.690848946571350098e-02
3.621449768543243408e-01 -1.806899607181549072e-01 -1.572356559336185455e-02 3.740314841270446777e-01
3.585311770439147949e-01 1.465177070349454880e-02 -8.242934942245483398e-03 7.643255591392517090e-02
3.588242232799530029e-01 2.098909169435501099e-01 -6.714283954352140427e-03 -2.188396006822586060e-01
3.630220293998718262e-01 1.486558280885219574e-02 -1.109107583761215210e-02 7.171781361103057861e-02
3.633193671703338623e-01 2.101447731256484985e-01 -9.656719863414764404e-03 -2.244436591863632202e-01
3.675222396850585938e-01 1.516215782612562180e-02 -1.414559315890073776e-02 6.517758965492248535e-02
3.678254783153533936e-01 -1.797541528940200806e-01 -1.284204144030809402e-02 3.533641397953033447e-01
3.642303943634033203e-01 1.554802618920803070e-02 -5.774758756160736084e-03 5.665956810116767883e-02
3.645413815975189209e-01 2.107522934675216675e-01 -4.641567356884479523e-03 -2.378397285938262939e-01
3.687564134597778320e-01 1.569696515798568726e-02 -9.398361667990684509e-03 5.337550118565559387e-02
3.690703511238098145e-01 -1.792889684438705444e-01 -8.330851793289184570e-03 3.430784046649932861e-01
3.654845654964447021e-01 1.595050096511840820e-02 -1.469283597543835640e-03 4.778012633323669434e-02
3.658035993576049805e-01 2.110934853553771973e-01 -5.136810941621661186e-04 -2.453660070896148682e-01
3.700254559516906738e-01 1.597888022661209106e-02 -5.421001464128494263e-03 4.715484380722045898e-02
3.703450262546539307e-01 2.111781388521194458e-01 -4.477904643863439560e-03 -2.472335100173950195e-01
3.745685815811157227e-01 1.612043008208274841e-02 -9.422575123608112335e-03 4.403362050652503967e-02
3.748910129070281982e-01 -1.788651496171951294e-01 -8.541902527213096619e-03 3.337288200855255127e-01
3.713136911392211914e-01 1.637733168900012970e-02 -1.867326209321618080e-03 3.836448490619659424e-02
3.716412484645843506e-01 2.115260064601898193e-01 -1.100036432035267353e-03 -2.549070119857788086e-01
3.758717775344848633e-01 1.641978137195110321e-02 -6.198176648467779160e-03 3.742873668670654297e-02
3.762001693248748779e-01 -1.786127388477325439e-01 -5.449601914733648300e-03 3.281496465206146240e-01
3.726279139518737793e-01 1.658636704087257385e-02 1.113391015678644180e-03 3.375316038727760315e-02
3.729596436023712158e-01 2.116923332214355469e-01 1.788454130291938782e-03 -2.585782706737518311e-01
3.771934807300567627e-01 1.654489710927009583e-02 -3.383111208677291870e-03 3.466822206974029541e-02
3.775243759155273438e-01 2.117151916027069092e-01 -2.689746906980872154e-03 -2.590802013874053955e-01
3.817586898803710938e-01 1.663175038993358612e-02 -7.871350273489952087e-03 3.275314345955848694e-02
3.820913136005401611e-01 -1.783764511346817017e-01 -7.216287776827812195e-03 3.229422271251678467e-01
3.785237967967987061e-01 1.684751734137535095e-02 -7.574434275738894939e-04 2.799232862889766693e-02
3.788607418537139893e-01 2.119803279638290405e-01 -1.975968480110168457e-04 -2.649294734001159668e-01
3.831003606319427490e-01 1.686119288206100464e-02 -5.496186669915914536e-03 2.769111283123493195e-02
3.834375739097595215e-01 -1.781815141439437866e-01 -4.942364059388637543e-03 3.186348676681518555e-01
3.798739314079284668e-01 1.701048202812671661e-02 1.430333242751657963e-03 2.439741604030132294e-02
3.802141547203063965e-01 2.121118903160095215e-01 1.918281544931232929e-03 -2.678338885307312012e-01
3.844563961029052734e-01 1.696261763572692871e-02 -3.438396146520972252e-03 2.545346692204475403e-02
3.847956359386444092e-01 -1.781098544597625732e-01 -2.929326612502336502e-03 3.170495629310607910e-01
3.812334537506103516e-01 1.705369539558887482e-02 3.411664394661784172e-03 2.344426885247230530e-02
3.815745115280151367e-01 2.121265530586242676e-01 3.880549920722842216e-03 -2.681602835655212402e-01
3.858170509338378906e-01 1.694943942129611969e-02 -1.482655992731451988e-03 2.574405819177627563e-02
3.861560225486755371e-01 2.120926231145858765e-01 -9.677747730165719986e-04 -2.674062848091125488e-01
3.903978765010833740e-01 1.698449440300464630e-02 -6.315900478512048721e-03 2.497123181819915771e-02
3.907375931739807129e-01 -1.780463159084320068e-01 -5.816475953906774521e-03 3.156547546386718750e-01
3.871766626834869385e-01 1.715800352394580841e-02 4.966189735569059849e-04 2.114319056272506714e-02
3.875198066234588623e-01 2.122728228569030762e-01 9.194827871397137642e-04 -2.713830173015594482e-01
3.917652666568756104e-01 1.713776960968971252e-02 -4.508177284151315689e-03 2.158978767693042755e-02
3.921080231666564941e-01 -1.779192388057708740e-01 -4.076381679624319077e-03 3.128469288349151611e-01
3.885496258735656738e-01 1.726054400205612183e-02 2.180556999519467354e-03 1.888123154640197754e-02
3.888948559761047363e-01 2.123511582612991333e-01 2.558181760832667351e-03 -2.731128931045532227e-01
3.931418657302856445e-01 1.719279587268829346e-02 -2.904076362028717995e-03 2.037577889859676361e-02
3.934857249259948730e-01 2.123562693595886230e-01 -2.496560802683234215e-03 -2.732219994068145752e-01
3.977328538894653320e-01 1.727003417909145355e-02 -7.961001247167587280e-03 1.867245882749557495e-02
3.980782628059387207e-01 -1.777368485927581787e-01 -7.587551604956388474e-03 3.088330030441284180e-01
3.945235311985015869e-01 1.749238744378089905e-02 -1.410891534760594368e-03 1.376686152070760727e-02
3.948733806610107422e-01 2.126345485448837280e-01 -1.135554397478699684e-03 -2.793608903884887695e-01
3.991260528564453125e-01 1.752881146967411041e-02 -6.722772028297185898e-03 1.296367496252059937e-02
3.994766473770141602e-01 -1.774960905313491821e-01 -6.463498342782258987e-03 3.035179376602172852e-01
3.959267139434814453e-01 1.771738193929195404e-02 -3.931399842258542776e-04 8.803588338196277618e-03
3.962810635566711426e-01 2.128449678421020508e-01 -2.170681982534006238e-04 -2.840033471584320068e-01
4.005379676818847656e-01 1.772611401975154877e-02 -5.897135473787784576e-03 8.611104451119899750e-03
4.008924961090087891e-01 -1.773107647895812988e-01 -5.724912974983453751e-03 2.994275987148284912e-01
3.973462581634521484e-01 1.789231598377227783e-02 2.636387362144887447e-04 4.944651853293180466e-03
3.977041244506835938e-01 -1.772334128618240356e-01 3.625317767728120089e-04 2.977107465267181396e-01
3.941594362258911133e-01 1.788336597383022308e-02 6.316746585071086884e-03 5.142179783433675766e-03
3.945171236991882324e-01 2.129141539335250854e-01 6.419590208679437637e-03 -2.855410575866699219e-01
3.987753987312316895e-01 1.770124211907386780e-02 7.087690755724906921e-04 9.159624576568603516e-03
3.991294205188751221e-01 2.128130197525024414e-01 8.919615647755563259e-04 -2.832995951175689697e-01
4.033856689929962158e-01 1.767835952341556549e-02 -4.774030297994613647e-03 9.664520621299743652e-03
4.037392437458038330e-01 -1.773747950792312622e-01 -4.580739885568618774e-03 3.008373677730560303e-01
4.001917541027069092e-01 1.781214028596878052e-02 1.436007441952824593e-03 6.713295821100473404e-03
4.005479812622070312e-01 2.129134684801101685e-01 1.570273423567414284e-03 -2.855162024497985840e-01
4.048062562942504883e-01 1.776915602385997772e-02 -4.140050616115331650e-03 7.661558222025632858e-03
4.051616489887237549e-01 -1.772931814193725586e-01 -3.986819647252559662e-03 2.990353703498840332e-01
4.016157686710357666e-01 1.788537576794624329e-02 1.993888057768344879e-03 5.097755230963230133e-03
4.019734859466552734e-01 2.129786759614944458e-01 2.095843199640512466e-03 -2.869554162025451660e-01
4.062330722808837891e-01 1.782689802348613739e-02 -3.643264994025230408e-03 6.387791130691766739e-03
4.065895974636077881e-01 -1.772426217794418335e-01 -3.515509190037846565e-03 2.979190051555633545e-01
4.030447602272033691e-01 1.792927272617816925e-02 2.442870754748582840e-03 4.129420965909957886e-03
4.034033417701721191e-01 2.130161076784133911e-01 2.525459276512265205e-03 -2.877817451953887939e-01
4.076636433601379395e-01 1.785822957754135132e-02 -3.230175701901316643e-03 5.696612410247325897e-03
4.080208241939544678e-01 -1.772172451019287109e-01 -3.116243518888950348e-03 2.973586320877075195e-01
4.044764637947082520e-01 1.794898696243762970e-02 2.830929122865200043e-03 3.694526618346571922e-03
4.048354625701904297e-01 2.130302190780639648e-01 2.904819557443261147e-03 -2.880938649177551270e-01
4.090960621833801270e-01 1.786697097122669220e-02 -2.857057610526680946e-03 5.503797903656959534e-03
4.094533920288085938e-01 -1.772138923406600952e-01 -2.746981801465153694e-03 2.972839176654815674e-01
4.059091210365295410e-01 1.794711127877235413e-02 3.198696766048669815e-03 3.735910169780254364e-03
4.062680602073669434e-01 2.130230367183685303e-01 3.273414913564920425e-03 -2.879360616207122803e-01
4.105285406112670898e-01 1.785456389188766479e-02 -2.485306700691580772e-03 5.777456797659397125e-03
4.108856320381164551e-01 -1.772316545248031616e-01 -2.369757508859038353e-03 2.976751923561096191e-01
4.073409736156463623e-01 1.792399585247039795e-02 3.583746496587991714e-03 4.245840478688478470e-03
4.076994657516479492e-01 2.129943668842315674e-01 3.668663324788212776e-03 -2.873042225837707520e-01
4.119593501091003418e-01 1.782029122114181519e-02 -2.077420940622687340e-03 6.533510517328977585e-03
4.123157560825347900e-01 2.129719704389572144e-01 -1.946750795468688011e-03 -2.868041396141052246e-01
4.165751934051513672e-01 1.787783950567245483e-02 -7.682833820581436157e-03 5.264158826321363449e-03
4.169327616691589355e-01 -1.771330982446670532e-01 -7.577550597488880157e-03 2.955131828784942627e-01
4.133901000022888184e-01 1.809606328606605530e-02 -1.667286618612706661e-03 4.500881186686456203e-04
4.137520194053649902e-01 -1.770019382238388062e-01 -1.658284920267760754e-03 2.926065027713775635e-01
4.102119803428649902e-01 1.814361847937107086e-02 4.193845205008983612e-03 -5.989667843095958233e-04
4.105748534202575684e-01 2.132051736116409302e-01 4.181865602731704712e-03 -2.919557392597198486e-01
4.148389399051666260e-01 1.802384667098522186e-02 -1.657249056734144688e-03 2.043156186118721962e-03
4.151994287967681885e-01 -1.770742982625961304e-01 -1.616385881789028645e-03 2.942027449607849121e-01
4.116579294204711914e-01 1.807066053152084351e-02 4.267668817192316055e-03 1.010467414744198322e-03
4.120193421840667725e-01 2.131311446428298950e-01 4.287878051400184631e-03 -2.903228998184204102e-01
4.162819683551788330e-01 1.794831827282905579e-02 -1.518579898402094841e-03 3.709277138113975525e-03
4.166409373283386230e-01 2.130920141935348511e-01 -1.444394350983202457e-03 -2.894524037837982178e-01
4.209027886390686035e-01 1.799069158732891083e-02 -7.233442272990942001e-03 2.774637192487716675e-03
4.212625920772552490e-01 -1.770267784595489502e-01 -7.177949417382478714e-03 2.931665778160095215e-01
4.177220761775970459e-01 1.819677278399467468e-02 -1.314617926254868507e-03 -1.771507435478270054e-03
4.180859923362731934e-01 -1.769063025712966919e-01 -1.350048114545643330e-03 2.904963493347167969e-01
4.145478606224060059e-01 1.823487505316734314e-02 4.459878895431756973e-03 -2.612059237435460091e-03
4.149125814437866211e-01 2.132925838232040405e-01 4.407637752592563629e-03 -2.938845157623291016e-01
4.191784262657165527e-01 1.810806803405284882e-02 -1.470052404329180717e-03 1.852579152910038829e-04
4.195405840873718262e-01 -1.769927740097045898e-01 -1.466347253881394863e-03 2.924039959907531738e-01
4.160007238388061523e-01 1.815005950629711151e-02 4.381732549518346786e-03 -7.410299149341881275e-04
4.163637161254882812e-01 2.132088989019393921e-01 4.366911947727203369e-03 -2.920382618904113770e-01
4.206278920173645020e-01 1.802495308220386505e-02 -1.473852898925542831e-03 2.018738305196166039e-03
4.209884107112884521e-01 2.131680101156234741e-01 -1.433478086255490780e-03 -2.911288440227508545e-01
4.252517521381378174e-01 1.806652918457984924e-02 -7.256054785102605820e-03 1.101637957617640495e-03
4.256131052970886230e-01 -1.769506186246871948e-01 -7.234022021293640137e-03 2.914863824844360352e-01
4.220740795135498047e-01 1.827373541891574860e-02 -1.404294511303305626e-03 -3.469254821538925171e-03
4.224395453929901123e-01 -1.768280416727066040e-01 -1.473679556511342525e-03 2.887702584266662598e-01
4.189029932022094727e-01 1.831488683819770813e-02 4.301725886762142181e-03 -4.377076867967844009e-03
4.192692935466766357e-01 2.133748829364776611e-01 4.214184358716011047e-03 -2.956996560096740723e-01
4.235368072986602783e-01 1.819310523569583893e-02 -1.699808868579566479e-03 -1.690629287622869015e-03
4.239006638526916504e-01 -1.769044250249862671e-01 -1.733621465973556042e-03 2.904554903507232666e-01
4.203625619411468506e-01 1.824220269918441772e-02 4.075488541275262833e-03 -2.773684216663241386e-03
4.207274019718170166e-01 2.133054733276367188e-01 4.020014777779579163e-03 -2.941679656505584717e-01
4.249935150146484375e-01 1.812643557786941528e-02 -1.863344339653849602e-03 -2.198978618253022432e-04
4.253560602664947510e-01 2.132750600576400757e-01 -1.867742277681827545e-03 -2.934901416301727295e-01
4.296215474605560303e-01 1.817978732287883759e-02 -7.737545296549797058e-03 -1.396867563016712666e-03
4.299851357936859131e-01 -1.768303513526916504e-01 -7.765482645481824875e-03 2.888347506523132324e-01
4.264485239982604980e-01 1.840147562325000763e-02 -1.988787436857819557e-03 -6.287170574069023132e-03
4.268165826797485352e-01 -1.766919046640396118e-01 -2.114530885592103004e-03 2.857676148414611816e-01
4.232827425003051758e-01 1.846014708280563354e-02 3.600821364670991898e-03 -7.581477053463459015e-03
4.236519336700439453e-01 2.135302722454071045e-01 3.449191804975271225e-03 -2.991261184215545654e-01
4.279225468635559082e-01 1.835932582616806030e-02 -2.533330814912915230e-03 -5.357391200959682465e-03
4.282897114753723145e-01 -1.767262071371078491e-01 -2.640478778630495071e-03 2.865251600742340088e-01
4.247552156448364258e-01 1.843330636620521545e-02 3.090024692937731743e-03 -6.989378016442060471e-03
4.251238703727722168e-01 2.135108113288879395e-01 2.950237132608890533e-03 -2.986957728862762451e-01
4.293940961360931396e-01 1.834692619740962982e-02 -3.023678204044699669e-03 -5.083850119262933731e-03
4.297610223293304443e-01 -1.767315268516540527e-01 -3.125355346128344536e-03 2.866435348987579346e-01
4.262263774871826172e-01 1.843485236167907715e-02 2.607515547424554825e-03 -7.023459766060113907e-03
4.265950918197631836e-01 2.135193049907684326e-01 2.467046258971095085e-03 -2.988825440406799316e-01
4.308654665946960449e-01 1.836227998137474060e-02 -3.510604612529277802e-03 -5.422579124569892883e-03
4.312327206134796143e-01 -1.767091453075408936e-01 -3.619056195020675659e-03 2.861506342887878418e-01
4.276985228061676025e-01 1.846423000097274780e-02 2.103956649079918861e-03 -7.671503815799951553e-03
4.280678331851959229e-01 2.135559469461441040e-01 1.950526610016822815e-03 -2.996898591518402100e-01
4.323389530181884766e-01 1.840624399483203888e-02 -4.043270833790302277e-03 -6.392418406903743744e-03
4.327070713043212891e-01 -1.766574829816818237e-01 -4.171119071543216705e-03 2.850120663642883301e-01
4.291739165782928467e-01 1.852370426058769226e-02 1.529122353531420231e-03 -8.983476087450981140e-03
4.295443892478942871e-01 2.136236876249313354e-01 1.349452883005142212e-03 -3.011835515499114990e-01
4.338168501853942871e-01 1.848253235220909119e-02 -4.674218129366636276e-03 -8.075343444943428040e-03
4.341865181922912598e-01 -1.765720695257186890e-01 -4.835725296288728714e-03 2.831291556358337402e-01
4.306550621986389160e-01 1.861851662397384644e-02 8.268579840660095215e-04 -1.107500493526458740e-02
4.310274422168731689e-01 2.137286067008972168e-01 6.053579272702336311e-04 -3.034969270229339600e-01
4.353020191192626953e-01 1.859802566468715668e-02 -5.464580841362476349e-03 -1.062315143644809723e-02
4.356739819049835205e-01 -1.764451265335083008e-01 -5.677043925970792770e-03 2.803306281566619873e-01
4.321450591087341309e-01 1.875733956694602966e-02 -7.043102959869429469e-05 -1.413739286363124847e-02
4.325202107429504395e-01 -1.763636022806167603e-01 -3.531788825057446957e-04 2.785233259201049805e-01
4.289929568767547607e-01 1.876338757574558258e-02 5.217287223786115646e-03 -1.427098643034696579e-02
4.293682277202606201e-01 2.138101309537887573e-01 4.931867588311433792e-03 -3.053032457828521729e-01
4.336444139480590820e-01 1.861824467778205872e-02 -1.174197182990610600e-03 -1.106901280581951141e-02
4.340167939662933350e-01 -1.764868497848510742e-01 -1.395577448420226574e-03 2.812432050704956055e-01
4.304870367050170898e-01 1.865498162806034088e-02 4.229286685585975647e-03 -1.187955029308795929e-02
4.308601319789886475e-01 2.137160301208496094e-01 3.991695586591959000e-03 -3.032251000404357910e-01
4.351344704627990723e-01 1.853741332888603210e-02 -2.072806237265467644e-03 -9.285951033234596252e-03
4.355052113533020020e-01 -1.765547543764114380e-01 -2.258525229990482330e-03 2.827422618865966797e-01
4.319741129875183105e-01 1.859934255480766296e-02 3.396320156753063202e-03 -1.065213792026042938e-02
4.323461055755615234e-01 2.136724293231964111e-01 3.183277323842048645e-03 -3.022615611553192139e-01
4.366195499897003174e-01 1.850524730980396271e-02 -2.861953806132078171e-03 -8.576391264796257019e-03
4.369896650314331055e-01 -1.765755414962768555e-01 -3.033481538295745850e-03 2.832021713256835938e-01
4.334581494331359863e-01 1.858954317867755890e-02 2.630562055855989456e-03 -1.043594349175691605e-02
4.338299334049224854e-01 2.136736661195755005e-01 2.421843120828270912e-03 -3.022877275943756104e-01
4.381034076213836670e-01 1.851728558540344238e-02 -3.623911412432789803e-03 -8.841997012495994568e-03
4.384737610816955566e-01 -1.765525043010711670e-01 -3.800751408562064171e-03 2.826953530311584473e-01
4.349427223205566406e-01 1.862345077097415924e-02 1.853155321441590786e-03 -1.118389610201120377e-02
4.353151917457580566e-01 2.137187719345092773e-01 1.629477483220398426e-03 -3.032815456390380859e-01
4.395895600318908691e-01 1.857363991439342499e-02 -4.436153452843427658e-03 -1.008517295122146606e-02
4.399610161781311035e-01 -1.764844059944152832e-01 -4.637856967747211456e-03 2.811948060989379883e-01
4.364313483238220215e-01 1.870338805019855499e-02 9.860388236120343208e-04 -1.294727530330419540e-02
4.368053972721099854e-01 2.138111889362335205e-01 7.270933710969984531e-04 -3.053189218044281006e-01
4.410816431045532227e-01 1.867887936532497406e-02 -5.379285197705030441e-03 -1.240678597241640091e-02
4.414552152156829834e-01 -1.763655096292495728e-01 -5.627421196550130844e-03 2.785740792751312256e-01
4.379279017448425293e-01 1.883626170456409454e-02 -5.593962123384699225e-05 -1.587841287255287170e-02
4.383046329021453857e-01 -1.762848794460296631e-01 -3.735078789759427309e-04 2.767868638038635254e-01
4.347789287567138672e-01 1.884239166975021362e-02 5.162229295819997787e-03 -1.601384393870830536e-02
4.351557791233062744e-01 2.138899266719818115e-01 4.841952584683895111e-03 -3.070635795593261719e-01
4.394335746765136719e-01 1.869932003319263458e-02 -1.299318857491016388e-03 -1.285755448043346405e-02
4.398075640201568604e-01 -1.764039695262908936e-01 -1.556469826027750969e-03 2.794151306152343750e-01
4.362794756889343262e-01 1.874014735221862793e-02 4.031832795590162277e-03 -1.375828869640827179e-02
4.366542696952819824e-01 2.138040512800216675e-01 3.756667021661996841e-03 -3.051663935184478760e-01
4.409303665161132812e-01 1.862876117229461670e-02 -2.346660941839218140e-03 -1.130108442157506943e-02
4.413029253482818604e-01 -1.764594614505767822e-01 -2.572682686150074005e-03 2.806405127048492432e-01
4.377737343311309814e-01 1.869909837841987610e-02 3.040127921849489212e-03 -1.285271160304546356e-02
4.381477236747741699e-01 2.137773185968399048e-01 2.783073578029870987e-03 -3.045749068260192871e-01
4.424232840538024902e-01 1.861581578850746155e-02 -3.308424260467290878e-03 -1.101555116474628448e-02
4.427956044673919678e-01 -1.764585375785827637e-01 -3.528735367581248283e-03 2.806217074394226074e-01
4.392664134502410889e-01 1.871357671916484833e-02 2.083698520436882973e-03 -1.317209284752607346e-02
4.396407008171081543e-01 2.138055860996246338e-01 1.820256700739264488e-03 -3.051968514919281006e-01
4.439167976379394531e-01 1.865774020552635193e-02 -4.283680580556392670e-03 -1.194042433053255081e-02
4.442899525165557861e-01 -1.764025092124938965e-01 -4.522488918155431747e-03 2.793878912925720215e-01
4.407619237899780273e-01 1.878365688025951385e-02 1.065268646925687790e-03 -1.471799518913030624e-02
4.411375820636749268e-01 2.138903141021728516e-01 7.709087221883237362e-04 -3.070646226406097412e-01
4.454153776168823242e-01 1.875738613307476044e-02 -5.370383616536855698e-03 -1.413867529481649399e-02
4.457905292510986328e-01 -1.762871295213699341e-01 -5.653157364577054977e-03 2.768450081348419189e-01
4.422647953033447266e-01 1.891500875353813171e-02 -1.162572225439362228e-04 -1.761555299162864685e-02
4.426431059837341309e-01 -1.762052774429321289e-01 -4.685682652052491903e-04 2.750307023525238037e-01
4.391189813613891602e-01 1.892335712909698486e-02 5.032045766711235046e-03 -1.779998652637004852e-02
4.394974410533905029e-01 2.139727771282196045e-01 4.676045849919319153e-03 -3.088909983634948730e-01
4.437769055366516113e-01 1.878451928496360779e-02 -1.501774298958480358e-03 -1.473705749958753586e-02
4.441525936126708984e-01 -1.763158589601516724e-01 -1.796515425667166710e-03 2.774716615676879883e-01
4.406262934207916260e-01 1.883167214691638947e-02 3.752917982637882233e-03 -1.577734202146530151e-02
4.410029053688049316e-01 2.138995975255966187e-01 3.437370993196964264e-03 -3.072738051414489746e-01
4.452809095382690430e-01 1.872883923351764679e-02 -2.708105370402336121e-03 -1.350881997495889664e-02
4.456554949283599854e-01 -1.763541698455810547e-01 -2.978281816467642784e-03 2.783184349536895752e-01
4.421283900737762451e-01 1.881014183163642883e-02 2.588086994364857674e-03 -1.530234515666961670e-02
4.425046145915985107e-01 2.138948887586593628e-01 2.282040193676948547e-03 -3.071675896644592285e-01
4.467824995517730713e-01 1.874048821628093719e-02 -3.861311357468366623e-03 -1.376582868397235870e-02
4.471573233604431152e-01 -1.763258725404739380e-01 -4.136628005653619766e-03 2.776963114738464355e-01
4.436307847499847412e-01 1.885484531521797180e-02 1.417298219166696072e-03 -1.628842949867248535e-02
4.440079033374786377e-01 2.139564454555511475e-01 1.091529615223407745e-03 -3.085238337516784668e-01
4.482870101928710938e-01 1.881895400583744049e-02 -5.078947171568870544e-03 -1.549687888473272324e-02
4.486634135246276855e-01 -1.762297898530960083e-01 -5.388884805142879486e-03 2.755792737007141113e-01
4.451388120651245117e-01 1.896862871944904327e-02 1.227004249813035131e-04 -1.879844069480895996e-02
4.455181658267974854e-01 2.140888273715972900e-01 -2.532684011384844780e-04 -3.114426434040069580e-01
4.497999548912048340e-01 1.897047832608222961e-02 -6.482121534645557404e-03 -1.883960887789726257e-02
4.501793682575225830e-01 -1.760579198598861694e-01 -6.858913693577051163e-03 2.717911005020141602e-01
4.466581940650939941e-01 1.916123367846012115e-02 -1.423091511242091656e-03 -2.304723486304283142e-02
4.470414221286773682e-01 -1.759402751922607422e-01 -1.884036231786012650e-03 2.691863477230072021e-01
4.435226321220397949e-01 1.920850761234760284e-02 3.499690676108002663e-03 -2.409021742641925812e-02
4.439067840576171875e-01 2.142800986766815186e-01 3.017886308953166008e-03 -3.156669139862060547e-01
4.481923878192901611e-01 1.911528594791889191e-02 -3.295451635494828224e-03 -2.203376404941082001e-02
4.485746920108795166e-01 -1.759592443704605103e-01 -3.736126935109496117e-03 2.696076035499572754e-01
4.450555145740509033e-01 1.921581849455833435e-02 1.656024949625134468e-03 -2.425138652324676514e-02
4.454398453235626221e-01 2.143139839172363281e-01 1.170997275039553642e-03 -3.164113461971282959e-01
4.497261047363281250e-01 1.917537115514278412e-02 -5.157229956239461899e-03 -2.335936948657035828e-02
4.501096308231353760e-01 -1.758722364902496338e-01 -5.624417215585708618e-03 2.676919400691986084e-01
4.465921819210052490e-01 1.932952366769313812e-02 -2.705785154830664396e-04 -2.675964869558811188e-02
4.469787776470184326e-01 -1.757885515689849854e-01 -8.057715022005140781e-04 2.658379077911376953e-01
4.434629976749420166e-01 1.934489607810974121e-02 4.510986618697643280e-03 -2.709906920790672302e-02
4.438498914241790771e-01 2.144018709659576416e-01 3.969004843384027481e-03 -3.183553218841552734e-01
4.481379389762878418e-01 1.922361180186271667e-02 -2.398101380094885826e-03 -2.442336268723011017e-02
4.485223889350891113e-01 -1.758638620376586914e-01 -2.886568661779165268e-03 2.675019800662994385e-01
4.450051188468933105e-01 1.929916255176067352e-02 2.463470678776502609e-03 -2.608999982476234436e-02
4.453911185264587402e-01 2.143857032060623169e-01 1.941670780070126057e-03 -3.179946541786193848e-01
4.496788084506988525e-01 1.923614740371704102e-02 -4.418222233653068542e-03 -2.470003068447113037e-02
4.500635564327239990e-01 -1.758221685886383057e-01 -4.912223201245069504e-03 2.665856182575225830e-01
4.465470910072326660e-01 1.936954818665981293e-02 4.194895736873149872e-04 -2.764259651303291321e-02
4.469344913959503174e-01 -1.757584214210510254e-01 -1.333623367827385664e-04 2.651726603507995605e-01
4.434193372726440430e-01 1.936543732881546021e-02 5.170090589672327042e-03 -2.755233272910118103e-02
4.438066482543945312e-01 2.144128680229187012e-01 4.619044251739978790e-03 -3.185995519161224365e-01
4.480949044227600098e-01 1.922543346881866455e-02 -1.752947224304080009e-03 -2.446354553103446960e-02
4.484794139862060547e-01 -1.758713275194168091e-01 -2.242218237370252609e-03 2.676658034324645996e-01
4.449619650840759277e-01 1.928254403173923492e-02 3.111097728833556175e-03 -2.572350390255451202e-02
4.453476369380950928e-01 2.143597453832626343e-01 2.596627688035368919e-03 -3.174232244491577148e-01
4.496348202228546143e-01 1.920090243220329285e-02 -3.751836949959397316e-03 -2.392254397273063660e-02
4.500188231468200684e-01 -1.758670359849929810e-01 -4.230287857353687286e-03 2.675742805004119873e-01
4.465014934539794922e-01 1.931502483785152435e-02 1.121197827160358429e-03 -2.643990516662597656e-02
4.468877911567687988e-01 -1.758229881525039673e-01 5.923997377976775169e-04 2.665965557098388672e-01
4.433713257312774658e-01 1.929050497710704803e-02 5.924331024289131165e-03 -2.589945867657661438e-02
4.437571465969085693e-01 2.143269926309585571e-01 5.406341981142759323e-03 -3.167073130607604980e-01
4.480436742305755615e-01 1.912845857441425323e-02 -9.278046200051903725e-04 -2.232433483004570007e-02
4.484262466430664062e-01 -1.759801805019378662e-01 -1.374291372485458851e-03 2.700657248497009277e-01
4.449066519737243652e-01 1.916136220097541809e-02 4.027022980153560638e-03 -2.305035479366779327e-02
4.452898800373077393e-01 2.142253369092941284e-01 3.566015744581818581e-03 -3.144600093364715576e-01
4.495743811130523682e-01 1.905276253819465637e-02 -2.723183948546648026e-03 -2.065459825098514557e-02
4.499554336071014404e-01 -1.760300248861312866e-01 -3.136276034638285637e-03 2.711679041385650635e-01
4.464348554611206055e-01 1.913653500378131866e-02 2.287081675603985786e-03 -2.250258065760135651e-02
4.468175768852233887e-01 2.142256200313568115e-01 1.837030169554054737e-03 -3.144630193710327148e-01
4.511020779609680176e-01 1.907754130661487579e-02 -4.452230408787727356e-03 -2.120133116841316223e-02
4.514836370944976807e-01 -1.759802848100662231e-01 -4.876256920397281647e-03 2.700735330581665039e-01
4.479640424251556396e-01 1.921091787517070770e-02 5.252138362266123295e-04 -2.414337918162345886e-02
4.483482539653778076e-01 -1.759185642004013062e-01 4.234626248944550753e-05 2.687052190303802490e-01
4.448298811912536621e-01 1.920278556644916534e-02 5.416450556367635727e-03 -2.396435849368572235e-02
4.452139437198638916e-01 2.142466455698013306e-01 4.937163088470697403e-03 -3.149334192276000977e-01
4.494988620281219482e-01 1.905471272766590118e-02 -1.361505128443241119e-03 -2.069757692515850067e-02
4.498799443244934082e-01 -1.760476827621459961e-01 -1.775456708855926991e-03 2.715554535388946533e-01
4.463590085506439209e-01 1.909955404698848724e-02 3.655652748420834541e-03 -2.168691530823707581e-02
4.467409849166870117e-01 2.141688913106918335e-01 3.221914405003190041e-03 -3.132142126560211182e-01
4.510243833065032959e-01 1.900118775665760040e-02 -3.042369848117232323e-03 -1.951692998409271240e-02
4.514043927192687988e-01 -1.760769933462142944e-01 -3.432708326727151871e-03 2.722045481204986572e-01
4.478828608989715576e-01 1.909376494586467743e-02 2.011382486671209335e-03 -2.155909314751625061e-02
4.482647478580474854e-01 2.141868174076080322e-01 1.580200623720884323e-03 -3.136067390441894531e-01
4.525484740734100342e-01 1.904238574206829071e-02 -4.691933747380971909e-03 -2.042587473988533020e-02
4.529293179512023926e-01 -1.760119646787643433e-01 -5.100451409816741943e-03 2.707729935646057129e-01
4.494090676307678223e-01 1.918239705264568329e-02 3.150086558889597654e-04 -2.351425401866436005e-02
4.497927129268646240e-01 -1.759440749883651733e-01 -1.552764006191864610e-04 2.692680358886718750e-01
4.462738335132598877e-01 1.918009668588638306e-02 5.230084527283906937e-03 -2.346385270357131958e-02
4.466574490070343018e-01 2.142266482114791870e-01 4.760807380080223083e-03 -3.144920468330383301e-01
4.509419798851013184e-01 1.903721131384372711e-02 -1.529033528640866280e-03 -2.031152881681919098e-02
4.513227343559265137e-01 -1.760627776384353638e-01 -1.935264095664024353e-03 2.718885838985443115e-01
4.478014707565307617e-01 1.908673346042633057e-02 3.502507461234927177e-03 -2.140410989522933960e-02
4.481832087039947510e-01 2.141582816839218140e-01 3.074425272643566132e-03 -3.129799067974090576e-01
4.524663686752319336e-01 1.899266615509986877e-02 -3.185172798112034798e-03 -1.932898350059986115e-02
4.528462290763854980e-01 -1.760834604501724243e-01 -3.571752458810806274e-03 2.723472714424133301e-01
4.493245482444763184e-01 1.908927224576473236e-02 1.875193207524716854e-03 -2.146004326641559601e-02
4.497063457965850830e-01 2.141842842102050781e-01 1.445992267690598965e-03 -3.135507404804229736e-01
4.539900124073028564e-01 1.904176175594329834e-02 -4.825022537261247635e-03 -2.041213959455490112e-02
4.543708562850952148e-01 -1.760106682777404785e-01 -5.233264993876218796e-03 2.707445323467254639e-01
4.508506357669830322e-01 1.918557472527027130e-02 1.816256117308512330e-04 -2.358437888324260712e-02
4.512343704700469971e-01 -1.759389787912368774e-01 -2.900619874708354473e-04 2.691558599472045898e-01
4.477155804634094238e-01 1.918710768222808838e-02 5.093054845929145813e-03 -2.361855283379554749e-02
4.480993151664733887e-01 2.142356485128402710e-01 4.620683845132589340e-03 -3.146902322769165039e-01
4.523840248584747314e-01 1.904818601906299591e-02 -1.673120539635419846e-03 -2.055367082357406616e-02
4.527649879455566406e-01 -1.760497242212295532e-01 -2.084193984046578407e-03 2.716009020805358887e-01
4.492439925670623779e-01 1.910189725458621979e-02 3.347823861986398697e-03 -2.173866331577301025e-02
4.496260285377502441e-01 2.141756713390350342e-01 2.913050586357712746e-03 -3.133634328842163086e-01
4.539095461368560791e-01 1.901235058903694153e-02 -3.354218089953064919e-03 -1.976324990391731262e-02
4.542897939682006836e-01 -1.760613322257995605e-01 -3.749483032152056694e-03 2.718594968318939209e-01
4.507685601711273193e-01 1.911391504108905792e-02 1.687706913799047470e-03 -2.200366929173469543e-02
4.511508643627166748e-01 2.142116278409957886e-01 1.247633481398224831e-03 -3.141536414623260498e-01
4.554350972175598145e-01 1.907191984355449677e-02 -5.035439040511846542e-03 -2.107749879360198975e-02
4.558165371417999268e-01 -1.759774535894393921e-01 -5.456989165395498276e-03 2.700124382972717285e-01
4.522969722747802734e-01 1.922194100916385651e-02 -5.674020576407201588e-05 -2.438663877546787262e-02
4.526814222335815430e-01 -1.758991926908493042e-01 -5.444730049930512905e-04 2.682783901691436768e-01
4.491634368896484375e-01 1.923052035272121429e-02 4.821094684302806854e-03 -2.457622252404689789e-02
4.495480358600616455e-01 2.142830044031143188e-01 4.329570103436708450e-03 -3.157341480255126953e-01
4.538336992263793945e-01 1.909964904189109802e-02 -1.985112670809030533e-03 -2.168897166848182678e-02
4.542157053947448730e-01 -1.759937852621078491e-01 -2.418892225250601768e-03 2.703669667243957520e-01
4.506958127021789551e-01 1.916260644793510437e-02 2.988447202369570732e-03 -2.307790704071521759e-02
4.510790705680847168e-01 2.142415791749954224e-01 2.526889089494943619e-03 -3.148164451122283936e-01
4.553638994693756104e-01 1.908371970057487488e-02 -3.769439877942204475e-03 -2.133769541978836060e-02
4.557455778121948242e-01 -1.759839653968811035e-01 -4.196194000542163849e-03 2.701535522937774658e-01
4.522258937358856201e-01 1.919760741293430328e-02 1.206877175718545914e-03 -2.384991943836212158e-02
4.526098370552062988e-01 2.143022269010543823e-01 7.298787822946906090e-04 -3.161518275737762451e-01
