1.011078804731369019e-02 4.111564252525568008e-03 -2.345674438402056694e-03 2.949590422213077545e-02
1.019301917403936386e-02 -1.909766644239425659e-01 -1.755756326019763947e-03 3.214378356933593750e-01
6.373486015945672989e-03 4.170239903032779694e-03 4.672999959439039230e-03 2.820171788334846497e-02
6.456890609115362167e-03 -1.910184174776077271e-01 5.237034521996974945e-03 3.223553597927093506e-01
2.636522520333528519e-03 4.028572700917720795e-03 1.168414205312728882e-02 3.132857009768486023e-02
2.717093797400593758e-03 1.989810317754745483e-01 1.231071352958679199e-02 -2.576451003551483154e-01
6.696714553982019424e-03 3.685511415824294090e-03 7.157810963690280914e-03 3.889524564146995544e-02
6.770425010472536087e-03 1.987040936946868896e-01 7.935715839266777039e-03 -2.515207529067993164e-01
1.074450649321079254e-02 3.469725139439105988e-03 2.905300818383693695e-03 4.365465044975280762e-02
1.081390120089054108e-02 -1.916937679052352905e-01 3.778393846005201340e-03 3.372527956962585449e-01
6.980025675147771835e-03 3.374213352799415588e-03 1.052344962954521179e-02 4.576377198100090027e-02
7.047510240226984024e-03 1.983436942100524902e-01 1.143872551620006561e-02 -2.435804158449172974e-01
1.101438421756029129e-02 3.060242626816034317e-03 6.567116826772689819e-03 5.268850922584533691e-02
1.107558887451887131e-02 1.980874240398406982e-01 7.620887365192174911e-03 -2.379152327775955200e-01
1.503733731806278229e-02 2.857425482943654060e-03 2.862582681700587273e-03 5.716177448630332947e-02
1.509448606520891190e-02 -1.923054456710815430e-01 4.005818162113428116e-03 3.507464826107025146e-01
1.124837622046470642e-02 2.759301336482167244e-03 1.102074794471263885e-02 5.932941660284996033e-02
1.130356267094612122e-02 1.977215111255645752e-01 1.220733672380447388e-02 -2.298561185598373413e-01
1.525799278169870377e-02 2.427270635962486267e-03 7.610213942825794220e-03 6.665229797363281250e-02
1.530653797090053558e-02 1.974392980337142944e-01 8.943259716033935547e-03 -2.236198782920837402e-01
1.925532333552837372e-02 2.190666273236274719e-03 4.470862448215484619e-03 7.187062501907348633e-02
1.929913833737373352e-02 1.972482353448867798e-01 5.908275023102760315e-03 -2.193983793258666992e-01
2.324410155415534973e-02 2.042330335825681686e-03 1.520307501778006554e-03 7.514239847660064697e-02
2.328494936227798462e-02 -1.931013762950897217e-01 3.023155499249696732e-03 3.683046102523803711e-01
1.942292042076587677e-02 1.977481646463274956e-03 1.038924697786569595e-02 7.657644152641296387e-02
1.946247182786464691e-02 1.969489604234695435e-01 1.192077621817588806e-02 -2.128106206655502319e-01
2.340145036578178406e-02 1.658627064898610115e-03 7.664564065635204315e-03 8.360870182514190674e-02
2.343462221324443817e-02 1.966698765754699707e-01 9.336737915873527527e-03 -2.066462188959121704e-01
2.736802026629447937e-02 1.415664097294211388e-03 5.203813780099153519e-03 8.896729350090026855e-02
2.739633433520793915e-02 1.964626461267471313e-01 6.983159575611352921e-03 -2.020692974328994751e-01
3.132558614015579224e-02 1.241518068127334118e-03 2.941773971542716026e-03 9.280828386545181274e-02
3.135041519999504089e-02 1.963211745023727417e-01 4.797939676791429520e-03 -1.989450603723526001e-01
3.527684137225151062e-02 1.130935852415859699e-03 8.190382504835724831e-04 9.524752199649810791e-02
3.529945760965347290e-02 -1.940027475357055664e-01 2.723988611251115799e-03 3.881887495517730713e-01
3.141940385103225708e-02 1.080435235053300858e-03 1.048776321113109589e-02 9.636590629816055298e-02
3.144101426005363464e-02 1.960505098104476929e-01 1.241508219391107559e-02 -1.929897814989089966e-01
3.536202386021614075e-02 7.531836745329201221e-04 8.555286563932895660e-03 1.035835817456245422e-01
3.537708520889282227e-02 1.957514882087707520e-01 1.062695775181055069e-02 -1.863879561424255371e-01
3.929211571812629700e-02 4.791186656802892685e-04 6.899198982864618301e-03 1.096283346414566040e-01
3.930169716477394104e-02 1.955015361309051514e-01 9.091765619814395905e-03 -1.808699667453765869e-01
4.321172833442687988e-02 2.506678865756839514e-04 5.474366247653961182e-03 1.146671548485755920e-01
4.321674257516860962e-02 1.952937543392181396e-01 7.767708972096443176e-03 -1.762836277484893799e-01
4.712261632084846497e-02 6.150316039565950632e-05 4.242036491632461548e-03 1.188395917415618896e-01
4.712384939193725586e-02 1.951224207878112793e-01 6.618828512728214264e-03 -1.725019961595535278e-01
5.102629587054252625e-02 -9.363450953969731927e-05 3.168788505718111992e-03 1.222615912556648254e-01
5.102442204952239990e-02 1.949827820062637329e-01 5.614020396023988724e-03 -1.694199293851852417e-01
5.492407828569412231e-02 -2.190805971622467041e-04 2.225621836259961128e-03 1.250287592411041260e-01
5.491969734430313110e-02 1.948709189891815186e-01 4.726197104901075363e-03 -1.669511795043945312e-01
5.881711468100547791e-02 -3.183679655194282532e-04 1.387173426337540150e-03 1.272189766168594360e-01
5.881074815988540649e-02 1.947836875915527344e-01 3.931552637368440628e-03 -1.650259941816329956e-01
6.270642578601837158e-02 -3.943260526284575462e-04 6.310328026302158833e-04 1.288946270942687988e-01
6.269853562116622925e-02 1.947185844182968140e-01 3.208925481885671616e-03 -1.635891497135162354e-01
6.659290939569473267e-02 -4.491609579417854548e-04 -6.285758718149736524e-05 1.301043778657913208e-01
6.658392399549484253e-02 1.946736872196197510e-01 2.539230044931173325e-03 -1.625983864068984985e-01
7.047739624977111816e-02 -4.845191433560103178e-04 -7.127376156859099865e-04 1.308845281600952148e-01
7.046771049499511719e-02 -1.955962479114532471e-01 1.904952805489301682e-03 4.233424961566925049e-01
6.655578315258026123e-02 -5.013406043872237206e-04 1.037180330604314804e-02 1.312607228755950928e-01
6.654575467109680176e-02 1.944705098867416382e-01 1.299701724201440811e-02 -1.581320762634277344e-01
7.043516635894775391e-02 -8.350813295692205429e-04 9.834376163780689240e-03 1.386225968599319458e-01
7.041846215724945068e-02 1.941446512937545776e-01 1.260682754218578339e-02 -1.509415954351425171e-01
7.430135458707809448e-02 -1.155536971054971218e-03 9.587995707988739014e-03 1.456917077302932739e-01
7.427824288606643677e-02 1.938278079032897949e-01 1.250183023512363434e-02 -1.439510285854339600e-01
7.815480232238769531e-02 -1.470937160775065422e-03 9.622809477150440216e-03 1.526496261358261108e-01
7.812538743019104004e-02 1.935119181871414185e-01 1.267580222338438034e-02 -1.369820386171340942e-01
8.199562132358551025e-02 -1.789278117939829826e-03 9.936161339282989502e-03 1.596727967262268066e-01
8.195983618497848511e-02 1.931890249252319336e-01 1.312961708754301071e-02 -1.298590302467346191e-01
8.582361787557601929e-02 -2.118526026606559753e-03 1.053243689239025116e-02 1.669370383024215698e-01
8.578124642372131348e-02 1.928510963916778564e-01 1.387117709964513779e-02 -1.224046871066093445e-01
8.963827043771743774e-02 -2.466816687956452370e-03 1.142308395355939865e-02 1.746219843626022339e-01
8.958893269300460815e-02 1.924898028373718262e-01 1.491552311927080154e-02 -1.144355535507202148e-01
9.343872964382171631e-02 -2.842656336724758148e-03 1.262681186199188232e-02 1.829155385494232178e-01
9.338187426328659058e-02 1.920963674783706665e-01 1.628512330353260040e-02 -1.057574972510337830e-01
9.722380340099334717e-02 -3.255128860473632812e-03 1.416997332125902176e-02 1.920185089111328125e-01
9.715870022773742676e-02 1.916612833738327026e-01 1.801034249365329742e-02 -9.616091847419738770e-02
1.009919270873069763e-01 -3.714113263413310051e-03 1.608712412416934967e-02 2.021493911743164062e-01
1.009176447987556458e-01 1.911741197109222412e-01 2.013011276721954346e-02 -8.541571348905563354e-02
1.047411262989044189e-01 -4.230516031384468079e-03 1.842179894447326660e-02 2.135497033596038818e-01
1.046565175056457520e-01 1.906232833862304688e-01 2.269279211759567261e-02 -7.326570153236389160e-02
1.084689795970916748e-01 3.854126632213592529e-01 2.122747898101806641e-02 -3.587034642696380615e-01
1.161772310733795166e-01 1.899954974651336670e-01 1.405340898782014847e-02 -5.940330401062965393e-02
1.199771463871002197e-01 3.849131464958190918e-01 1.286534313112497330e-02 -3.476193547248840332e-01
1.276754140853881836e-01 1.896106004714965820e-01 5.912955850362777710e-03 -5.090746283531188965e-02
1.314676254987716675e-01 -5.595638882368803024e-03 4.894806537777185440e-03 2.436351627111434937e-01
1.313557028770446777e-01 1.894560605287551880e-01 9.767509996891021729e-03 -4.749980196356773376e-02
1.351448297500610352e-01 3.844366073608398438e-01 8.817513473331928253e-03 -3.370850682258605957e-01
1.428335607051849365e-01 1.891902834177017212e-01 2.075812546536326408e-03 -4.163466021418571472e-02
1.466173678636550903e-01 -5.961372517049312592e-03 1.243119360879063606e-03 2.517024874687194824e-01
1.464981436729431152e-01 1.891428083181381226e-01 6.277169100940227509e-03 -4.058808088302612305e-02
1.502809971570968628e-01 3.841741681098937988e-01 5.465407390147447586e-03 -3.312838971614837646e-01
1.579644829034805298e-01 1.889748573303222656e-01 -1.160270767286419868e-03 -3.688247874379158020e-02
1.617439687252044678e-01 -6.130430381745100021e-03 -1.897920388728380203e-03 2.554341554641723633e-01
1.616213619709014893e-01 1.890185624361038208e-01 3.210762515664100647e-03 -3.784681484103202820e-02
1.654017418622970581e-01 3.840943276882171631e-01 2.453826135024428368e-03 -3.295149803161621094e-01
1.730836182832717896e-01 1.889375299215316772e-01 -4.136473406106233597e-03 -3.605924919247627258e-02
1.768623739480972290e-01 -6.124857347458600998e-03 -4.857658408582210541e-03 2.553157210350036621e-01
1.767398715019226074e-01 1.890661120414733887e-01 2.486558514647185802e-04 -3.889543190598487854e-02
1.805212050676345825e-01 3.841845095157623291e-01 -5.292528076097369194e-04 -3.314999043941497803e-01
1.882048845291137695e-01 1.890700906515121460e-01 -7.159250788390636444e-03 -3.898391500115394592e-02
1.919862926006317139e-01 -5.948476027697324753e-03 -7.938928902149200439e-03 2.514316141605377197e-01
1.918673217296600342e-01 1.892859339714050293e-01 -2.910296665504574776e-03 -4.374478384852409363e-02
1.956530362367630005e-01 3.844495117664337158e-01 -3.785192267969250679e-03 -3.373445272445678711e-01
2.033420354127883911e-01 1.893816143274307251e-01 -1.053208298981189728e-02 -4.585763067007064819e-02
2.071296572685241699e-01 -5.587739404290914536e-03 -1.144923549145460129e-02 2.434838116168975830e-01
2.070179134607315063e-01 1.896958649158477783e-01 -6.579559296369552612e-03 -5.278839543461799622e-02
2.108118236064910889e-01 -5.331132560968399048e-03 -7.635327056050300598e-03 2.378113865852355957e-01
2.107052057981491089e-01 1.898990571498870850e-01 -2.879099221900105476e-03 -5.727013573050498962e-02
2.145031839609146118e-01 -5.181489977985620499e-03 -4.024501889944076538e-03 2.345030307769775391e-01
2.143995463848114014e-01 1.899977326393127441e-01 6.655585020780563354e-04 -5.944663286209106445e-02
2.181995064020156860e-01 3.851101398468017578e-01 -5.233741831034421921e-04 -3.519195020198822021e-01
2.259017080068588257e-01 1.899956315755844116e-01 -7.561764214187860489e-03 -5.940165370702743530e-02
2.297016233205795288e-01 -5.017090588808059692e-03 -8.749797008931636810e-03 2.308859229087829590e-01
2.296012789011001587e-01 1.902287900447845459e-01 -4.132078960537910461e-03 -6.454409658908843994e-02
2.334058582782745361e-01 -4.833674523979425430e-03 -5.422960501164197922e-03 2.268322706222534180e-01
2.333091795444488525e-01 1.903653591871261597e-01 -8.863151306286454201e-04 -6.755630671977996826e-02
2.371164858341217041e-01 3.855000138282775879e-01 -2.237441251054406166e-03 -3.605187237262725830e-01
2.448264956474304199e-01 1.904099285602569580e-01 -9.447815828025341034e-03 -6.854216754436492920e-02
2.486346960067749023e-01 -4.575305618345737457e-03 -1.081865932792425156e-02 2.211450189352035522e-01
2.485431879758834839e-01 1.906996071338653564e-01 -6.395759060978889465e-03 -7.493082433938980103e-02
2.523571848869323730e-01 -4.330080002546310425e-03 -7.894375361502170563e-03 2.157273739576339722e-01
2.522705793380737305e-01 1.909038275480270386e-01 -3.579827956855297089e-03 -7.943529635667800903e-02
2.560886442661285400e-01 -4.166616126894950867e-03 -5.168533883988857269e-03 2.121160328388214111e-01
2.560053169727325439e-01 1.910288482904434204e-01 -9.262132807634770870e-04 -8.219279348850250244e-02
2.598258852958679199e-01 3.861640691757202148e-01 -2.570069162175059319e-03 -3.751677870750427246e-01
2.675491869449615479e-01 1.910787075757980347e-01 -1.007342524826526642e-02 -8.329633623361587524e-02
2.713707387447357178e-01 -3.897399641573429108e-03 -1.173935178667306900e-02 2.061914503574371338e-01
2.712928056716918945e-01 1.913904398679733276e-01 -7.615522947162389755e-03 -9.017140418291091919e-02
2.751206159591674805e-01 -3.621530951932072639e-03 -9.418950416147708893e-03 2.000991255044937134e-01
2.750481665134429932e-01 1.916338652372360229e-01 -5.416968371719121933e-03 -9.554009884595870972e-02
2.788808643817901611e-01 -3.410036675631999969e-03 -7.327770348638296127e-03 1.954288780689239502e-01
2.788126468658447266e-01 1.918159574270248413e-01 -3.419192973524332047e-03 -9.955660998821258545e-02
2.826489806175231934e-01 -3.256819909438490868e-03 -5.410325247794389725e-03 1.920456141233444214e-01
2.825838327407836914e-01 1.919421106576919556e-01 -1.569412881508469582e-03 -1.023391261696815491e-01
2.864226698875427246e-01 -3.157315310090780258e-03 -3.616195404902100563e-03 1.898482441902160645e-01
2.863595485687255859e-01 1.920161843299865723e-01 1.807694934541359544e-04 -1.039732471108436584e-01
2.901998460292816162e-01 3.871355354785919189e-01 -1.898695481941103935e-03 -3.965991437435150146e-01
2.979425787925720215e-01 1.920405775308609009e-01 -9.830677881836891174e-03 -1.045154407620429993e-01
3.017833828926086426e-01 -2.939117839559912682e-03 -1.192098669707775116e-02 1.850498020648956299e-01
3.017246127128601074e-01 1.923513561487197876e-01 -8.219990879297256470e-03 -1.113697737455368042e-01
3.055716156959533691e-01 -2.651852555572986603e-03 -1.044738665223121643e-02 1.787085086107254028e-01
3.055185973644256592e-01 1.926180273294448853e-01 -6.873216480016708374e-03 -1.172518208622932434e-01
3.093709647655487061e-01 -2.404766855761408806e-03 -9.218252263963222504e-03 1.732547581195831299e-01
3.093228638172149658e-01 1.928478926420211792e-01 -5.753157194703817368e-03 -1.223219186067581177e-01
3.131798207759857178e-01 -2.191159874200820923e-03 -8.199595846235752106e-03 1.685404032468795776e-01
3.131359815597534180e-01 1.930471956729888916e-01 -4.828787408769130707e-03 -1.267179250717163086e-01
3.169969320297241211e-01 -2.005250658839941025e-03 -7.363146170973777771e-03 1.644376665353775024e-01
3.169568181037902832e-01 1.932213306427001953e-01 -4.074392840266227722e-03 -1.305590122938156128e-01
3.208212554454803467e-01 -1.842023455537855625e-03 -6.685573142021894455e-03 1.608357280492782593e-01
3.207844197750091553e-01 1.933749914169311523e-01 -3.468858543783426285e-03 -1.339488178491592407e-01
3.246519267559051514e-01 -1.697093481197953224e-03 -6.147834472358226776e-03 1.576377302408218384e-01
3.246179819107055664e-01 1.935123354196548462e-01 -2.995080314576625824e-03 -1.369783431291580200e-01
3.284882307052612305e-01 -1.566588878631591797e-03 -5.734647158533334732e-03 1.547581851482391357e-01
3.284568786621093750e-01 1.936369985342025757e-01 -2.639483194798231125e-03 -1.397283673286437988e-01
3.323296308517456055e-01 -1.447048154659569263e-03 -5.434050690382719040e-03 1.521206796169281006e-01
3.323006927967071533e-01 1.937522888183593750e-01 -2.391636837273836136e-03 -1.422716081142425537e-01
3.361757397651672363e-01 -1.335327979177236557e-03 -5.237068980932235718e-03 1.496558487415313721e-01
3.361490368843078613e-01 1.938612163066864014e-01 -2.243951894342899323e-03 -1.446746587753295898e-01
3.400262594223022461e-01 -1.228520763106644154e-03 -5.137444939464330673e-03 1.472994983196258545e-01
3.400016725063323975e-01 1.939666271209716797e-01 -2.191455103456974030e-03 -1.469997465610504150e-01
3.438810110092163086e-01 -1.123878406360745430e-03 -5.131450016051530838e-03 1.449910104274749756e-01
3.438585400581359863e-01 1.940711885690689087e-01 -2.231629798188805580e-03 -1.493063718080520630e-01
3.477399647235870361e-01 -1.018741168081760406e-03 -5.217757076025009155e-03 1.426716893911361694e-01
3.477195799350738525e-01 1.941775530576705933e-01 -2.364323474466800690e-03 -1.516527682542800903e-01
3.516031205654144287e-01 -9.104702621698379517e-04 -5.397378932684659958e-03 1.402833312749862671e-01
3.515849113464355469e-01 1.942883729934692383e-01 -2.591712167486548424e-03 -1.540974825620651245e-01
3.554706871509552002e-01 -7.963805692270398140e-04 -5.673661828041076660e-03 1.377666890621185303e-01
3.554547727108001709e-01 1.944063752889633179e-01 -2.918327925726771355e-03 -1.567007750272750854e-01
3.593429028987884521e-01 -6.736739887855947018e-04 -6.052343174815177917e-03 1.350600570440292358e-01
3.593294322490692139e-01 1.945344507694244385e-01 -3.351142164319753647e-03 -1.595261245965957642e-01
3.632200956344604492e-01 -5.393705796450376511e-04 -6.541664712131023407e-03 1.320977210998535156e-01
3.632093071937561035e-01 1.946756690740585327e-01 -3.899710252881050110e-03 -1.626418232917785645e-01
3.671028316020965576e-01 -3.902354219462722540e-04 -7.152546662837266922e-03 1.288083046674728394e-01
3.670950233936309814e-01 1.948334425687789917e-01 -4.576380364596843719e-03 -1.661225557327270508e-01
3.709917068481445312e-01 -2.227007062174379826e-04 -7.898831740021705627e-03 1.251131445169448853e-01
3.709872364997863770e-01 1.950115114450454712e-01 -5.396568682044744492e-03 -1.700512766838073730e-01
3.748874664306640625e-01 -3.277994983363896608e-05 -8.797594346106052399e-03 1.209243312478065491e-01
3.748868107795715332e-01 1.952141076326370239e-01 -6.379107479006052017e-03 -1.745211184024810791e-01
3.787910938262939453e-01 1.840271143009886146e-04 -9.869529865682125092e-03 1.161425933241844177e-01
3.787947893142700195e-01 1.954459846019744873e-01 -7.546677719801664352e-03 -1.796376854181289673e-01
3.827036917209625244e-01 4.328412469476461411e-04 -1.113943196833133698e-02 1.106550097465515137e-01
3.827123641967773438e-01 1.957126259803771973e-01 -8.926331065595149994e-03 -1.855214238166809082e-01
3.866266012191772461e-01 7.195246871560811996e-04 -1.263675931841135025e-02 1.043322756886482239e-01
3.866409957408905029e-01 1.960202753543853760e-01 -1.055011432617902756e-02 -1.923105567693710327e-01
3.905614018440246582e-01 1.050818944349884987e-03 -1.439632568508386612e-02 9.702566266059875488e-02
3.905824124813079834e-01 1.963761150836944580e-01 -1.245581172406673431e-02 -2.001642882823944092e-01
3.945099413394927979e-01 1.434502890333533287e-03 -1.645909808576107025e-02 8.856353163719177246e-02
3.945386409759521484e-01 1.967884600162506104e-01 -1.468782685697078705e-02 -2.092664688825607300e-01
3.984743952751159668e-01 1.879573450423777103e-03 -1.887315697968006134e-02 7.874725759029388428e-02
3.985120058059692383e-01 -1.929668039083480835e-01 -1.729821227490901947e-02 3.654164075851440430e-01
3.946526646614074707e-01 2.396643161773681641e-03 -9.989883750677108765e-03 6.732964515686035156e-02
3.947005867958068848e-01 1.976603865623474121e-01 -8.643290959298610687e-03 -2.284883260726928711e-01
3.986538052558898926e-01 2.663010265678167343e-03 -1.321305707097053528e-02 6.145571172237396240e-02
3.987070620059967041e-01 -1.922670304775238037e-01 -1.198394317179918289e-02 3.499407172203063965e-01
3.948617279529571533e-01 3.023291006684303284e-03 -4.985128995031118393e-03 5.350307747721672058e-02
3.949221968650817871e-01 1.982163637876510620e-01 -3.915067296475172043e-03 -2.407485246658325195e-01
3.988865017890930176e-01 3.150559728965163231e-03 -8.730037137866020203e-03 5.069692432880401611e-02
3.989495337009429932e-01 1.983965933322906494e-01 -7.716099265962839127e-03 -2.447275668382644653e-01
4.029174447059631348e-01 3.385698655620217323e-03 -1.261065062135457993e-02 4.551155865192413330e-02
4.029851853847503662e-01 -1.915531754493713379e-01 -1.170041970908641815e-02 3.341891765594482422e-01
3.991540968418121338e-01 3.733332268893718719e-03 -5.016635637730360031e-03 3.783962875604629517e-02
3.992287814617156982e-01 1.989268660545349121e-01 -4.259842913597822189e-03 -2.564218640327453613e-01
4.032073020935058594e-01 3.865987760946154594e-03 -9.388280101120471954e-03 3.491440042853355408e-02
4.032846391201019287e-01 -1.911200881004333496e-01 -8.689992129802703857e-03 3.246205151081085205e-01
3.994622230529785156e-01 4.124516621232032776e-03 -2.197582041844725609e-03 2.920983731746673584e-02
3.995447158813476562e-01 1.992779076099395752e-01 -1.613385393284261227e-03 -2.641656398773193359e-01
4.035302698612213135e-01 4.179027862846851349e-03 -6.896698381751775742e-03 2.800797298550605774e-02
4.036138653755187988e-01 -1.908433437347412109e-01 -6.336538586765527725e-03 3.185069561004638672e-01
3.997969925403594971e-01 4.368279129266738892e-03 3.360049959155730903e-05 2.383247390389442444e-02
3.998843431472778320e-01 1.994897425174713135e-01 5.102499853819608688e-04 -2.688398361206054688e-01
4.038741588592529297e-01 4.360519349575042725e-03 -4.866546951234340668e-03 2.400396764278411865e-02
4.039613604545593262e-01 -1.906913071870803833e-01 -4.386467859148979187e-03 3.151474893093109131e-01
4.001475274562835693e-01 4.492854699492454529e-03 1.916481996886432171e-03 2.108444087207317352e-02
4.002373814582824707e-01 1.995872706174850464e-01 2.338170772418379784e-03 -2.709932029247283936e-01
4.042291343212127686e-01 4.432030487805604935e-03 -3.081693081185221672e-03 2.242628112435340881e-02
4.043177664279937744e-01 -1.906455904245376587e-01 -2.633167663589119911e-03 3.141353130340576172e-01
4.005048573017120361e-01 4.513771273195743561e-03 3.649538615718483925e-03 2.062312886118888855e-02
4.005951285362243652e-01 1.995831876993179321e-01 4.062001127749681473e-03 -2.709060907363891602e-01
4.045867919921875000e-01 4.403515253216028214e-03 -1.356120803393423557e-03 2.305523306131362915e-02
4.046748876571655273e-01 1.995448917150497437e-01 -8.950160699896514416e-04 -2.700552642345428467e-01
4.086657762527465820e-01 4.435720853507518768e-03 -6.296121049672365189e-03 2.234524302184581757e-02
4.087544977664947510e-01 -1.905953735113143921e-01 -5.849216599017381668e-03 3.130350410938262939e-01
4.049425721168518066e-01 4.609412979334592819e-03 4.114844196010380983e-04 1.851320825517177582e-02
4.050347805023193359e-01 1.997254639863967896e-01 7.817485602572560310e-04 -2.740398645401000977e-01
4.090292751789093018e-01 4.592364188283681870e-03 -4.699048586189746857e-03 1.888952590525150299e-02
4.091211259365081787e-01 -1.904618889093399048e-01 -4.321258049458265305e-03 3.100861608982086182e-01
4.053118824958801270e-01 4.721368197351694107e-03 1.880464842543005943e-03 1.604356244206428528e-02
4.054063260555267334e-01 1.998163014650344849e-01 2.201336203143000603e-03 -2.760454714298248291e-01
4.094026386737823486e-01 4.663012456148862839e-03 -3.319573123008012772e-03 1.733095385134220123e-02
4.094958901405334473e-01 -1.904111802577972412e-01 -2.972953952848911285e-03 3.089646697044372559e-01
4.056876897811889648e-01 4.753008950501680374e-03 3.206339431926608086e-03 1.534563954919576645e-02
4.057827293872833252e-01 1.998288333415985107e-01 3.513252129778265953e-03 -2.763239145278930664e-01
4.097793102264404297e-01 4.656932782381772995e-03 -2.013226505368947983e-03 1.746500842273235321e-02
4.098724424839019775e-01 -1.904360949993133545e-01 -1.663926290348172188e-03 3.095120489597320557e-01
4.060637354850769043e-01 4.709530621767044067e-03 4.526314791291952133e-03 1.630484126508235931e-02
4.061579108238220215e-01 1.997662782669067383e-01 4.852411802858114243e-03 -2.749465405941009521e-01
4.101532399654388428e-01 4.575430881232023239e-03 -6.465192418545484543e-04 1.926287636160850525e-02
4.102447628974914551e-01 1.997066438198089600e-01 -2.612617390695959330e-04 -2.736239731311798096e-01
4.142388999462127686e-01 4.588425625115633011e-03 -5.733740981668233871e-03 1.897654868662357330e-02
4.143306612968444824e-01 -1.904508322477340698e-01 -5.354210268706083298e-03 3.098449110984802246e-01
4.105216562747955322e-01 4.746995866298675537e-03 8.426881395280361176e-04 1.547823939472436905e-02
4.106165766716003418e-01 1.998568475246429443e-01 1.152252894826233387e-03 -2.769386768341064453e-01
4.146137237548828125e-01 4.718481097370386124e-03 -4.386520944535732269e-03 1.610743440687656403e-02
4.147080779075622559e-01 -1.903402954339981079e-01 -4.064372275024652481e-03 3.074031472206115723e-01
4.109012782573699951e-01 4.839340690523386002e-03 2.083690604194998741e-03 1.344119291752576828e-02
4.109980762004852295e-01 1.999313533306121826e-01 2.352514537051320076e-03 -2.785835862159729004e-01
4.149966835975646973e-01 4.775914363563060760e-03 -3.219156991690397263e-03 1.484039984643459320e-02
4.150922298431396484e-01 -1.902997195720672607e-01 -2.922349143773317337e-03 3.065059185028076172e-01
4.112862348556518555e-01 4.863749723881483078e-03 3.207769012078642845e-03 1.290278136730194092e-02
4.113835096359252930e-01 1.999395489692687988e-01 3.465824760496616364e-03 -2.787663340568542480e-01
4.153822958469390869e-01 4.768329206854104996e-03 -2.109501976519823074e-03 1.500769238919019699e-02
4.154776632785797119e-01 -1.903233081102371216e-01 -1.809348119422793388e-03 3.070243000984191895e-01
4.116711914539337158e-01 4.824380856007337570e-03 4.331137984991073608e-03 1.377130113542079926e-02
4.117676615715026855e-01 1.998839527368545532e-01 4.606564063578844070e-03 -2.775419652462005615e-01
4.157653450965881348e-01 4.696585237979888916e-03 -9.442752343602478504e-04 1.659030839800834656e-02
4.158592820167541504e-01 1.998320668935775757e-01 -6.124690989963710308e-04 -2.763904035091400146e-01
4.198559224605560303e-01 4.718857817351818085e-03 -6.140277255326509476e-03 1.609929278492927551e-02
4.199503064155578613e-01 -1.903145015239715576e-01 -5.818291101604700089e-03 3.068385720252990723e-01
4.161440134048461914e-01 4.889875650405883789e-03 3.184803936164826155e-04 1.232640817761421204e-02
4.162418246269226074e-01 2.000072598457336426e-01 5.650085513480007648e-04 -2.802560031414031982e-01
4.202419519424438477e-01 4.877251572906970978e-03 -5.040111951529979706e-03 1.260505802929401398e-02
4.203394949436187744e-01 -1.901720613241195679e-01 -4.788010846823453903e-03 3.036935031414031982e-01
4.165360629558563232e-01 5.017802584916353226e-03 1.285859732888638973e-03 9.504415094852447510e-03
4.166364073753356934e-01 2.001212835311889648e-01 1.475948025472462177e-03 -2.827725410461425781e-01
4.206388294696807861e-01 4.978317301720380783e-03 -4.179502371698617935e-03 1.037553790956735611e-02
4.207383990287780762e-01 -1.900834441184997559e-01 -3.971991594880819321e-03 3.017368614673614502e-01
4.169367253780364990e-01 5.094890948385000229e-03 2.062745392322540283e-03 7.803898770362138748e-03
4.170386493206024170e-01 2.001872062683105469e-01 2.218823414295911789e-03 -2.842274904251098633e-01
4.210423827171325684e-01 5.033671855926513672e-03 -3.465726505964994431e-03 9.154410101473331451e-03
4.211430549621582031e-01 -1.900383979082107544e-01 -3.282638266682624817e-03 3.007418513298034668e-01
4.173422753810882568e-01 5.130180157721042633e-03 2.732198452576994896e-03 7.025451865047216415e-03
4.174448847770690918e-01 2.002128362655639648e-01 2.872707555070519447e-03 -2.847941815853118896e-01
4.214491546154022217e-01 5.050036590546369553e-03 -2.823176095262169838e-03 8.793391287326812744e-03
4.215501546859741211e-01 -1.900313198566436768e-01 -2.647308167070150375e-03 3.005842268466949463e-01
4.177495241165161133e-01 5.128270946443080902e-03 3.364376490935683250e-03 7.067578844726085663e-03
4.178520739078521729e-01 2.002018094062805176e-01 3.505727974697947502e-03 -2.845519483089447021e-01
4.218561351299285889e-01 5.030035506933927536e-03 -2.185310935601592064e-03 9.234596043825149536e-03
4.219567179679870605e-01 -1.900605112314224243e-01 -2.000618958845734596e-03 3.012272417545318604e-01
4.181555211544036865e-01 5.089901387691497803e-03 4.023925401270389557e-03 7.914021611213684082e-03
4.182573258876800537e-01 2.001539170742034912e-01 4.182206001132726669e-03 -2.834965884685516357e-01
4.222604036331176758e-01 4.972561728209257126e-03 -1.487725879997014999e-03 1.050243526697158813e-02
4.223598539829254150e-01 -1.901280283927917480e-01 -1.277677249163389206e-03 3.027155995368957520e-01
4.185572862625122070e-01 5.012115463614463806e-03 4.776634741574525833e-03 9.629991836845874786e-03
4.186575114727020264e-01 2.000652402639389038e-01 4.969234578311443329e-03 -2.815420329570770264e-01
4.226588308811187744e-01 4.872759338468313217e-03 -6.616060854867100716e-04 1.270402316004037857e-02
4.227562844753265381e-01 2.000041902065277100e-01 -4.075256292708218098e-04 -2.801875770092010498e-01
4.267563819885253906e-01 4.888057243078947067e-03 -6.011276971548795700e-03 1.236679125577211380e-02
4.268541336059570312e-01 -1.901471763849258423e-01 -5.763941444456577301e-03 3.031470477581024170e-01
4.230511784553527832e-01 5.056450609117746353e-03 2.989995700772851706e-04 8.651885204017162323e-03
4.231523275375366211e-01 2.001741081476211548e-01 4.720372671727091074e-04 -2.839366793632507324e-01
4.271557927131652832e-01 5.045431666076183319e-03 -5.206696689128875732e-03 8.895078673958778381e-03
4.272567033767700195e-01 -1.900014579296112061e-01 -5.028794985264539719e-03 2.999306917190551758e-01
4.234566688537597656e-01 5.191805306822061539e-03 9.698189096525311470e-04 5.666033364832401276e-03
4.235605001449584961e-01 2.002998292446136475e-01 1.083139562979340553e-03 -2.867107391357421875e-01
4.275664985179901123e-01 5.162452813237905502e-03 -4.651075229048728943e-03 6.313597317785024643e-03
4.276697635650634766e-01 -1.898924857378005981e-01 -4.524803254753351212e-03 2.975254356861114502e-01
4.238719046115875244e-01 5.293671973049640656e-03 1.425705268047749996e-03 3.418902400881052017e-03
4.239777922630310059e-01 2.003951519727706909e-01 1.494083320721983910e-03 -2.888138592243194580e-01
4.279856979846954346e-01 5.251922644674777985e-03 -4.282193724066019058e-03 4.339915234595537186e-03
4.280907213687896729e-01 -1.898083537817001343e-01 -4.195395391434431076e-03 2.956686913967132568e-01
4.242945611476898193e-01 5.373154766857624054e-03 1.717978273518383503e-03 1.665557152591645718e-03
4.244020283222198486e-01 2.004704326391220093e-01 1.751289353705942631e-03 -2.904748320579528809e-01
4.284114241600036621e-01 5.323546007275581360e-03 -4.058207385241985321e-03 2.759916940703988075e-03
4.285179078578948975e-01 -1.897399723529815674e-01 -4.003008827567100525e-03 2.941596806049346924e-01
4.247230887413024902e-01 5.438822787255048752e-03 1.880184514448046684e-03 2.169470826629549265e-04
4.248318672180175781e-01 2.005337625741958618e-01 1.884523429907858372e-03 -2.918721735477447510e-01
4.288425445556640625e-01 5.384988617151975632e-03 -3.952919971197843552e-03 1.404519658535718918e-03
4.289502501487731934e-01 -1.896800547838211060e-01 -3.924829419702291489e-03 2.928376495838165283e-01
4.251566529273986816e-01 5.497640464454889297e-03 1.931923208758234978e-03 -1.080541638657450676e-03
4.252665936946868896e-01 2.005918323993682861e-01 1.910312450490891933e-03 -2.931532859802246094e-01
4.292784333229064941e-01 5.442696157842874527e-03 -3.952753730118274689e-03 1.315031549893319607e-04
4.293873012065887451e-01 -1.896223425865173340e-01 -3.950123675167560577e-03 2.915646731853485107e-01
4.255948364734649658e-01 5.555706564337015152e-03 1.881169970147311687e-03 -2.361453603953123093e-03
4.257059693336486816e-01 2.006506323814392090e-01 1.833940856158733368e-03 -2.944502532482147217e-01
4.297189712524414062e-01 5.502579268068075180e-03 -4.055064171552658081e-03 -1.189495204016566277e-03
4.298290312290191650e-01 -1.895609796047210693e-01 -4.078854341059923172e-03 2.902112603187561035e-01
4.260378181934356689e-01 5.618892144411802292e-03 1.725370995700359344e-03 -3.755300305783748627e-03
4.261501729488372803e-01 -1.895277649164199829e-01 1.650264952331781387e-03 2.894715070724487305e-01
4.223596155643463135e-01 5.570618901401758194e-03 7.439694833010435104e-03 -2.690491499379277229e-03
4.224710464477539062e-01 2.005850821733474731e-01 7.385885342955589294e-03 -2.930168509483337402e-01
4.264827370643615723e-01 5.358614493161439896e-03 1.525548170320689678e-03 1.986303832381963730e-03
4.265899062156677246e-01 2.004586607217788696e-01 1.565274316817522049e-03 -2.902148962020874023e-01
4.305990934371948242e-01 5.314418114721775055e-03 -4.239023663103580475e-03 2.961281919851899147e-03
4.307053685188293457e-01 -1.897464841604232788e-01 -4.179798066616058350e-03 2.943037450313568115e-01
4.269104599952697754e-01 5.434808786958456039e-03 1.706276554614305496e-03 3.054984845221042633e-04
4.270191490650177002e-01 2.005322426557540894e-01 1.712386496365070343e-03 -2.918385863304138184e-01
4.310297966003417969e-01 5.385922733694314957e-03 -4.124385304749011993e-03 1.383910654112696648e-03
4.311375021934509277e-01 -1.896766424179077148e-01 -4.096706863492727280e-03 2.927626967430114746e-01
4.273439645767211914e-01 5.503484513610601425e-03 1.758546917699277401e-03 -1.209457986988127232e-03
4.274540543556213379e-01 2.006001770496368408e-01 1.734357676468789577e-03 -2.933370172977447510e-01
4.314660429954528809e-01 5.453535355627536774e-03 -4.132382571697235107e-03 -1.076090338756330311e-04
4.315751194953918457e-01 -1.896089017391204834e-01 -4.134534858167171478e-03 2.912686467170715332e-01
4.277829229831695557e-01 5.571751389652490616e-03 1.690837903879582882e-03 -2.715395297855138779e-03
4.278943836688995361e-01 2.006694078445434570e-01 1.636529923416674137e-03 -2.948643565177917480e-01
4.319077730178833008e-01 5.524168256670236588e-03 -4.260757472366094589e-03 -1.665748888626694679e-03
4.320182502269744873e-01 -1.895364224910736084e-01 -4.294072277843952179e-03 2.896698117256164551e-01
4.282275140285491943e-01 5.646499805152416229e-03 1.499324105679988861e-03 -4.364314954727888107e-03
4.283404350280761719e-01 -1.894969195127487183e-01 1.412037760019302368e-03 2.887912988662719727e-01
4.245505034923553467e-01 5.604865029454231262e-03 7.187863346189260483e-03 -3.445960348471999168e-03
4.246625900268554688e-01 2.006230056285858154e-01 7.118944544345140457e-03 -2.938523888587951660e-01
4.286750555038452148e-01 5.400278139859437943e-03 1.241896534338593483e-03 1.067222445271909237e-03
4.287830591201782227e-01 2.005043923854827881e-01 1.263241050764918327e-03 -2.912236154079437256e-01
4.327931702136993408e-01 5.364456214010715485e-03 -4.561231005936861038e-03 1.857457798905670643e-03
4.329004585742950439e-01 -1.896917819976806641e-01 -4.524081945419311523e-03 2.930977642536163330e-01
4.291066229343414307e-01 5.494376644492149353e-03 1.337873516604304314e-03 -1.008542953059077263e-03
4.292165040969848633e-01 2.005971223115921021e-01 1.317702583037316799e-03 -2.932690680027008057e-01
4.332284331321716309e-01 5.456401500850915909e-03 -4.547678399831056595e-03 -1.708335767034441233e-04
4.333375692367553711e-01 -1.896000355482101440e-01 -4.551094956696033478e-03 2.910737693309783936e-01
4.295455813407897949e-01 5.586512386798858643e-03 1.270380569621920586e-03 -3.041023854166269302e-03
4.296573102474212646e-01 -1.895536333322525024e-01 1.209560083225369453e-03 2.900424599647521973e-01
4.258662164211273193e-01 5.551048088818788528e-03 7.010409142822027206e-03 -2.258746884763240814e-03
4.259772598743438721e-01 2.005717605352401733e-01 6.965233944356441498e-03 -2.927215993404388428e-01
4.299886822700500488e-01 5.351197440177202225e-03 1.110802404582500458e-03 2.149919746443629265e-03
4.300957024097442627e-01 2.004572004079818726e-01 1.153800869360566139e-03 -2.901823222637176514e-01
4.341048598289489746e-01 5.318815819919109344e-03 -4.649845883250236511e-03 2.864270936697721481e-03
4.342112243175506592e-01 -1.897361427545547485e-01 -4.592560231685638428e-03 2.940765023231506348e-01
4.304164946079254150e-01 5.450983531773090363e-03 1.288969651795923710e-03 -5.131338548380881548e-05
4.305255115032196045e-01 2.005544304847717285e-01 1.287943334318697453e-03 -2.923272848129272461e-01
4.345366060733795166e-01 5.414134357124567032e-03 -4.558602347970008850e-03 7.615731447003781796e-04
4.346449077129364014e-01 -1.896421462297439575e-01 -4.543370567262172699e-03 2.920027375221252441e-01
4.308520555496215820e-01 5.544291809201240540e-03 1.296683796681463718e-03 -2.109652385115623474e-03
4.309629499912261963e-01 2.006476223468780518e-01 1.254490809515118599e-03 -2.943831682205200195e-01
4.349758923053741455e-01 5.507808644324541092e-03 -4.633172880858182907e-03 -1.304867095313966274e-03
4.350860416889190674e-01 -1.895473897457122803e-01 -4.659269936382770538e-03 2.899126410484313965e-01
4.312950968742370605e-01 5.640688352286815643e-03 1.138982712291181087e-03 -4.236117005348205566e-03
4.314078986644744873e-01 -1.894975751638412476e-01 1.054260414093732834e-03 2.888059616088867188e-01
4.276179671287536621e-01 5.609322339296340942e-03 6.830379366874694824e-03 -3.544282400980591774e-03
4.277301430702209473e-01 2.006326466798782349e-01 6.759493611752986908e-03 -2.940643429756164551e-01
4.317427873611450195e-01 5.414986982941627502e-03 8.782070362940430641e-04 7.427470409311354160e-04
4.318510890007019043e-01 2.005243301391601562e-01 8.930619806051254272e-04 -2.916629612445831299e-01
4.358615875244140625e-01 5.389659199863672256e-03 -4.940197337418794632e-03 1.301488373428583145e-03
4.359693825244903564e-01 -1.896611005067825317e-01 -4.914167337119579315e-03 2.924216389656066895e-01
4.321761727333068848e-01 5.530576221644878387e-03 9.342652047052979469e-04 -1.807093969546258450e-03
4.322867691516876221e-01 2.006391137838363647e-01 8.981233113445341587e-04 -2.941951155662536621e-01
4.362995624542236328e-01 5.504372064024209976e-03 -4.985778592526912689e-03 -1.229055807925760746e-03
4.364096522331237793e-01 -1.895457208156585693e-01 -5.010359920561313629e-03 2.898766398429870605e-01
4.326187372207641602e-01 5.647314246743917465e-03 7.871728739701211452e-04 -4.382282961159944534e-03
4.327316582202911377e-01 -1.894859224557876587e-01 6.995272124186158180e-04 2.885489165782928467e-01
4.289419651031494141e-01 5.626051686704158783e-03 6.470505148172378540e-03 -3.913318272680044174e-03
4.290544688701629639e-01 2.006546109914779663e-01 6.392239127308130264e-03 -2.945477068424224854e-01
4.330675601959228516e-01 5.442113615572452545e-03 5.012845504097640514e-04 1.443512883270159364e-04
4.331763982772827148e-01 2.005568742752075195e-01 5.041715921834111214e-04 -2.923803627490997314e-01
4.371875524520874023e-01 5.427735857665538788e-03 -5.343435797840356827e-03 4.615213547367602587e-04
4.372960925102233887e-01 -1.896171718835830688e-01 -5.334205459803342819e-03 2.914537489414215088e-01
4.335037469863891602e-01 5.580424796789884567e-03 4.948695423081517220e-04 -2.906735055148601532e-03
4.336153566837310791e-01 -1.895486265420913696e-01 4.367348738014698029e-04 2.899322807788848877e-01
4.298243820667266846e-01 5.567100830376148224e-03 6.235380657017230988e-03 -2.612865297123789787e-03
4.299357235431671143e-01 2.005990743637084961e-01 6.183123216032981873e-03 -2.933219373226165771e-01
4.339477121829986572e-01 5.389516241848468781e-03 3.166843380313366652e-04 1.304618199355900288e-03
4.340555071830749512e-01 2.005069255828857422e-01 3.427766787353903055e-04 -2.912783622741699219e-01
4.380656480789184570e-01 5.380087066441774368e-03 -5.482790991663932800e-03 1.512640737928450108e-03
4.381732344627380371e-01 -1.896627992391586304e-01 -5.452537909150123596e-03 2.924606502056121826e-01
4.343799948692321777e-01 5.536462180316448212e-03 3.966750227846205235e-04 -1.936937216669321060e-03
4.344907104969024658e-01 -1.895911693572998047e-01 3.579362819436937571e-04 2.908711135387420654e-01
4.306989014148712158e-01 5.525670014321804047e-03 6.175358779728412628e-03 -1.698897336609661579e-03
4.308094084262847900e-01 2.005585134029388428e-01 6.141380872577428818e-03 -2.924270331859588623e-01
4.348205924034118652e-01 5.349541082978248596e-03 2.928398316726088524e-04 2.186450408771634102e-03
4.349275827407836914e-01 2.004672884941101074e-01 3.365688316989690065e-04 -2.904040813446044922e-01
4.389369189739227295e-01 5.340542644262313843e-03 -5.471512675285339355e-03 2.384990453720092773e-03
4.390437304973602295e-01 -1.897025108337402344e-01 -5.423812661319971085e-03 2.933365702629089355e-01
4.352496862411499023e-01 5.496346391737461090e-03 4.429188848007470369e-04 -1.051997300237417221e-03
4.353595972061157227e-01 2.006119489669799805e-01 4.218789399601519108e-04 -2.935951352119445801e-01
4.393718540668487549e-01 5.483978893607854843e-03 -5.450023803859949112e-03 -7.791931857354938984e-04
4.394815266132354736e-01 -1.895593851804733276e-01 -5.465607624500989914e-03 2.901792228221893311e-01
4.356903433799743652e-01 5.640069954097270966e-03 3.379764384590089321e-04 -4.222481511533260345e-03
4.358031451702117920e-01 -1.894867271184921265e-01 2.535268140491098166e-04 2.885670661926269531e-01
4.320133924484252930e-01 5.631608422845602036e-03 6.024868227541446686e-03 -4.035894293338060379e-03
4.321260452270507812e-01 2.006666362285614014e-01 5.944150034338235855e-03 -2.948118150234222412e-01
4.361393749713897705e-01 5.460449960082769394e-03 4.791358151123858988e-05 -2.601496526040136814e-04
4.362485706806182861e-01 2.005817145109176636e-01 4.271058787708170712e-05 -2.929279506206512451e-01
4.402602016925811768e-01 5.459154024720191956e-03 -5.815848708152770996e-03 -2.315619058208540082e-04
4.403693974018096924e-01 -1.895789057016372681e-01 -5.820479709655046463e-03 2.906107306480407715e-01
4.365778267383575439e-01 5.625551566481590271e-03 -8.265135875262785703e-06 -3.902207128703594208e-03
4.366903305053710938e-01 -1.894962787628173828e-01 -8.630927914055064321e-05 2.887781262397766113e-01
4.329003989696502686e-01 5.626900587230920792e-03 5.689253099262714386e-03 -3.932035062462091446e-03
4.330129325389862061e-01 2.006668001413345337e-01 5.610612221062183380e-03 -2.948145270347595215e-01
4.370262622833251953e-01 5.465310998260974884e-03 -2.856780774891376495e-04 -3.673815226648002863e-04
4.371355772018432617e-01 2.005913555622100830e-01 -2.930257178377360106e-04 -2.931404411792755127e-01
4.411474168300628662e-01 5.473585799336433411e-03 -6.155834533274173737e-03 -5.499335238710045815e-04
4.412568807601928711e-01 -1.895595490932464600e-01 -6.166832987219095230e-03 2.901844084262847900e-01
4.374656975269317627e-01 5.649797618389129639e-03 -3.631447034422308207e-04 -4.437067080289125443e-03
4.375786781311035156e-01 -1.894669383764266968e-01 -4.518860660027712584e-04 2.881312668323516846e-01
4.337893426418304443e-01 5.661448463797569275e-03 5.310739390552043915e-03 -4.694152157753705978e-03
4.339025616645812988e-01 2.007068395614624023e-01 5.216856021434068680e-03 -2.956967651844024658e-01
4.379167258739471436e-01 5.510901566594839096e-03 -6.970789982005953789e-04 -1.373091596178710461e-03
4.380269348621368408e-01 -1.896010488271713257e-01 -7.245408487506210804e-04 2.910898029804229736e-01
4.342349171638488770e-01 5.531229078769683838e-03 5.097255576401948929e-03 -1.821533543989062309e-03
4.343455433845520020e-01 2.005797028541564941e-01 5.060825031250715256e-03 -2.928918600082397461e-01
4.383571147918701172e-01 5.385968834161758423e-03 -7.970124715939164162e-04 1.382871530950069427e-03
4.384648501873016357e-01 2.005193382501602173e-01 -7.693550433032214642e-04 -2.915514111518859863e-01
4.424752295017242432e-01 5.408368073403835297e-03 -6.600383203476667404e-03 8.887665462680160999e-04
4.425834119319915771e-01 -1.896183043718338013e-01 -6.582607980817556381e-03 2.914819121360778809e-01
4.387910366058349609e-01 5.596883129328489304e-03 -7.529699360020458698e-04 -3.269805572926998138e-03
4.389029741287231445e-01 -1.895142644643783569e-01 -8.183660684153437614e-04 2.891754508018493652e-01
4.351126849651336670e-01 5.619350355118513107e-03 4.965143278241157532e-03 -3.765463829040527344e-03
4.352250695228576660e-01 2.006697505712509155e-01 4.889833740890026093e-03 -2.948777079582214355e-01
4.392384588718414307e-01 5.478422157466411591e-03 -1.007720245979726315e-03 -6.566143129020929337e-04
4.393480420112609863e-01 -1.896290630102157593e-01 -1.020852592773735523e-03 2.917082011699676514e-01
4.355554580688476562e-01 5.507429596036672592e-03 4.813311155885457993e-03 -1.296521979384124279e-03
4.356656074523925781e-01 2.005600184202194214e-01 4.787380807101726532e-03 -2.924569249153137207e-01
4.396767914295196533e-01 5.370140075683593750e-03 -1.061757327988743782e-03 1.732039265334606171e-03
4.397841989994049072e-01 2.005072981119155884e-01 -1.027116551995277405e-03 -2.912856936454772949e-01
4.437943398952484131e-01 5.400011315941810608e-03 -6.852830294519662857e-03 1.073113875463604927e-03
4.439023435115814209e-01 -1.896229982376098633e-01 -6.831367965787649155e-03 2.915860414505004883e-01
4.401099085807800293e-01 5.595693830400705338e-03 -9.996474254876375198e-04 -3.243568353354930878e-03
4.402218163013458252e-01 -1.895119100809097290e-01 -1.064518815837800503e-03 2.891238033771514893e-01
4.364315569400787354e-01 5.625207908451557159e-03 4.717956762760877609e-03 -3.894685301929712296e-03
4.365440607070922852e-01 2.006791830062866211e-01 4.640063270926475525e-03 -2.950853109359741211e-01
4.405576586723327637e-01 5.491386633366346359e-03 -1.261643017642199993e-03 -9.426003671251237392e-04
4.406674802303314209e-01 -1.896124482154846191e-01 -1.280495082028210163e-03 2.913419902324676514e-01
4.368752241134643555e-01 5.527737550437450409e-03 4.546344745904207230e-03 -1.744508510455489159e-03
4.369857907295227051e-01 2.005841881036758423e-01 4.511454608291387558e-03 -2.929895520210266113e-01
4.409974813461303711e-01 5.398211069405078888e-03 -1.348336227238178253e-03 1.112809986807405949e-03
4.411054253578186035e-01 -1.897043734788894653e-01 -1.326080062426626682e-03 2.933700084686279297e-01
4.373113512992858887e-01 5.436455365270376205e-03 4.541320260614156723e-03 2.691564150154590607e-04
4.374200701713562012e-01 2.004929780960083008e-01 4.546703305095434189e-03 -2.909774780273437500e-01
4.414299428462982178e-01 5.306498147547245026e-03 -1.272846129722893238e-03 3.135952865704894066e-03
4.415360689163208008e-01 2.004466801881790161e-01 -1.210127025842666626e-03 -2.899483144283294678e-01
4.455450177192687988e-01 5.342005752027034760e-03 -7.009093184024095535e-03 2.352719893679022789e-03
4.456518590450286865e-01 -1.896787285804748535e-01 -6.962038576602935791e-03 2.928159832954406738e-01
4.418582618236541748e-01 5.541792139410972595e-03 -1.105719129554927349e-03 -2.054527634754776955e-03
4.419690966606140137e-01 -1.895642876625061035e-01 -1.146809663623571396e-03 2.902793288230895996e-01
4.381778240203857422e-01 5.574000999331474304e-03 4.658776801079511642e-03 -2.765070647001266479e-03
4.382893145084381104e-01 2.006288319826126099e-01 4.603475332260131836e-03 -2.939744591712951660e-01
4.423018693923950195e-01 5.441549699753522873e-03 -1.276013790629804134e-03 1.567714643897488713e-04
4.424107074737548828e-01 -1.896620839834213257e-01 -1.272878376767039299e-03 2.924368381500244141e-01
4.386174678802490234e-01 5.477998405694961548e-03 4.575858358293771744e-03 -6.472768145613372326e-04
4.387270212173461914e-01 2.005340307950973511e-01 4.562912508845329285e-03 -2.918829619884490967e-01
4.427376985549926758e-01 5.347314756363630295e-03 -1.274746609851717949e-03 2.235553227365016937e-03
4.428446590900421143e-01 2.004875242710113525e-01 -1.230035559274256229e-03 -2.908492982387542725e-01
4.468544125556945801e-01 5.383133888244628906e-03 -7.047021295875310898e-03 1.445435336790978909e-03
4.469620585441589355e-01 -1.896370500326156616e-01 -7.018112577497959137e-03 2.918966412544250488e-01
4.431693255901336670e-01 5.584263708442449570e-03 -1.180179999209940434e-03 -2.991426503285765648e-03
4.432810246944427490e-01 -1.895207464694976807e-01 -1.240008627064526081e-03 2.893189191818237305e-01
4.394905865192413330e-01 5.618869327008724213e-03 4.546369425952434540e-03 -3.754849079996347427e-03
4.396029710769653320e-01 2.006753236055374146e-01 4.471272695809602737e-03 -2.949998676776885986e-01
4.436164796352386475e-01 5.489915143698453903e-03 -1.428725081495940685e-03 -9.101427858695387840e-04
4.437262713909149170e-01 -1.896115243434906006e-01 -1.446927897632122040e-03 2.913216650485992432e-01
4.399340450763702393e-01 5.531035363674163818e-03 4.379505291581153870e-03 -1.817257376387715340e-03
4.400446712970733643e-01 2.005899101495742798e-01 4.343159962445497513e-03 -2.931151986122131348e-01
4.440564811229705811e-01 5.406301002949476242e-03 -1.519143581390380859e-03 9.343444253318011761e-04
4.441646039485931396e-01 2.005500048398971558e-01 -1.500456593930721283e-03 -2.922275066375732422e-01
4.481755793094635010e-01 5.449480377137660980e-03 -7.345006801187992096e-03 -1.817873453546781093e-05
4.482845962047576904e-01 -1.895663738250732422e-01 -7.345370482653379440e-03 2.903382778167724609e-01
4.444932639598846436e-01 5.659549497067928314e-03 -1.538604497909545898e-03 -4.652204923331737518e-03
4.446064531803131104e-01 -1.894402951002120972e-01 -1.631648628972470760e-03 2.875448763370513916e-01
4.408176541328430176e-01 5.704879760742187500e-03 4.119249060750007629e-03 -5.652210675179958344e-03
4.409317374229431152e-01 2.007675170898437500e-01 4.006204660981893539e-03 -2.970326244831085205e-01
4.449470937252044678e-01 5.588681902736425400e-03 -1.934447791427373886e-03 -3.088904544711112976e-03
4.450588524341583252e-01 -1.895054727792739868e-01 -1.996225910261273384e-03 2.889830470085144043e-01
4.412687420845031738e-01 5.644887220114469528e-03 3.783435095101594925e-03 -4.328794311732053757e-03
4.413816630840301514e-01 2.007123678922653198e-01 3.696859348565340042e-03 -2.958156168460845947e-01
4.453958868980407715e-01 5.537916440516710281e-03 -2.219452755525708199e-03 -1.969042932614684105e-03
4.455066621303558350e-01 -1.895521283149719238e-01 -2.258833730593323708e-03 2.900128066539764404e-01
4.417155981063842773e-01 5.601953715085983276e-03 3.541422309353947639e-03 -3.381687449291348457e-03
4.418276548385620117e-01 2.006729394197463989e-01 3.473788499832153320e-03 -2.949451506137847900e-01
4.458411037921905518e-01 5.501633975654840469e-03 -2.425114624202251434e-03 -1.168672228232026100e-03
4.459511339664459229e-01 -1.895854473114013672e-01 -2.448488026857376099e-03 2.907481193542480469e-01
4.421594440937042236e-01 5.571324843913316727e-03 3.366474295035004616e-03 -2.706028986722230911e-03
4.422708749771118164e-01 2.006448358297348022e-01 3.312353743240237236e-03 -2.943249046802520752e-01
4.462837576866149902e-01 5.475816316902637482e-03 -2.574144164100289345e-03 -5.991422221995890141e-04
4.463932812213897705e-01 -1.896091252565383911e-01 -2.586127026006579399e-03 2.912704944610595703e-01
