-9.761648252606391907e-03 -2.646882832050323486e-02 2.717521274462342262e-03 -3.302835160866379738e-03
-1.029102411121129990e-02 -2.216296494007110596e-01 2.651464659720659256e-03 2.902362644672393799e-01
-1.472361758351325989e-02 -2.654560469090938568e-02 8.456190116703510284e-03 -1.609243918210268021e-03
-1.525452919304370880e-02 -2.217877954244613647e-01 8.424004539847373962e-03 2.937296628952026367e-01
-1.969028636813163757e-02 -2.678696066141128540e-02 1.429859828203916550e-02 3.715417580679059029e-03
-2.022602409124374390e-02 1.681270450353622437e-01 1.437290664762258530e-02 -2.844220399856567383e-01
-1.686348393559455872e-02 -2.719692513346672058e-02 8.684465661644935608e-03 1.275912206619977951e-02
-1.740742288529872894e-02 1.677994132041931152e-01 8.939648047089576721e-03 -2.771711349487304688e-01
-1.405143458396196365e-02 -2.744892984628677368e-02 3.396225161850452423e-03 1.831788010895252228e-02
-1.460041292011737823e-02 -2.226194292306900024e-01 3.762582782655954361e-03 3.120704293251037598e-01
-1.905280165374279022e-02 -2.755127660930156708e-02 1.000399142503738403e-02 2.057646587491035461e-02
-1.960382610559463501e-02 1.674257814884185791e-01 1.041552051901817322e-02 -2.689333856105804443e-01
-1.625531166791915894e-02 -2.784324064850807190e-02 5.036853253841400146e-03 2.701639197766780853e-02
-1.681217551231384277e-02 1.672061234712600708e-01 5.577181000262498856e-03 -2.640731036663055420e-01
-1.346805319190025330e-02 -2.799499221146106720e-02 2.957187825813889503e-04 3.036369010806083679e-02
-1.402795314788818359e-02 -2.231211811304092407e-01 9.029925568029284477e-04 3.231399059295654297e-01
-1.849037781357765198e-02 -2.801210246980190277e-02 7.365790661424398422e-03 3.074188157916069031e-02
-1.905061863362789154e-02 1.670034527778625488e-01 7.980627939105033875e-03 -2.596080005168914795e-01
-1.571054942905902863e-02 -2.823151648044586182e-02 2.788468496873974800e-03 3.558141365647315979e-02
-1.627518050372600555e-02 1.668503433465957642e-01 3.500096965581178665e-03 -2.562204301357269287e-01
-1.293817348778247833e-02 -2.832141146063804626e-02 -1.624311553314328194e-03 3.756443783640861511e-02
-1.350460201501846313e-02 -2.234200388193130493e-01 -8.730227709747850895e-04 3.297344446182250977e-01
-1.797300204634666443e-02 -2.828566357493400574e-02 5.721665918827056885e-03 3.677632659673690796e-02
-1.853871531784534454e-02 1.667537689208984375e-01 6.457192357629537582e-03 -2.540958821773529053e-01
-1.520364079624414444e-02 -2.845977991819381714e-02 1.375274849124252796e-03 4.061674699187278748e-02
-1.577283628284931183e-02 1.666424274444580078e-01 2.187609672546386719e-03 -2.516319453716278076e-01
-1.243998762220144272e-02 -2.851069904863834381e-02 -2.845029346644878387e-03 4.174018651247024536e-02
-1.301020197570323944e-02 -2.235917299985885620e-01 -2.010225551202893257e-03 3.335241079330444336e-01
-1.748203672468662262e-02 -2.844123169779777527e-02 4.660256672650575638e-03 4.020795226097106934e-02
-1.805086061358451843e-02 1.666135787963867188e-01 5.464415997266769409e-03 -2.510009706020355225e-01
-1.471858937293291092e-02 -2.858597226440906525e-02 4.443962534423917532e-04 4.340050742030143738e-02
-1.529030874371528625e-02 -2.237142920494079590e-01 1.312406384386122227e-03 3.362236022949218750e-01
-1.976459473371505737e-02 -2.861104346811771393e-02 8.036878891289234161e-03 4.395483806729316711e-02
-2.033681608736515045e-02 1.663947403430938721e-01 8.915975689888000488e-03 -2.461815774440765381e-01
-1.700892113149166107e-02 -2.885340526700019836e-02 3.992343787103891373e-03 4.930026456713676453e-02
-1.758598908782005310e-02 1.662110686302185059e-01 4.978348966687917709e-03 -2.421203702688217163e-01
-1.426176726818084717e-02 -2.898163534700870514e-02 1.359415473416447639e-04 5.212868750095367432e-02
-1.484140008687973022e-02 1.661383658647537231e-01 1.178515260107815266e-03 -2.405113428831100464e-01
-1.151863299310207367e-02 -2.900039963424205780e-02 -3.631711704656481743e-03 5.254308506846427917e-02
-1.209864113479852676e-02 -2.240700870752334595e-01 -2.580849919468164444e-03 3.440779745578765869e-01
-1.658004336059093475e-02 -2.891151793301105499e-02 4.300709348171949387e-03 5.058231577277183533e-02
-1.715827360749244690e-02 1.661484986543655396e-01 5.312355700880289078e-03 -2.407405972480773926e-01
-1.383530255407094955e-02 -2.904893085360527039e-02 4.975437186658382416e-04 5.361324176192283630e-02
-1.441628113389015198e-02 1.660658866167068481e-01 1.569808577187359333e-03 -2.389126718044281006e-01
-1.109496410936117172e-02 -2.907845936715602875e-02 -3.208444686606526375e-03 5.426501110196113586e-02
-1.167653314769268036e-02 -2.241542637348175049e-01 -2.123144688084721565e-03 3.459339141845703125e-01
-1.615961827337741852e-02 -2.900217100977897644e-02 4.795534070581197739e-03 5.258224532008171082e-02
-1.673966087400913239e-02 1.660506874322891235e-01 5.847178865224123001e-03 -2.385838031768798828e-01
-1.341864746063947678e-02 -2.915430255234241486e-02 1.075502834282815456e-03 5.593774467706680298e-02
-1.400173362344503403e-02 1.659522056579589844e-01 2.194257685914635658e-03 -2.364056557416915894e-01
-1.068268995732069016e-02 -2.920102141797542572e-02 -2.533855382353067398e-03 5.696859583258628845e-02
-1.126671023666858673e-02 -2.242865562438964844e-01 -1.394483493641018867e-03 3.488509953022003174e-01
-1.575244031846523285e-02 -2.914479188621044159e-02 5.582536570727825165e-03 5.572866648435592651e-02
-1.633533649146556854e-02 1.658966690301895142e-01 6.697109900414943695e-03 -2.351877093315124512e-01
-1.301740296185016632e-02 -2.932032197713851929e-02 1.993355574086308479e-03 5.960014462471008301e-02
-1.360381022095680237e-02 1.657729893922805786e-01 3.185358364135026932e-03 -2.324531972408294678e-01
-1.028835028409957886e-02 -2.939432859420776367e-02 -1.463705557398498058e-03 6.123279407620429993e-02
-1.087623648345470428e-02 1.657485812902450562e-01 -2.390496520092710853e-04 -2.319115847349166870e-01
-7.561265025287866592e-03 -2.936995588243007660e-02 -4.877281375229358673e-03 6.069593131542205811e-02
-8.148663677275180817e-03 -2.244216352701187134e-01 -3.663362702354788780e-03 3.518360555171966553e-01
-1.263709738850593567e-02 -2.924778498709201813e-02 3.373358398675918579e-03 5.800021439790725708e-02
-1.322205271571874619e-02 1.658256351947784424e-01 4.533362574875354767e-03 -2.336164861917495728e-01
-9.905539453029632568e-03 -2.936079353094100952e-02 -1.389669341733679175e-04 6.049295514822006226e-02
-1.049275603145360947e-02 1.657631546258926392e-01 1.070892205461859703e-03 -2.322338074445724487e-01
-7.177492603659629822e-03 -2.937408722937107086e-02 -3.573784139007329941e-03 6.078671663999557495e-02
-7.764974609017372131e-03 -2.244446128606796265e-01 -2.358049852773547173e-03 3.523399531841278076e-01
-1.225386653095483780e-02 -2.928921207785606384e-02 4.688749089837074280e-03 5.891439318656921387e-02
-1.283965073525905609e-02 1.657651960849761963e-01 5.867036990821361542e-03 -2.322855144739151001e-01
-9.524347260594367981e-03 -2.944009192287921906e-02 1.221326645463705063e-03 6.224227696657180786e-02
-1.011314895004034042e-02 1.656643301248550415e-01 2.466172212734818459e-03 -2.300550639629364014e-01
-6.799862254410982132e-03 -2.949277870357036591e-02 -2.134929178282618523e-03 6.340475380420684814e-02
-7.389718201011419296e-03 -2.245840579271316528e-01 -8.668339578434824944e-04 3.554133474826812744e-01
-1.188139896839857101e-02 -2.944978885352611542e-02 6.241432856768369675e-03 6.245720013976097107e-02
-1.247039530426263809e-02 1.655821204185485840e-01 7.490576710551977158e-03 -2.282499969005584717e-01
-9.158752858638763428e-03 -2.964607067406177521e-02 2.925576642155647278e-03 6.678628176450729370e-02
-9.751673787832260132e-03 1.654338091611862183e-01 4.261302296072244644e-03 -2.249721735715866089e-01
-6.442997604608535767e-03 -2.974877879023551941e-02 -2.381411468377336860e-04 6.905187666416168213e-02
-7.037973031401634216e-03 1.653765887022018433e-01 1.142896362580358982e-03 -2.237061709165573120e-01
-3.730441443622112274e-03 -2.976168319582939148e-02 -3.331227228045463562e-03 6.933704763650894165e-02
-4.325675312429666519e-03 -2.248357236385345459e-01 -1.944486284628510475e-03 3.609670996665954590e-01
-8.822389878332614899e-03 -2.968617901206016541e-02 5.274855531752109528e-03 6.767166405916213989e-02
-9.416112676262855530e-03 1.653597503900527954e-01 6.628288887441158295e-03 -2.233423590660095215e-01
-6.108918227255344391e-03 -2.985630743205547333e-02 2.161441836506128311e-03 7.142399996519088745e-02
-6.706044077873229980e-03 1.652345955371856689e-01 3.589921630918979645e-03 -2.205761969089508057e-01
-3.401352325454354286e-03 -2.993849106132984161e-02 -8.216024143621325493e-04 7.323696464300155640e-02
-4.000122193247079849e-03 1.651952266693115234e-01 6.431369693018496037e-04 -2.197050601243972778e-01
-6.962176412343978882e-04 -2.993590943515300751e-02 -3.750964300706982613e-03 7.318066060543060303e-02
-1.294935820624232292e-03 -2.250038832426071167e-01 -2.287351060658693314e-03 3.646777868270874023e-01
-5.795013625174760818e-03 -2.984950318932533264e-02 5.006204824894666672e-03 7.127449661493301392e-02
-6.392003502696752548e-03 1.652003228664398193e-01 6.431694608181715012e-03 -2.198247462511062622e-01
-3.087997203692793846e-03 -3.001297451555728912e-02 2.035199664533138275e-03 7.488004118204116821e-02
-3.688256721943616867e-03 1.650797426700592041e-01 3.532800357788801193e-03 -2.171600759029388428e-01
-3.866618499159812927e-04 -3.009253367781639099e-02 -8.104011649265885353e-04 7.663514465093612671e-02
-9.885125327855348587e-04 1.650410294532775879e-01 7.223018328659236431e-04 -2.163033485412597656e-01
2.312307944521307945e-03 -3.009124286472797394e-02 -3.603765275329351425e-03 7.660733163356781006e-02
1.710483105853199959e-03 -2.251613438129425049e-01 -2.071618568152189255e-03 3.681510686874389648e-01
-2.792743733152747154e-03 -3.001002222299575806e-02 5.291402805596590042e-03 7.481566816568374634e-02
-3.392944345250725746e-03 1.650356799364089966e-01 6.787716411054134369e-03 -2.161931097507476807e-01
-9.223076631315052509e-05 -3.018265217542648315e-02 2.463853918015956879e-03 7.862319797277450562e-02
-6.958838202990591526e-04 1.649038940668106079e-01 4.036318045109510422e-03 -2.132813483476638794e-01
2.602193970233201981e-03 -3.027553297579288483e-02 -2.293090947205200791e-04 8.067207038402557373e-02
1.996683422476053238e-03 1.648496985435485840e-01 1.384132308885455132e-03 -2.120831906795501709e-01
5.293677560985088348e-03 -3.029200993478298187e-02 -2.857531420886516571e-03 8.103603124618530273e-02
4.687837325036525726e-03 -2.253728806972503662e-01 -1.236810814589262009e-03 3.728160262107849121e-01
1.803796185413375497e-04 -3.023338131606578827e-02 6.219509989023208618e-03 7.974338531494140625e-02
-4.242880386300384998e-04 1.647988557815551758e-01 7.814377546310424805e-03 -2.109708040952682495e-01
2.871689153835177422e-03 -3.043394349515438080e-02 3.594961483031511307e-03 8.416686952114105225e-02
2.263010246679186821e-03 1.646362841129302979e-01 5.278299096971750259e-03 -2.073796689510345459e-01
5.555736366659402847e-03 -3.056073747575283051e-02 1.130705466493964195e-03 8.696360141038894653e-02
4.944521468132734299e-03 1.645449846982955933e-01 2.869977382943034172e-03 -2.053623646497726440e-01
8.235421031713485718e-03 -3.061788715422153473e-02 -1.237269956618547440e-03 8.822450786828994751e-02
7.623063400387763977e-03 1.645217835903167725e-01 5.272202542982995510e-04 -2.048485279083251953e-01
1.091349869966506958e-02 -3.060770966112613678e-02 -3.569750115275382996e-03 8.800067007541656494e-02
1.030134502798318863e-02 -2.256783097982406616e-01 -1.809736713767051697e-03 3.795551955699920654e-01
5.787778645753860474e-03 -3.053070604801177979e-02 5.781367421150207520e-03 8.630221337080001831e-02
5.177164450287818909e-03 1.645078957080841064e-01 7.507411763072013855e-03 -2.045510858297348022e-01
8.467322215437889099e-03 -3.072060458362102509e-02 3.416389925405383110e-03 9.049057215452194214e-02
7.852910086512565613e-03 1.643522083759307861e-01 5.226201377809047699e-03 -2.011125236749649048e-01
1.113995444029569626e-02 -3.084409423172473907e-02 1.203950610943138599e-03 9.321442246437072754e-02
1.052307244390249252e-02 1.642605811357498169e-01 3.068239195272326469e-03 -1.990884095430374146e-01
1.380828395485877991e-02 -3.090512007474899292e-02 -9.135291329585015774e-04 9.456082433462142944e-02
1.319018192589282990e-02 1.642299145460128784e-01 9.776873048394918442e-04 -1.984101831912994385e-01
1.647477969527244568e-02 -3.090600855648517609e-02 -2.990516368299722672e-03 9.458100050687789917e-02
1.585665903985500336e-02 -2.259849756956100464e-01 -1.098896376788616180e-03 3.863189220428466797e-01
1.133696082979440689e-02 -3.084743581712245941e-02 6.627481896430253983e-03 9.328972548246383667e-02
1.072001177817583084e-02 1.641788929700851440e-01 8.493276312947273254e-03 -1.972948908805847168e-01
1.400358974933624268e-02 -3.106349892914295197e-02 4.547378513962030411e-03 9.805513918399810791e-02
1.338231936097145081e-02 1.639929860830307007e-01 6.508481223136186600e-03 -1.931896358728408813e-01
1.666217856109142303e-02 -3.122146241366863251e-02 2.644688589498400688e-03 1.015393137931823730e-01
1.603775098919868469e-02 1.638624817132949829e-01 4.675474949181079865e-03 -1.903080493211746216e-01
1.931500062346458435e-02 -3.132604062557220459e-02 8.693138952367007732e-04 1.038461253046989441e-01
1.868847943842411041e-02 1.637834459543228149e-01 2.946236403658986092e-03 -1.885624080896377563e-01
2.196414768695831299e-02 -3.138053417205810547e-02 -8.250119281001389027e-04 1.050484776496887207e-01
2.133653685450553894e-02 1.637532263994216919e-01 1.275957562029361725e-03 -1.878946274518966675e-01
2.461160160601139069e-02 -3.138695284724235535e-02 -2.481934847310185432e-03 1.051905453205108643e-01
2.398386225104331970e-02 -2.264732569456100464e-01 -3.781240666285157204e-04 3.970893919467926025e-01
1.945439726114273071e-02 -3.134593740105628967e-02 7.563663646578788757e-03 1.042872816324234009e-01
1.882747933268547058e-02 1.636668145656585693e-01 9.649408981204032898e-03 -1.859997808933258057e-01
2.210081554949283600e-02 -3.159186244010925293e-02 5.929413717240095139e-03 1.097114831209182739e-01
2.146897837519645691e-02 1.634446233510971069e-01 8.123643696308135986e-03 -1.810948699712753296e-01
2.473787032067775726e-02 -3.179262951016426086e-02 4.501746036112308502e-03 1.141396686434745789e-01
2.410201728343963623e-02 1.632645279169082642e-01 6.784539669752120972e-03 -1.771195977926254272e-01
2.736730873584747314e-02 -3.195385262370109558e-02 3.242147620767354965e-03 1.176958829164505005e-01
2.672823145985603333e-02 1.631214916706085205e-01 5.596065428107976913e-03 -1.739624142646789551e-01
2.999066188931465149e-02 -3.208009898662567139e-02 2.116817049682140350e-03 1.204806268215179443e-01
2.934905886650085449e-02 1.630114614963531494e-01 4.526429343968629837e-03 -1.715337187051773071e-01
3.260928764939308167e-02 -3.217498213052749634e-02 1.095755142159759998e-03 1.225737184286117554e-01
3.196578845381736755e-02 1.629312485456466675e-01 3.547229571267962456e-03 -1.697633117437362671e-01
3.522441536188125610e-02 -3.224128857254981995e-02 1.519633078714832664e-04 1.240365505218505859e-01
3.457958996295928955e-02 1.628784835338592529e-01 2.632694318890571594e-03 -1.685984283685684204e-01
3.783715888857841492e-02 -3.228105232119560242e-02 -7.392743718810379505e-04 1.249138712882995605e-01
3.719153627753257751e-02 -2.273924052715301514e-01 1.759003032930195332e-03 4.173634648323059082e-01
3.264368698000907898e-02 -3.229542449116706848e-02 1.010627206414937973e-02 1.252356022596359253e-01
3.199778124690055847e-02 1.626802980899810791e-01 1.261098403483629227e-02 -1.642418503761291504e-01
3.525138646364212036e-02 -3.261989355087280273e-02 9.326147846877574921e-03 1.323926746845245361e-01
3.459898754954338074e-02 1.623672395944595337e-01 1.197400037199258804e-02 -1.573334485292434692e-01
3.784633427858352661e-02 -3.292408585548400879e-02 8.827331475913524628e-03 1.391028016805648804e-01
3.718785196542739868e-02 1.620703339576721191e-01 1.160938758403062820e-02 -1.507822275161743164e-01
4.042925685644149780e-02 -3.321592137217521667e-02 8.593742735683917999e-03 1.455404907464981079e-01
3.976494073867797852e-02 1.617819070816040039e-01 1.150455325841903687e-02 -1.444189399480819702e-01
4.300057888031005859e-02 -3.350288793444633484e-02 8.616174571216106415e-03 1.518711447715759277e-01
4.233051836490631104e-02 1.614946275949478149e-01 1.165359746664762497e-02 -1.380811482667922974e-01
4.556041210889816284e-02 -3.379227593541145325e-02 8.891974575817584991e-03 1.582553982734680176e-01
4.488456621766090393e-02 1.612012535333633423e-01 1.205708179622888565e-02 -1.316091120243072510e-01
4.810859262943267822e-02 -3.409131988883018494e-02 9.424899704754352570e-03 1.648531407117843628e-01
4.742676392197608948e-02 1.608944535255432129e-01 1.272196229547262192e-02 -1.248416528105735779e-01
5.064465478062629700e-02 -3.440742194652557373e-02 1.022512931376695633e-02 1.718276143074035645e-01
4.995650798082351685e-02 1.605667024850845337e-01 1.366168167442083359e-02 -1.176121458411216736e-01
5.316783860325813293e-02 -3.474830463528633118e-02 1.130943931639194489e-02 1.793494373559951782e-01
5.247287452220916748e-02 1.602099984884262085e-01 1.489642728120088577e-02 -1.097444146871566772e-01
5.567707493901252747e-02 -3.512221202254295349e-02 1.270153932273387909e-02 1.876007765531539917e-01
5.497463047504425049e-02 1.598157286643981934e-01 1.645355485379695892e-02 -1.010484024882316589e-01
5.817094445228576660e-02 -3.553811088204383850e-02 1.443258672952651978e-02 1.967798322439193726e-01
5.746018141508102417e-02 1.593744605779647827e-01 1.836818270385265350e-02 -9.131554514169692993e-02
6.064767017960548401e-02 -3.600588440895080566e-02 1.654187217354774475e-02 2.071054726839065552e-01
5.992755293846130371e-02 1.588756591081619263e-01 2.068398147821426392e-02 -8.031376451253890991e-02
6.310506910085678101e-02 -3.653659299015998840e-02 1.907770708203315735e-02 2.188225835561752319e-01
6.237433478236198425e-02 1.583075225353240967e-01 2.345415763556957245e-02 -6.778191030025482178e-02
6.554048508405685425e-02 -3.714270144701004028e-02 2.209852077066898346e-02 2.322076857089996338e-01
6.479763239622116089e-02 1.576566249132156372e-01 2.674267441034317017e-02 -5.342353135347366333e-02
6.795076280832290649e-02 3.523851335048675537e-01 2.567420341074466705e-02 -3.375504314899444580e-01
7.499846816062927246e-02 1.569074094295501709e-01 1.892319507896900177e-02 -3.688309341669082642e-02
7.813661545515060425e-02 3.517529666423797607e-01 1.818553358316421509e-02 -3.235360085964202881e-01
8.517167717218399048e-02 1.563768386840820312e-01 1.171481329947710037e-02 -2.517403662204742432e-02
8.829920738935470581e-02 -3.891113400459289551e-02 1.121133193373680115e-02 2.711819112300872803e-01
8.752098679542541504e-02 1.560490578413009644e-01 1.663497090339660645e-02 -1.794393919408321381e-02
9.064196795225143433e-02 3.509285449981689453e-01 1.627609133720397949e-02 -3.053322732448577881e-01
9.766054153442382812e-02 1.555784791707992554e-01 1.016944646835327148e-02 -7.561019621789455414e-03
1.007721126079559326e-01 3.505531251430511475e-01 1.001822575926780701e-02 -2.970180809497833252e-01
1.077831685543060303e-01 1.552897989749908447e-01 4.077863879501819611e-03 -1.192500698380172253e-03
1.108889654278755188e-01 -3.989040106534957886e-02 4.054014105349779129e-03 2.927742600440979004e-01
1.100911572575569153e-01 1.551735103130340576e-01 9.909498505294322968e-03 1.372654689475893974e-03
1.131946295499801636e-01 3.501519560813903809e-01 9.936952032148838043e-03 -2.881672978401184082e-01
1.201976686716079712e-01 1.548897176980972290e-01 4.173605702817440033e-03 7.633005268871784210e-03
1.232954636216163635e-01 3.499515652656555176e-01 4.326265770941972733e-03 -2.837301790714263916e-01
1.302945017814636230e-01 1.547681838274002075e-01 -1.348337740637362003e-03 1.031407900154590607e-02
1.333898603916168213e-01 -4.033440724015235901e-02 -1.142056076787412167e-03 3.025712966918945312e-01
1.325831711292266846e-01 1.548037976026535034e-01 4.909369628876447678e-03 9.528396651148796082e-03
1.356792449951171875e-01 3.498550057411193848e-01 5.099937319755554199e-03 -2.816015183925628662e-01
1.426763534545898438e-01 1.546606719493865967e-01 -5.320931086316704750e-04 1.268552336841821671e-02
1.457695662975311279e-01 3.497902452945709229e-01 -2.783826203085482121e-04 -2.801652252674102783e-01
1.527653634548187256e-01 1.546722799539566040e-01 -5.881687160581350327e-03 1.242987532168626785e-02
1.558588147163391113e-01 -4.036483168601989746e-02 -5.633089691400527954e-03 3.032512664794921875e-01
1.550515145063400269e-01 1.548369526863098145e-01 4.319355648476630449e-04 8.797130547463893890e-03
1.581482589244842529e-01 3.499526977539062500e-01 6.078782025724649429e-04 -2.837494909763336182e-01
1.651473045349121094e-01 1.548220813274383545e-01 -5.067111458629369736e-03 9.125102311372756958e-03
1.682437509298324585e-01 3.500163257122039795e-01 -4.884609486907720566e-03 -2.851522564888000488e-01
1.752440780401229858e-01 1.549643874168395996e-01 -1.058765407651662827e-02 5.986118223518133163e-03
1.783433705568313599e-01 -4.000413045287132263e-02 -1.046793162822723389e-02 2.953097820281982422e-01
1.775432825088500977e-01 1.552654802799224854e-01 -4.561735782772302628e-03 -6.560857873409986496e-04
1.806485950946807861e-01 -3.979075327515602112e-02 -4.574857652187347412e-03 2.905840873718261719e-01
1.798527687788009644e-01 1.553961336612701416e-01 1.236823736689984798e-03 -3.538192715495824814e-03
1.829607039690017700e-01 3.505003154277801514e-01 1.166059984825551510e-03 -2.958306372165679932e-01
1.899707019329071045e-01 1.553617715835571289e-01 -4.750552587211132050e-03 -2.780174603685736656e-03
1.930779367685317993e-01 3.505515158176422119e-01 -4.806156270205974579e-03 -2.969581782817840576e-01
2.000889778137207031e-01 1.554984152317047119e-01 -1.074531953781843185e-02 -5.794885102659463882e-03
2.031989395618438721e-01 -3.946779668331146240e-02 -1.086121704429388046e-02 2.834784984588623047e-01
2.024095803499221802e-01 1.558073759078979492e-01 -5.191647447645664215e-03 -1.261012256145477295e-02
2.055257260799407959e-01 -3.923974186182022095e-02 -5.443850066512823105e-03 2.784302532672882080e-01
2.047409415245056152e-01 1.559594422578811646e-01 1.247554755536839366e-04 -1.596466079354286194e-02
2.078601270914077759e-01 3.510796129703521729e-01 -1.945377298397943377e-04 -3.086082339286804199e-01
2.148817181587219238e-01 1.559604257345199585e-01 -6.366702262312173843e-03 -1.598665304481983185e-02
2.180009186267852783e-01 -3.906964138150215149e-02 -6.686435081064701080e-03 2.746807336807250977e-01
2.172195315361022949e-01 1.561470776796340942e-01 -1.192820840515196323e-03 -2.010359428822994232e-02
2.203424721956253052e-01 3.512861132621765137e-01 -1.594892702996730804e-03 -3.131626248359680176e-01
2.273681908845901489e-01 1.561869084835052490e-01 -7.858145050704479218e-03 -2.098311111330986023e-02
2.304919362068176270e-01 -3.882146626710891724e-02 -8.277807384729385376e-03 2.692101597785949707e-01
2.297155112028121948e-01 1.564176231622695923e-01 -2.893604338169097900e-03 -2.607210166752338409e-02
2.328438609838485718e-01 3.515809476375579834e-01 -3.415046492591500282e-03 -3.196665942668914795e-01
2.398754805326461792e-01 1.565078049898147583e-01 -9.808378294110298157e-03 -2.806259132921695709e-02
2.430056333541870117e-01 -3.847211971879005432e-02 -1.036962959915399551e-02 2.615096271038055420e-01
2.422361969947814941e-01 1.567963063716888428e-01 -5.139437504112720490e-03 -3.442589566111564636e-02
2.453721165657043457e-01 -3.825156763195991516e-02 -5.827955435961484909e-03 2.566310763359069824e-01
2.446070909500122070e-01 1.569531112909317017e-01 -6.953342235647141933e-04 -3.788437694311141968e-02
2.477461397647857666e-01 3.520850241184234619e-01 -1.453021774068474770e-03 -3.307866156101226807e-01
2.547878623008728027e-01 1.569837778806686401e-01 -8.068754337728023529e-03 -3.856224939227104187e-02
2.579275369644165039e-01 -3.802153840661048889e-02 -8.839999325573444366e-03 2.515640258789062500e-01
2.571671009063720703e-01 1.572255194187164307e-01 -3.808718407526612282e-03 -4.389405250549316406e-02
2.603116035461425781e-01 3.524018824100494385e-01 -4.686599597334861755e-03 -3.377762138843536377e-01
2.673596441745758057e-01 1.573469340801239014e-01 -1.144212391227483749e-02 -4.657487198710441589e-02
2.705065906047821045e-01 -3.760909289121627808e-02 -1.237362157553434372e-02 2.424761056900024414e-01
2.697544097900390625e-01 1.576873958110809326e-01 -7.524099200963973999e-03 -5.408395454287528992e-02
2.729081511497497559e-01 -3.732586279511451721e-02 -8.605778217315673828e-03 2.362155914306640625e-01
2.721616327762603760e-01 1.579179763793945312e-01 -3.881466574966907501e-03 -5.916938558220863342e-02
2.753199934959411621e-01 -3.714810684323310852e-02 -5.064853932708501816e-03 2.322863936424255371e-01
2.745770215988159180e-01 1.580458432435989380e-01 -4.191263578832149506e-04 -6.198984757065773010e-02
2.777379453182220459e-01 3.531737923622131348e-01 -1.658923341892659664e-03 -3.548049926757812500e-01
2.848014235496520996e-01 1.580754816532135010e-01 -8.755022659897804260e-03 -6.264562159776687622e-02
2.879629135131835938e-01 -3.691985830664634705e-02 -1.000793557614088058e-02 2.272622287273406982e-01
2.872245311737060547e-01 1.583436727523803711e-01 -5.462690722197294235e-03 -6.856068968772888184e-02
2.903914153575897217e-01 -3.669953346252441406e-02 -6.833904422819614410e-03 2.223937362432479858e-01
2.896574139595031738e-01 1.585194319486618042e-01 -2.386029576882719994e-03 -7.243701815605163574e-02
2.928278148174285889e-01 -3.656823560595512390e-02 -3.834770061075687408e-03 2.194921523332595825e-01
2.920964360237121582e-01 1.586083173751831055e-01 5.550731439143419266e-04 -7.439794391393661499e-02
2.952685952186584473e-01 3.537223041057586670e-01 -9.328857995569705963e-04 -3.669056892395019531e-01
3.023430407047271729e-01 1.586136221885681152e-01 -8.270999416708946228e-03 -7.451706379652023315e-02
3.055153191089630127e-01 -3.638878092169761658e-02 -9.761340916156768799e-03 2.155448943376541138e-01
3.047875463962554932e-01 1.588713526725769043e-01 -5.450443364679813385e-03 -8.020114153623580933e-02
3.079649806022644043e-01 -3.617204353213310242e-02 -7.054465822875499725e-03 2.107571810483932495e-01
3.072415292263031006e-01 1.590500622987747192e-01 -2.839322201907634735e-03 -8.414267748594284058e-02
3.104225397109985352e-01 -3.603107854723930359e-02 -4.522175528109073639e-03 2.076430916786193848e-01
3.097019195556640625e-01 1.591552495956420898e-01 -3.693139296956360340e-04 -8.646291494369506836e-02
3.128850162029266357e-01 -3.596141189336776733e-02 -2.098572207614779472e-03 2.061034739017486572e-01
3.121657967567443848e-01 1.591904908418655396e-01 2.023497130721807480e-03 -8.724071085453033447e-02
3.153496086597442627e-01 3.542833626270294189e-01 2.786828554235398769e-04 -3.792845308780670166e-01
3.224352598190307617e-01 1.591574698686599731e-01 -7.307007908821105957e-03 -8.651375770568847656e-02
3.256184160709381104e-01 -3.585898503661155701e-02 -9.037283249199390411e-03 2.038548737764358521e-01
3.249012231826782227e-01 1.593910306692123413e-01 -4.960185382515192032e-03 -9.166511893272399902e-02
3.280890583992004395e-01 -3.565947338938713074e-02 -6.793487817049026489e-03 1.994487494230270386e-01
3.273758590221405029e-01 1.595589816570281982e-01 -2.804512856528162956e-03 -9.536944329738616943e-02
3.305670619010925293e-01 -3.552266210317611694e-02 -4.711901769042015076e-03 1.964273452758789062e-01
3.298566043376922607e-01 1.596663743257522583e-01 -7.833548588678240776e-04 -9.773824363946914673e-02
3.330499231815338135e-01 -3.544434532523155212e-02 -2.738119801506400108e-03 1.946974247694015503e-01
3.323410451412200928e-01 1.597166657447814941e-01 1.155828824266791344e-03 -9.884799271821975708e-02
3.355353772640228271e-01 3.548220396041870117e-01 -8.211309905163943768e-04 -3.911660313606262207e-01
3.426318168640136719e-01 1.597117483615875244e-01 -8.644451387226581573e-03 -9.874211251735687256e-02
3.458260297775268555e-01 -3.528525680303573608e-02 -1.061929389834403992e-02 1.912010163068771362e-01
3.451203405857086182e-01 1.599869877099990845e-01 -6.795273628085851669e-03 -1.048128455877304077e-01
3.483200669288635254e-01 -3.503692150115966797e-02 -8.891530334949493408e-03 1.857184767723083496e-01
3.476193249225616455e-01 1.602111160755157471e-01 -5.177161190658807755e-03 -1.097560748457908630e-01
3.508235514163970947e-01 -3.483627364039421082e-02 -7.372282445430755615e-03 1.812890022993087769e-01
3.501268327236175537e-01 1.603903919458389282e-01 -3.746502567082643509e-03 -1.137104704976081848e-01
3.533346354961395264e-01 -3.467767685651779175e-02 -6.020712200552225113e-03 1.777881085872650146e-01
3.526410758495330811e-01 1.605299115180969238e-01 -2.464949851855635643e-03 -1.167880520224571228e-01
3.558516800403594971e-01 -3.455663099884986877e-02 -4.800710827112197876e-03 1.751161813735961914e-01
3.551605641841888428e-01 1.606336981058120728e-01 -1.298387069255113602e-03 -1.190773323178291321e-01
3.583732247352600098e-01 -3.446963056921958923e-02 -3.679933724924921989e-03 1.731956750154495239e-01
3.576838374137878418e-01 1.607047915458679199e-01 -2.160201547667384148e-04 -1.206458732485771179e-01
3.608979284763336182e-01 -3.441406041383743286e-02 -2.628937596455216408e-03 1.719688922166824341e-01
3.602096438407897949e-01 1.607454270124435425e-01 8.104402804747223854e-04 -1.215422227978706360e-01
3.634245693683624268e-01 -3.438813239336013794e-02 -1.620404073037207127e-03 1.713962852954864502e-01
3.627367913722991943e-01 1.607569754123687744e-01 1.807521563023328781e-03 -1.217973902821540833e-01
3.659519255161285400e-01 -3.439082950353622437e-02 -6.284262635745108128e-04 1.714552491903305054e-01
3.652641177177429199e-01 1.607401072978973389e-01 2.800678601488471031e-03 -1.214258670806884766e-01
3.684789240360260010e-01 3.558218181133270264e-01 3.721612738445401192e-04 -4.132238924503326416e-01
3.755953609943389893e-01 1.606945991516113281e-01 -7.892316207289695740e-03 -1.204236596822738647e-01
3.788092434406280518e-01 -3.431339189410209656e-02 -1.030078995972871780e-02 1.697589010000228882e-01
3.781229853630065918e-01 1.609544754028320312e-01 -6.905611604452133179e-03 -1.261557340621948242e-01
3.813420832157135010e-01 -3.406787291169166565e-02 -9.428726509213447571e-03 1.643405705690383911e-01
3.806607127189636230e-01 1.611877679824829102e-01 -6.141914986073970795e-03 -1.313018798828125000e-01
3.838844597339630127e-01 -3.384565934538841248e-02 -8.767952211201190948e-03 1.594370454549789429e-01
3.832075595855712891e-01 1.614007204771041870e-01 -5.579211749136447906e-03 -1.359990090131759644e-01
3.864355683326721191e-01 -3.364088013768196106e-02 -8.299191482365131378e-03 1.549185514450073242e-01
3.857627511024475098e-01 1.615989059209823608e-01 -5.200820975005626678e-03 -1.403709799051284790e-01
3.889947235584259033e-01 -3.344817087054252625e-02 -8.008240722119808197e-03 1.506666392087936401e-01
3.883257806301116943e-01 1.617875397205352783e-01 -4.994907416403293610e-03 -1.445319205522537231e-01
3.915615081787109375e-01 -3.326252847909927368e-02 -7.885545492172241211e-03 1.465710401535034180e-01
3.908962607383728027e-01 1.619714498519897461e-01 -4.954125266522169113e-03 -1.485891640186309814e-01
3.941357135772705078e-01 -3.307920694351196289e-02 -7.925908081233501434e-03 1.425267308950424194e-01
3.934741020202636719e-01 1.621553599834442139e-01 -5.075373686850070953e-03 -1.526461094617843628e-01
3.967172205448150635e-01 -3.289355710148811340e-02 -8.128295652568340302e-03 1.384313404560089111e-01
3.960593640804290771e-01 1.623438596725463867e-01 -5.359669215977191925e-03 -1.568048149347305298e-01
3.993062376976013184e-01 -3.270094096660614014e-02 -8.495765738189220428e-03 1.341824531555175781e-01
3.986521959304809570e-01 1.625416725873947144e-01 -5.812116432934999466e-03 -1.611686050891876221e-01
4.019030332565307617e-01 -3.249659761786460876e-02 -9.035488590598106384e-03 1.296750903129577637e-01
4.012531042098999023e-01 1.627536118030548096e-01 -6.441986653953790665e-03 -1.658446639776229858e-01
4.045081734657287598e-01 -3.227553516626358032e-02 -9.758879430592060089e-03 1.247990578413009644e-01
4.038626849651336670e-01 1.629848629236221313e-01 -7.262898609042167664e-03 -1.709466427564620972e-01
4.071223735809326172e-01 -3.203239291906356812e-02 -1.068183127790689468e-02 1.194362342357635498e-01
4.064817130565643311e-01 1.632409542798995972e-01 -8.293107151985168457e-03 -1.765974760055541992e-01
4.097465276718139648e-01 -3.176132962107658386e-02 -1.182505674660205841e-02 1.134577542543411255e-01
4.091113209724426270e-01 1.635280400514602661e-01 -9.555901400744915009e-03 -1.829323172569274902e-01
4.123818874359130859e-01 -3.145587816834449768e-02 -1.321454811841249466e-02 1.067208200693130493e-01
4.117527604103088379e-01 1.638529300689697266e-01 -1.108013186603784561e-02 -1.901017725467681885e-01
4.150298237800598145e-01 -3.110877238214015961e-02 -1.488216686993837357e-02 9.906533360481262207e-02
4.144076406955718994e-01 1.642232686281204224e-01 -1.290086004883050919e-02 -1.982754766941070557e-01
4.176920950412750244e-01 -3.071180358529090881e-02 -1.686636917293071747e-02 9.031005203723907471e-02
4.170778691768646240e-01 -2.255879938602447510e-01 -1.506016869097948074e-02 3.776242733001708984e-01
4.125660955905914307e-01 -3.025542385876178741e-02 -7.507683243602514267e-03 8.023113012313842773e-02
4.119609892368316650e-01 1.649733483791351318e-01 -5.903060548007488251e-03 -2.148109972476959229e-01
4.152604639530181885e-01 -3.006372042000293732e-02 -1.019928045570850372e-02 7.600400596857070923e-02
4.146592020988464355e-01 -2.250379770994186401e-01 -8.679200895130634308e-03 3.654516637325286865e-01
4.101584255695343018e-01 -2.979377284646034241e-02 -1.370167708955705166e-03 7.004471123218536377e-02
4.095625579357147217e-01 1.653477996587753296e-01 3.072652907576411963e-05 -2.230701893568038940e-01
4.128695130348205566e-01 -2.977459505200386047e-02 -4.430677276104688644e-03 6.962242722511291504e-02
4.122740328311920166e-01 1.654105931520462036e-01 -3.038228955119848251e-03 -2.244551032781600952e-01
4.155822396278381348e-01 -2.966780029237270355e-02 -7.527330890297889709e-03 6.726790219545364380e-02
4.149888753890991211e-01 -2.246810197830200195e-01 -6.181973032653331757e-03 3.575664460659027100e-01
4.104952514171600342e-01 -2.947173640131950378e-02 9.693559259176254272e-04 6.294061243534088135e-02
4.099058210849761963e-01 1.656363010406494141e-01 2.228168072178959846e-03 -2.294363230466842651e-01
4.132185578346252441e-01 -2.951741777360439301e-02 -2.360558137297630310e-03 6.394861638545989990e-02
4.126282036304473877e-01 1.656382977962493896e-01 -1.081585884094238281e-03 -2.294781506061553955e-01
4.159409701824188232e-01 -2.946818061172962189e-02 -5.671148654073476791e-03 6.286341696977615356e-02
4.153515994548797607e-01 1.657346189022064209e-01 -4.413880407810211182e-03 -2.316033840179443359e-01
4.186663031578063965e-01 -2.932398207485675812e-02 -9.045948274433612823e-03 5.968399345874786377e-02
4.180798232555389404e-01 -2.243150770664215088e-01 -7.852268405258655548e-03 3.494991958141326904e-01
4.135935008525848389e-01 -2.908232994377613068e-02 -8.622846216894686222e-04 5.435055866837501526e-02
4.130118787288665771e-01 1.660519689321517944e-01 2.247265365440398455e-04 -2.386043071746826172e-01
4.163329005241394043e-01 -2.907318621873855591e-02 -4.547359421849250793e-03 5.414950102567672729e-02
4.157514572143554688e-01 -2.241296470165252686e-01 -3.464369336143136024e-03 3.453942537307739258e-01
4.112688601016998291e-01 -2.895857952535152435e-02 3.443515393882989883e-03 5.162088200449943542e-02
4.106896817684173584e-01 1.661138236522674561e-01 4.475933033972978592e-03 -2.399736046791076660e-01
4.140119552612304688e-01 -2.907177805900573730e-02 -3.235389885958284140e-04 5.411779507994651794e-02
4.134305119514465332e-01 1.660548150539398193e-01 7.588168955408036709e-04 -2.386671900749206543e-01
4.167516231536865234e-01 -2.907797321677207947e-02 -4.014526959508657455e-03 5.425498634576797485e-02
4.161700606346130371e-01 -2.241421341896057129e-01 -2.929427195340394974e-03 3.456686139106750488e-01
4.116872251033782959e-01 -2.897863276302814484e-02 3.983944654464721680e-03 5.206335708498954773e-02
4.111076295375823975e-01 1.660859733819961548e-01 5.025211721658706665e-03 -2.393599450588226318e-01
4.144293665885925293e-01 -2.910741046071052551e-02 2.380130608798936009e-04 5.490383133292198181e-02
4.138472080230712891e-01 1.660111248493194580e-01 1.336089684627950191e-03 -2.377039939165115356e-01
4.171674251556396484e-01 -2.912988513708114624e-02 -3.417990170419216156e-03 5.540007725358009338e-02
4.165848493576049805e-01 1.660409122705459595e-01 -2.309988485649228096e-03 -2.383592873811721802e-01
4.199056625366210938e-01 -2.904796786606311798e-02 -7.077174261212348938e-03 5.359410867094993591e-02
4.193246960639953613e-01 -2.240677326917648315e-01 -6.005292292684316635e-03 3.440357446670532227e-01
4.148433506488800049e-01 -2.886086516082286835e-02 8.754229638725519180e-04 4.946519061923027039e-02
4.142661392688751221e-01 1.662485301494598389e-01 1.864726771600544453e-03 -2.429414093494415283e-01
4.175910949707031250e-01 -2.890001423656940460e-02 -2.994101261720061302e-03 5.032912269234657288e-02
4.170131087303161621e-01 -2.239789068698883057e-01 -1.987518975511193275e-03 3.420658707618713379e-01
4.125335216522216797e-01 -2.882873266935348511e-02 4.853798542171716690e-03 4.875687137246131897e-02
4.119569361209869385e-01 1.662232875823974609e-01 5.828936118632555008e-03 -2.423906922340393066e-01
4.152814149856567383e-01 -2.898144163191318512e-02 9.811223717406392097e-04 5.212511494755744934e-02
4.147017896175384521e-01 1.661264300346374512e-01 2.023624721914529800e-03 -2.402480989694595337e-01
4.180243015289306641e-01 -2.902437373995780945e-02 -2.781337359920144081e-03 5.307244881987571716e-02
4.174438118934631348e-01 1.661373525857925415e-01 -1.719888299703598022e-03 -2.404867112636566162e-01
4.207665622234344482e-01 -2.895999141037464142e-02 -6.529622711241245270e-03 5.165321752429008484e-02
4.201873540878295898e-01 -2.239877134561538696e-01 -5.496558267623186111e-03 3.422688543796539307e-01
4.157076179981231689e-01 -2.878799103200435638e-02 1.348819117993116379e-03 4.785772785544395447e-02
4.151318669319152832e-01 1.663145869970321655e-01 2.305973786860704422e-03 -2.443993240594863892e-01
4.184581339359283447e-01 -2.884021960198879242e-02 -2.582012908533215523e-03 4.901006817817687988e-02
4.178813397884368896e-01 -2.239250540733337402e-01 -1.601811498403549194e-03 3.408772349357604980e-01
4.134028255939483643e-01 -2.878034673631191254e-02 5.215733312070369720e-03 4.768961295485496521e-02
4.128272235393524170e-01 1.662664264440536499e-01 6.169525440782308578e-03 -2.433431446552276611e-01
4.161525666713714600e-01 -2.894310094416141510e-02 1.302662421949207783e-03 5.127939954400062561e-02
4.155736863613128662e-01 1.661601513624191284e-01 2.328250324353575706e-03 -2.409922480583190918e-01
4.188969135284423828e-01 -2.899498492479324341e-02 -2.491594292223453522e-03 5.242417007684707642e-02
4.183169901371002197e-01 1.661626100540161133e-01 -1.443110988475382328e-03 -2.410438358783721924e-01
4.216402471065521240e-01 -2.893870323896408081e-02 -6.263987626880407333e-03 5.118354782462120056e-02
4.210614860057830811e-01 -2.239702790975570679e-01 -5.240316968411207199e-03 3.418835699558258057e-01
4.165820777416229248e-01 -2.877416461706161499e-02 1.597354654222726822e-03 4.755277186632156372e-02
4.160065948963165283e-01 1.663248389959335327e-01 2.548410091549158096e-03 -2.446257472038269043e-01
4.193331003189086914e-01 -2.883341163396835327e-02 -2.344104694202542305e-03 4.885992035269737244e-02
4.187564253807067871e-01 1.663220673799514771e-01 -1.366906333714723587e-03 -2.445616722106933594e-01
4.220828711986541748e-01 -2.878032810986042023e-02 -6.258139852434396744e-03 4.768978804349899292e-02
4.215072691440582275e-01 -2.238119840621948242e-01 -5.304343998432159424e-03 3.383916616439819336e-01
4.170310199260711670e-01 -2.861495688557624817e-02 1.463489374145865440e-03 4.404077306389808655e-02
4.164587259292602539e-01 1.664859801530838013e-01 2.344304928556084633e-03 -2.481800466775894165e-01
4.197884500026702881e-01 -2.866937592625617981e-02 -2.619296079501509666e-03 4.524140059947967529e-02
4.192150533199310303e-01 -2.237536758184432983e-01 -1.714468118734657764e-03 3.370967805385589600e-01
4.147399663925170898e-01 -2.860736288130283356e-02 5.027467384934425354e-03 4.387368261814117432e-02
4.141678214073181152e-01 1.664421409368515015e-01 5.904940888285636902e-03 -2.472188025712966919e-01
4.174966812133789062e-01 -2.876364625990390778e-02 9.605648810975253582e-04 4.732081294059753418e-02
4.169214069843292236e-01 1.663445234298706055e-01 1.906981109641492367e-03 -2.450588941574096680e-01
4.202482998371124268e-01 -2.880461886525154114e-02 -2.994196722283959389e-03 4.822493344545364380e-02
4.196721911430358887e-01 -2.238835096359252930e-01 -2.029698109254240990e-03 3.399616479873657227e-01
4.151945114135742188e-01 -2.873273566365242004e-02 4.769535269588232040e-03 4.663937538862228394e-02
4.146198630332946777e-01 1.663205027580261230e-01 5.702322814613580704e-03 -2.445349097251892090e-01
4.179462790489196777e-01 -2.888243272900581360e-02 8.116244571283459663e-04 4.994120076298713684e-02
4.173686206340789795e-01 1.662278771400451660e-01 1.810448477044701576e-03 -2.424855381250381470e-01
4.206931889057159424e-01 -2.891989424824714661e-02 -3.039262490347027779e-03 5.076789855957031250e-02
4.201147854328155518e-01 1.662455052137374878e-01 -2.023904351517558098e-03 -2.428723871707916260e-01
4.234397113323211670e-01 -2.884747833013534546e-02 -6.881352048367261887e-03 4.917145892977714539e-02
4.228627383708953857e-01 -2.238700836896896362e-01 -5.897922907024621964e-03 3.396753370761871338e-01
4.183853566646575928e-01 -2.866471186280250549e-02 8.955836528912186623e-04 4.513839259743690491e-02
4.178120493888854980e-01 1.664443910121917725e-01 1.798351528123021126e-03 -2.472618371248245239e-01
4.211409389972686768e-01 -2.870320156216621399e-02 -3.146885195747017860e-03 4.598778858780860901e-02
4.205668866634368896e-01 -2.237798869609832764e-01 -2.227129414677619934e-03 3.376761972904205322e-01
4.160912930965423584e-01 -2.862631529569625854e-02 4.526394419372081757e-03 4.429177939891815186e-02
4.155187606811523438e-01 1.664304435253143311e-01 5.412229802459478378e-03 -2.469595968723297119e-01
4.188473522663116455e-01 -2.876839041709899902e-02 4.730378859676420689e-04 4.742554202675819397e-02
4.182719886302947998e-01 1.663467735052108765e-01 1.421548775397241116e-03 -2.451080977916717529e-01
4.215989410877227783e-01 -2.879545092582702637e-02 -3.480613231658935547e-03 4.802288115024566650e-02
4.210230112075805664e-01 -2.238673269748687744e-01 -2.520155627280473709e-03 3.396055996417999268e-01
4.165456891059875488e-01 -2.870960161089897156e-02 4.271956626325845718e-03 4.612904042005538940e-02
4.159714877605438232e-01 1.663508266210556030e-01 5.194537341594696045e-03 -2.452029883861541748e-01
4.192984998226165771e-01 -2.884492464363574982e-02 2.904775901697576046e-04 4.911388084292411804e-02
4.187216162681579590e-01 1.662728637456893921e-01 1.272755209356546402e-03 -2.434773892164230347e-01
4.220470488071441650e-01 -2.886724658310413361e-02 -3.596792463213205338e-03 4.960672929883003235e-02
4.214697182178497314e-01 -2.239374369382858276e-01 -2.604657784104347229e-03 3.411526679992675781e-01
4.169909656047821045e-01 -2.877852693200111389e-02 4.218395799398422241e-03 4.764952883124351501e-02
4.164153933525085449e-01 1.662826836109161377e-01 5.171386059373617172e-03 -2.436994761228561401e-01
4.197410643100738525e-01 -2.891275100409984589e-02 2.973965893033891916e-04 5.061013624072074890e-02
4.191628098487854004e-01 1.662049293518066406e-01 1.309599378146231174e-03 -2.419789433479309082e-01
4.224869012832641602e-01 -2.893569879233837128e-02 -3.529979614540934563e-03 5.111677572131156921e-02
4.219081699848175049e-01 1.662366837263107300e-01 -2.507644006982445717e-03 -2.426777929067611694e-01
4.252329170703887939e-01 -2.884935215115547180e-02 -7.361199706792831421e-03 4.921310395002365112e-02
4.246559143066406250e-01 -2.238649874925613403e-01 -6.376937963068485260e-03 3.395644426345825195e-01
4.201786220073699951e-01 -2.865287475287914276e-02 4.143511469010263681e-04 4.487743601202964783e-02
4.196055829524993896e-01 1.664631366729736328e-01 1.311899861320853233e-03 -2.476747334003448486e-01
4.229348301887512207e-01 -2.867753058671951294e-02 -3.641594666987657547e-03 4.542171210050582886e-02
4.223612844944000244e-01 -2.237470746040344238e-01 -2.733160508796572685e-03 3.369534611701965332e-01
4.178863465785980225e-01 -2.858633548021316528e-02 4.005908500403165817e-03 4.340989515185356140e-02
4.173146188259124756e-01 1.664779484272003174e-01 4.874106496572494507e-03 -2.480064481496810913e-01
4.206441640853881836e-01 -2.871327660977840424e-02 -8.602218440501019359e-05 4.620989412069320679e-02
4.200699031352996826e-01 1.664099097251892090e-01 8.381756488233804703e-04 -2.465001791715621948e-01
4.233981072902679443e-01 -2.872400358319282532e-02 -4.091827664524316788e-03 4.644701629877090454e-02
4.228236377239227295e-01 -2.237870395183563232e-01 -3.162887413054704666e-03 3.378361165523529053e-01
4.183478951454162598e-01 -2.862022630870342255e-02 3.593835048377513885e-03 4.415748268365859985e-02
4.177754819393157959e-01 1.664500087499618530e-01 4.476984962821006775e-03 -2.473893910646438599e-01
4.211044907569885254e-01 -2.873559668660163879e-02 -4.708030610345304012e-04 4.670230671763420105e-02
4.205297529697418213e-01 1.663931012153625488e-01 4.632431082427501678e-04 -2.461291253566741943e-01
4.238576292991638184e-01 -2.873546257615089417e-02 -4.459339193999767303e-03 4.669988527894020081e-02
4.232829213142395020e-01 -2.237931787967681885e-01 -3.525341628119349480e-03 3.379725217819213867e-01
4.188070595264434814e-01 -2.862124703824520111e-02 3.234108677133917809e-03 4.417998343706130981e-02
4.182346463203430176e-01 1.664541810750961304e-01 4.117708187550306320e-03 -2.474807947874069214e-01
4.215637147426605225e-01 -2.872633747756481171e-02 -8.319076732732355595e-04 4.649809375405311584e-02
4.209891855716705322e-01 1.664075404405593872e-01 9.805420995689928532e-05 -2.464471906423568726e-01
4.243173301219940186e-01 -2.871581725776195526e-02 -4.830889403820037842e-03 4.626666381955146790e-02
4.237430095672607422e-01 -2.237681597471237183e-01 -3.905556397512555122e-03 3.374215066432952881e-01
4.192676544189453125e-01 -2.859085425734519958e-02 2.842873567715287209e-03 4.350953176617622375e-02
4.186958372592926025e-01 1.664902120828628540e-01 3.713064128533005714e-03 -2.482750862836837769e-01
4.220256507396697998e-01 -2.868456579744815826e-02 -1.252437592484056950e-03 4.557670280337333679e-02
4.214519560337066650e-01 1.664553284645080566e-01 -3.409035562071949244e-04 -2.475011199712753296e-01
4.247810542583465576e-01 -2.866175770759582520e-02 -5.290925968438386917e-03 4.507426172494888306e-02
4.242078363895416260e-01 -2.237074375152587891e-01 -4.389440640807151794e-03 3.360831737518310547e-01
4.197336733341217041e-01 -2.852329984307289124e-02 2.332222880795598030e-03 4.201928526163101196e-02
4.191631972789764404e-01 1.665651351213455200e-01 3.172608558088541031e-03 -2.499268949031829834e-01
4.224945008754730225e-01 -2.860198356211185455e-02 -1.825929386541247368e-03 4.375505074858665466e-02
4.219224750995635986e-01 -2.236977070569992065e-01 -9.508283692412078381e-04 3.358613252639770508e-01
4.174485206604003906e-01 -2.856223471462726593e-02 5.766397807747125626e-03 4.287870600819587708e-02
4.168772697448730469e-01 1.664765626192092896e-01 6.623972207307815552e-03 -2.479792982339859009e-01
4.202068150043487549e-01 -2.873936481773853302e-02 1.664386014454066753e-03 4.678558558225631714e-02
4.196320176124572754e-01 1.663586795330047607e-01 2.600097795948386192e-03 -2.453717440366744995e-01
4.229591786861419678e-01 -2.880031056702136993e-02 -2.307337243109941483e-03 4.813017696142196655e-02
4.223831892013549805e-01 1.663546562194824219e-01 -1.344733638688921928e-03 -2.452798336744308472e-01
4.257102906703948975e-01 -2.874806895852088928e-02 -6.250330712646245956e-03 4.697862267494201660e-02
4.251353144645690918e-01 -2.237798422574996948e-01 -5.310758017003536224e-03 3.376829922199249268e-01
4.206597208976745605e-01 -2.858272008597850800e-02 1.442901557311415672e-03 4.333006963133811951e-02
4.200880527496337891e-01 1.665185093879699707e-01 2.309503033757209778e-03 -2.488972544670104980e-01
4.234184324741363525e-01 -2.863634563982486725e-02 -2.668442204594612122e-03 4.451324045658111572e-02
4.228457212448120117e-01 -2.237199246883392334e-01 -1.778177451342344284e-03 3.363530635833740234e-01
4.183713197708129883e-01 -2.857271954417228699e-02 4.948883783072233200e-03 4.310991615056991577e-02
4.177998602390289307e-01 1.664779186248779297e-01 5.811082199215888977e-03 -2.480074912309646606e-01
4.211294054985046387e-01 -2.872654050588607788e-02 8.509322651661932468e-04 4.650270193815231323e-02
4.205548763275146484e-01 1.663831919431686401e-01 1.780986320227384567e-03 -2.459116280078887939e-01
4.238825440406799316e-01 -2.876414358615875244e-02 -3.137246239930391312e-03 4.733253270387649536e-02
4.233072698116302490e-01 -2.238409668207168579e-01 -2.190595492720603943e-03 3.390239775180816650e-01
4.188304543495178223e-01 -2.868791669607162476e-02 4.589884076267480850e-03 4.565107077360153198e-02
4.182567000389099121e-01 1.663679182529449463e-01 5.502905230969190598e-03 -2.455801814794540405e-01
4.215840399265289307e-01 -2.883219346404075623e-02 5.913018248975276947e-04 4.883340001106262207e-02
4.210073947906494141e-01 1.662812680006027222e-01 1.567969797179102898e-03 -2.436629086732864380e-01
4.243330359458923340e-01 -2.886303886771202087e-02 -3.305288264527916908e-03 4.951418563723564148e-02
4.237557649612426758e-01 1.663061529397964478e-01 -2.315004589036107063e-03 -2.442097514867782593e-01
4.270818829536437988e-01 -2.878265827894210815e-02 -7.199199404567480087e-03 4.774206504225730896e-02
4.265062510967254639e-01 -2.238006442785263062e-01 -6.244358140975236893e-03 3.381449282169342041e-01
4.220302104949951172e-01 -2.859039418399333954e-02 5.185400368645787239e-04 4.349942132830619812e-02
4.214584231376647949e-01 1.665241122245788574e-01 1.388528500683605671e-03 -2.490198612213134766e-01
4.247888922691345215e-01 -2.861763536930084229e-02 -3.591868560761213303e-03 4.410072043538093567e-02
4.242165386676788330e-01 -2.236879020929336548e-01 -2.709854161366820335e-03 3.356482088565826416e-01
4.197427928447723389e-01 -2.852748520672321320e-02 4.003109876066446304e-03 4.211197793483734131e-02
4.191722273826599121e-01 1.665368378162384033e-01 4.845349583774805069e-03 -2.493052482604980469e-01
