-8.448946289718151093e-03 2.531129680573940277e-02 -2.546752057969570160e-02 -1.474436651915311813e-02
-7.942720316350460052e-03 -1.694363355636596680e-01 -2.576240710914134979e-02 2.697957158088684082e-01
-1.133144646883010864e-02 2.604360319674015045e-02 -2.036649361252784729e-02 -3.090020455420017242e-02
-1.081057451665401459e-02 -1.687804460525512695e-01 -2.098449692130088806e-02 2.552879452705383301e-01
-1.418618392199277878e-02 2.663473039865493774e-02 -1.587873883545398712e-02 -4.393929243087768555e-02
-1.365348882973194122e-02 -1.682559698820114136e-01 -1.675752364099025726e-02 2.436917573213577271e-01
-1.701860874891281128e-02 2.710128016769886017e-02 -1.188368909060955048e-02 -5.422946065664291382e-02
-1.647658273577690125e-02 -1.678482741117477417e-01 -1.296827849000692368e-02 2.346805036067962646e-01
-1.983354799449443817e-02 2.745653688907623291e-02 -8.274668827652931213e-03 -6.206465139985084534e-02
-1.928441785275936127e-02 -1.675457954406738281e-01 -9.515961632132530212e-03 2.279961258172988892e-01
-2.263533324003219604e-02 2.771083638072013855e-02 -4.956039134413003922e-03 -6.767322868108749390e-02
-2.208111621439456940e-02 -1.673397123813629150e-01 -6.309503689408302307e-03 2.234419286251068115e-01
-2.542791143059730530e-02 2.787185087800025940e-02 -1.840665005147457123e-03 -7.122456282377243042e-02
-2.487047389149665833e-02 -1.672236621379852295e-01 -3.265156177803874016e-03 2.208770513534545898e-01
-2.821494825184345245e-02 2.794480696320533752e-02 1.152384909801185131e-03 -7.283404469490051270e-02
-2.765605226159095764e-02 -1.671936511993408203e-01 -3.042959142476320267e-04 2.202122509479522705e-01
-3.099992498755455017e-02 2.793265320360660553e-02 4.099948797374963760e-03 -7.256665825843811035e-02
-3.044127114117145538e-02 -1.672478318214416504e-01 2.648615976795554161e-03 2.214069962501525879e-01
-3.378622978925704956e-02 2.783615700900554657e-02 7.076755631715059280e-03 -7.043927162885665894e-02
-3.322950378060340881e-02 -1.673865318298339844e-01 5.667970515787601471e-03 2.244679778814315796e-01
-3.657723590731620789e-02 2.765395306050777435e-02 1.015732996165752411e-02 -6.642168015241622925e-02
-3.602415695786476135e-02 -1.676121354103088379e-01 8.828896097838878632e-03 2.294485569000244141e-01
-3.937640041112899780e-02 2.738253958523273468e-02 1.341786794364452362e-02 -6.043639779090881348e-02
-3.882874920964241028e-02 2.223095595836639404e-01 1.220913976430892944e-02 -3.488558828830718994e-01
-3.438255563378334045e-02 2.701611071825027466e-02 5.232022143900394440e-03 -5.234813690185546875e-02
-3.384223580360412598e-02 -1.681804656982421875e-01 4.185059573501348495e-03 2.419809401035308838e-01
-3.720584511756896973e-02 2.688145264983177185e-02 9.024677798151969910e-03 -4.937897995114326477e-02
-3.666821494698524475e-02 2.218728363513946533e-01 8.037098683416843414e-03 -3.392009437084197998e-01
-3.223075717687606812e-02 2.663745731115341187e-02 1.253079739399254322e-03 -4.399443790316581726e-02
-3.169801086187362671e-02 -1.685024350881576538e-01 3.731909673660993576e-04 2.490835785865783691e-01
-3.506805747747421265e-02 2.661417983472347260e-02 5.354862660169601440e-03 -4.348160699009895325e-02
-3.453577309846878052e-02 -1.685841530561447144e-01 4.485230427235364914e-03 2.508860230445861816e-01
-3.790745884180068970e-02 2.647346816956996918e-02 9.502951055765151978e-03 -4.037882015109062195e-02
-3.737798705697059631e-02 2.214578688144683838e-01 8.695374242961406708e-03 -3.300483822822570801e-01
-3.294882923364639282e-02 2.621322311460971832e-02 2.094406634569168091e-03 -3.463608399033546448e-02
-3.242456540465354919e-02 -1.689386963844299316e-01 1.401684945449233055e-03 2.587069272994995117e-01
-3.580334037542343140e-02 2.616321295499801636e-02 6.575823295861482620e-03 -3.353357315063476562e-02
-3.528007492423057556e-02 2.211902439594268799e-01 5.905151832848787308e-03 -3.241345286369323730e-01
-3.085627034306526184e-02 2.598471567034721375e-02 -5.775386816821992397e-04 -2.959522418677806854e-02
-3.033657744526863098e-02 -1.691289544105529785e-01 -1.169443130493164062e-03 2.629054188728332520e-01
-3.371915593743324280e-02 2.600967511534690857e-02 4.088665358722209930e-03 -3.014612570405006409e-02
-3.319896385073661804e-02 2.210727483034133911e-01 3.485742956399917603e-03 -3.215362429618835449e-01
-2.877750620245933533e-02 2.590133808553218842e-02 -2.944981912150979042e-03 -2.775608189404010773e-02
-2.825948037207126617e-02 -1.691782623529434204e-01 -3.500103484839200974e-03 2.639962136745452881e-01
-3.164304420351982117e-02 2.599347941577434540e-02 1.779820886440575123e-03 -2.978861890733242035e-02
-3.112317621707916260e-02 -1.691539436578750610e-01 1.184048480354249477e-03 2.634553313255310059e-01
-3.450625389814376831e-02 2.595108002424240112e-02 6.453155074268579483e-03 -2.885390259325504303e-02
-3.398723155260086060e-02 2.209798991680145264e-01 5.876076873391866684e-03 -3.194938302040100098e-01
-2.956763468682765961e-02 2.577475458383560181e-02 -5.137993721291422844e-04 -2.496360614895820618e-02
-2.905214019119739532e-02 -1.693398207426071167e-01 -1.013071509078145027e-03 2.675571739673614502e-01
-3.243893757462501526e-02 2.579656988382339478e-02 4.338071681559085846e-03 -2.544511854648590088e-02
-3.192300349473953247e-02 2.208560407161712646e-01 3.829169552773237228e-03 -3.167561888694763184e-01
-2.750588394701480865e-02 2.567975968122482300e-02 -2.505954122170805931e-03 -2.286813408136367798e-02
-2.699228934943675995e-02 -1.694061607122421265e-01 -2.963316859677433968e-03 2.690230906009674072e-01
-3.038041293621063232e-02 2.575794979929924011e-02 2.417144831269979477e-03 -2.459301613271236420e-02
-2.986525371670722961e-02 -1.693985760211944580e-01 1.925284508615732193e-03 2.688515782356262207e-01
-3.325322642922401428e-02 2.569584175944328308e-02 7.302315905690193176e-03 -2.322349324822425842e-02
-3.273930773138999939e-02 2.207123190164566040e-01 6.837845779955387115e-03 -3.135935366153717041e-01
-2.832506224513053894e-02 2.549362368881702423e-02 5.659751477651298046e-04 -1.876204088330268860e-02
-2.781518921256065369e-02 -1.696364432573318481e-01 1.907343248603865504e-04 2.740994095802307129e-01
-3.120791912078857422e-02 2.548279054462909698e-02 5.672722589224576950e-03 -1.852335967123508453e-02
-3.069826215505599976e-02 2.205229252576828003e-01 5.302255041897296906e-03 -3.094110786914825439e-01
-2.628780342638492584e-02 2.532583475112915039e-02 -8.859665831550955772e-04 -1.506070792675018311e-02
-2.578128688037395477e-02 -1.697833985090255737e-01 -1.187180751003324986e-03 2.773425579071044922e-01
-2.917695604264736176e-02 2.535546943545341492e-02 4.359670449048280716e-03 -1.571457274258136749e-02
-2.866984531283378601e-02 2.204146236181259155e-01 4.045378882437944412e-03 -3.070187866687774658e-01
-2.426155284047126770e-02 2.523526549339294434e-02 -2.094996860250830650e-03 -1.306280493736267090e-02
-2.375684864819049835e-02 -1.698565781116485596e-01 -2.356253098696470261e-03 2.789583802223205566e-01
-2.715397998690605164e-02 2.529890649020671844e-02 3.222914645448327065e-03 -1.446676347404718399e-02
-2.664800174534320831e-02 2.203744947910308838e-01 2.933579497039318085e-03 -3.061310946941375732e-01
-2.224051207304000854e-02 2.521085739135742188e-02 -3.189042210578918457e-03 -1.252442318946123123e-02
-2.173629403114318848e-02 -1.698652207851409912e-01 -3.439530497416853905e-03 2.791506052017211914e-01
-2.513359859585762024e-02 2.530563436448574066e-02 2.143481746315956116e-03 -1.461514178663492203e-02
-2.462748624384403229e-02 -1.698469966650009155e-01 1.851178938522934914e-03 2.787432968616485596e-01
-2.802442573010921478e-02 2.524850331246852875e-02 7.426044903695583344e-03 -1.335518527776002884e-02
-2.751945517957210541e-02 2.202631682157516479e-01 7.158941589295864105e-03 -3.036858737468719482e-01
-2.311419323086738586e-02 2.503993175923824310e-02 1.085223630070686340e-03 -8.753817528486251831e-03
-2.261339314281940460e-02 -1.700975596904754639e-01 9.101473260670900345e-04 2.842712998390197754e-01
-2.601534500718116760e-02 2.501139044761657715e-02 6.595573388040065765e-03 -8.124420419335365295e-03
-2.551511675119400024e-02 2.200381308794021606e-01 6.433085072785615921e-03 -2.987190783023834229e-01
-2.111435495316982269e-02 2.482507750391960144e-02 4.587034054566174746e-04 -4.014247097074985504e-03
-2.061785385012626648e-02 -1.703034490346908569e-01 3.784184518735855818e-04 2.888133823871612549e-01
-2.402392216026782990e-02 2.481310442090034485e-02 6.154685746878385544e-03 -3.750182455405592918e-03
-2.352765947580337524e-02 2.198462486267089844e-01 6.079682148993015289e-03 -2.944848835468292236e-01
-1.913073472678661346e-02 2.463815174996852875e-02 1.899843482533469796e-04 1.092575403163209558e-04
-1.863797195255756378e-02 -1.704865247011184692e-01 1.921694929478690028e-04 2.928521335124969482e-01
-2.204770222306251526e-02 2.463268674910068512e-02 6.049212068319320679e-03 2.298077597515657544e-04
-2.155504934489727020e-02 2.196673601865768433e-01 6.053808145225048065e-03 -2.905384004116058350e-01
-1.716170087456703186e-02 2.445961534976959229e-02 2.430401218589395285e-04 4.047667607665061951e-03
-1.667250879108905792e-02 -1.706658154726028442e-01 3.239934740122407675e-04 2.968072593212127686e-01
-2.008582651615142822e-02 2.445151098072528839e-02 6.260138936340808868e-03 4.226539283990859985e-03
-1.959679462015628815e-02 2.194831222295761108e-01 6.344669498503208160e-03 -2.864746749401092529e-01
-1.520713325589895248e-02 2.427126839756965637e-02 6.151759298518300056e-04 8.202531374990940094e-03
-1.472170744091272354e-02 -1.708595007658004761e-01 7.792265969328582287e-04 3.010794818401336670e-01
-1.813889667391777039e-02 2.425133623182773590e-02 6.800816394388675690e-03 8.642417378723621368e-03
-1.765387132763862610e-02 2.192751020193099976e-01 6.973664741963148117e-03 -2.818870246410369873e-01
-1.326836924999952316e-02 2.405437082052230835e-02 1.335924025624990463e-03 1.298717316240072250e-02
-1.278728153556585312e-02 -1.710867136716842651e-01 1.595667563378810883e-03 3.060913085937500000e-01
-1.620901562273502350e-02 2.401246316730976105e-02 7.717493455857038498e-03 1.391203422099351883e-02
-1.572876609861850739e-02 2.190228849649429321e-01 7.995733991265296936e-03 -2.763259708881378174e-01
-1.134830899536609650e-02 2.378778345882892609e-02 2.469214843586087227e-03 1.886804774403572083e-02
-1.087255310267210007e-02 2.188742309808731079e-01 2.846575574949383736e-03 -2.730347812175750732e-01
-6.495068315416574478e-03 2.371178381145000458e-02 -2.614120254293084145e-03 2.054459229111671448e-02
-6.020832806825637817e-03 -1.713725775480270386e-01 -2.203228417783975601e-03 3.124015927314758301e-01
-9.448284283280372620e-03 2.378068864345550537e-02 4.044803325086832047e-03 1.902464590966701508e-02
-8.972670882940292358e-03 2.188443988561630249e-01 4.425296559929847717e-03 -2.723793685436248779e-01
-4.595782607793807983e-03 2.365958318114280701e-02 -1.022290787659585476e-03 2.169603109359741211e-02
-4.122590646147727966e-03 -1.714476943016052246e-01 -5.883701378479599953e-04 3.140562474727630615e-01
-7.551544811576604843e-03 2.368263527750968933e-02 5.692754872143268585e-03 2.118781767785549164e-02
-7.077891845256090164e-03 2.187224924564361572e-01 6.116510834544897079e-03 -2.696935534477233887e-01
-2.703442238271236420e-03 2.351378649473190308e-02 7.226398447528481483e-04 2.491225861012935638e-02
-2.233166480436921120e-03 -1.716185212135314941e-01 1.220885082148015499e-03 3.178231120109558105e-01
-5.665536969900131226e-03 2.348602004349231720e-02 7.577347103506326675e-03 2.552544511854648590e-02
-5.195816513150930405e-03 2.184984982013702393e-01 8.087855763733386993e-03 -2.647571563720703125e-01
-8.258466259576380253e-04 2.326204068958759308e-02 2.792712999507784843e-03 3.046575747430324554e-02
-3.606058307923376560e-04 2.183438390493392944e-01 3.402028232812881470e-03 -2.613347172737121582e-01
4.006270784884691238e-03 2.317348308861255646e-02 -1.824666396714746952e-03 3.241929039359092712e-02
4.469740670174360275e-03 -1.719222515821456909e-01 -1.176280551590025425e-03 3.245259523391723633e-01
1.031295396387577057e-03 2.321642637252807617e-02 5.314238369464874268e-03 3.147231414914131165e-02
1.495623844675719738e-03 2.182617634534835815e-01 5.943684838712215424e-03 -2.595291733741760254e-01
5.860859062522649765e-03 2.305547147989273071e-02 7.531011360697448254e-04 3.502251580357551575e-02
6.321968510746955872e-03 -1.720772683620452881e-01 1.453551463782787323e-03 3.279429674148559570e-01
2.880423096939921379e-03 2.302395552396774292e-02 8.012410253286361694e-03 3.571877256035804749e-02
3.340902272611856461e-03 2.180300951004028320e-01 8.726785890758037567e-03 -2.544254362583160400e-01
7.701504044234752655e-03 2.278463542461395264e-02 3.638277528807520866e-03 4.099725559353828430e-02
8.157197386026382446e-03 2.178542315959930420e-01 4.458222538232803345e-03 -2.505355477333068848e-01
1.251428108662366867e-02 2.266889624297618866e-02 -5.524880834855139256e-04 4.355025663971900940e-02
1.296765916049480438e-02 -1.724451333284378052e-01 3.185170935466885567e-04 3.360588252544403076e-01
9.518756531178951263e-03 2.267228811979293823e-02 7.039693649858236313e-03 4.347635060548782349e-02
9.972202591598033905e-03 2.176925837993621826e-01 7.909220643341541290e-03 -2.469771951436996460e-01
1.432605460286140442e-02 2.245857752859592438e-02 2.969676628708839417e-03 4.818994551897048950e-02
1.477522589266300201e-02 2.175378203392028809e-01 3.933475352823734283e-03 -2.435545474290847778e-01
1.912598311901092529e-02 2.235990576446056366e-02 -9.376154048368334770e-04 5.036650225520133972e-02
1.957318000495433807e-02 -1.727485954761505127e-01 6.971463881200179458e-05 3.427534699440002441e-01
1.611820794641971588e-02 2.237237058579921722e-02 6.924783810973167419e-03 5.009251460433006287e-02
1.656565628945827484e-02 2.173943519592285156e-01 7.926633581519126892e-03 -2.403975725173950195e-01
2.091354317963123322e-02 2.216006442904472351e-02 3.118682652711868286e-03 5.477506294846534729e-02
2.135674469172954559e-02 -1.730064600706100464e-01 4.214183893054723740e-03 3.484403192996978760e-01
1.789661496877670288e-02 2.205529622733592987e-02 1.118298992514610291e-02 5.708924680948257446e-02
1.833772100508213043e-02 2.170151323080062866e-01 1.232477556914091110e-02 -2.320444881916046143e-01
2.267802320420742035e-02 2.171926014125347137e-02 7.683885749429464340e-03 6.450045853853225708e-02
2.311240881681442261e-02 2.167302072048187256e-01 8.973894640803337097e-03 -2.257482856512069702e-01
2.744701318442821503e-02 2.148116007447242737e-02 4.458928946405649185e-03 6.975178420543670654e-02
2.787663601338863373e-02 2.165389060974121094e-01 5.853964947164058685e-03 -2.215210050344467163e-01
3.220741450786590576e-02 2.133376896381378174e-02 1.423544716089963913e-03 7.300274074077606201e-02
3.263409063220024109e-02 -1.738085597753524780e-01 2.883599605411291122e-03 3.661344647407531738e-01
2.915791794657707214e-02 2.127229236066341400e-02 1.020628865808248520e-02 7.436217367649078369e-02
2.958336472511291504e-02 2.162464559078216553e-01 1.169353257864713669e-02 -2.150832414627075195e-01
3.390829265117645264e-02 2.095929346978664398e-02 7.391867693513631821e-03 8.126529306173324585e-02
3.432747721672058105e-02 2.159745097160339355e-01 9.017173200845718384e-03 -2.090763449668884277e-01
3.864696994423866272e-02 2.072478830814361572e-02 4.835646599531173706e-03 8.643733710050582886e-02
3.906146436929702759e-02 2.157770991325378418e-01 6.564393173903226852e-03 -2.047160267829895020e-01
4.337700828909873962e-02 2.056188508868217468e-02 2.470072824507951736e-03 9.003039449453353882e-02
4.378824308514595032e-02 2.156483381986618042e-01 4.270680714398622513e-03 -2.018721997737884521e-01
4.810121282935142517e-02 2.046557515859603882e-02 2.332368312636390328e-04 9.215486049652099609e-02
4.851052165031433105e-02 -1.746597141027450562e-01 2.076334087178111076e-03 3.849113583564758301e-01
4.501732811331748962e-02 2.043269388377666473e-02 9.774561040103435516e-03 9.288381785154342651e-02
4.542598128318786621e-02 2.154131978750228882e-01 1.163223758339881897e-02 -1.966992765665054321e-01
4.973424598574638367e-02 2.012680470943450928e-02 7.698252331465482712e-03 9.963028132915496826e-02
5.013678222894668579e-02 2.151375859975814819e-01 9.690857492387294769e-03 -1.906139552593231201e-01
5.443953350186347961e-02 1.987834647297859192e-02 5.878578405827283859e-03 1.051102131605148315e-01
5.483710020780563354e-02 2.149155586957931519e-01 7.980782538652420044e-03 -1.857122629880905151e-01
5.913541093468666077e-02 1.968033984303474426e-02 4.266537725925445557e-03 1.094775721430778503e-01
5.952901765704154968e-02 2.147408872842788696e-01 6.456089206039905548e-03 -1.818562299013137817e-01
6.382383406162261963e-02 1.952715776860713959e-02 2.818964421749114990e-03 1.128563433885574341e-01
6.421437859535217285e-02 2.146086096763610840e-01 5.076091270893812180e-03 -1.789358854293823242e-01
6.850655376911163330e-02 1.941438019275665283e-02 1.497373566962778568e-03 1.153440400958061218e-01
6.889484077692031860e-02 2.145148515701293945e-01 3.804254345595836639e-03 -1.768660992383956909e-01
7.318513840436935425e-02 1.933865807950496674e-02 2.669322129804641008e-04 1.170145049691200256e-01
7.357191294431686401e-02 -1.757871210575103760e-01 2.607222413644194603e-03 4.097816348075866699e-01
7.005617022514343262e-02 1.929777301847934723e-02 1.080285478383302689e-02 1.179218143224716187e-01
7.044212520122528076e-02 2.142632901668548584e-01 1.316129136830568314e-02 -1.713334172964096069e-01
7.472738623619079590e-02 1.895545981824398041e-02 9.734623134136199951e-03 1.254722625017166138e-01
7.510649412870407104e-02 2.139366120100021362e-01 1.224406808614730835e-02 -1.641236692667007446e-01
7.938522845506668091e-02 1.864154264330863953e-02 8.961594663560390472e-03 1.323966383934020996e-01
7.975806295871734619e-02 2.136339843273162842e-01 1.160952821373939514e-02 -1.574456095695495605e-01
8.403073996305465698e-02 1.834775693714618683e-02 8.460615761578083038e-03 1.388771235942840576e-01
8.439769595861434937e-02 2.133475095033645630e-01 1.123815774917602539e-02 -1.511246562004089355e-01
8.866464346647262573e-02 1.806646026670932770e-02 8.215664885938167572e-03 1.450823843479156494e-01
8.902597427368164062e-02 2.130697965621948242e-01 1.111731212586164474e-02 -1.449973732233047485e-01
9.328737109899520874e-02 1.779041625559329987e-02 8.217364549636840820e-03 1.511720120906829834e-01
9.364318102598190308e-02 2.127937376499176025e-01 1.124080549925565720e-02 -1.389072239398956299e-01
9.789905697107315063e-02 1.751261204481124878e-02 8.462660945951938629e-03 1.573006957769393921e-01
9.824930876493453979e-02 2.125123888254165649e-01 1.160867512226104736e-02 -1.327005028724670410e-01
1.024995520710945129e-01 1.722608879208564758e-02 8.954664692282676697e-03 1.636220812797546387e-01
1.028440743684768677e-01 2.122187167406082153e-01 1.222710683941841125e-02 -1.262224912643432617e-01
1.070884466171264648e-01 1.692375168204307556e-02 9.702656418085098267e-03 1.702927350997924805e-01
1.074269264936447144e-01 2.119054943323135376e-01 1.310851145535707474e-02 -1.193135753273963928e-01
1.116650328040122986e-01 1.659820601344108582e-02 1.072224043309688568e-02 1.774759739637374878e-01
1.119970008730888367e-01 2.115650922060012817e-01 1.427175942808389664e-02 -1.118052527308464050e-01
1.162282973527908325e-01 1.624156907200813293e-02 1.203565485775470734e-02 1.853459477424621582e-01
1.165531352162361145e-01 2.111892700195312500e-01 1.574257388710975647e-02 -1.035160273313522339e-01
1.207769140601158142e-01 1.584528572857379913e-02 1.367225311696529388e-02 1.940917521715164185e-01
1.210938245058059692e-01 2.107690125703811646e-01 1.755408756434917450e-02 -9.424699097871780396e-02
1.253091990947723389e-01 4.056350290775299072e-01 1.566914841532707214e-02 -3.813403248786926270e-01
1.334218978881835938e-01 2.102941274642944336e-01 8.042341098189353943e-03 -8.375841379165649414e-02
1.376277804374694824e-01 1.505782082676887512e-02 6.367173045873641968e-03 2.114509940147399902e-01
1.379289478063583374e-01 2.100881636142730713e-01 1.059619337320327759e-02 -7.921664416790008545e-02
1.421307027339935303e-01 4.050566256046295166e-01 9.011860005557537079e-03 -3.685376942157745361e-01
1.502318382263183594e-01 2.098077833652496338e-01 1.641106093302369118e-03 -7.302688807249069214e-02
1.544279903173446655e-01 1.466234680265188217e-02 1.805683132261037827e-04 2.201733589172363281e-01
1.547212451696395874e-01 2.097817212343215942e-01 4.584035370498895645e-03 -7.245259732007980347e-02
1.589168757200241089e-01 4.048376381397247314e-01 3.134983591735363007e-03 -3.636857271194458008e-01
1.670136302709579468e-01 2.096712887287139893e-01 -4.138730932027101517e-03 -7.001592963933944702e-02
1.712070554494857788e-01 1.460891310125589371e-02 -5.539049394428730011e-03 2.213583439588546753e-01
1.714992374181747437e-01 2.098096013069152832e-01 -1.111882855184376240e-03 -7.306666672229766846e-02
1.756954193115234375e-01 1.470360439270734787e-02 -2.573216333985328674e-03 2.192652523517608643e-01
1.759894937276840210e-01 2.098622471094131470e-01 1.812088652513921261e-03 -7.422827184200286865e-02
1.801867485046386719e-01 4.049581587314605713e-01 3.275232447776943445e-04 -3.663389384746551514e-01
1.882859021425247192e-01 2.098315656185150146e-01 -6.999255158007144928e-03 -7.355274260044097900e-02
1.924825310707092285e-01 1.481065247207880020e-02 -8.470309898257255554e-03 2.169137001037597656e-01
1.927787512540817261e-01 2.100526541471481323e-01 -4.132036119699478149e-03 -7.842905074357986450e-02
1.969798058271408081e-01 1.499018725007772446e-02 -5.700617097318172455e-03 2.129473537206649780e-01
1.972796022891998291e-01 2.101931720972061157e-01 -1.441670232452452183e-03 -8.152835071086883545e-02
2.014834731817245483e-01 1.509192027151584625e-02 -3.072237363085150719e-03 2.106993794441223145e-01
2.017853111028671265e-01 2.102576643228530884e-01 1.141750253736972809e-03 -8.295109122991561890e-02
2.059904634952545166e-01 4.053632318973541260e-01 -5.172715755179524422e-04 -3.752735853195190430e-01
2.140977233648300171e-01 2.102486342191696167e-01 -8.022743277251720428e-03 -8.275379240512847900e-02
2.183026969432830811e-01 1.524259615689516068e-02 -9.677818976342678070e-03 2.073871791362762451e-01
2.186075448989868164e-01 2.105015963315963745e-01 -5.530075170099735260e-03 -8.833282440900802612e-02
2.228175848722457886e-01 1.545934006571769714e-02 -7.296731695532798767e-03 2.026002407073974609e-01
2.231267690658569336e-01 2.106848806142807007e-01 -3.244726918637752533e-03 -9.237549453973770142e-02
2.273404598236083984e-01 1.560958661139011383e-02 -5.092236679047346115e-03 1.992819607257843018e-01
2.276526540517807007e-01 2.108040004968643188e-01 -1.106597715988755226e-03 -9.500297158956527710e-02
2.318687438964843750e-01 1.569792628288269043e-02 -3.006657119840383530e-03 1.973306089639663696e-01
2.321826964616775513e-01 2.108627557754516602e-01 9.399551199749112129e-04 -9.629926085472106934e-02
2.363999485969543457e-01 4.059712290763854980e-01 -9.860300924628973007e-04 -3.886854946613311768e-01
2.445193827152252197e-01 2.108632773160934448e-01 -8.759739808738231659e-03 -9.631360322237014771e-02
2.487366348505020142e-01 1.586796343326568604e-02 -1.068601198494434357e-02 1.935928165912628174e-01
2.490539997816085815e-01 2.111411392688751221e-01 -6.814155727624893188e-03 -1.024418473243713379e-01
2.532768249511718750e-01 1.611749827861785889e-02 -8.862992748618125916e-03 1.880834698677062988e-01
2.535991668701171875e-01 2.113651186227798462e-01 -5.101323127746582031e-03 -1.073821485042572021e-01
2.578264772891998291e-01 1.631664484739303589e-02 -7.248966023325920105e-03 1.836869865655899048e-01
2.581528127193450928e-01 2.115415632724761963e-01 -3.575226292014122009e-03 -1.112738847732543945e-01
2.623836398124694824e-01 1.647102460265159607e-02 -5.800704006105661392e-03 1.802789419889450073e-01
2.627130746841430664e-01 2.116754949092864990e-01 -2.195125212892889977e-03 -1.142282411456108093e-01
2.669465839862823486e-01 1.658507063984870911e-02 -4.479689989238977432e-03 1.777613312005996704e-01
2.672782838344573975e-01 2.117708474397659302e-01 -9.244633838534355164e-04 -1.163314133882522583e-01
2.715137004852294922e-01 1.666214875876903534e-02 -3.251091577112674713e-03 1.760597079992294312e-01
2.718469202518463135e-01 2.118304818868637085e-01 2.701024641282856464e-04 -1.176470518112182617e-01
2.760835289955139160e-01 4.069485664367675781e-01 -2.082838676869869232e-03 -4.102447628974914551e-01
2.842225134372711182e-01 2.118562012910842896e-01 -1.028773374855518341e-02 -1.182192042469978333e-01
2.884596288204193115e-01 1.688314415514469147e-02 -1.265211775898933411e-02 1.712003648281097412e-01
2.887972891330718994e-01 2.121838778257369995e-01 -9.228110313415527344e-03 -1.254469156265258789e-01
2.930409908294677734e-01 1.719533652067184448e-02 -1.173704862594604492e-02 1.643104106187820435e-01
2.933848798274993896e-01 2.124833166599273682e-01 -8.450840599834918976e-03 -1.320520043373107910e-01
2.976345419883728027e-01 1.748343743383884430e-02 -1.109188050031661987e-02 1.579528599977493286e-01
2.979842126369476318e-01 2.127624154090881348e-01 -7.932823151350021362e-03 -1.382085382938385010e-01
3.022394776344299316e-01 1.775498315691947937e-02 -1.069699414074420929e-02 1.519611924886703491e-01
3.025945723056793213e-01 2.130284607410430908e-01 -7.657770533114671707e-03 -1.440771222114562988e-01
3.068551421165466309e-01 1.801700703799724579e-02 -1.053931284695863724e-02 1.461801081895828247e-01
3.072154819965362549e-01 2.132882922887802124e-01 -7.615710608661174774e-03 -1.498090475797653198e-01
3.114812374114990234e-01 1.827621646225452423e-02 -1.061189174652099609e-02 1.404615938663482666e-01
3.118467628955841064e-01 2.135485261678695679e-01 -7.802659645676612854e-03 -1.555502265691757202e-01
3.161177337169647217e-01 1.853916235268115997e-02 -1.091366447508335114e-02 1.346609592437744141e-01
3.164885342121124268e-01 2.138157188892364502e-01 -8.220445364713668823e-03 -1.614449918270111084e-01
3.207648396492004395e-01 1.881241612136363983e-02 -1.144934445619583130e-02 1.286333054304122925e-01
3.211410939693450928e-01 2.140965014696121216e-01 -8.876678533852100372e-03 -1.676396429538726807e-01
3.254230022430419922e-01 1.910272240638732910e-02 -1.222947146743535995e-02 1.222297772765159607e-01
3.258050680160522461e-01 2.143977284431457520e-01 -9.784876368939876556e-03 -1.742862015962600708e-01
3.300930261611938477e-01 1.941717602312564850e-02 -1.327059976756572723e-02 1.152939200401306152e-01
3.304813802242279053e-01 2.147267311811447144e-01 -1.096472144126892090e-02 -1.815460622310638428e-01
3.347758948802947998e-01 1.976338401436805725e-02 -1.459564268589019775e-02 1.076578199863433838e-01
3.351711630821228027e-01 2.150914222002029419e-01 -1.244248636066913605e-02 -1.895939856767654419e-01
3.394730091094970703e-01 2.014966495335102081e-02 -1.623436622321605682e-02 9.913800656795501709e-02
3.398759961128234863e-01 2.155004739761352539e-01 -1.425160653889179230e-02 -1.986222863197326660e-01
3.441860079765319824e-01 2.058523520827293396e-02 -1.822405308485031128e-02 8.953104913234710693e-02
3.445976972579956055e-01 -1.742708235979080200e-01 -1.643343083560466766e-02 3.764090240001678467e-01
3.411122858524322510e-01 2.108063362538814545e-02 -8.905250579118728638e-03 7.859019935131072998e-02
3.415338993072509766e-01 2.163291126489639282e-01 -7.333446759730577469e-03 -2.168890088796615601e-01
3.458604812622070312e-01 2.131275460124015808e-02 -1.167122740298509598e-02 7.347163558006286621e-02
3.462867438793182373e-01 2.166000604629516602e-01 -1.020179409533739090e-02 -2.228706330060958862e-01
3.506187498569488525e-01 2.162540331482887268e-02 -1.465920731425285339e-02 6.657686084508895874e-02
3.510512411594390869e-01 -1.732833385467529297e-01 -1.332766935229301453e-02 3.545989096164703369e-01
3.475855886936187744e-01 2.202555164694786072e-02 -6.235691718757152557e-03 5.774337425827980042e-02
3.480260968208312988e-01 2.172363549470901489e-01 -5.080824252218008041e-03 -2.369004189968109131e-01
3.523708283901214600e-01 2.218735776841640472e-02 -9.818832390010356903e-03 5.417554080486297607e-02
3.528145551681518555e-01 -1.727924346923828125e-01 -8.735321462154388428e-03 3.437444567680358887e-01
3.493587076663970947e-01 2.245268598198890686e-02 -1.860432559624314308e-03 4.831978306174278259e-02
3.498077690601348877e-01 2.176012694835662842e-01 -8.940369589254260063e-04 -2.449495494365692139e-01
3.541598021984100342e-01 2.249209396541118622e-02 -5.793028045445680618e-03 4.745124652981758118e-02
3.546096384525299072e-01 2.176966369152069092e-01 -4.844002891331911087e-03 -2.470537871122360229e-01
3.589635789394378662e-01 2.264419570565223694e-02 -9.785078465938568115e-03 4.409730061888694763e-02
3.594164550304412842e-01 -1.723360866308212280e-01 -8.903132751584053040e-03 3.336769640445709229e-01
3.559697270393371582e-01 2.291144430637359619e-02 -2.229593694210052490e-03 3.819978237152099609e-02
3.564279675483703613e-01 2.180652916431427002e-01 -1.465598004870116711e-03 -2.551857829093933105e-01
3.607892692089080811e-01 2.296430245041847229e-02 -6.569313351064920425e-03 3.703452274203300476e-02
3.612485527992248535e-01 -1.720628291368484497e-01 -5.828623194247484207e-03 3.276375532150268555e-01
3.578073084354400635e-01 2.314161323010921478e-02 7.241279236041009426e-04 3.312224522233009338e-02
3.582701385021209717e-01 2.182531803846359253e-01 1.386572839692234993e-03 -2.593321204185485840e-01
3.626351952552795410e-01 2.311145514249801636e-02 -3.800069680437445641e-03 3.378782421350479126e-02
3.630974292755126953e-01 2.182876914739608765e-01 -3.124312963336706161e-03 -2.600916326045989990e-01
3.674631714820861816e-01 2.321048267185688019e-02 -8.326145820319652557e-03 3.160420432686805725e-02
3.679273724555969238e-01 -1.717910766601562500e-01 -7.694061845541000366e-03 3.216485679149627686e-01
3.644915521144866943e-01 2.343958429992198944e-02 -1.261090510524809361e-03 2.654919214546680450e-02
3.649603426456451416e-01 2.185796052217483521e-01 -7.301066652871668339e-04 -2.665313482284545898e-01
3.693319559097290039e-01 2.346807532012462616e-02 -6.060733925551176071e-03 2.592119947075843811e-02
3.698013126850128174e-01 -1.715664416551589966e-01 -5.542309954762458801e-03 3.166857659816741943e-01
3.663699924945831299e-01 2.363401465117931366e-02 7.914052112028002739e-04 2.226013690233230591e-02
3.668426573276519775e-01 2.187446057796478271e-01 1.236608019098639488e-03 -2.701729834079742432e-01
3.712175488471984863e-01 2.360503189265727997e-02 -4.166851751506328583e-03 2.289971522986888885e-02
3.716896474361419678e-01 -1.714569181203842163e-01 -3.708857344463467598e-03 3.142650425434112549e-01
3.682605028152465820e-01 2.371767163276672363e-02 2.576443366706371307e-03 2.041477710008621216e-02
3.687348663806915283e-01 2.188025861978530884e-01 2.984738908708095551e-03 -2.714541256427764893e-01
3.731109201908111572e-01 2.363816462457180023e-02 -2.444343874230980873e-03 2.216869033873081207e-02
3.735836744308471680e-01 2.187950909137725830e-01 -2.000970067456364632e-03 -2.712844610214233398e-01
3.779595792293548584e-01 2.370174415409564972e-02 -7.426659110933542252e-03 2.076668851077556610e-02
3.784336149692535400e-01 -1.713129132986068726e-01 -7.011325098574161530e-03 3.110972046852111816e-01
3.750073611736297607e-01 2.390821836888790131e-02 -7.893812144175171852e-04 1.621137745678424835e-02
3.754855394363403320e-01 2.190414816141128540e-01 -4.651536874007433653e-04 -2.767204940319061279e-01
3.798663616180419922e-01 2.392616868019104004e-02 -5.999563727527856827e-03 1.581567712128162384e-02
3.803448677062988281e-01 -1.711092293262481689e-01 -5.683250259608030319e-03 3.065996468067169189e-01
3.769226968288421631e-01 2.409324422478675842e-02 4.487427941057831049e-04 1.212980225682258606e-02
3.774045705795288086e-01 2.192087620496749878e-01 6.913388497196137905e-04 -2.804115116596221924e-01
3.817887306213378906e-01 2.407694980502128601e-02 -4.916891455650329590e-03 1.248938497155904770e-02
3.822702765464782715e-01 -1.709741353988647461e-01 -4.667103756219148636e-03 3.036169409751892090e-01
3.788507878780364990e-01 2.421401068568229675e-02 1.405234914273023605e-03 9.465764276683330536e-03
3.793350756168365479e-01 2.193157821893692017e-01 1.594550209119915962e-03 -2.827734649181365967e-01
3.837213814258575439e-01 2.417112141847610474e-02 -4.060918930917978287e-03 1.041194982826709747e-02
3.842048048973083496e-01 -1.708923578262329102e-01 -3.852680092677474022e-03 3.018108606338500977e-01
3.807869553565979004e-01 2.428429387509822845e-02 2.183536998927593231e-03 7.915359921753406525e-03
3.812726438045501709e-01 2.193748652935028076e-01 2.341844141483306885e-03 -2.840778231620788574e-01
3.856601417064666748e-01 2.421958744525909424e-02 -3.339712508022785187e-03 9.342774748802185059e-03
3.861445486545562744e-01 -1.708543151617050171e-01 -3.152857068926095963e-03 3.009701073169708252e-01
3.827274441719055176e-01 2.431243844330310822e-02 2.866545226424932480e-03 7.294509559869766235e-03
3.832136988639831543e-01 2.193931639194488525e-01 3.012435277923941612e-03 -2.844825983047485352e-01
3.876015543937683105e-01 2.422837726771831512e-02 -2.677216893061995506e-03 9.148894809186458588e-03
3.880861401557922363e-01 -1.708550751209259033e-01 -2.494239015504717827e-03 3.009859323501586914e-01
3.846690356731414795e-01 2.430233545601367950e-02 3.525479463860392570e-03 7.517412304878234863e-03
3.851550817489624023e-01 2.193735539913177490e-01 3.675827756524085999e-03 -2.840510904788970947e-01
3.895425498485565186e-01 2.419936284422874451e-02 -2.005194313824176788e-03 9.788889437913894653e-03
3.900265395641326904e-01 -1.708937734365463257e-01 -1.809416455216705799e-03 3.018384873867034912e-01
3.866086602210998535e-01 2.425391972064971924e-02 4.227353259921073914e-03 8.585451170802116394e-03
3.870937228202819824e-01 2.193149924278259277e-01 4.399062134325504303e-03 -2.827607095241546631e-01
3.914800286293029785e-01 2.413057163357734680e-02 -1.256151823326945305e-03 1.130641438066959381e-02
3.919626474380493164e-01 2.192705124616622925e-01 -1.030023558996617794e-03 -2.817725837230682373e-01
3.963480591773986816e-01 2.416327036917209625e-02 -6.665475200861692429e-03 1.058530528098344803e-02
3.968313336372375488e-01 -1.708624511957168579e-01 -6.453768815845251083e-03 3.011577725410461426e-01
3.934140801429748535e-01 2.435088157653808594e-02 -4.306137561798095703e-04 6.446457933634519577e-03
3.939010798931121826e-01 2.194790095090866089e-01 -3.016846021637320518e-04 -2.863723039627075195e-01
3.982906639575958252e-01 2.436135895550251007e-02 -6.029130425304174423e-03 6.215461064130067825e-03
3.987779021263122559e-01 -1.706736087799072266e-01 -5.904821213334798813e-03 2.969900369644165039e-01
3.953644335269927979e-01 2.453201822936534882e-02 3.497942088870331645e-05 2.450699219480156898e-03
3.958550691604614258e-01 2.196534723043441772e-01 8.399340731557458639e-05 -2.902211844921112061e-01
4.002481400966644287e-01 2.453031763434410095e-02 -5.720430519431829453e-03 2.488225232809782028e-03
4.007387459278106689e-01 -1.705091297626495361e-01 -5.670665763318538666e-03 2.933607995510101318e-01
3.973285555839538574e-01 2.469321154057979584e-02 1.965503179235383868e-04 -1.105157425627112389e-03
3.978224098682403564e-01 -1.704315543174743652e-01 1.744471810525283217e-04 2.916397750377655029e-01
3.944137990474700928e-01 2.468790486454963684e-02 6.007242482155561447e-03 -9.881262667477130890e-04
3.949075639247894287e-01 2.197231948375701904e-01 5.987480282783508301e-03 -2.917696535587310791e-01
3.993020057678222656e-01 2.451638132333755493e-02 1.520870428066700697e-04 2.795616397634148598e-03
3.997923433780670166e-01 2.196361571550369263e-01 2.079993719235062599e-04 -2.898393273353576660e-01
4.041850566864013672e-01 2.451123483479022980e-02 -5.588787142187356949e-03 2.909199101850390434e-03
4.046753048896789551e-01 -1.705301254987716675e-01 -5.530603229999542236e-03 2.938235700130462646e-01
4.012646973133087158e-01 2.467024326324462891e-02 3.458682913333177567e-04 -5.984879098832607269e-04
4.017581045627593994e-01 2.197872251272201538e-01 3.338985552545636892e-04 -2.931722700595855713e-01
4.061538279056549072e-01 2.466052211821079254e-02 -5.529546644538640976e-03 -3.840537974610924721e-04
4.066470563411712646e-01 -1.703816950321197510e-01 -5.537227727472782135e-03 2.905491292476654053e-01
4.032394289970397949e-01 2.481877431273460388e-02 2.737544418778270483e-04 -3.875032300129532814e-03
4.037357866764068604e-01 2.199368029832839966e-01 1.962537789950147271e-04 -2.964715659618377686e-01
4.081345200538635254e-01 2.481205016374588013e-02 -5.733177531510591507e-03 -3.726758062839508057e-03
4.086307585239410400e-01 -1.702272146940231323e-01 -5.807712674140930176e-03 2.871417701244354248e-01
4.052262306213378906e-01 2.497708052396774292e-02 -6.487721839221194386e-05 -7.367175538092851639e-03
4.057257771492004395e-01 -1.701439470052719116e-01 -2.122207224601879716e-04 2.852952778339385986e-01
4.023228883743286133e-01 2.498103678226470947e-02 5.493684671819210052e-03 -7.454571314156055450e-03
4.028224945068359375e-01 2.200237661600112915e-01 5.344593431800603867e-03 -2.983991205692291260e-01
4.072229862213134766e-01 2.482604421675205231e-02 -6.233889725990593433e-04 -4.035411868244409561e-03
4.077194929122924805e-01 -1.702869534492492676e-01 -7.040972122922539711e-04 2.884507775306701660e-01
4.043137729167938232e-01 2.484502457082271576e-02 5.064918193966150284e-03 -4.454146604984998703e-03
4.048106670379638672e-01 2.198939770460128784e-01 4.975834861397743225e-03 -2.955347299575805664e-01
4.092085361480712891e-01 2.470143884420394897e-02 -9.348596213385462761e-04 -1.286671613343060017e-03
4.097025692462921143e-01 2.198367863893508911e-01 -9.605930536054074764e-04 -2.942644059658050537e-01
4.140993058681488037e-01 2.472854219377040863e-02 -6.845881231129169464e-03 -1.884596305899322033e-03
4.145938754081726074e-01 -1.702945679426193237e-01 -6.883573252707719803e-03 2.886305451393127441e-01
4.111879765987396240e-01 2.492486871778964996e-02 -1.110962592065334320e-03 -6.215431727468967438e-03
4.116864800453186035e-01 -1.701811254024505615e-01 -1.235271221958100796e-03 2.861167788505554199e-01
4.082828760147094727e-01 2.495841495692729950e-02 4.487064201384782791e-03 -6.955499760806560516e-03
4.087820351123809814e-01 2.200157344341278076e-01 4.347953945398330688e-03 -2.982193231582641602e-01
4.131823480129241943e-01 2.483206987380981445e-02 -1.616432564333081245e-03 -4.168316721916198730e-03
4.136789739131927490e-01 -1.702666580677032471e-01 -1.699798856861889362e-03 2.880041599273681641e-01
4.102736413478851318e-01 2.487948723137378693e-02 4.060284700244665146e-03 -5.214374978095293045e-03
4.107712507247924805e-01 2.199429720640182495e-01 3.955997060984373093e-03 -2.966134846210479736e-01
4.151701033115386963e-01 2.476485073566436768e-02 -1.976272324100136757e-03 -2.685519168153405190e-03
4.156653881072998047e-01 -1.703287065029144287e-01 -2.029982861131429672e-03 2.893732190132141113e-01
4.122588336467742920e-01 2.482213824987411499e-02 3.757481463253498077e-03 -3.949255682528018951e-03
4.127552807331085205e-01 2.198899984359741211e-01 3.678496461361646652e-03 -2.954442799091339111e-01
4.171530604362487793e-01 2.471579983830451965e-02 -2.230389276519417763e-03 -1.603493117727339268e-03
4.176473915576934814e-01 2.198696732521057129e-01 -2.262459136545658112e-03 -2.949892878532409668e-01
4.220447838306427002e-01 2.478004433214664459e-02 -8.162245154380798340e-03 -3.020775970071554184e-03
4.225403666496276855e-01 -1.702239066362380981e-01 -8.222660981118679047e-03 2.870757281780242920e-01
4.191358983516693115e-01 2.501434087753295898e-02 -2.481146249920129776e-03 -8.189172483980655670e-03
4.196361899375915527e-01 -1.700719445943832397e-01 -2.644929569214582443e-03 2.837098836898803711e-01
4.162347614765167236e-01 2.508763596415519714e-02 3.029268234968185425e-03 -9.806056506931781769e-03
4.167365133762359619e-01 2.201660126447677612e-01 2.833147067576646805e-03 -3.015316724777221680e-01
4.211398065090179443e-01 2.500379644334316254e-02 -3.197486512362957001e-03 -7.956581190228462219e-03
4.216398894786834717e-01 -1.700721532106399536e-01 -3.356618108227849007e-03 2.837157845497131348e-01
4.182384610176086426e-01 2.509751170873641968e-02 2.317697741091251373e-03 -1.002390589565038681e-02
4.187403917312622070e-01 2.201861441135406494e-01 2.117219613865017891e-03 -3.019746840000152588e-01
4.231441318988800049e-01 2.503408491611480713e-02 -3.922273870557546616e-03 -8.624770678579807281e-03
4.236448109149932861e-01 -1.700313985347747803e-01 -4.094769246876239777e-03 2.828180491924285889e-01
4.202441871166229248e-01 2.514872141182422638e-02 1.561591867357492447e-03 -1.115352381020784378e-02
4.207471609115600586e-01 2.202482372522354126e-01 1.338521367870271206e-03 -3.033433556556701660e-01
4.251521229743957520e-01 2.510724030435085297e-02 -4.728345666080713272e-03 -1.023857481777667999e-02
4.256542623043060303e-01 -1.699465811252593994e-01 -4.933116957545280457e-03 2.809487581253051758e-01
4.222553372383117676e-01 2.524538896977901459e-02 6.858581909909844398e-04 -1.328596472740173340e-02
4.227602481842041016e-01 2.203574925661087036e-01 4.201389092486351728e-04 -3.057524263858795166e-01
4.271673858165740967e-01 2.522956021130084991e-02 -5.694909486919641495e-03 -1.293701771646738052e-02
4.276719689369201660e-01 -1.698102504014968872e-01 -5.953649990260601044e-03 2.779436707496643066e-01
4.242757856845855713e-01 2.539612166583538055e-02 -3.947763470932841301e-04 -1.661106944084167480e-02
4.247837066650390625e-01 -1.697201728820800781e-01 -7.269977941177785397e-04 2.759472727775573730e-01
4.213892817497253418e-01 2.541214972734451294e-02 4.791947547346353531e-03 -1.696486026048660278e-02
4.218975305557250977e-01 2.204650491476058960e-01 4.452650435268878937e-03 -3.081320226192474365e-01
4.263068437576293945e-01 2.527993917465209961e-02 -1.709989970549941063e-03 -1.404818613082170486e-02
4.268124401569366455e-01 -1.698174476623535156e-01 -1.990953693166375160e-03 2.780947387218475342e-01
4.234160780906677246e-01 2.533285133540630341e-02 3.570940811187028885e-03 -1.521547790616750717e-02
4.239227473735809326e-01 2.204034030437469482e-01 3.266631159931421280e-03 -3.067695796489715576e-01
4.283308088779449463e-01 2.523506246507167816e-02 -2.868760609999299049e-03 -1.305824797600507736e-02
4.288355112075805664e-01 -1.698456257581710815e-01 -3.129925578832626343e-03 2.787181735038757324e-01
4.254386126995086670e-01 2.532083168625831604e-02 2.444437937811017036e-03 -1.495028380304574966e-02
4.259450137615203857e-01 2.204076349735260010e-01 2.145432168617844582e-03 -3.068609535694122314e-01
4.303531646728515625e-01 2.525518462061882019e-02 -3.991786856204271317e-03 -1.350219175219535828e-02
4.308582842350006104e-01 -1.698092967271804810e-01 -4.261830821633338928e-03 2.779186069965362549e-01
4.274621009826660156e-01 2.537319809198379517e-02 1.296541304327547550e-03 -1.610544137656688690e-02
4.279695451259613037e-01 2.204765379428863525e-01 9.744325070641934872e-04 -3.083790242671966553e-01
4.323790967464447021e-01 2.534070983529090881e-02 -5.193147808313369751e-03 -1.538893487304449081e-02
4.328858852386474609e-01 -1.697063893079757690e-01 -5.500926636159420013e-03 2.756509780883789062e-01
4.294917583465576172e-01 2.549361996352672577e-02 1.209315814776346087e-05 -1.876185648143291473e-02
4.300016462802886963e-01 -1.696285009384155273e-01 -3.631439758464694023e-04 2.739248871803283691e-01
4.266090691089630127e-01 2.549862489104270935e-02 5.115353502333164215e-03 -1.887255534529685974e-02
4.271190464496612549e-01 2.205468416213989258e-01 4.737902432680130005e-03 -3.099371492862701416e-01
4.315299987792968750e-01 2.535771019756793976e-02 -1.460840343497693539e-03 -1.576379686594009399e-02
4.320371448993682861e-01 -1.697432547807693481e-01 -1.776116318069398403e-03 2.764578461647033691e-01
4.286422729492187500e-01 2.540398575365543365e-02 3.753040917217731476e-03 -1.678472384810447693e-02
4.291503429412841797e-01 2.204719185829162598e-01 3.417346393689513206e-03 -3.082811534404754639e-01
4.335598051548004150e-01 2.530143596231937408e-02 -2.748276805505156517e-03 -1.452246028929948807e-02
4.340658187866210938e-01 -1.697809994220733643e-01 -3.038726048544049263e-03 2.772920727729797363e-01
4.306702017784118652e-01 2.538417652249336243e-02 2.507115714251995087e-03 -1.634770072996616364e-02
4.311778843402862549e-01 2.204700857400894165e-01 2.180161653086543083e-03 -3.082385361194610596e-01
4.355872869491577148e-01 2.531713619828224182e-02 -3.984609153121709824e-03 -1.486885733902454376e-02
4.360936284065246582e-01 -1.697474420070648193e-01 -4.281986504793167114e-03 2.765542268753051758e-01
4.326986670494079590e-01 2.543533407151699066e-02 1.249097869731485844e-03 -1.747616566717624664e-02
4.332073926925659180e-01 2.205393463373184204e-01 8.995745447464287281e-04 -3.097647130489349365e-01
4.376181662082672119e-01 2.540459297597408295e-02 -5.295719951391220093e-03 -1.679823361337184906e-02
4.381262660026550293e-01 -1.696410179138183594e-01 -5.631684791296720505e-03 2.742091417312622070e-01
4.347334504127502441e-01 2.556083723902702332e-02 -1.475018798373639584e-04 -2.024470083415508270e-02
4.352446496486663818e-01 -1.695590019226074219e-01 -5.523958825506269932e-04 2.723916769027709961e-01
4.318534731864929199e-01 2.557083033025264740e-02 4.895437974482774734e-03 -2.046542055904865265e-02
4.323649108409881592e-01 2.206222414970397949e-01 4.486129153519868851e-03 -3.115997612476348877e-01
4.367773532867431641e-01 2.543666027486324310e-02 -1.745866029523313046e-03 -1.750543341040611267e-02
4.372860789299011230e-01 -1.696602106094360352e-01 -2.095974748954176903e-03 2.746261358261108398e-01
4.338928759098052979e-01 2.549158409237861633e-02 3.396548097953200340e-03 -1.871712133288383484e-02
4.344027042388916016e-01 2.205646634101867676e-01 3.022205783054232597e-03 -3.103264570236206055e-01
4.388139843940734863e-01 2.539977990090847015e-02 -3.184323664754629135e-03 -1.669195666909217834e-02
4.393219947814941406e-01 -1.696763634681701660e-01 -3.518162760883569717e-03 2.749845683574676514e-01
4.359284639358520508e-01 2.549561113119125366e-02 1.981528941541910172e-03 -1.880590058863162994e-02
4.364383816719055176e-01 2.205890864133834839e-01 1.605410943739116192e-03 -3.108629882335662842e-01
4.408501684665679932e-01 2.544430084526538849e-02 -4.611848387867212296e-03 -1.767417974770069122e-02
4.413590431213378906e-01 -1.696112006902694702e-01 -4.965332336723804474e-03 2.735500931739807129e-01
4.379668235778808594e-01 2.558123879134654999e-02 5.056697409600019455e-04 -2.069476619362831116e-02
4.384784400463104248e-01 2.206959277391433716e-01 9.177439642371609807e-05 -3.132181167602539062e-01
4.428923726081848145e-01 2.557267434895038605e-02 -6.172587629407644272e-03 -2.050623856484889984e-02
4.434038102626800537e-01 -1.694602072238922119e-01 -6.582712288945913315e-03 2.702227830886840820e-01
4.400146007537841797e-01 2.575505338609218597e-02 -1.178256585262715816e-03 -2.452906593680381775e-02
4.405297040939331055e-01 -1.693499833345413208e-01 -1.668837969191372395e-03 2.677818834781646729e-01
4.371426999568939209e-01 2.579574659466743469e-02 3.686799434944987297e-03 -2.542694844305515289e-02
4.376586377620697021e-01 2.208646386861801147e-01 3.178260521963238716e-03 -3.169443607330322266e-01
4.420759081840515137e-01 2.569755725562572479e-02 -3.160626860335469246e-03 -2.326082997024059296e-02
4.425898790359497070e-01 -1.693789213895797729e-01 -3.625843441113829613e-03 2.684231996536254883e-01
4.392023086547851562e-01 2.579458244144916534e-02 1.742620719596743584e-03 -2.540112286806106567e-02
4.397181868553161621e-01 2.208915054798126221e-01 1.234598224982619286e-03 -3.175337314605712891e-01
4.441360235214233398e-01 2.575198560953140259e-02 -5.116076208651065826e-03 -2.446170523762702942e-02
4.446510672569274902e-01 -1.692962199449539185e-01 -5.605310201644897461e-03 2.666026651859283447e-01
4.412651360034942627e-01 2.590527571737766266e-02 -2.732571447268128395e-04 -2.784294262528419495e-02
4.417832493782043457e-01 -1.692127585411071777e-01 -8.301159832626581192e-04 2.647537589073181152e-01
4.383989870548248291e-01 2.592103555798530579e-02 4.464959260076284409e-03 -2.819088101387023926e-02
4.389173984527587891e-01 2.209786772727966309e-01 3.901141462847590446e-03 -3.194617331027984619e-01
4.433369636535644531e-01 2.580137923359870911e-02 -2.488092985004186630e-03 -2.555108256638050079e-02
4.438529908657073975e-01 -1.692848056554794312e-01 -2.999114803969860077e-03 2.663457989692687988e-01
4.404672980308532715e-01 2.587982267141342163e-02 2.327800961211323738e-03 -2.728157676756381989e-02
4.409849047660827637e-01 2.209683209657669067e-01 1.782169449143111706e-03 -3.192291557788848877e-01
4.454042613506317139e-01 2.582102827727794647e-02 -4.602413624525070190e-03 -2.598472312092781067e-02
4.459207057952880859e-01 -1.692346185445785522e-01 -5.122107919305562973e-03 2.652425467967987061e-01
4.425359964370727539e-01 2.596006169915199280e-02 1.827429368859156966e-04 -2.905153110623359680e-02
4.430552124977111816e-01 -1.691645085811614990e-01 -3.982876951340585947e-04 2.636890411376953125e-01
4.396719038486480713e-01 2.596312575042247772e-02 4.875493235886096954e-03 -2.911947667598724365e-02
4.401911795139312744e-01 2.210148274898529053e-01 4.293103702366352081e-03 -3.202601671218872070e-01
4.446114599704742432e-01 2.583199366927146912e-02 -2.112099435180425644e-03 -2.622644230723381042e-02
4.451281130313873291e-01 -1.692596077919006348e-01 -2.636628225445747375e-03 2.657893598079681396e-01
4.417429268360137939e-01 2.589987777173519135e-02 2.679158700630068779e-03 -2.772402949631214142e-02
4.422609210014343262e-01 2.209833115339279175e-01 2.124678110703825951e-03 -3.195604383945465088e-01
4.466805756092071533e-01 2.583115920424461365e-02 -4.266530741006135941e-03 -2.620823681354522705e-02
4.471971988677978516e-01 -1.692293435335159302e-01 -4.790695849806070328e-03 2.651255130767822266e-01
4.438126087188720703e-01 2.596065215766429901e-02 5.118144908919930458e-04 -2.906459383666515350e-02
4.443318247795104980e-01 -1.691686362028121948e-01 -6.947742076590657234e-05 2.637797594070434570e-01
4.409484565258026123e-01 2.595430798828601837e-02 5.206117872148752213e-03 -2.892506867647171021e-02
4.414675533771514893e-01 2.210012078285217285e-01 4.627616610378026962e-03 -3.199608623981475830e-01
4.458875656127929688e-01 2.581366524100303650e-02 -1.771600800566375256e-03 -2.582216821610927582e-02
4.464038312435150146e-01 -1.692828387022018433e-01 -2.288044197484850883e-03 2.663012742996215820e-01
4.430181980133056641e-01 2.587169781327247620e-02 3.037981223315000534e-03 -2.710244432091712952e-02
4.435356259346008301e-01 2.209499478340148926e-01 2.495932392776012421e-03 -3.188253045082092285e-01
