3.064500913023948669e-02 1.469940692186355591e-02 -3.869106248021125793e-02 -4.322815686464309692e-02
3.093899786472320557e-02 -1.798469871282577515e-01 -3.955562785267829895e-02 2.370006889104843140e-01
2.734205685555934906e-02 -3.743821382522583008e-01 -3.481561318039894104e-02 5.169488787651062012e-01
1.985441520810127258e-02 -1.787877082824707031e-01 -2.447663620114326477e-02 2.135012745857238770e-01
1.627865992486476898e-02 -3.735513091087341309e-01 -2.020660974085330963e-02 4.983637630939483643e-01
8.807634003460407257e-03 -1.781503856182098389e-01 -1.023933477699756622e-02 1.993818730115890503e-01
5.244626663625240326e-03 -3.731243908405303955e-01 -6.251696962863206863e-03 4.888172447681427002e-01
-2.217861590906977654e-03 -1.779148131608963013e-01 3.524648025631904602e-03 1.941706091165542603e-01
-5.776158068329095840e-03 1.715654134750366211e-02 7.408060133457183838e-03 -9.739837050437927246e-02
-5.433027166873216629e-03 -1.780707985162734985e-01 5.460092797875404358e-03 1.976125538349151611e-01
-8.994443342089653015e-03 1.697263494133949280e-02 9.412343613803386688e-03 -9.334297478199005127e-02
-8.654990233480930328e-03 -1.782829463481903076e-01 7.545484229922294617e-03 2.022946178913116455e-01
-1.222064904868602753e-02 1.673028059303760529e-02 1.159137673676013947e-02 -8.799854665994644165e-02
-1.188604347407817841e-02 -1.785558909177780151e-01 9.831405244767665863e-03 2.083188146352767944e-01
-1.545716170221567154e-02 1.642411574721336365e-02 1.399778202176094055e-02 -8.124666661024093628e-02
-1.512867864221334457e-02 -1.788956671953201294e-01 1.237284857779741287e-02 2.158195227384567261e-01
-1.870659179985523224e-02 1.604723557829856873e-02 1.668923906981945038e-02 -7.293493300676345825e-02
-1.838564686477184296e-02 -1.793099492788314819e-01 1.523054018616676331e-02 2.249664515256881714e-01
-2.197184599936008453e-02 1.559104863554239273e-02 1.972986944019794464e-02 -6.287354230880737305e-02
-2.166002616286277771e-02 2.104246467351913452e-01 1.847239769995212555e-02 -3.492668569087982178e-01
-1.745153218507766724e-02 1.504490990191698074e-02 1.148706115782260895e-02 -5.081667006015777588e-02
-1.715063489973545074e-02 -1.802398562431335449e-01 1.047072745859622955e-02 2.454682737588882446e-01
-2.075543254613876343e-02 1.473099365830421448e-02 1.538009289652109146e-02 -4.389363154768943787e-02
-2.046081237494945526e-02 2.096290588378906250e-01 1.450222078710794449e-02 -3.316845893859863281e-01
-1.626823097467422485e-02 1.430371962487697601e-02 7.868529297411441803e-03 -3.446387872099876404e-02
-1.598215661942958832e-02 -1.809301823377609253e-01 7.179251406341791153e-03 2.606912255287170410e-01
-1.960076019167900085e-02 1.408855523914098740e-02 1.239307597279548645e-02 -2.971865423023700714e-02
-1.931898854672908783e-02 2.090306133031845093e-01 1.179870311170816422e-02 -3.184657990932464600e-01
-1.513837650418281555e-02 1.374262012541294098e-02 5.429386626929044724e-03 -2.208547666668891907e-02
-1.486352458596229553e-02 -1.814567744731903076e-01 4.987677093595266342e-03 2.723055183887481689e-01
-1.849265955388545990e-02 1.359365601092576981e-02 1.043378747999668121e-02 -1.880010403692722321e-02
-1.822078600525856018e-02 2.085644304752349854e-01 1.005778554826974869e-02 -3.081728816032409668e-01
-1.404949743300676346e-02 1.330062560737133026e-02 3.894328139722347260e-03 -1.233503688126802444e-02
-1.378348562866449356e-02 -1.818769574165344238e-01 3.647627308964729309e-03 2.815740406513214111e-01
-1.742102392017841339e-02 1.319277286529541016e-02 9.279108606278896332e-03 -9.956202469766139984e-03
-1.715716905891895294e-02 2.081804275512695312e-01 9.079984389245510101e-03 -2.996970713138580322e-01
-1.299356017261743546e-02 1.293023768812417984e-02 3.086042823269963264e-03 -4.164383281022310257e-03
-1.273495610803365707e-02 -1.822358369827270508e-01 3.002755111083388329e-03 2.894906401634216309e-01
-1.637967303395271301e-02 1.284316834062337875e-02 8.792567998170852661e-03 -2.243750961497426033e-03
-1.612280867993831635e-02 2.078379243612289429e-01 8.747692219913005829e-03 -2.921395897865295410e-01
-1.196605060249567032e-02 1.259234733879566193e-02 2.904900582507252693e-03 3.289352403953671455e-03
-1.171420328319072723e-02 -1.825711429119110107e-01 2.970687579363584518e-03 2.968873977661132812e-01
-1.536562666296958923e-02 1.250833272933959961e-02 8.908435702323913574e-03 5.142849870026111603e-03
-1.511545944958925247e-02 2.075013965368270874e-01 9.011292830109596252e-03 -2.847160995006561279e-01
-1.096543204039335251e-02 1.225209236145019531e-02 3.316970542073249817e-03 1.079525519162416458e-02
-1.072038989514112473e-02 -1.829172670841217041e-01 3.532875794917345047e-03 3.045228719711303711e-01
-1.437873579561710358e-02 1.215415541082620621e-02 9.623332880437374115e-03 1.295622717589139938e-02
-1.413565222173929214e-02 2.071367800235748291e-01 9.882457554340362549e-03 -2.766749560832977295e-01
-9.992917068302631378e-03 1.187524478882551193e-02 4.348958842456340790e-03 1.910844445228576660e-02
-9.755412116646766663e-03 2.069345563650131226e-01 4.731127526611089706e-03 -2.721991539001464844e-01
-5.616720765829086304e-03 1.174541842192411423e-02 -7.128557772375643253e-04 2.197221107780933380e-02
-5.381812341511249542e-03 -1.833662986755371094e-01 -2.734115696512162685e-04 3.144301474094390869e-01
-9.049138054251670837e-03 1.175954286009073257e-02 6.015191320329904556e-03 2.166099846363067627e-02
-8.813947439193725586e-03 2.067947089672088623e-01 6.448411382734775543e-03 -2.691180109977722168e-01
-4.678052850067615509e-03 1.158133707940578461e-02 1.066050957888364792e-03 2.559178695082664490e-02
-4.446426406502723694e-03 -1.835558861494064331e-01 1.577886636368930340e-03 3.186108767986297607e-01
-8.117544464766979218e-03 1.154355704784393311e-02 7.950103841722011566e-03 2.642597258090972900e-02
-7.886673323810100555e-03 2.065505981445312500e-01 8.478623814880847931e-03 -2.637380361557006836e-01
-3.755660960450768471e-03 1.130866073071956635e-02 3.203862812370061874e-03 3.160702437162399292e-02
-3.529487643390893936e-03 2.063845247030258179e-01 3.836003364995121956e-03 -2.600633203983306885e-01
5.982027505524456501e-04 1.120802015066146851e-02 -1.365263247862458229e-03 3.382705152034759521e-02
8.223631302826106548e-04 -1.838943213224411011e-01 -6.887222407385706902e-04 3.260789215564727783e-01
-2.855523489415645599e-03 1.123742386698722839e-02 5.832856055349111557e-03 3.317886963486671448e-02
-2.630774863064289093e-03 2.062752395868301392e-01 6.496433168649673462e-03 -2.576580345630645752e-01
1.494730007834732533e-03 1.106115244328975677e-02 1.343272626399993896e-03 3.706686198711395264e-02
1.715953112579882145e-03 -1.840800344944000244e-01 2.084609819576144218e-03 3.301733136177062988e-01
-1.965647563338279724e-03 1.101217884570360184e-02 8.688075467944145203e-03 3.814849257469177246e-02
-1.745404093526303768e-03 2.060084789991378784e-01 9.451045654714107513e-03 -2.517806589603424072e-01
2.374765463173389435e-03 1.075284834951162338e-02 4.415432922542095184e-03 4.386827349662780762e-02
2.589822281152009964e-03 2.058112025260925293e-01 5.292798392474651337e-03 -2.474182844161987305e-01
6.706046406179666519e-03 1.061406638473272324e-02 3.444327739998698235e-04 4.692940786480903625e-02
6.918327882885932922e-03 -1.845128238201141357e-01 1.283020945265889168e-03 3.397209942340850830e-01
3.228071378543972969e-03 1.059084944427013397e-02 8.077440783381462097e-03 4.744292795658111572e-02
3.439888358116149902e-03 2.055960446596145630e-01 9.026299230754375458e-03 -2.426805943250656128e-01
7.551809307187795639e-03 1.034633815288543701e-02 4.172687418758869171e-03 5.283574387431144714e-02
7.758736144751310349e-03 2.054082155227661133e-01 5.229402333498001099e-03 -2.385277450084686279e-01
1.186690013855695724e-02 1.021194458007812500e-02 4.588472074829041958e-04 5.580008029937744141e-02
1.207113917917013168e-02 -1.849165856838226318e-01 1.574848894961178303e-03 3.486277461051940918e-01
8.372807875275611877e-03 1.018293388187885284e-02 8.547403849661350250e-03 5.644183605909347534e-02
8.576466701924800873e-03 2.051812857389450073e-01 9.676240384578704834e-03 -2.335321158170700073e-01
1.268009189516305923e-02 9.922431781888008118e-03 5.005598068237304688e-03 6.218723952770233154e-02
1.287854090332984924e-02 2.049722522497177124e-01 6.249343045055866241e-03 -2.289121896028518677e-01
1.697798632085323334e-02 9.761561639606952667e-03 1.671099103987216949e-03 6.573542952537536621e-02
1.717321760952472687e-02 2.048595100641250610e-01 2.985807601362466812e-03 -2.264197915792465210e-01
2.127040736377239227e-02 9.695018641650676727e-03 -1.542588230222463608e-03 6.720346957445144653e-02
2.146430686116218567e-02 -1.854047775268554688e-01 -1.985187700483947992e-04 3.593993186950683594e-01
1.775621250271797180e-02 9.719990193843841553e-03 6.989467423409223557e-03 6.665378808975219727e-02
1.795061118900775909e-02 2.047410458326339722e-01 8.322543464601039886e-03 -2.238157540559768677e-01
2.204543352127075195e-02 9.501132182776927948e-03 3.846228122711181641e-03 7.148076593875885010e-02
2.223545499145984650e-02 2.045677304267883301e-01 5.275843199342489243e-03 -2.199861854314804077e-01
2.632680907845497131e-02 9.370764717459678650e-03 8.761197095736861229e-04 7.435628771781921387e-02
2.651422470808029175e-02 -1.857637315988540649e-01 2.363245468586683273e-03 3.673155009746551514e-01
2.279894985258579254e-02 9.324554353952407837e-03 9.709555655717849731e-03 7.537867873907089233e-02
2.298544161021709442e-02 2.043059766292572021e-01 1.121712941676378250e-02 -2.142250984907150269e-01
2.707156166434288025e-02 9.025466628372669220e-03 6.932626944035291672e-03 8.197499811649322510e-02
2.725207060575485229e-02 2.040473520755767822e-01 8.572126738727092743e-03 -2.085126340389251709e-01
3.133301809430122375e-02 8.803887292742729187e-03 4.401874262839555740e-03 8.686199039220809937e-02
3.150909394025802612e-02 2.038624733686447144e-01 6.139114033430814743e-03 -2.044288963079452515e-01
3.558634594082832336e-02 8.653261698782444000e-03 2.050535986199975014e-03 9.018427878618240356e-02
3.575940802693367004e-02 2.037457674741744995e-01 3.854221664369106293e-03 -2.018509954214096069e-01
3.983432427048683167e-02 8.568901568651199341e-03 -1.827984087867662311e-04 9.204525500535964966e-02
4.000570252537727356e-02 -1.865504235029220581e-01 1.658106688410043716e-03 3.846704959869384766e-01
3.627469390630722046e-02 8.547942154109477997e-03 9.351517073810100555e-03 9.251083433628082275e-02
3.644565492868423462e-02 2.035346180200576782e-01 1.120173372328281403e-02 -1.972070932388305664e-01
4.051634669303894043e-02 8.254248648881912231e-03 7.257591467350721359e-03 9.898833185434341431e-02
4.068142920732498169e-02 2.032714337110519409e-01 9.237358346581459045e-03 -1.913960427045822144e-01
4.474686086177825928e-02 8.018564432859420776e-03 5.409437697380781174e-03 1.041865199804306030e-01
4.490723088383674622e-02 2.030625790357589722e-01 7.493168115615844727e-03 -1.867848485708236694e-01
4.896848276257514954e-02 7.834224961698055267e-03 3.757470985874533653e-03 1.082524284720420837e-01
4.912516847252845764e-02 2.029021233320236206e-01 5.922519601881504059e-03 -1.832426637411117554e-01
5.318320915102958679e-02 7.695938460528850555e-03 2.257666084915399551e-03 1.113026887178421021e-01
5.333712697029113770e-02 2.027854621410369873e-01 4.483719822019338608e-03 -1.806671023368835449e-01
5.739283561706542969e-02 7.599642500281333923e-03 8.703779312781989574e-04 1.134269014000892639e-01
5.754483118653297424e-02 -1.875347644090652466e-01 3.138915868476033211e-03 4.063842892646789551e-01
5.379413440823554993e-02 7.542530540376901627e-03 1.126660220324993134e-02 1.146926283836364746e-01
5.394498631358146667e-02 2.025012522935867310e-01 1.356045436114072800e-02 -1.744145750999450684e-01
5.799501016736030579e-02 7.187875919044017792e-03 1.007216330617666245e-02 1.225152015686035156e-01
5.813876911997795105e-02 2.021640837192535400e-01 1.252246741205453873e-02 -1.669731140136718750e-01
6.218205019831657410e-02 6.865145638585090637e-03 9.183004498481750488e-03 1.296338289976119995e-01
6.231935322284698486e-02 2.018543481826782227e-01 1.177568174898624420e-02 -1.601378768682479858e-01
6.635644286870956421e-02 6.565813906490802765e-03 8.572923950850963593e-03 1.362365931272506714e-01
6.648775935173034668e-02 2.015639245510101318e-01 1.129765529185533524e-02 -1.537294238805770874e-01
7.051903754472732544e-02 6.282051559537649155e-03 8.223067037761211395e-03 1.424961388111114502e-01
7.064467668533325195e-02 2.012852728366851807e-01 1.107298955321311951e-02 -1.475812494754791260e-01
7.467038184404373169e-02 6.006521172821521759e-03 8.121364749968051910e-03 1.485743075609207153e-01
7.479051500558853149e-02 2.010112404823303223e-01 1.109285093843936920e-02 -1.415354609489440918e-01
7.881073653697967529e-02 5.732188466936349869e-03 8.262141607701778412e-03 1.546263247728347778e-01
7.892537862062454224e-02 2.007348686456680298e-01 1.135466806590557098e-02 -1.354386806488037109e-01
8.294007927179336548e-02 5.452137906104326248e-03 8.645894937217235565e-03 1.608047485351562500e-01
8.304911851882934570e-02 2.004492580890655518e-01 1.186198927462100983e-02 -1.291381418704986572e-01
8.705810457468032837e-02 5.159402266144752502e-03 9.279226884245872498e-03 1.672633737325668335e-01
8.716129511594772339e-02 2.001473009586334229e-01 1.262449473142623901e-02 -1.224778369069099426e-01
9.116423875093460083e-02 4.846784751862287521e-03 1.017493754625320435e-02 1.741611063480377197e-01
9.126117825508117676e-02 1.998216509819030762e-01 1.365815941244363785e-02 -1.152946725487709045e-01
9.525761008262634277e-02 4.506684839725494385e-03 1.135226618498563766e-02 1.816658228635787964e-01
9.534773975610733032e-02 1.994643658399581909e-01 1.498558279126882553e-02 -1.074143648147583008e-01
9.933702647686004639e-02 4.130912944674491882e-03 1.283729542046785355e-02 1.899585127830505371e-01
9.941964596509933472e-02 1.990668773651123047e-01 1.663646660745143890e-02 -9.864728152751922607e-02
1.034009829163551331e-01 3.710495540872216225e-03 1.466352026909589767e-02 1.992376446723937988e-01
1.034751981496810913e-01 1.986196786165237427e-01 1.864827238023281097e-02 -8.878378570079803467e-02
1.074475869536399841e-01 3.235463984310626984e-03 1.687259785830974579e-02 2.097238600254058838e-01
1.075122952461242676e-01 1.981121450662612915e-01 2.106707356870174408e-02 -7.758925855159759521e-02
1.114745438098907471e-01 3.929258584976196289e-01 1.951528899371623993e-02 -3.635517060756683350e-01
1.193330585956573486e-01 1.975320577621459961e-01 1.224425528198480606e-02 -6.477969139814376831e-02
1.232836991548538208e-01 3.924763500690460205e-01 1.094866171479225159e-02 -3.535744845867156982e-01
1.311332285404205322e-01 1.972004324197769165e-01 3.877172013744711876e-03 -5.745931714773178101e-02
1.350772380828857422e-01 2.023098757490515709e-03 2.727985614910721779e-03 2.364443540573120117e-01
1.351176947355270386e-01 1.971059739589691162e-01 7.456872612237930298e-03 -5.537683144211769104e-02
1.390598118305206299e-01 3.921202123165130615e-01 6.349335890263319016e-03 -3.456977605819702148e-01
1.469022184610366821e-01 1.969085186719894409e-01 -5.646191420964896679e-04 -5.101943388581275940e-02
1.508403867483139038e-01 1.794668845832347870e-03 -1.585007761605083942e-03 2.414852976799011230e-01
1.508762836456298828e-01 1.969392299652099609e-01 3.244698047637939453e-03 -5.169716104865074158e-02
1.548150628805160522e-01 3.920145034790039062e-01 2.210754901170730591e-03 -3.433545827865600586e-01
1.626553535461425781e-01 1.968611627817153931e-01 -4.656337201595306396e-03 -4.997535049915313721e-02
1.665925830602645874e-01 1.806293381378054619e-03 -5.655844230204820633e-03 2.412348389625549316e-01
1.666287034749984741e-01 1.970085799694061279e-01 -8.311473648063838482e-04 -5.322672054171562195e-02
1.705688834190368652e-01 1.898554153740406036e-03 -1.895681838504970074e-03 2.391938567161560059e-01
1.706068515777587891e-01 1.970475316047668457e-01 2.888195449486374855e-03 -5.408641695976257324e-02
1.745478063821792603e-01 3.921279609203338623e-01 1.806466956622898579e-03 -3.458566963672637939e-01
1.823903620243072510e-01 1.969803571701049805e-01 -5.110667087137699127e-03 -5.260467529296875000e-02
1.863299608230590820e-01 1.932054525241255760e-03 -6.162760313600301743e-03 2.384614199399948120e-01
1.863686144351959229e-01 1.971414983272552490e-01 -1.393532031215727329e-03 -5.615902692079544067e-02
1.903114318847656250e-01 2.039559651166200638e-03 -2.516712527722120285e-03 2.360839098691940308e-01
1.903522312641143799e-01 1.971973776817321777e-01 2.204965567216277122e-03 -5.739180743694305420e-02
1.942961812019348145e-01 3.922876417636871338e-01 1.057129353284835815e-03 -3.493782281875610352e-01
2.021419256925582886e-01 1.971506774425506592e-01 -5.930435378104448318e-03 -5.636214837431907654e-02
2.060849368572235107e-01 2.114254515618085861e-03 -7.057678420096635818e-03 2.344437986612319946e-01
2.061272263526916504e-01 1.973363310098648071e-01 -2.368802437558770180e-03 -6.045696511864662170e-02
2.100739479064941406e-01 3.924921751022338867e-01 -3.577941795811057091e-03 -3.538863360881805420e-01
2.179238051176071167e-01 1.974212676286697388e-01 -1.065566856414079666e-02 -6.233376637101173401e-02
2.218722254037857056e-01 2.453705761581659317e-03 -1.190234348177909851e-02 2.269682735204696655e-01
2.219212949275970459e-01 1.977437138557434082e-01 -7.362978067249059677e-03 -6.944520026445388794e-02
2.258761674165725708e-01 2.728095278143882751e-03 -8.751882240176200867e-03 2.209056019783020020e-01
2.259307354688644409e-01 1.979740411043167114e-01 -4.333769902586936951e-03 -7.452512532472610474e-02
2.298902124166488647e-01 2.914489246904850006e-03 -5.824272520840167999e-03 2.167873382568359375e-01
2.299485057592391968e-01 1.981192082166671753e-01 -1.488525653257966042e-03 -7.772710919380187988e-02
2.339108884334564209e-01 3.932624757289886475e-01 -3.043067874386906624e-03 -3.708792924880981445e-01
2.417761385440826416e-01 1.981838941574096680e-01 -1.046065427362918854e-02 -7.915744185447692871e-02
2.457398176193237305e-01 3.213444259017705917e-03 -1.204380299896001816e-02 2.102068513631820679e-01
2.458040863275527954e-01 1.985055059194564819e-01 -7.839665748178958893e-03 -8.625079691410064697e-02
2.497742027044296265e-01 3.496809164062142372e-03 -9.564681909978389740e-03 2.039484232664108276e-01
2.498441338539123535e-01 1.987542212009429932e-01 -5.485713016241788864e-03 -9.173627942800521851e-02
2.538192272186279297e-01 3.711333265528082848e-03 -7.320438511669635773e-03 1.992108672857284546e-01
2.538934350013732910e-01 1.989372223615646362e-01 -3.336221212521195412e-03 -9.577229619026184082e-02
2.578721940517425537e-01 3.863241523504257202e-03 -5.251666996628046036e-03 1.958561986684799194e-01
2.579494416713714600e-01 1.990599185228347778e-01 -1.334543339908123016e-03 -9.847877174615859985e-02
2.619306445121765137e-01 3.957118373364210129e-03 -3.304118756204843521e-03 1.937828212976455688e-01
2.620097994804382324e-01 1.991261839866638184e-01 5.715375882573425770e-04 -9.994058310985565186e-02
2.659923136234283447e-01 3.942399322986602783e-01 -1.427274197340011597e-03 -3.924431502819061279e-01
2.738771140575408936e-01 1.991382688283920288e-01 -9.276136755943298340e-03 -1.002105548977851868e-01
2.778598666191101074e-01 4.150477237999439240e-03 -1.128034759312868118e-02 1.895314007997512817e-01
2.779428958892822266e-01 1.994319707155227661e-01 -7.489719893783330917e-03 -1.066885665059089661e-01
2.819315195083618164e-01 4.418153781443834305e-03 -9.623491205275058746e-03 1.836220026016235352e-01
2.820198833942413330e-01 1.996764689683914185e-01 -5.951051134616136551e-03 -1.120811700820922852e-01
2.860134243965148926e-01 4.640297498553991318e-03 -8.192674256861209869e-03 1.787183135747909546e-01
2.861062288284301758e-01 1.998785287141799927e-01 -4.618308506906032562e-03 -1.165378168225288391e-01
2.901037931442260742e-01 4.823048599064350128e-03 -6.949064787477254868e-03 1.746844947338104248e-01
2.902002632617950439e-01 2.000437527894973755e-01 -3.455374855548143387e-03 -1.201825067400932312e-01
2.942011356353759766e-01 4.971485119313001633e-03 -5.859024822711944580e-03 1.714082807302474976e-01
2.943005561828613281e-01 2.001768052577972412e-01 -2.430859487503767014e-03 -1.231172159314155579e-01
2.983041107654571533e-01 5.089762154966592789e-03 -4.893203731626272202e-03 1.687978059053421021e-01
2.984058856964111328e-01 2.002814114093780518e-01 -1.517247641459107399e-03 -1.254247575998306274e-01
3.024115264415740967e-01 5.181227810680866241e-03 -4.025742877274751663e-03 1.667791157960891724e-01
3.025151491165161133e-01 2.003605663776397705e-01 -6.901605520397424698e-04 -1.271710991859436035e-01
3.065223693847656250e-01 5.248515401035547256e-03 -3.233582479879260063e-03 1.652940064668655396e-01
3.066273331642150879e-01 2.004166096448898315e-01 7.229769107652828097e-05 -1.284072697162628174e-01
3.106356561183929443e-01 5.293618422001600266e-03 -2.495847642421722412e-03 1.642984747886657715e-01
3.107415437698364258e-01 2.004512101411819458e-01 7.901217904873192310e-04 -1.291707903146743774e-01
3.147505521774291992e-01 5.317947827279567719e-03 -1.793293864466249943e-03 1.637613177299499512e-01
3.148569166660308838e-01 2.004655301570892334e-01 1.481932355090975761e-03 -1.294868141412734985e-01
3.188662230968475342e-01 3.955662250518798828e-01 -1.107803778722882271e-03 -4.217018485069274902e-01
3.267775475978851318e-01 2.004599720239639282e-01 -9.541840292513370514e-03 -1.293683499097824097e-01
3.307867646217346191e-01 5.476004909723997116e-03 -1.212920807301998138e-02 1.602890342473983765e-01
3.308962583541870117e-01 2.007694840431213379e-01 -8.923427201807498932e-03 -1.361955404281616211e-01
3.349116742610931396e-01 5.776475183665752411e-03 -1.164733804762363434e-02 1.536588817834854126e-01
3.350271880626678467e-01 2.010632455348968506e-01 -8.574159815907478333e-03 -1.426756531000137329e-01
3.390484452247619629e-01 6.065131630748510361e-03 -1.142767351120710373e-02 1.472899913787841797e-01
3.391697704792022705e-01 2.013488560914993286e-01 -8.481873199343681335e-03 -1.489761173725128174e-01
3.431967496871948242e-01 6.349378731101751328e-03 -1.146139577031135559e-02 1.410189270973205566e-01
3.433237373828887939e-01 2.016335874795913696e-01 -8.641016669571399689e-03 -1.552577167749404907e-01
3.473564088344573975e-01 6.636418867856264114e-03 -1.174617093056440353e-02 1.346866786479949951e-01
3.474891185760498047e-01 2.019246369600296021e-01 -9.052437730133533478e-03 -1.616787165403366089e-01
3.515276014804840088e-01 6.933437660336494446e-03 -1.228601206094026566e-02 1.281347125768661499e-01
3.516662716865539551e-01 2.022292166948318481e-01 -9.723317809402942657e-03 -1.683988571166992188e-01
3.557108640670776367e-01 7.247783243656158447e-03 -1.309129502624273300e-02 1.212008669972419739e-01
3.558558225631713867e-01 2.025548219680786133e-01 -1.066727750003337860e-02 -1.755833178758621216e-01
3.599069118499755859e-01 7.587148807942867279e-03 -1.417894382029771805e-02 1.137154325842857361e-01
3.600586652755737305e-01 2.029093652963638306e-01 -1.190463546663522720e-02 -1.834069192409515381e-01
3.641168475151062012e-01 7.959760725498199463e-03 -1.557277422398328781e-02 1.054968908429145813e-01
3.642760515213012695e-01 2.033013701438903809e-01 -1.346283592283725739e-02 -1.920582205057144165e-01
3.683420717716217041e-01 8.374580182135105133e-03 -1.730399951338768005e-02 9.634752571582794189e-02
3.685095608234405518e-01 2.037402093410491943e-01 -1.537704933434724808e-02 -2.017441689968109131e-01
3.725843727588653564e-01 8.841514587402343750e-03 -1.941193267703056335e-02 8.604864031076431274e-02
3.727611899375915527e-01 -1.859968751668930054e-01 -1.769096031785011292e-02 3.725444078445434570e-01
3.690412640571594238e-01 9.371863678097724915e-03 -1.024007145315408707e-02 7.433629035949707031e-02
3.692286908626556396e-01 2.046391069889068604e-01 -8.753346279263496399e-03 -2.215597480535507202e-01
3.733214735984802246e-01 9.643360972404479980e-03 -1.318454090505838394e-02 6.834921240806579590e-02
3.735143542289733887e-01 -1.852871030569076538e-01 -1.181755680590867996e-02 3.568433523178100586e-01
3.698086142539978027e-01 1.000084541738033295e-02 -4.680689424276351929e-03 6.045760586857795715e-02
3.700086176395416260e-01 2.051896005868911743e-01 -3.471537493169307709e-03 -2.336984276771545410e-01
3.741124272346496582e-01 1.011741720139980316e-02 -8.145505562424659729e-03 5.788744613528251648e-02
3.743147552013397217e-01 2.053552120923995972e-01 -6.987757049500942230e-03 -2.373542785644531250e-01
3.784218728542327881e-01 1.033377926796674728e-02 -1.173484232276678085e-02 5.311634019017219543e-02
3.786285519599914551e-01 -1.846179664134979248e-01 -1.067251618951559067e-02 3.420738577842712402e-01
3.749361932277679443e-01 1.065419334918260574e-02 -3.831038717180490494e-03 4.604464024305343628e-02
3.751492798328399658e-01 2.058308720588684082e-01 -2.910146024078130722e-03 -2.478445470333099365e-01
3.792658746242523193e-01 1.075060013681650162e-02 -7.867037318646907806e-03 4.391903430223464966e-02
3.794808983802795410e-01 -1.842576563358306885e-01 -6.988656241446733475e-03 3.341094851493835449e-01
3.757957518100738525e-01 1.096305344253778458e-02 -3.064663033001124859e-04 3.923092037439346313e-02
3.760150074958801270e-01 2.060893923044204712e-01 4.781521274708211422e-04 -2.535486817359924316e-01
3.801367878913879395e-01 1.096062269061803818e-02 -4.592821467667818069e-03 3.928502276539802551e-02
3.803560137748718262e-01 2.061481326818466187e-01 -3.807120956480503082e-03 -2.548434436321258545e-01
3.844789564609527588e-01 1.108074653893709183e-02 -8.903989568352699280e-03 3.663622960448265076e-02
3.847005963325500488e-01 -1.839123964309692383e-01 -8.171265013515949249e-03 3.264966011047363281e-01
3.810223340988159180e-01 1.132493466138839722e-02 -1.641332986764609814e-03 3.124806657433509827e-02
3.812488317489624023e-01 2.064703851938247681e-01 -1.016371650621294975e-03 -2.619522809982299805e-01
3.853782415390014648e-01 1.136295683681964874e-02 -6.255417130887508392e-03 3.040991164743900299e-02
3.856055140495300293e-01 -1.836687326431274414e-01 -5.647218786180019379e-03 3.211126327514648438e-01
3.819321393966674805e-01 1.153318304568529129e-02 7.750340155325829983e-04 2.665416337549686432e-02
3.821627795696258545e-01 2.066440135240554810e-01 1.308117294684052467e-03 -2.657841444015502930e-01
3.862956762313842773e-01 1.150341425091028214e-02 -4.007565323263406754e-03 2.731109969317913055e-02
3.865257501602172852e-01 -1.835608333349227905e-01 -3.461343236267566681e-03 3.187268972396850586e-01
3.828545212745666504e-01 1.161024067550897598e-02 2.913194941356778145e-03 2.495441213250160217e-02
3.830867409706115723e-01 2.066902965307235718e-01 3.412283025681972504e-03 -2.668079435825347900e-01
3.872205317020416260e-01 1.151980832219123840e-02 -1.923875883221626282e-03 2.694928459823131561e-02
3.874509334564208984e-01 2.066693007946014404e-01 -1.384890172630548477e-03 -2.663400173187255859e-01
3.915843069553375244e-01 1.156713813543319702e-02 -6.711690686643123627e-03 2.590577304363250732e-02
3.918156623840332031e-01 -1.834579259157180786e-01 -6.193575449287891388e-03 3.164635598659515381e-01
3.881464898586273193e-01 1.175169833004474640e-02 1.356958237010985613e-04 2.183383889496326447e-02
3.883815407752990723e-01 2.068717032670974731e-01 5.723725771531462669e-04 -2.708062827587127686e-01
3.925189673900604248e-01 1.174158882349729538e-02 -4.843752831220626831e-03 2.205712907016277313e-02
3.927538096904754639e-01 -1.833105683326721191e-01 -4.402610473334789276e-03 3.132078647613525391e-01
3.890875875949859619e-01 1.187382824718952179e-02 1.861547119915485382e-03 1.913975551724433899e-02
3.893250524997711182e-01 2.069690376520156860e-01 2.244342351332306862e-03 -2.729552388191223145e-01
3.934644460678100586e-01 1.181512977927923203e-02 -3.214762778952717781e-03 2.043470367789268494e-02
3.937007486820220947e-01 -1.832605749368667603e-01 -2.806068630889058113e-03 3.121016025543212891e-01
3.900355398654937744e-01 1.190124452114105225e-02 3.435963299125432968e-03 1.853504963219165802e-02
3.902735710144042969e-01 2.069737464189529419e-01 3.806664375588297844e-03 -2.730618119239807129e-01
3.944130241870880127e-01 1.179769169539213181e-02 -1.654571853578090668e-03 2.081931382417678833e-02
3.946489989757537842e-01 2.069433331489562988e-01 -1.238185679540038109e-03 -2.723851799964904785e-01
3.987878561019897461e-01 1.183907035738229752e-02 -6.685889326035976410e-03 1.990695111453533173e-02
3.990246355533599854e-01 -1.831863671541213989e-01 -6.287750322371721268e-03 3.104729354381561279e-01
3.953609168529510498e-01 1.202460564672946930e-02 -7.829191599739715457e-05 1.581367477774620056e-02
3.956013917922973633e-01 2.071476727724075317e-01 2.379815850872546434e-04 -2.768939435482025146e-01
3.997443616390228271e-01 1.202233415096998215e-02 -5.299897398799657822e-03 1.586402393877506256e-02
3.999848067760467529e-01 -1.830232143402099609e-01 -4.982617218047380447e-03 3.068700730800628662e-01
3.963243365287780762e-01 1.216938439756631851e-02 1.154784345999360085e-03 1.261992659419775009e-02
3.965677320957183838e-01 2.072747498750686646e-01 1.407182891853153706e-03 -2.796984314918518066e-01
4.007132351398468018e-01 1.213275920599699020e-02 -4.186785779893398285e-03 1.342798862606287003e-02
4.009558856487274170e-01 -1.829289048910140991e-01 -3.918225876986980438e-03 3.047870099544525146e-01
3.972972929477691650e-01 1.224867068231105804e-02 2.177514135837554932e-03 1.087093725800514221e-02
3.975422680377960205e-01 2.073393315076828003e-01 2.394932787865400314e-03 -2.811241745948791504e-01
4.016890525817871094e-01 1.218329463154077530e-02 -3.227550303563475609e-03 1.231315452605485916e-02
4.019327163696289062e-01 -1.828922182321548462e-01 -2.981287194415926933e-03 3.039759993553161621e-01
3.982748687267303467e-01 1.227209065109491348e-02 3.098232904449105263e-03 1.035434193909168243e-02
3.985203206539154053e-01 2.073494791984558105e-01 3.305319696664810181e-03 -2.813494503498077393e-01
4.026673138141632080e-01 1.218052953481674194e-02 -2.321669133380055428e-03 1.237413007766008377e-02
4.029109179973602295e-01 -1.829080432653427124e-01 -2.074186690151691437e-03 3.043236434459686279e-01
3.992527723312377930e-01 1.224339939653873444e-02 4.012286197394132614e-03 1.098728459328413010e-02
3.994976282119750977e-01 2.073075771331787109e-01 4.232031758874654770e-03 -2.804270088672637939e-01
4.036437869071960449e-01 1.212551631033420563e-02 -1.376508618704974651e-03 1.358766574412584305e-02
4.038862884044647217e-01 2.072671800851821899e-01 -1.104755210690200329e-03 -2.795292437076568604e-01
4.080316424369812012e-01 1.216100715100765228e-02 -6.695340387523174286e-03 1.280503720045089722e-02
4.082748591899871826e-01 -1.828642934560775757e-01 -6.439239718019962311e-03 3.033680021762847900e-01
4.046175777912139893e-01 1.234883908182382584e-02 -3.718793741427361965e-04 8.661264553666114807e-03
4.048645496368408203e-01 -1.827677786350250244e-01 -1.986540883081033826e-04 3.012268245220184326e-01
4.012092053890228271e-01 1.235700584948062897e-02 5.825882777571678162e-03 8.481264114379882812e-03
4.014563262462615967e-01 2.073949277400970459e-01 5.995507817715406418e-03 -2.823578417301177979e-01
4.056042432785034180e-01 1.218796893954277039e-02 3.483509353827685118e-04 1.220998913049697876e-02
4.058479964733123779e-01 2.073049247264862061e-01 5.925507284700870514e-04 -2.803630232810974121e-01
4.099940955638885498e-01 1.217452436685562134e-02 -5.014709662646055222e-03 1.250674761831760406e-02
4.102375805377960205e-01 -1.828751564025878906e-01 -4.764574579894542694e-03 3.036032617092132568e-01
4.065800607204437256e-01 1.231437642127275467e-02 1.307490747421979904e-03 9.421516209840774536e-03
4.068263769149780273e-01 2.074175477027893066e-01 1.495921169407665730e-03 -2.828485965728759766e-01
4.109747111797332764e-01 1.227429602295160294e-02 -4.161051008850336075e-03 1.030576229095458984e-02
4.112201929092407227e-01 -1.827877312898635864e-01 -3.954935353249311447e-03 3.016729354858398438e-01
4.075644314289093018e-01 1.239036209881305695e-02 2.078522928059101105e-03 7.745326496660709381e-03
4.078122377395629883e-01 2.074824422597885132e-01 2.233429579064249992e-03 -2.842810750007629395e-01
4.119619131088256836e-01 1.232870854437351227e-02 -3.452192060649394989e-03 9.105421602725982666e-03
4.122084677219390869e-01 -1.827435642480850220e-01 -3.270083572715520859e-03 3.006971478462219238e-01
4.085536003112792969e-01 1.242484338581562042e-02 2.743859309703111649e-03 6.984695792198181152e-03
4.088020920753479004e-01 2.075073421001434326e-01 2.883553272113204002e-03 -2.848312556743621826e-01
4.129522442817687988e-01 1.234437804669141769e-02 -2.813071710988879204e-03 8.759735152125358582e-03
4.131991267204284668e-01 -1.827371120452880859e-01 -2.637877129018306732e-03 3.005537688732147217e-01
4.095443785190582275e-01 1.242233347147703171e-02 3.373198444023728371e-03 7.040086202323436737e-03
4.097928404808044434e-01 2.074957489967346191e-01 3.514000214636325836e-03 -2.845766544342041016e-01
4.139427542686462402e-01 1.232385355979204178e-02 -2.177532762289047241e-03 9.212495759129524231e-03
4.141892194747924805e-01 -1.827667951583862305e-01 -1.993282930925488472e-03 3.012076020240783691e-01
4.105339050292968750e-01 1.238350290805101395e-02 4.030868876725435257e-03 7.896689698100090027e-03
4.107815623283386230e-01 2.074474096298217773e-01 4.188802558928728104e-03 -2.835117280483245850e-01
4.149305224418640137e-01 1.226596999913454056e-02 -1.481431769207119942e-03 1.048937533050775528e-02
4.151758253574371338e-01 2.074091285467147827e-01 -1.271644257940351963e-03 -2.826606035232543945e-01
4.193240106105804443e-01 1.230534538626670837e-02 -6.924855988472700119e-03 9.620992466807365417e-03
4.195701181888580322e-01 -1.827166080474853516e-01 -6.732436362653970718e-03 3.001110255718231201e-01
4.159157872200012207e-01 1.250064931809902191e-02 -7.302158046513795853e-04 5.312445573508739471e-03
4.161657989025115967e-01 2.076330631971359253e-01 -6.239669164642691612e-04 -2.876007854938507080e-01
4.203184545040130615e-01 1.252001803368330002e-02 -6.375982426106929779e-03 4.885284230113029480e-03
4.205688536167144775e-01 -1.825099140405654907e-01 -6.278276909142732620e-03 2.955497205257415771e-01
4.169186651706695557e-01 1.270097587257623672e-02 -3.672826569527387619e-04 8.933448116295039654e-04
4.171727001667022705e-01 -1.824157088994979858e-01 -3.494157572276890278e-04 2.934603691101074219e-01
4.135243594646453857e-01 1.271122507750988007e-02 5.519791506230831146e-03 6.672596209682524204e-04
4.137786030769348145e-01 2.077535837888717651e-01 5.533136893063783646e-03 -2.902690172195434570e-01
4.179336726665496826e-01 1.255317032337188721e-02 -2.722433710005134344e-04 4.153860732913017273e-03
4.181847274303436279e-01 2.076790183782577515e-01 -1.891661668196320534e-04 -2.886149585247039795e-01
4.223383069038391113e-01 1.255977153778076172e-02 -5.961465183645486832e-03 4.008309915661811829e-03
4.225895106792449951e-01 -1.824761778116226196e-01 -5.881298799067735672e-03 2.948043644428253174e-01
4.189399778842926025e-01 1.272912416607141495e-02 1.478855665482115000e-05 2.723937213886529207e-04
4.191945791244506836e-01 -1.823930442333221436e-01 2.023643173743039370e-05 2.929599881172180176e-01
4.155467152595520020e-01 1.272862404584884644e-02 5.879436153918504715e-03 2.834420301951467991e-04
4.158012866973876953e-01 2.077657580375671387e-01 5.885105114430189133e-03 -2.905386686325073242e-01
4.199565947055816650e-01 1.256039272993803024e-02 7.433165592374280095e-05 3.994529135525226593e-03
4.202077984809875488e-01 2.076812833547592163e-01 1.542222453281283379e-04 -2.886649370193481445e-01
4.243614375591278076e-01 1.255712844431400299e-02 -5.619076546281576157e-03 4.066619090735912323e-03
4.246125817298889160e-01 -1.824837923049926758e-01 -5.537744145840406418e-03 2.949713766574859619e-01
4.209628999233245850e-01 1.271667238324880600e-02 3.616832545958459377e-04 5.470851901918649673e-04
4.212172329425811768e-01 2.078334391117095947e-01 3.726249560713768005e-04 -2.920216917991638184e-01
4.253738820552825928e-01 1.270617265254259109e-02 -5.467809271067380905e-03 7.787204813212156296e-04
4.256280064582824707e-01 -1.823369413614273071e-01 -5.452234763652086258e-03 2.917314767837524414e-01
4.219812750816345215e-01 1.286232843995094299e-02 3.823949373327195644e-04 -2.666011452674865723e-03
4.222385287284851074e-01 -1.822651028633117676e-01 3.290747117716819048e-04 2.901375293731689453e-01
4.185932278633117676e-01 1.285215187817811966e-02 6.131825502961874008e-03 -2.441580872982740402e-03
4.188502728939056396e-01 2.078856229782104492e-01 6.082993932068347931e-03 -2.931835651397705078e-01
4.230079948902130127e-01 1.267748046666383743e-02 2.193228865507990122e-04 1.411643926985561848e-03
4.232615232467651367e-01 2.077962905168533325e-01 2.475557557772845030e-04 -2.912020683288574219e-01
4.274174571037292480e-01 1.267080474644899368e-02 -5.576485767960548401e-03 1.558916876092553139e-03
4.276708662509918213e-01 -1.823707222938537598e-01 -5.545307416468858719e-03 2.924771904945373535e-01
4.240234494209289551e-01 1.282984670251607895e-02 3.042363969143480062e-04 -1.949482364580035210e-03
4.242800474166870117e-01 2.079474329948425293e-01 2.652467519510537386e-04 -2.945364117622375488e-01
4.284389913082122803e-01 1.282170135527849197e-02 -5.625481251627206802e-03 -1.769833499565720558e-03
4.286954402923583984e-01 -1.822191178798675537e-01 -5.660878028720617294e-03 2.891328930854797363e-01
4.250510632991790771e-01 1.298309303820133209e-02 1.217798198922537267e-04 -5.330030806362628937e-03
4.253107309341430664e-01 -1.821406036615371704e-01 1.517920918558957055e-05 2.873913049697875977e-01
4.216679036617279053e-01 1.298112981021404266e-02 5.763005465269088745e-03 -5.286822561174631119e-03
4.219275414943695068e-01 2.080199569463729858e-01 5.657269153743982315e-03 -2.961458861827850342e-01
4.260879158973693848e-01 1.281781774014234543e-02 -2.656487922649830580e-04 -1.684138784185051918e-03
4.263442754745483398e-01 2.079435735940933228e-01 -2.993315574713051319e-04 -2.944508790969848633e-01
4.305031597614288330e-01 1.282589510083198547e-02 -6.188348866999149323e-03 -1.862362143583595753e-03
4.307596683502197266e-01 -1.822067648172378540e-01 -6.225596182048320770e-03 2.888616621494293213e-01
4.271155297756195068e-01 1.300341077148914337e-02 -4.483630182221531868e-04 -5.778239108622074127e-03
4.273756146430969238e-01 -1.821121126413345337e-01 -5.639278097078204155e-04 2.867631912231445312e-01
4.237333536148071289e-01 1.301788166165351868e-02 5.171335767954587936e-03 -6.097541656345129013e-03
4.239937067031860352e-01 2.080652862787246704e-01 5.049385130405426025e-03 -2.971443831920623779e-01
4.281550347805023193e-01 1.287172175943851471e-02 -8.935023215599358082e-04 -2.873243531212210655e-03
4.284124672412872314e-01 -1.822374016046524048e-01 -9.509671945124864578e-04 2.895276248455047607e-01
4.247677028179168701e-01 1.289809495210647583e-02 4.839585628360509872e-03 -3.455061465501785278e-03
4.250256717205047607e-01 2.079503089189529419e-01 4.770484287291765213e-03 -2.946071326732635498e-01
4.291846752166748047e-01 1.276066899299621582e-02 -1.121658016927540302e-03 -4.234786611050367355e-04
4.294399023056030273e-01 2.078986912965774536e-01 -1.130127580836415291e-03 -2.934601008892059326e-01
4.335978627204895020e-01 1.279286853969097137e-02 -6.999329663813114166e-03 -1.133805024437606335e-03
4.338537156581878662e-01 -1.822279989719390869e-01 -7.022005505859851837e-03 2.893325686454772949e-01
4.302091598510742188e-01 1.299336925148963928e-02 -1.235354458913207054e-03 -5.556741729378700256e-03
4.304690361022949219e-01 -1.821108460426330566e-01 -1.346489298157393932e-03 2.867361605167388916e-01
4.268268048763275146e-01 1.303028501570224762e-02 4.388234112411737442e-03 -6.371133960783481598e-03
4.270874261856079102e-01 2.080890238285064697e-01 4.260811489075422287e-03 -2.976662814617156982e-01
4.312492012977600098e-01 1.290659978985786438e-02 -1.692514633759856224e-03 -3.642634954303503036e-03
4.315073192119598389e-01 -1.821910440921783447e-01 -1.765367342159152031e-03 2.885057926177978516e-01
4.278635084629058838e-01 1.295604370534420013e-02 4.004748538136482239e-03 -4.733380861580371857e-03
4.281226396560668945e-01 2.080203294754028320e-01 3.910080995410680771e-03 -2.961500883102416992e-01
4.322830438613891602e-01 1.284285821020603180e-02 -2.012920333072543144e-03 -2.236541127786040306e-03
4.325399100780487061e-01 -1.822501718997955322e-01 -2.057651290670037270e-03 2.898105978965759277e-01
4.288949072360992432e-01 1.290106493979692459e-02 3.738560946658253670e-03 -3.520571393892168999e-03
4.291529059410095215e-01 2.079692035913467407e-01 3.668149467557668686e-03 -2.950215935707092285e-01
4.333122968673706055e-01 1.279514748603105545e-02 -2.232282422482967377e-03 -1.184051507152616978e-03
4.335682094097137451e-01 -1.822947263717651367e-01 -2.255963394418358803e-03 2.907937169075012207e-01
4.299223124980926514e-01 1.285932678729295731e-02 3.559911157935857773e-03 -2.599849132820963860e-03
4.301795065402984619e-01 2.079300433397293091e-01 3.507914021611213684e-03 -2.941574454307556152e-01
4.343380928039550781e-01 1.275825593620538712e-02 -2.375235082581639290e-03 -3.702533431351184845e-04
4.345932602882385254e-01 -1.823295503854751587e-01 -2.382640261203050613e-03 2.915623188018798828e-01
4.309466779232025146e-01 1.282629277557134628e-02 3.448606003075838089e-03 -1.871116692200303078e-03
4.312031865119934082e-01 2.078986167907714844e-01 3.411183832213282585e-03 -2.934639751911163330e-01
4.353611767292022705e-01 1.272819656878709793e-02 -2.458095783367753029e-03 2.928377361968159676e-04
4.356157183647155762e-01 -1.823584139347076416e-01 -2.452238928526639938e-03 2.921991944313049316e-01
4.319685697555541992e-01 1.279841456562280655e-02 3.391744801774621010e-03 -1.256128889508545399e-03
4.322245419025421143e-01 2.078715562820434570e-01 3.366622375324368477e-03 -2.928670048713684082e-01
4.363819658756256104e-01 1.270176935940980911e-02 -2.490717452019453049e-03 8.758184267207980156e-04
4.366360008716583252e-01 2.078593522310256958e-01 -2.473201137036085129e-03 -2.925919294357299805e-01
4.407931864261627197e-01 1.277275104075670242e-02 -8.325039409101009369e-03 -6.900317384861409664e-04
4.410486519336700439e-01 -1.822288185358047485e-01 -8.338839747011661530e-03 2.893546521663665771e-01
4.374040663242340088e-01 1.301103923469781876e-02 -2.551747020334005356e-03 -5.946541205048561096e-03
4.376642704010009766e-01 -1.820742189884185791e-01 -2.670677844434976578e-03 2.859301865100860596e-01
4.340228140354156494e-01 1.308571361005306244e-02 3.047925885766744614e-03 -7.593853399157524109e-03
4.342845082283020020e-01 2.081638276576995850e-01 2.896048827096819878e-03 -2.993135750293731689e-01
4.384478032588958740e-01 1.300070900470018387e-02 -3.090222366154193878e-03 -5.718689411878585815e-03
4.387077987194061279e-01 -1.820767819881439209e-01 -3.204596228897571564e-03 2.859876453876495361e-01
4.350662827491760254e-01 1.309071946889162064e-02 2.515156520530581474e-03 -7.704271934926509857e-03
4.353280961513519287e-01 2.081765085458755493e-01 2.361071063205599785e-03 -2.995925843715667725e-01
4.394915997982025146e-01 1.302098389714956284e-02 -3.630780382081866264e-03 -6.165949162095785141e-03
4.397520422935485840e-01 -1.820487082004547119e-01 -3.754099365323781967e-03 2.853692173957824707e-01
4.361110627651214600e-01 1.312658097594976425e-02 1.953284721821546555e-03 -8.495360612869262695e-03
4.363735914230346680e-01 2.082204669713973999e-01 1.783377607353031635e-03 -3.005613684654235840e-01
4.405379891395568848e-01 1.307314075529575348e-02 -4.227849654853343964e-03 -7.316528819501399994e-03
4.407994747161865234e-01 -1.819879263639450073e-01 -4.374180454760789871e-03 2.840294539928436279e-01
4.371597170829772949e-01 1.319614239037036896e-02 1.306409132666885853e-03 -1.002983469516038895e-02
4.374236166477203369e-01 2.082993388175964355e-01 1.105812378227710724e-03 -3.023002743721008301e-01
4.415896236896514893e-01 1.316163875162601471e-02 -4.940193146467208862e-03 -9.268816560506820679e-03
4.418528378009796143e-01 -1.818891167640686035e-01 -5.125569645315408707e-03 2.818513214588165283e-01
4.382150769233703613e-01 1.330556999891996384e-02 5.114570376463234425e-04 -1.244375854730606079e-02
4.384811818599700928e-01 -1.818237155675888062e-01 2.625818888191133738e-04 2.804004848003387451e-01
4.348447024822235107e-01 1.329449191689491272e-02 5.870591849088668823e-03 -1.219960208982229233e-02
4.351105988025665283e-01 2.083317637443542480e-01 5.626599770039319992e-03 -3.030245304107666016e-01
4.392772316932678223e-01 1.313007436692714691e-02 -4.338906728662550449e-04 -8.572413586080074310e-03
4.395398199558258057e-01 -1.819856464862823486e-01 -6.053389515727758408e-04 2.839735746383666992e-01
4.359001219272613525e-01 1.314492803066968918e-02 5.074132699519395828e-03 -8.900201879441738129e-03
4.361630082130432129e-01 2.081937491893768311e-01 4.896128550171852112e-03 -2.999778687953948975e-01
4.403268992900848389e-01 1.300234720110893250e-02 -1.103428658097982407e-03 -5.754828918725252151e-03
4.405869245529174805e-01 2.081401050090789795e-01 -1.218525227159261703e-03 -2.987856864929199219e-01
4.447497427463531494e-01 1.303554512560367584e-02 -7.194239180535078049e-03 -6.487319245934486389e-03
4.450104534626007080e-01 -1.819825023412704468e-01 -7.323985453695058823e-03 2.839170694351196289e-01
4.413707852363586426e-01 1.324314717203378677e-02 -1.645643962547183037e-03 -1.106675807386636734e-02
4.416356682777404785e-01 -1.818551719188690186e-01 -1.866979058831930161e-03 2.810964882373809814e-01
4.379985630512237549e-01 1.329336781054735184e-02 3.754950826987624168e-03 -1.217468548566102982e-02
4.382644295692443848e-01 2.083612680435180664e-01 3.511457005515694618e-03 -3.036705255508422852e-01
4.424316585063934326e-01 1.318944897502660751e-02 -2.561953384429216385e-03 -9.882230311632156372e-03
4.426954388618469238e-01 -1.818956732749938965e-01 -2.759597962722182274e-03 2.819912731647491455e-01
4.390575289726257324e-01 1.326553802937269211e-02 2.880227519199252129e-03 -1.156074460595846176e-02
4.393228292465209961e-01 2.083460688591003418e-01 2.649012487381696701e-03 -3.033335208892822266e-01
4.434897601604461670e-01 1.318646129220724106e-02 -3.417658153921365738e-03 -9.816347621381282806e-03
4.437534809112548828e-01 -1.818863153457641602e-01 -3.613985143601894379e-03 2.817863225936889648e-01
4.401157498359680176e-01 1.328700408339500427e-02 2.021741122007369995e-03 -1.203425787389278412e-02
4.403814971446990967e-01 2.083799093961715698e-01 1.781055936589837074e-03 -3.040786087512969971e-01
4.445491135120391846e-01 1.323261484503746033e-02 -4.300516564399003983e-03 -1.083451788872480392e-02
4.448137581348419189e-01 -1.818273961544036865e-01 -4.517206922173500061e-03 2.804884612560272217e-01
4.411771893501281738e-01 1.335869729518890381e-02 1.092562219128012657e-03 -1.361576281487941742e-02
4.414443671703338623e-01 2.084649652242660522e-01 8.202469907701015472e-04 -3.059537708759307861e-01
4.456136822700500488e-01 1.333133224397897720e-02 -5.298828240483999252e-03 -1.301227416843175888e-02
4.458802938461303711e-01 -1.817142218351364136e-01 -5.559073761105537415e-03 2.779940962791442871e-01
4.422460198402404785e-01 1.348658651113510132e-02 8.082608360382437240e-07 -1.643694564700126648e-02
4.425157606601715088e-01 -1.816353797912597656e-01 -3.279306693002581596e-04 2.762462496757507324e-01
4.388830363750457764e-01 1.349125243723392487e-02 5.196994170546531677e-03 -1.654010266065597534e-02
4.391528666019439697e-01 2.085382938385009766e-01 4.866192117333412170e-03 -3.075788021087646484e-01
4.433236420154571533e-01 1.334733702242374420e-02 -1.285383943468332291e-03 -1.336518116295337677e-02
4.435905814170837402e-01 -1.817561537027359009e-01 -1.552687492221593857e-03 2.789119184017181396e-01
4.399554729461669922e-01 1.338791009038686752e-02 4.025550559163093567e-03 -1.426032278686761856e-02
4.402232170104980469e-01 2.084518969058990479e-01 3.740344196557998657e-03 -3.056704401969909668e-01
4.443922638893127441e-01 1.327684707939624786e-02 -2.373064169660210609e-03 -1.181023847311735153e-02
4.446578025817871094e-01 -1.818109899759292603e-01 -2.609268995001912117e-03 2.801230251789093018e-01
4.410215616226196289e-01 1.334808394312858582e-02 2.993191359564661980e-03 -1.338172517716884613e-02
4.412885308265686035e-01 2.084269821643829346e-01 2.725556725636124611e-03 -3.051187694072723389e-01
4.454570710659027100e-01 1.326629519462585449e-02 -3.376818494871258736e-03 -1.157750934362411499e-02
4.457224011421203613e-01 -1.818070709705352783e-01 -3.608368569985032082e-03 2.800380885601043701e-01
4.420862495899200439e-01 1.336617302149534225e-02 1.992393052205443382e-03 -1.378072798252105713e-02
4.423535764217376709e-01 2.084594964981079102e-01 1.716778380796313286e-03 -3.058343529701232910e-01
4.465227723121643066e-01 1.331312023103237152e-02 -4.399908706545829773e-03 -1.261050440371036530e-02
4.467890262603759766e-01 -1.817454546689987183e-01 -4.652119241654872894e-03 2.786809504032135010e-01
4.431541264057159424e-01 1.344255171716213226e-02 9.215000900439918041e-04 -1.546560321003198624e-02
4.434229731559753418e-01 -1.816926002502441406e-01 6.121880724094808102e-04 2.775079309940338135e-01
4.397891163825988770e-01 1.342060975730419159e-02 6.162346340715885162e-03 -1.498185470700263977e-02
4.400575459003448486e-01 2.084536403417587280e-01 5.862709600478410721e-03 -3.057141304016113281e-01
4.442266225814819336e-01 1.324864197522401810e-02 -2.515732194297015667e-04 -1.118803489953279495e-02
4.444915950298309326e-01 2.083742022514343262e-01 -4.753339453600347042e-04 -3.039503395557403564e-01
4.486590623855590820e-01 1.325902622193098068e-02 -6.554340478032827377e-03 -1.141734607517719269e-02
4.489242434501647949e-01 -1.817683130502700806e-01 -6.782687269151210785e-03 2.791904211044311523e-01
4.452888667583465576e-01 1.344973221421241760e-02 -1.198878977447748184e-03 -1.562401000410318375e-02
4.455578625202178955e-01 -1.816550046205520630e-01 -1.511359121650457382e-03 2.766804099082946777e-01
4.419247806072235107e-01 1.348847616463899612e-02 4.022249020636081696e-03 -1.647881232202053070e-02
4.421945512294769287e-01 2.085525095462799072e-01 3.692672820761799812e-03 -3.078899681568145752e-01
4.463655948638916016e-01 1.337814051657915115e-02 -2.465126337483525276e-03 -1.404475513845682144e-02
4.466331601142883301e-01 -1.817083656787872314e-01 -2.746021375060081482e-03 2.778593897819519043e-01
4.429989755153656006e-01 1.345264725387096405e-02 2.811165992170572281e-03 -1.568837650120258331e-02
4.432680308818817139e-01 2.085341662168502808e-01 2.497398527339100838e-03 -3.074830174446105957e-01
