1.913913525640964508e-02 6.415831856429576874e-03 4.073831811547279358e-02 -9.084619581699371338e-03
1.926745101809501648e-02 2.009305804967880249e-01 4.055662453174591064e-02 -2.886409163475036621e-01
2.328606322407722473e-02 5.254455842077732086e-03 3.478380665183067322e-02 1.655229926109313965e-02
2.339115180075168610e-02 1.998607516288757324e-01 3.511485457420349121e-02 -2.649561762809753418e-01
2.738836593925952911e-02 4.255656152963638306e-03 2.981572970747947693e-02 3.859222307801246643e-02
2.747347950935363770e-02 1.989376395940780640e-01 3.058757446706295013e-02 -2.445364445447921753e-01
3.145223110914230347e-02 3.392461454495787621e-03 2.569684572517871857e-02 5.763547122478485107e-02
3.152008354663848877e-02 1.981367170810699463e-01 2.684955485165119171e-02 -2.268304377794265747e-01
3.548281639814376831e-02 2.641549566760659218e-03 2.231294661760330200e-02 7.419945299625396729e-02
3.553564846515655518e-02 1.974366307258605957e-01 2.379693463444709778e-02 -2.113609760999679565e-01
3.948438167572021484e-02 1.982660498470067978e-03 1.956971548497676849e-02 8.873260766267776489e-02
3.952403366565704346e-02 1.968187093734741211e-01 2.134436741471290588e-02 -1.977123916149139404e-01
4.346040636301040649e-02 1.398075954057276249e-03 1.739012077450752258e-02 1.016265749931335449e-01
4.348836839199066162e-02 1.962665468454360962e-01 1.942265219986438751e-02 -1.855194866657257080e-01
4.741369932889938354e-02 8.721557678654789925e-04 1.571226119995117188e-02 1.132267042994499207e-01
4.743114486336708069e-02 1.957654803991317749e-01 1.797679625451564789e-02 -1.744579821825027466e-01
5.134645104408264160e-02 3.909274237230420113e-04 1.448763627558946609e-02 1.238413900136947632e-01
5.135427042841911316e-02 1.953023523092269897e-01 1.696446351706981659e-02 -1.642358601093292236e-01
5.526031926274299622e-02 -5.828251596540212631e-05 1.367974653840065002e-02 1.337502449750900269e-01
5.525915324687957764e-02 1.948650777339935303e-01 1.635475084185600281e-02 -1.545857042074203491e-01
5.915645509958267212e-02 -4.871807468589395285e-04 1.326303742825984955e-02 1.432115733623504639e-01
5.914670974016189575e-02 1.944423317909240723e-01 1.612726971507072449e-02 -1.452577710151672363e-01
6.303555518388748169e-02 -9.068124927580356598e-04 1.322211325168609619e-02 1.524690538644790649e-01
6.301742047071456909e-02 1.940233409404754639e-01 1.627149432897567749e-02 -1.360134333372116089e-01
6.689789146184921265e-02 -1.327846432104706764e-03 1.355122588574886322e-02 1.617581695318222046e-01
6.687133014202117920e-02 1.935975104570388794e-01 1.678638905286788940e-02 -1.266190707683563232e-01
7.074327766895294189e-02 -1.760846120305359364e-03 1.425400748848915100e-02 1.713121384382247925e-01
7.070806622505187988e-02 1.931542158126831055e-01 1.768025010824203491e-02 -1.168402209877967834e-01
7.457114756107330322e-02 -2.216535387560725212e-03 1.534344628453254700e-02 1.813678294420242310e-01
7.452681660652160645e-02 1.926825344562530518e-01 1.897080242633819580e-02 -1.064355745911598206e-01
7.838046550750732422e-02 -2.706062514334917068e-03 1.684209145605564117e-02 1.921716779470443726e-01
7.832634449005126953e-02 1.921709626913070679e-01 2.068552561104297638e-02 -9.515105932950973511e-02
8.216976374387741089e-02 -3.241270780563354492e-03 1.878250390291213989e-02 2.039856910705566406e-01
8.210494369268417358e-02 1.916071027517318726e-01 2.286221832036972046e-02 -8.271359652280807495e-02
8.593708276748657227e-02 -3.834980074316263199e-03 2.120794542133808136e-02 2.170938253402709961e-01
8.586038649082183838e-02 1.909774690866470337e-01 2.554982155561447144e-02 -6.882447004318237305e-02
8.967993408441543579e-02 3.857239782810211182e-01 2.417333237826824188e-02 -3.533380627632141113e-01
9.739441424608230591e-02 1.902667880058288574e-01 1.710657216608524323e-02 -5.313165113329887390e-02
1.011997461318969727e-01 3.851393163204193115e-01 1.604393869638442993e-02 -3.403685986995697021e-01
1.089025363326072693e-01 1.897928118705749512e-01 9.236566722393035889e-03 -4.266983270645141602e-02
1.126983910799026489e-01 3.847810924053192139e-01 8.383169770240783691e-03 -3.324242830276489258e-01
1.203940138220787048e-01 1.895408332347869873e-01 1.734683988615870476e-03 -3.710955381393432617e-02
1.241848319768905640e-01 -5.605945363640785217e-03 9.924930054694414139e-04 2.561201751232147217e-01
1.240727081894874573e-01 1.895018219947814941e-01 6.114896386861801147e-03 -3.624953329563140869e-02
1.278627514839172363e-01 3.845355510711669922e-01 5.389906000345945358e-03 -3.269968926906585693e-01
1.355534642934799194e-01 1.893372833728790283e-01 -1.150032039731740952e-03 -3.261911496520042419e-02
1.393402069807052612e-01 -5.768159870058298111e-03 -1.802414306439459324e-03 2.597007453441619873e-01
1.392248421907424927e-01 1.893794685602188110e-01 3.391600446775555611e-03 -3.355014324188232422e-02
1.430124342441558838e-01 3.844526410102844238e-01 2.720597665756940842e-03 -3.251610696315765381e-01
1.507014781236648560e-01 1.892920434474945068e-01 -3.782623447477817535e-03 -3.162141516804695129e-02
1.544873267412185669e-01 -5.775458645075559616e-03 -4.415052011609077454e-03 2.598656713962554932e-01
1.543718129396438599e-01 1.894092410802841187e-01 7.822613115422427654e-04 -3.420655801892280579e-02
1.581600010395050049e-01 3.845199644565582275e-01 9.813014912651851773e-05 -3.266425728797912598e-01
1.658504009246826172e-01 1.893966197967529297e-01 -6.434721406549215317e-03 -3.392869979143142700e-02
1.696383357048034668e-01 -5.632469430565834045e-03 -7.113295141607522964e-03 2.567170858383178711e-01
1.695256829261779785e-01 1.895903199911117554e-01 -1.978953601792454720e-03 -3.820097818970680237e-02
1.733174920082092285e-01 3.847405910491943359e-01 -2.742973156273365021e-03 -3.315076231956481934e-01
1.810123026371002197e-01 1.896577924489974976e-01 -9.373125620186328888e-03 -3.969096019864082336e-02
1.848054528236389160e-01 -5.328509025275707245e-03 -1.016694493591785431e-02 2.500199675559997559e-01
1.846988797187805176e-01 1.899371445178985596e-01 -5.166545510292053223e-03 -4.585239663720130920e-02
1.884976327419281006e-01 -5.110342055559158325e-03 -6.083593238145112991e-03 2.451959699392318726e-01
1.883954256772994995e-01 1.900979727506637573e-01 -1.179674058221280575e-03 -4.939964413642883301e-02
1.921973824501037598e-01 3.852368295192718506e-01 -2.167666796594858170e-03 -3.424545228481292725e-01
1.999021172523498535e-01 1.901457756757736206e-01 -9.016757830977439880e-03 -5.045594647526741028e-02
2.037050276994705200e-01 -4.845736082643270493e-03 -1.002587657421827316e-02 2.393685281276702881e-01
2.036081254482269287e-01 1.904179900884628296e-01 -5.238506011664867401e-03 -5.645989999175071716e-02
2.074164748191833496e-01 -4.628454335033893585e-03 -6.367703899741172791e-03 2.345656454563140869e-01
2.073239088058471680e-01 1.905838996171951294e-01 -1.676390995271503925e-03 -6.011903658509254456e-02
2.111355811357498169e-01 -4.513979889452457428e-03 -2.878771629184484482e-03 2.320345044136047363e-01
2.110453099012374878e-01 1.906489878892898560e-01 1.761918421834707260e-03 -6.155508756637573242e-02
2.148582935333251953e-01 3.857456445693969727e-01 5.308166728354990482e-04 -3.536815941333770752e-01
2.225732058286666870e-01 1.906161308288574219e-01 -6.542815361171960831e-03 -6.083133816719055176e-02
2.263855189085006714e-01 -4.411395639181137085e-03 -7.759442087262868881e-03 2.297801226377487183e-01
2.262972891330718994e-01 1.908205747604370117e-01 -3.163839457556605339e-03 -6.534026563167572021e-02
2.301137000322341919e-01 -4.255874548107385635e-03 -4.470644984394311905e-03 2.263427823781967163e-01
2.300285845994949341e-01 1.909296810626983643e-01 5.621078162221238017e-05 -6.774699687957763672e-02
2.338471859693527222e-01 3.860508203506469727e-01 -1.298729213885962963e-03 -3.604121804237365723e-01
2.415681928396224976e-01 1.909473687410354614e-01 -8.506973274052143097e-03 -6.813906133174896240e-02
2.453871518373489380e-01 -4.051599185913801193e-03 -9.869754314422607422e-03 2.218477725982666016e-01
2.453061193227767944e-01 1.912100166082382202e-01 -5.432798527181148529e-03 -7.393205910921096802e-02
2.491303086280822754e-01 -3.833622206002473831e-03 -6.911439821124076843e-03 2.170318663120269775e-01
2.490536421537399292e-01 1.913864463567733765e-01 -2.570802578702569008e-03 -7.782319188117980957e-02
2.528813779354095459e-01 -3.698556916788220406e-03 -4.127266351133584976e-03 2.140475213527679443e-01
2.528074085712432861e-01 1.914821565151214600e-01 1.536839990876615047e-04 -7.993446290493011475e-02
2.566370368003845215e-01 3.866018950939178467e-01 -1.445005298592150211e-03 -3.725689053535461426e-01
2.643690705299377441e-01 1.915005147457122803e-01 -8.896383456885814667e-03 -8.034194260835647583e-02
2.681990861892700195e-01 -3.492786549031734467e-03 -1.050322223454713821e-02 2.095209211111068726e-01
2.681292295455932617e-01 1.917777657508850098e-01 -6.312803365290164948e-03 -8.645662665367126465e-02
2.719647884368896484e-01 -3.253136994317173958e-03 -8.041935972869396210e-03 2.042279392480850220e-01
2.718997299671173096e-01 1.919828951358795166e-01 -3.957377281039953232e-03 -9.098093956708908081e-02
2.757393717765808105e-01 -3.082114504650235176e-03 -5.776996258646249771e-03 2.004508078098297119e-01
2.756777405738830566e-01 1.921219825744628906e-01 -1.767979934811592102e-03 -9.404887259006500244e-02
2.795201838016510010e-01 3.872692286968231201e-01 -3.648957470431923866e-03 -3.872890770435333252e-01
2.872655689716339111e-01 1.921992599964141846e-01 -1.139473915100097656e-02 -9.575887024402618408e-02
2.911095619201660156e-01 -2.757533220574259758e-03 -1.330991648137569427e-02 1.933073699474334717e-01
2.910543978214263916e-01 1.925522685050964355e-01 -9.443769231438636780e-03 -1.035443767905235291e-01
2.949054539203643799e-01 -2.433085814118385315e-03 -1.151465624570846558e-02 1.861441731452941895e-01
2.948567867279052734e-01 1.928517073392868042e-01 -7.791772950440645218e-03 -1.101488247513771057e-01
2.987138330936431885e-01 -2.157732145860791206e-03 -9.994749911129474640e-03 1.800656914710998535e-01
2.986706793308258057e-01 1.931058019399642944e-01 -6.393435876816511154e-03 -1.157533973455429077e-01
3.025327920913696289e-01 -1.923957141116261482e-03 -8.708504028618335724e-03 1.749056130647659302e-01
3.024942874908447266e-01 1.933215409517288208e-01 -5.210391245782375336e-03 -1.205117926001548767e-01
3.063607215881347656e-01 -1.725377165712416172e-03 -7.620627060532569885e-03 1.705227643251419067e-01
3.063262104988098145e-01 1.935048103332519531e-01 -4.210171755403280258e-03 -1.245544627308845520e-01
3.101963102817535400e-01 -1.556567731313407421e-03 -6.701261270791292191e-03 1.667972356081008911e-01
3.101651966571807861e-01 1.936606615781784058e-01 -3.365316661074757576e-03 -1.279921978712081909e-01
3.140383958816528320e-01 -1.412916928529739380e-03 -5.925160832703113556e-03 1.636271178722381592e-01
3.140101432800292969e-01 1.937933564186096191e-01 -2.652618335559964180e-03 -1.309191435575485229e-01
3.178860247135162354e-01 -1.290501328185200691e-03 -5.271001253277063370e-03 1.609257459640502930e-01
3.178602159023284912e-01 1.939065158367156982e-01 -2.052486175671219826e-03 -1.334153711795806885e-01
3.217383325099945068e-01 -1.185978762805461884e-03 -4.720793571323156357e-03 1.586193144321441650e-01
3.217146098613739014e-01 1.940032392740249634e-01 -1.548407482914626598e-03 -1.355491578578948975e-01
3.255946636199951172e-01 -1.096497988328337669e-03 -4.259390756487846375e-03 1.566448658704757690e-01
3.255727589130401611e-01 1.940861791372299194e-01 -1.126493443734943867e-03 -1.373787522315979004e-01
3.294544816017150879e-01 -1.019621035084128380e-03 -3.874068381264805794e-03 1.549485772848129272e-01
3.294340670108795166e-01 1.941575855016708374e-01 -7.750970544293522835e-04 -1.389540135860443115e-01
3.333172202110290527e-01 -9.532567928545176983e-04 -3.554177237674593925e-03 1.534842848777770996e-01
3.332981765270233154e-01 1.942194104194641113e-01 -4.844915820285677910e-04 -1.403177827596664429e-01
3.371825516223907471e-01 -8.956048404797911644e-04 -3.290847176685929298e-03 1.522122472524642944e-01
3.371646404266357422e-01 1.942733079195022583e-01 -2.466021978762000799e-04 -1.415070444345474243e-01
3.410501182079315186e-01 -8.451059693470597267e-04 -3.076743101701140404e-03 1.510980725288391113e-01
3.410332202911376953e-01 1.943207681179046631e-01 -5.478162347571924329e-05 -1.425539106130599976e-01
3.449196219444274902e-01 -8.004003902897238731e-04 -2.905859844759106636e-03 1.501117348670959473e-01
3.449036180973052979e-01 1.943630427122116089e-01 9.637483890401199460e-05 -1.434865146875381470e-01
3.487908840179443359e-01 -7.602908881381154060e-04 -2.773355459794402122e-03 1.492268145084381104e-01
3.487756550312042236e-01 1.944012641906738281e-01 2.111809008056297898e-04 -1.443297564983367920e-01
3.526636958122253418e-01 -7.237109239213168621e-04 -2.675414318218827248e-03 1.484197825193405151e-01
3.526492118835449219e-01 1.944364458322525024e-01 2.929815382231026888e-04 -1.451059728860855103e-01
3.565379381179809570e-01 -6.896959966979920864e-04 -2.609137911349534988e-03 1.476693600416183472e-01
3.565241396427154541e-01 1.944695264101028442e-01 3.442493325565010309e-04 -1.458355486392974854e-01
3.604135513305664062e-01 -6.573582068085670471e-04 -2.572461729869246483e-03 1.469559669494628906e-01
3.604004085063934326e-01 1.945013403892517090e-01 3.666575939860194921e-04 -1.465374082326889038e-01
3.642904162406921387e-01 -6.258630310185253620e-04 -2.564090769737958908e-03 1.462611556053161621e-01
3.642778992652893066e-01 1.945327073335647583e-01 3.611325519159436226e-04 -1.472295820713043213e-01
3.681685626506805420e-01 3.896494805812835693e-01 -2.583459019660949707e-03 -4.397985637187957764e-01
3.759615421295166016e-01 1.945641934871673584e-01 -1.137943007051944733e-02 -1.479311287403106689e-01
3.798528313636779785e-01 -3.929651866201311350e-04 -1.433805283159017563e-02 1.411402076482772827e-01
3.798449635505676270e-01 1.949313730001449585e-01 -1.151524856686592102e-02 -1.560314297676086426e-01
3.837436139583587646e-01 -2.383243008807767183e-05 -1.463587768375873566e-02 1.329965740442276001e-01
3.837431371212005615e-01 1.953046768903732300e-01 -1.197594590485095978e-02 -1.642675995826721191e-01
3.876492083072662354e-01 3.561902849469333887e-04 -1.526129804551601410e-02 1.246133148670196533e-01
3.876563310623168945e-01 1.956934183835983276e-01 -1.276903133839368820e-02 -1.728450506925582886e-01
3.915702104568481445e-01 7.565258420072495937e-04 -1.622593216598033905e-02 1.157824546098709106e-01
3.915853500366210938e-01 1.961071640253067017e-01 -1.391028333455324173e-02 -1.819751411676406860e-01
3.955074846744537354e-01 1.186991692520678043e-03 -1.754978671669960022e-02 1.062873378396034241e-01
3.955312371253967285e-01 1.965559870004653931e-01 -1.542403921484947205e-02 -1.918803900480270386e-01
3.994623422622680664e-01 1.658040331676602364e-03 -1.926164701581001282e-02 9.589725732803344727e-02
3.994955122470855713e-01 1.970506906509399414e-01 -1.734370179474353790e-02 -2.027999162673950195e-01
4.034365117549896240e-01 2.181012649089097977e-03 -2.139970101416110992e-02 8.436183631420135498e-02
4.034801423549652100e-01 -1.926277577877044678e-01 -1.971246302127838135e-02 3.702170550823211670e-01
3.996275961399078369e-01 2.768641803413629532e-03 -1.230812259018421173e-02 7.138431072235107422e-02
3.996829688549041748e-01 1.980648636817932129e-01 -1.088043674826622009e-02 -2.251563370227813721e-01
4.036442637443542480e-01 3.100094385445117950e-03 -1.538356300443410873e-02 6.407473236322402954e-02
4.037062525749206543e-01 -1.917979568243026733e-01 -1.410206872969865799e-02 3.518646359443664551e-01
3.998703062534332275e-01 3.521667560562491417e-03 -7.064776029437780380e-03 5.476845055818557739e-02
3.999407291412353516e-01 1.987442076206207275e-01 -5.969407036900520325e-03 -2.401350736618041992e-01
4.039156138896942139e-01 3.708030562847852707e-03 -1.077210903167724609e-02 5.065897852182388306e-02
4.039897620677947998e-01 -1.912578195333480835e-01 -9.758928790688514709e-03 3.399238288402557373e-01
4.001646339893341064e-01 4.001622553914785385e-03 -2.960452111437916756e-03 4.417955130338668823e-02
4.002446532249450684e-01 1.991658955812454224e-01 -2.076861215755343437e-03 -2.494359463453292847e-01
4.042279720306396484e-01 4.073669202625751495e-03 -7.065580226480960846e-03 4.259116575121879578e-02
4.043094515800476074e-01 1.992962211370468140e-01 -6.213756743818521500e-03 -2.523126304149627686e-01
4.082953631877899170e-01 4.263548180460929871e-03 -1.126000937074422836e-02 3.840390965342521667e-02
4.083806276321411133e-01 -1.906951367855072021e-01 -1.049193087965250015e-02 3.275130391120910645e-01
4.045667350292205811e-01 4.574599675834178925e-03 -3.941670525819063187e-03 3.153997287154197693e-02
4.046582281589508057e-01 1.997528523206710815e-01 -3.310871077701449394e-03 -2.623839676380157471e-01
4.086532890796661377e-01 4.678319208323955536e-03 -8.558550849556922913e-03 2.925282157957553864e-02
4.087468385696411133e-01 -1.903198510408401489e-01 -7.973494008183479309e-03 3.192231953144073486e-01
4.049404561519622803e-01 4.914739169180393219e-03 -1.589030376635491848e-03 2.403642237186431885e-02
4.050387442111968994e-01 2.000594437122344971e-01 -1.108301919884979725e-03 -2.691474258899688721e-01
4.090399444103240967e-01 4.953325260430574417e-03 -6.491250824183225632e-03 2.318571880459785461e-02
4.091390073299407959e-01 -1.900749355554580688e-01 -6.027536466717720032e-03 3.138135373592376709e-01
4.053375124931335449e-01 5.132358055561780930e-03 2.487343735992908478e-04 1.923582516610622406e-02
4.054401516914367676e-01 2.002507448196411133e-01 6.334508652798831463e-04 -2.733686268329620361e-01
4.094451665878295898e-01 5.119757261127233505e-03 -4.833921324461698532e-03 1.951403915882110596e-02
4.095475673675537109e-01 -1.899325400590896606e-01 -4.443640355020761490e-03 3.106679022312164307e-01
4.057489037513732910e-01 5.252440460026264191e-03 1.769717317074537277e-03 1.658689416944980621e-02
4.058539569377899170e-01 2.003489732742309570e-01 2.101455116644501686e-03 -2.755371332168579102e-01
4.098609387874603271e-01 5.197096616029739380e-03 -3.409287659451365471e-03 1.780784502625465393e-02
4.099648892879486084e-01 -1.898757964372634888e-01 -3.053130814805626869e-03 3.094131648540496826e-01
4.061673581600189209e-01 5.289523396641016006e-03 3.135132370516657829e-03 1.576892100274562836e-02
4.062731564044952393e-01 2.003663778305053711e-01 3.450510790571570396e-03 -2.759231925010681152e-01
4.102804958820343018e-01 5.195362959057092667e-03 -2.067952882498502731e-03 1.784603297710418701e-02
4.103843867778778076e-01 -1.898968666791915894e-01 -1.711032236926257610e-03 3.098757863044738770e-01
4.065864682197570801e-01 5.249417386949062347e-03 4.486483521759510040e-03 1.665373332798480988e-02
4.066914319992065430e-01 2.003067433834075928e-01 4.819558002054691315e-03 -2.746102809906005859e-01
4.106975793838500977e-01 5.116357468068599701e-03 -6.726477295160293579e-04 1.958883367478847504e-02
4.107998907566070557e-01 2.002479434013366699e-01 -2.808710269164294004e-04 -2.733062505722045898e-01
4.148048758506774902e-01 5.130006000399589539e-03 -5.746996030211448669e-03 1.928808167576789856e-02
4.149074554443359375e-01 -1.899090558290481567e-01 -5.361234303563833237e-03 3.101522326469421387e-01
4.111092686653137207e-01 5.288866814225912094e-03 8.418104262091219425e-04 1.578336395323276520e-02
4.112150669097900391e-01 2.003987282514572144e-01 1.157477730885148048e-03 -2.766338288784027100e-01
4.152230322360992432e-01 5.260289646685123444e-03 -4.375199321657419205e-03 1.641392707824707031e-02
4.153282344341278076e-01 -1.897986382246017456e-01 -4.046920686960220337e-03 3.077132105827331543e-01
4.115322530269622803e-01 5.380738060921430588e-03 2.107343869283795357e-03 1.375675573945045471e-02
4.116398692131042480e-01 2.004723995923995972e-01 2.382478909566998482e-03 -2.782605290412902832e-01
4.156493246555328369e-01 5.316545721143484116e-03 -3.182731801643967628e-03 1.517286989837884903e-02
4.157556593418121338e-01 -1.897596120834350586e-01 -2.879274310544133186e-03 3.068498969078063965e-01
4.119604825973510742e-01 5.403243936598300934e-03 3.257723990827798843e-03 1.326032727956771851e-02
4.120685458183288574e-01 2.004783302545547485e-01 3.522930433973670006e-03 -2.783929705619812012e-01
4.160780906677246094e-01 5.306293256580829620e-03 -2.044928958639502525e-03 1.539899781346321106e-02
4.161842167377471924e-01 -1.897862702608108521e-01 -1.736949081532657146e-03 3.074360191822052002e-01
4.123885035514831543e-01 5.360386334359645844e-03 4.411771427839994431e-03 1.420581620186567307e-02
4.124957025051116943e-01 2.004187852144241333e-01 4.695887677371501923e-03 -2.770818769931793213e-01
4.165040850639343262e-01 5.230160895735025406e-03 -8.457499789074063301e-04 1.707841642200946808e-02
4.166086912155151367e-01 2.003642320632934570e-01 -5.041816039010882378e-04 -2.758712470531463623e-01
4.206159710884094238e-01 5.249476525932550430e-03 -6.021606270223855972e-03 1.665263064205646515e-02
4.207209646701812744e-01 -1.897855997085571289e-01 -5.688553676009178162e-03 3.074296116828918457e-01
4.169252514839172363e-01 5.416942760348320007e-03 4.600383399520069361e-04 1.295809727162122726e-02
4.170335829257965088e-01 2.005322873592376709e-01 7.192002958618104458e-04 -2.795796394348144531e-01
4.210442304611206055e-01 5.400090012699365616e-03 -4.872392863035202026e-03 1.333002746105194092e-02
4.211522340774536133e-01 -1.896516531705856323e-01 -4.605791997164487839e-03 3.044716715812683105e-01
4.173592031002044678e-01 5.535637494176626205e-03 1.483641564846038818e-03 1.033976301550865173e-02
4.174699187278747559e-01 2.006362825632095337e-01 1.690436853095889091e-03 -2.818746864795684814e-01
4.214826524257659912e-01 5.490257404744625092e-03 -3.947056829929351807e-03 1.134091615676879883e-02
4.215924441814422607e-01 -1.895748674869537354e-01 -3.720238571986556053e-03 3.027758896350860596e-01
4.178009629249572754e-01 5.599908065050840378e-03 2.335279248654842377e-03 8.922007866203784943e-03
4.179129600524902344e-01 2.006882876157760620e-01 2.513719489797949791e-03 -2.830232083797454834e-01
4.219267070293426514e-01 5.530575290322303772e-03 -3.146744566038250923e-03 1.045148354023694992e-02
4.220373332500457764e-01 -1.895461082458496094e-01 -2.937714802101254463e-03 3.021399080753326416e-01
4.182463884353637695e-01 5.617591086775064468e-03 3.105083480477333069e-03 8.531946688890457153e-03
4.183587431907653809e-01 2.006948739290237427e-01 3.275722265243530273e-03 -2.831696867942810059e-01
4.223726391792297363e-01 5.526353605091571808e-03 -2.387671032920479774e-03 1.054459623992443085e-02
4.224831759929656982e-01 -1.895612776279449463e-01 -2.176779089495539665e-03 3.024732172489166260e-01
4.186919629573822021e-01 5.591633263975381851e-03 3.872685367241501808e-03 9.104589000344276428e-03
4.188037812709808350e-01 2.006578296422958374e-01 4.054777324199676514e-03 -2.823539376258850098e-01
4.228169322013854980e-01 5.478279665112495422e-03 -1.592301763594150543e-03 1.160507462918758392e-02
4.229265153408050537e-01 2.006230354309082031e-01 -1.360200345516204834e-03 -2.815798223018646240e-01
4.269389808177947998e-01 5.520507693290710449e-03 -6.991796661168336868e-03 1.067379768937826157e-02
4.270493686199188232e-01 -1.895004808902740479e-01 -6.778320763260126114e-03 3.011425435543060303e-01
4.232593774795532227e-01 5.717425607144832611e-03 -7.554696057923138142e-04 6.329614669084548950e-03
4.233737289905548096e-01 -1.893936842679977417e-01 -6.288773147389292717e-04 2.987740933895111084e-01
4.195858538150787354e-01 5.737226922065019608e-03 5.346604622900485992e-03 5.892889108508825302e-03
4.197005927562713623e-01 2.007820904254913330e-01 5.464462097734212875e-03 -2.850983440876007080e-01
4.237162172794342041e-01 5.582635756582021713e-03 -2.375045150984078646e-04 9.303024969995021820e-03
4.238278865814208984e-01 2.007079869508743286e-01 -5.144401802681386471e-05 -2.834548354148864746e-01
4.278420507907867432e-01 5.586774554103612900e-03 -5.720540415495634079e-03 9.211872704327106476e-03
4.279537796974182129e-01 -1.894526779651641846e-01 -5.536302924156188965e-03 3.000844120979309082e-01
4.241647124290466309e-01 5.747753195464611053e-03 4.653853829950094223e-04 5.660610739141702652e-03
4.242796897888183594e-01 2.008630335330963135e-01 5.785975954495370388e-04 -2.868754565715789795e-01
4.282969534397125244e-01 5.732829216867685318e-03 -5.158911459147930145e-03 5.989910569041967392e-03
4.284116029739379883e-01 -1.893147528171539307e-01 -5.039113108068704605e-03 2.970406711101531982e-01
4.246253073215484619e-01 5.878664553165435791e-03 9.017005795612931252e-04 2.772775711491703987e-03
4.247428774833679199e-01 2.009876668453216553e-01 9.571561240591108799e-04 -2.896255254745483398e-01
4.287626147270202637e-01 5.852085538208484650e-03 -4.835354164242744446e-03 3.359132679179310799e-03
4.288796782493591309e-01 -1.892001926898956299e-01 -4.768171813338994980e-03 2.945125401020050049e-01
4.250956773757934570e-01 5.989417433738708496e-03 1.122079091146588326e-03 3.296170616522431374e-04
4.252154529094696045e-01 2.010952532291412354e-01 1.128671457991003990e-03 -2.919990718364715576e-01
4.292373657226562500e-01 5.957232788205146790e-03 -4.711309913545846939e-03 1.039612805470824242e-03
4.293565154075622559e-01 -1.890968382358551025e-01 -4.690517671406269073e-03 2.922323346138000488e-01
4.255745708942413330e-01 6.091678515076637268e-03 1.154129276983439922e-03 -1.926209428347647190e-03
4.256964027881622314e-01 -1.890468001365661621e-01 1.115605118684470654e-03 2.911206483840942383e-01
4.219154715538024902e-01 6.059220526367425919e-03 6.938017904758453369e-03 -1.210233778692781925e-03
4.220366477966308594e-01 2.010809928178787231e-01 6.913813296705484390e-03 -2.916960716247558594e-01
4.260582625865936279e-01 5.861141253262758255e-03 1.079891459085047245e-03 3.159332787618041039e-03
4.261755049228668213e-01 2.009675949811935425e-01 1.143078086897730827e-03 -2.891826927661895752e-01
4.301948547363281250e-01 5.829355679452419281e-03 -4.640575498342514038e-03 3.860543249174952507e-03
4.303114414215087891e-01 -1.892257332801818848e-01 -4.563364665955305099e-03 2.950757145881652832e-01
4.265269041061401367e-01 5.960974376648664474e-03 1.338149537332355976e-03 9.570649708621203899e-04
4.266461431980133057e-01 2.010637074708938599e-01 1.357290777377784252e-03 -2.913033664226531982e-01
4.306674003601074219e-01 5.922430660575628281e-03 -4.468776285648345947e-03 1.807331689633429050e-03
4.307858645915985107e-01 -1.891351491212844849e-01 -4.432629793882369995e-03 2.930769622325897217e-01
4.270031452178955078e-01 6.049721036106348038e-03 1.428909483365714550e-03 -1.000653952360153198e-03
4.271241426467895508e-01 2.011511474847793579e-01 1.408896408975124359e-03 -2.932324111461639404e-01
4.311471879482269287e-01 6.009140517562627792e-03 -4.455751739442348480e-03 -1.054597451002337039e-04
4.312673509120941162e-01 -1.890486329793930054e-01 -4.457860719412565231e-03 2.911683022975921631e-01
4.274863898754119873e-01 6.136603653430938721e-03 1.365505275316536427e-03 -2.917243400588631630e-03
4.276091158390045166e-01 -1.890048980712890625e-01 1.307160360738635063e-03 2.901962101459503174e-01
4.238290190696716309e-01 6.098383571952581406e-03 7.111084647476673126e-03 -2.074172487482428551e-03
4.239509999752044678e-01 2.011176347732543945e-01 7.069601211696863174e-03 -2.925049960613250732e-01
4.279733300209045410e-01 5.895601119846105576e-03 1.219500787556171417e-03 2.399166114628314972e-03
4.280912578105926514e-01 2.010000348091125488e-01 1.267484156414866447e-03 -2.898987531661987305e-01
4.321112632751464844e-01 5.860039964318275452e-03 -4.530490841716527939e-03 3.183664055541157722e-03
4.322284460067749023e-01 -1.891966462135314941e-01 -4.466817714273929596e-03 2.944337427616119385e-01
4.284445047378540039e-01 5.988702643662691116e-03 1.421857159584760666e-03 3.453879617154598236e-04
4.285642802715301514e-01 2.010902315378189087e-01 1.428764895536005497e-03 -2.918885946273803711e-01
4.325861036777496338e-01 5.947939585894346237e-03 -4.409006796777248383e-03 1.244612038135528564e-03
4.327050447463989258e-01 -1.891105026006698608e-01 -4.384114407002925873e-03 2.925331890583038330e-01
4.289228320121765137e-01 6.073681171983480453e-03 1.466549118049442768e-03 -1.529199769720435143e-03
4.290443062782287598e-01 2.011745721101760864e-01 1.435965183191001415e-03 -2.937490642070770264e-01
4.330677986145019531e-01 6.032174453139305115e-03 -4.439015872776508331e-03 -6.135880248621106148e-04
4.331884682178497314e-01 -1.890258342027664185e-01 -4.451287444680929184e-03 2.906654775142669678e-01
4.294079244136810303e-01 6.159304175525903702e-03 1.362021896056830883e-03 -3.418005304411053658e-03
4.295311272144317627e-01 -1.889821588993072510e-01 1.293661771342158318e-03 2.896943390369415283e-01
4.257514774799346924e-01 6.121326703578233719e-03 7.087548729032278061e-03 -2.580294385552406311e-03
4.258739054203033447e-01 2.011409252882003784e-01 7.035942748188972473e-03 -2.930186092853546143e-01
4.298967123031616211e-01 5.919361487030982971e-03 1.175570534542202950e-03 1.875024288892745972e-03
4.300151169300079346e-01 2.010244280099868774e-01 1.213071052916347980e-03 -2.904367744922637939e-01
4.340355992317199707e-01 5.885206162929534912e-03 -4.595664329826831818e-03 2.628504764288663864e-03
4.341533184051513672e-01 -1.891705393791198730e-01 -4.543093964457511902e-03 2.938579022884368896e-01
4.303698837757110596e-01 6.015891209244728088e-03 1.334063941612839699e-03 -2.543770242482423782e-04
4.304902255535125732e-01 2.011186778545379639e-01 1.328976475633680820e-03 -2.925160825252532959e-01
4.345125854015350342e-01 5.977809894829988480e-03 -4.521345254033803940e-03 5.856801872141659260e-04
4.346321523189544678e-01 -1.890790015459060669e-01 -4.509632010012865067e-03 2.918386459350585938e-01
4.308505654335021973e-01 6.106952205300331116e-03 1.327141071669757366e-03 -2.263145055621862411e-03
4.309726953506469727e-01 2.012098431587219238e-01 1.281878212466835976e-03 -2.945270538330078125e-01
4.349969029426574707e-01 6.069642025977373123e-03 -4.608662799000740051e-03 -1.440110849216580391e-03
4.351182878017425537e-01 -1.889859139919281006e-01 -4.637464880943298340e-03 2.897851765155792236e-01
4.313385784626007080e-01 6.201859097927808762e-03 1.158238505013287067e-03 -4.356747493147850037e-03
4.314626157283782959e-01 -1.889366805553436279e-01 1.071103499270975590e-03 2.886914014816284180e-01
4.276838898658752441e-01 6.169977132230997086e-03 6.844931282103061676e-03 -3.653526306152343750e-03
4.278072714805603027e-01 2.011930942535400391e-01 6.771860644221305847e-03 -2.941689491271972656e-01
4.318311512470245361e-01 5.975256673991680145e-03 8.884816779755055904e-04 6.419992423616349697e-04
4.319506585597991943e-01 2.010844498872756958e-01 9.013216476887464523e-04 -2.917604744434356689e-01
4.359723329544067383e-01 5.949663463979959488e-03 -4.933887626975774765e-03 1.206587767228484154e-03
4.360913336277008057e-01 -1.891011893749237061e-01 -4.909756127744913101e-03 2.923287451267242432e-01
4.323092997074127197e-01 6.090427283197641373e-03 9.368187747895717621e-04 -1.898609683848917484e-03
4.324311017990112305e-01 2.011989355087280273e-01 8.988465997390449047e-04 -2.942858040332794189e-01
4.364551007747650146e-01 6.064176093786954880e-03 -4.986869636923074722e-03 -1.319537172093987465e-03
4.365763664245605469e-01 -1.889858990907669067e-01 -5.013260524719953537e-03 2.897858023643493652e-01
4.327966570854187012e-01 6.207175552845001221e-03 7.824557833373546600e-04 -4.474021028727293015e-03
4.329208135604858398e-01 -1.889259815216064453e-01 6.929754163138568401e-04 2.884556651115417480e-01
4.291422665119171143e-01 6.186073645949363708e-03 6.462088786065578461e-03 -4.008611198514699936e-03
4.292660057544708252e-01 2.012147605419158936e-01 6.381916813552379608e-03 -2.946456968784332275e-01
4.332903027534484863e-01 6.002403330057859421e-03 4.890030249953269958e-04 4.315116530051454902e-05
4.334103465080261230e-01 2.011173367500305176e-01 4.898660117760300636e-04 -2.924854457378387451e-01
4.374326765537261963e-01 5.988406017422676086e-03 -5.359842907637357712e-03 3.519348101690411568e-04
4.375524520874023438e-01 -1.890562623739242554e-01 -5.352804437279701233e-03 2.913389503955841064e-01
4.337713420391082764e-01 6.141595542430877686e-03 4.739749128930270672e-04 -3.027360653504729271e-03
4.338941574096679688e-01 -1.889871507883071899e-01 4.134277114644646645e-04 2.898050844669342041e-01
4.301144182682037354e-01 6.128903478384017944e-03 6.209529004991054535e-03 -2.747433958575129509e-03
4.302369952201843262e-01 2.011612504720687866e-01 6.154580507427453995e-03 -2.934647202491760254e-01
4.342602193355560303e-01 5.952096544206142426e-03 2.852859324775636196e-04 1.152895856648683548e-03
4.343792796134948730e-01 2.010699510574340820e-01 3.083438496105372906e-04 -2.914400100708007812e-01
4.384006559848785400e-01 5.943608935922384262e-03 -5.520456470549106598e-03 1.340152579359710217e-03
4.385195374488830566e-01 -1.890987306833267212e-01 -5.493653006851673126e-03 2.922762036323547363e-01
4.347375631332397461e-01 6.101110018789768219e-03 3.518709272611886263e-04 -2.134270733222365379e-03
4.348595738410949707e-01 2.012180089950561523e-01 3.091855323873460293e-04 -2.947061657905578613e-01
4.388839602470397949e-01 6.091655232012271881e-03 -5.584937520325183868e-03 -1.925733871757984161e-03
4.390057921409606934e-01 -1.889497488737106323e-01 -5.623452365398406982e-03 2.889898717403411865e-01
4.352267980575561523e-01 6.251932121813297272e-03 1.563448604429140687e-04 -5.461331456899642944e-03
4.353518187999725342e-01 -1.888722628355026245e-01 4.711823203251697123e-05 2.872709333896636963e-01
4.315743744373321533e-01 6.249018013477325439e-03 5.792536772787570953e-03 -5.397145636379718781e-03
4.316993653774261475e-01 2.012874186038970947e-01 5.684593692421913147e-03 -2.962468564510345459e-01
4.357250928878784180e-01 6.084892433136701584e-03 -2.403431280981749296e-04 -1.776522141881287098e-03
4.358468055725097656e-01 -1.890336126089096069e-01 -2.758735790848731995e-04 2.908305525779724121e-01
4.320661425590515137e-01 6.092272698879241943e-03 5.540737882256507874e-03 -1.939357491210103035e-03
4.321879744529724121e-01 2.011343240737915039e-01 5.501950625330209732e-03 -2.928689718246459961e-01
4.362106621265411377e-01 5.934362299740314484e-03 -3.554289869498461485e-04 1.544101047329604626e-03
4.363293647766113281e-01 2.010614126920700073e-01 -3.245469706598669291e-04 -2.912509441375732422e-01
4.403505921363830566e-01 5.944087170064449310e-03 -6.149565801024436951e-03 1.329604187048971653e-03
4.404694736003875732e-01 -1.890891343355178833e-01 -6.122973747551441193e-03 2.920659482479095459e-01
4.366876780986785889e-01 6.119583267718553543e-03 -2.816549967974424362e-04 -2.541787223890423775e-03
4.368100762367248535e-01 -1.889983266592025757e-01 -3.324907156638801098e-04 2.900522649288177490e-01
4.330300986766815186e-01 6.128363311290740967e-03 5.468554329127073288e-03 -2.735511399805545807e-03
4.331526756286621094e-01 2.011714577674865723e-01 5.413844250142574310e-03 -2.936880290508270264e-01
4.371761083602905273e-01 5.972744431346654892e-03 -4.599165113177150488e-04 6.974100833758711815e-04
4.372955560684204102e-01 2.011012881994247437e-01 -4.459682968445122242e-04 -2.921305894851684570e-01
4.413175880908966064e-01 5.985698662698268890e-03 -6.288580130785703659e-03 4.116502241231501102e-04
4.414373040199279785e-01 -1.890455037355422974e-01 -6.280347239226102829e-03 2.911038398742675781e-01
4.376563727855682373e-01 6.165432743728160858e-03 -4.582703404594212770e-04 -3.553200513124465942e-03
4.377796947956085205e-01 -1.889499425888061523e-01 -5.293343565426766872e-04 2.889851033687591553e-01
4.340007007122039795e-01 6.179552059620618820e-03 5.250367801636457443e-03 -3.864725353196263313e-03
4.341242909431457520e-01 2.012258172035217285e-01 5.173073150217533112e-03 -2.948864698410034180e-01
4.381487965583801270e-01 6.030495278537273407e-03 -7.246565073728561401e-04 -5.765474052168428898e-04
4.382694065570831299e-01 -1.890810579061508179e-01 -7.361874449998140335e-04 2.918776571750640869e-01
4.344877898693084717e-01 6.051384378224611282e-03 5.101365502923727036e-03 -1.037366804666817188e-03
4.346088171005249023e-01 2.010997980833053589e-01 5.080618429929018021e-03 -2.921063899993896484e-01
4.386308193206787109e-01 5.905782803893089294e-03 -7.615096401423215866e-04 2.174554392695426941e-03
4.387489259243011475e-01 2.010386437177658081e-01 -7.180185639299452305e-04 -2.907485365867614746e-01
4.427697062492370605e-01 5.926941055804491043e-03 -6.532989442348480225e-03 1.707844785414636135e-03
4.428882300853729248e-01 -1.891007125377655029e-01 -6.498832255601882935e-03 2.923223972320556641e-01
4.391062259674072266e-01 6.113294977694749832e-03 -6.523845950141549110e-04 -2.403073944151401520e-03
4.392285048961639404e-01 -1.889992952346801758e-01 -7.004460785537958145e-04 2.900739610195159912e-01
4.354484975337982178e-01 6.132638081908226013e-03 5.101033020764589310e-03 -2.829811302945017815e-03
4.355711638927459717e-01 2.011810690164566040e-01 5.044436547905206680e-03 -2.938989400863647461e-01
4.395947754383087158e-01 5.987557116895914078e-03 -8.335422608070075512e-04 3.706468851305544376e-04
4.397145211696624756e-01 2.011214494705200195e-01 -8.261293405666947365e-04 -2.925751507282257080e-01
4.437369704246520996e-01 6.011290010064840317e-03 -6.677632220089435577e-03 -1.528941065771505237e-04
4.438571929931640625e-01 -1.890142560005187988e-01 -6.680690217763185501e-03 2.904157042503356934e-01
4.400768876075744629e-01 6.202311255037784576e-03 -8.723763166926801205e-04 -4.366731271147727966e-03
4.402009546756744385e-01 -1.889071166515350342e-01 -9.597109165042638779e-04 2.880408167839050293e-01
4.364227950572967529e-01 6.228506099432706833e-03 4.801105707883834839e-03 -4.944633692502975464e-03
4.365473687648773193e-01 2.012812793254852295e-01 4.702212754637002945e-03 -2.961089015007019043e-01
4.405730068683624268e-01 6.092605646699666977e-03 -1.219965051859617233e-03 -1.946683041751384735e-03
4.406948685646057129e-01 -1.890118271112442017e-01 -1.258898759260773659e-03 2.903510928153991699e-01
4.369146227836608887e-01 6.128051318228244781e-03 4.548123106360435486e-03 -2.728622872382402420e-03
4.370371699333190918e-01 2.011844813823699951e-01 4.493550397455692291e-03 -2.939730882644653320e-01
4.410608708858489990e-01 5.998754408210515976e-03 -1.385911600664258003e-03 1.236357056768611073e-04
4.411808550357818604e-01 -1.891032904386520386e-01 -1.383438822813332081e-03 2.923689782619476318e-01
4.373987913131713867e-01 6.038355641067028046e-03 4.463940393179655075e-03 -7.499558269046247005e-04
4.375195503234863281e-01 2.010959982872009277e-01 4.448941443115472794e-03 -2.920211255550384521e-01
4.415414631366729736e-01 5.910901818424463272e-03 -1.391480909660458565e-03 2.061621053144335747e-03
4.416596889495849609e-01 2.010527849197387695e-01 -1.350248581729829311e-03 -2.910600006580352783e-01
4.456807374954223633e-01 5.950109101831912994e-03 -7.171448785811662674e-03 1.196758705191314220e-03
4.457997381687164307e-01 -1.890682578086853027e-01 -7.147513329982757568e-03 2.916083931922912598e-01
4.420183897018432617e-01 6.154868286103010178e-03 -1.315345405600965023e-03 -3.320161020383238792e-03
4.421414732933044434e-01 -1.889481991529464722e-01 -1.381748705171048641e-03 2.889474630355834961e-01
4.383625090122222900e-01 6.193432956933975220e-03 4.397200886160135269e-03 -4.170927684754133224e-03
4.384863674640655518e-01 2.012520432472229004e-01 4.313782323151826859e-03 -2.954632341861724854e-01
4.425114095211029053e-01 6.068863905966281891e-03 -1.595482812263071537e-03 -1.422948436811566353e-03
4.426327943801879883e-01 -1.890301704406738281e-01 -1.623941818252205849e-03 2.907561659812927246e-01
4.388521909713745117e-01 6.114899646490812302e-03 4.191181156784296036e-03 -2.438499126583337784e-03
4.389744997024536133e-01 2.011764943599700928e-01 4.142411518841981888e-03 -2.937961220741271973e-01
4.429980218410491943e-01 5.995728541165590286e-03 -1.733510871417820454e-03 1.903849042719230056e-04
4.431179463863372803e-01 -1.891013234853744507e-01 -1.729703275486826897e-03 2.923258543014526367e-01
4.393359124660491943e-01 6.045251619070768356e-03 4.116814117878675461e-03 -9.020864963531494141e-04
4.394568204879760742e-01 2.011079192161560059e-01 4.098772536963224411e-03 -2.922832667827606201e-01
4.434789717197418213e-01 5.927769467234611511e-03 -1.746893045492470264e-03 1.689533120952546597e-03
4.435975253582000732e-01 2.010747343301773071e-01 -1.713102450594305992e-03 -2.915440499782562256e-01
4.476190209388732910e-01 5.977246910333633423e-03 -7.543983403593301773e-03 5.980958812870085239e-04
4.477385580539703369e-01 -1.890356987714767456e-01 -7.532021496444940567e-03 2.908912897109985352e-01
4.439578652381896973e-01 6.192830391228199005e-03 -1.714195706881582737e-03 -4.157600458711385727e-03
4.440817236900329590e-01 -1.889044940471649170e-01 -1.797347678802907467e-03 2.879839837551116943e-01
4.403036236763000488e-01 6.243041250854730606e-03 3.962331917136907578e-03 -5.265267100185155869e-03
4.404284656047821045e-01 2.013079375028610229e-01 3.857026575133204460e-03 -2.966954112052917480e-01
4.444546401500701904e-01 6.131221074610948563e-03 -2.076881239190697670e-03 -2.798531902953982353e-03
4.445772767066955566e-01 -1.889608800411224365e-01 -2.132851863279938698e-03 2.892283797264099121e-01
4.407980442047119141e-01 6.191417109221220016e-03 3.651715815067291260e-03 -4.126451909542083740e-03
4.409218728542327881e-01 2.012608051300048828e-01 3.569186897948384285e-03 -2.956549823284149170e-01
4.449470937252044678e-01 6.088155787438154221e-03 -2.343912841752171516e-03 -1.848533051088452339e-03
4.450688660144805908e-01 -1.890000998973846436e-01 -2.380883553996682167e-03 2.900939285755157471e-01
4.412888586521148682e-01 6.155718117952346802e-03 3.420995315536856651e-03 -3.338939510285854340e-03
4.414119720458984375e-01 2.012284398078918457e-01 3.354216460138559341e-03 -2.949405312538146973e-01
4.454365372657775879e-01 6.058830767869949341e-03 -2.544594462960958481e-03 -1.201634528115391731e-03
4.455577135086059570e-01 -1.890265345573425293e-01 -2.568627009168267250e-03 2.906773686408996582e-01
4.417771697044372559e-01 6.131947971880435944e-03 3.244920168071985245e-03 -2.814577426761388779e-03
4.418998062610626221e-01 2.012072056531906128e-01 3.188628470525145531e-03 -2.944719195365905762e-01
4.459239542484283447e-01 6.039946805685758591e-03 -2.700810087844729424e-03 -7.850634283386170864e-04
4.460447728633880615e-01 -1.890431642532348633e-01 -2.716511255130171776e-03 2.910445034503936768e-01
4.422639012336730957e-01 6.117412820458412170e-03 3.104378702118992805e-03 -2.493940293788909912e-03
4.423862397670745850e-01 2.011947035789489746e-01 3.054499858990311623e-03 -2.941957712173461914e-01
4.464101493358612061e-01 6.029339972883462906e-03 -2.829415723681449890e-03 -5.510788178071379662e-04
4.465307295322418213e-01 -1.890519261360168457e-01 -2.840437227860093117e-03 2.912378013134002686e-01
4.427496790885925293e-01 6.110417190939188004e-03 2.984318649396300316e-03 -2.339620143175125122e-03
4.428718984127044678e-01 2.011894434690475464e-01 2.937526209279894829e-03 -2.940794527530670166e-01
4.468956887722015381e-01 6.025733891874551773e-03 -2.944063162431120872e-03 -4.715350805781781673e-04
4.470162093639373779e-01 -1.890538781881332397e-01 -2.953493967652320862e-03 2.912810444831848145e-01
4.432351291179656982e-01 6.110067944973707199e-03 2.872127108275890350e-03 -2.331906231120228767e-03
4.433573186397552490e-01 2.011907100677490234e-01 2.825489034876227379e-03 -2.941072583198547363e-01
4.473811388015747070e-01 6.028590723872184753e-03 -3.056656103581190109e-03 -5.345555837266147137e-04
4.475017189979553223e-01 -1.890493929386138916e-01 -3.067347221076488495e-03 2.911823987960815430e-01
4.437207281589508057e-01 6.116162519901990891e-03 2.756300615146756172e-03 -2.466357313096523285e-03
4.438430368900299072e-01 2.011984735727310181e-01 2.706973347812891006e-03 -2.942783534526824951e-01
4.478670060634613037e-01 6.038036663085222244e-03 -3.178593935444951057e-03 -7.429288234561681747e-04
4.479877650737762451e-01 -1.890381872653961182e-01 -3.193452488631010056e-03 2.909354269504547119e-01
4.442070126533508301e-01 6.129155401140451431e-03 2.625256078317761421e-03 -2.752970671281218529e-03
4.443295896053314209e-01 2.012133598327636719e-01 2.570196520537137985e-03 -2.946064472198486328e-01
4.483538568019866943e-01 6.054858677089214325e-03 -3.321932395920157433e-03 -1.114023267291486263e-03
4.484749734401702881e-01 -1.890192925930023193e-01 -3.344212658703327179e-03 2.905189394950866699e-01
4.446945786476135254e-01 6.150182802230119705e-03 2.466166159138083458e-03 -3.216829849407076836e-03
4.448175728321075439e-01 2.012366801500320435e-01 2.401829464361071587e-03 -2.951206266880035400e-01
4.488423168659210205e-01 6.080568768084049225e-03 -3.500583115965127945e-03 -1.681173569522798061e-03
4.489639103412628174e-01 -1.889910101890563965e-01 -3.534206654876470566e-03 2.898952364921569824e-01
4.451841115951538086e-01 6.181163713335990906e-03 2.263697795569896698e-03 -3.900254610925912857e-03
4.453077316284179688e-01 2.012705802917480469e-01 2.185692777857184410e-03 -2.958680987358093262e-01
4.493331313133239746e-01 6.117534823715686798e-03 -3.731669159606099129e-03 -2.496641129255294800e-03
4.494554996490478516e-01 -1.889507025480270386e-01 -3.781602019444108009e-03 2.890065610408782959e-01
4.456764757633209229e-01 6.224971730262041092e-03 1.998529303818941116e-03 -4.866636358201503754e-03
4.458009600639343262e-01 2.013182044029235840e-01 1.901196665130555630e-03 -2.969183325767517090e-01
4.498273432254791260e-01 6.169202271848917007e-03 -4.037170205265283585e-03 -3.636408131569623947e-03
4.499507248401641846e-01 -1.888946145772933960e-01 -4.109898116439580917e-03 2.877700030803680420e-01
4.461728334426879883e-01 6.285700947046279907e-03 1.645502052269876003e-03 -6.206299643963575363e-03
4.462985396385192871e-01 2.013840079307556152e-01 1.521376078017055988e-03 -2.983695864677429199e-01
4.503262341022491455e-01 6.240409798920154572e-03 -4.446015693247318268e-03 -5.207244306802749634e-03
4.504510462284088135e-01 -1.888175010681152344e-01 -4.550160840153694153e-03 2.860696017742156982e-01
4.466746747493743896e-01 6.369049660861492157e-03 1.171231269836425781e-03 -8.044931106269359589e-03
4.468020498752593994e-01 2.014741897583007812e-01 1.010332605801522732e-03 -3.003580868244171143e-01
4.508315622806549072e-01 6.337846629321575165e-03 -4.996829200536012650e-03 -7.356696296483278275e-03
4.509583115577697754e-01 -1.887120902538299561e-01 -5.143963266164064407e-03 2.837454974651336670e-01
4.471840560436248779e-01 6.482852157205343246e-03 5.309467087499797344e-04 -1.055536326020956039e-02
4.473137259483337402e-01 -1.886467039585113525e-01 3.198394551873207092e-04 2.822950482368469238e-01
4.435407817363739014e-01 6.470678374171257019e-03 5.965739954262971878e-03 -1.028699707239866257e-02
4.436702132225036621e-01 2.015065699815750122e-01 5.760000087320804596e-03 -3.010817170143127441e-01
4.477003216743469238e-01 6.302993744611740112e-03 -2.616339188534766436e-04 -6.587774027138948441e-03
4.478263854980468750e-01 2.014286965131759644e-01 -3.933894040528684855e-04 -2.993532419204711914e-01
4.518549740314483643e-01 6.312354467809200287e-03 -6.380454171448945999e-03 -6.794405169785022736e-03
4.519812166690826416e-01 -1.887175142765045166e-01 -6.516342051327228546e-03 2.838686108589172363e-01
4.482068717479705811e-01 6.496770307421684265e-03 -8.389702416025102139e-04 -1.086239796131849289e-02
4.483368098735809326e-01 -1.886131316423416138e-01 -1.056218170560896397e-03 2.815557122230529785e-01
4.445645213127136230e-01 6.523862481117248535e-03 4.574895836412906647e-03 -1.146016083657741547e-02
4.446950256824493408e-01 2.015798985958099365e-01 4.345692694187164307e-03 -3.026961386203765869e-01
4.487265944480895996e-01 6.396289914846420288e-03 -1.708230352960526943e-03 -8.645860478281974792e-03
4.488545358180999756e-01 -1.887011229991912842e-01 -1.881147501990199089e-03 2.834976017475128174e-01
4.450805187225341797e-01 6.447609979659318924e-03 3.788804635405540466e-03 -9.778026491403579712e-03
4.452094733715057373e-01 2.015150189399719238e-01 3.593244124203920364e-03 -3.012631237506866455e-01
4.492397606372833252e-01 6.342039909213781357e-03 -2.432018518447875977e-03 -7.449143566191196442e-03
4.493665993213653564e-01 -1.887449473142623901e-01 -2.581001492217183113e-03 2.844654619693756104e-01
4.455917179584503174e-01 6.413718685507774353e-03 3.108307719230651855e-03 -9.030379354953765869e-03
4.457199871540069580e-01 2.014909535646438599e-01 2.927700290456414223e-03 -3.007309734821319580e-01
4.497497975826263428e-01 6.327397190034389496e-03 -3.086919430643320084e-03 -7.126153912395238876e-03
4.498763382434844971e-01 -1.887501478195190430e-01 -3.229442518204450607e-03 2.845812141895294189e-01
4.461013376712799072e-01 6.417714525014162064e-03 2.462181961163878441e-03 -9.118504822254180908e-03
4.462296962738037109e-01 2.015042752027511597e-01 2.279811771586537361e-03 -3.010235726833343506e-01
4.502597749233245850e-01 6.349897012114524841e-03 -3.740659682080149651e-03 -7.622507400810718536e-03
4.503867924213409424e-01 -1.887182146310806274e-01 -3.893109736964106560e-03 2.838778495788574219e-01
4.466124176979064941e-01 6.459052208811044693e-03 1.784447347745299339e-03 -1.003039162606000900e-02
4.467416107654571533e-01 2.015553712844848633e-01 1.583839533850550652e-03 -3.021497726440429688e-01
4.507727026939392090e-01 6.410877685993909836e-03 -4.459155723452568054e-03 -8.967755362391471863e-03
4.509009122848510742e-01 -1.886468380689620972e-01 -4.638511221855878830e-03 2.823049128055572510e-01
4.471279978752136230e-01 6.540965288877487183e-03 1.007587532512843609e-03 -1.183735020458698273e-02
4.472588002681732178e-01 -1.885954141616821289e-01 7.708405028097331524e-04 2.811633050441741943e-01
4.434868991374969482e-01 6.515525747090578079e-03 6.394106894731521606e-03 -1.127639506012201309e-02
4.436171948909759521e-01 2.015451937913894653e-01 6.168578751385211945e-03 -3.019350767135620117e-01
4.476481080055236816e-01 6.335872691124677658e-03 1.298775168834254146e-04 -7.313100621104240417e-03
4.477748274803161621e-01 2.014559656381607056e-01 -1.638449430174659938e-05 -2.999550402164459229e-01
4.518039524555206299e-01 6.334243342280387878e-03 -6.015485618263483047e-03 -7.277287542819976807e-03
4.519306421279907227e-01 -1.887009292840957642e-01 -6.161031313240528107e-03 2.835016250610351562e-01
4.481566250324249268e-01 6.508358754217624664e-03 -4.909986164420843124e-04 -1.111807022243738174e-02
4.482867717742919922e-01 -1.886065453290939331e-01 -7.133600302040576935e-04 2.814098894596099854e-01
