4.157999530434608459e-02 -4.298380762338638306e-02 2.480750717222690582e-02 3.656684234738349915e-02
4.072031751275062561e-02 1.517737805843353271e-01 2.553884312510490417e-02 -2.481869906187057495e-01
4.375579580664634705e-02 -4.370341449975967407e-02 2.057510428130626678e-02 5.244078859686851501e-02
4.288172721862792969e-02 1.511175632476806641e-01 2.162391878664493561e-02 -2.336801737546920776e-01
4.590407758951187134e-02 -4.430657252669334412e-02 1.695031486451625824e-02 6.574443727731704712e-02
4.501794651150703430e-02 -2.396673858165740967e-01 1.826520450413227081e-02 3.637267351150512695e-01
4.022459685802459717e-02 -4.480973258614540100e-02 2.553973905742168427e-02 7.685866206884384155e-02
3.932840377092361450e-02 1.499369591474533081e-01 2.707691304385662079e-02 -2.076582461595535278e-01
4.232714325189590454e-02 -4.556150361895561218e-02 2.292374707758426666e-02 9.344159811735153198e-02
4.141591116786003113e-02 1.492245048284530640e-01 2.479257993400096893e-02 -1.919216662645339966e-01
4.440040141344070435e-02 -4.624317586421966553e-02 2.095414698123931885e-02 1.084780320525169373e-01
4.347553849220275879e-02 1.485723257064819336e-01 2.312370762228965759e-02 -1.775210052728652954e-01
4.644698649644851685e-02 -4.687277227640151978e-02 1.957328617572784424e-02 1.223660334944725037e-01
4.550952836871147156e-02 1.479633599519729614e-01 2.202060632407665253e-02 -1.640780121088027954e-01
4.846879839897155762e-02 -4.746678099036216736e-02 1.873904652893543243e-02 1.354696750640869141e-01
4.751946032047271729e-02 1.473818123340606689e-01 2.144844084978103638e-02 -1.512429565191268921e-01
5.046709626913070679e-02 -4.804058745503425598e-02 1.842358149588108063e-02 1.481285840272903442e-01
4.950628802180290222e-02 1.468127667903900146e-01 2.138615213334560394e-02 -1.386855989694595337e-01
5.244254320859909058e-02 -4.860886558890342712e-02 1.861244067549705505e-02 1.606668531894683838e-01
5.147036537528038025e-02 1.462417393922805786e-01 2.182577736675739288e-02 -1.260866969823837280e-01
5.439519882202148438e-02 -4.918596893548965454e-02 1.930404454469680786e-02 1.734013259410858154e-01
5.341148003935813904e-02 1.456544548273086548e-01 2.277207002043724060e-02 -1.131298243999481201e-01
5.632456764578819275e-02 -4.978626593947410583e-02 2.050947397947311401e-02 1.866496652364730835e-01
5.532884225249290466e-02 1.450363248586654663e-01 2.424246631562709808e-02 -9.949341416358947754e-02
5.822956934571266174e-02 -5.042451992630958557e-02 2.225259877741336823e-02 2.007382959127426147e-01
5.722108110785484314e-02 1.443722248077392578e-01 2.626736462116241455e-02 -8.484274893999099731e-02
6.010852381587028503e-02 -5.111621692776679993e-02 2.457050979137420654e-02 2.160104662179946899e-01
5.908619984984397888e-02 1.436460167169570923e-01 2.889071963727474213e-02 -6.882169097661972046e-02
6.195912137627601624e-02 3.383421003818511963e-01 2.751428447663784027e-02 -3.522512614727020264e-01
6.872596591711044312e-02 1.428399235010147095e-01 2.046925947070121765e-02 -5.102080106735229492e-02
7.158276438713073730e-02 -5.256946757435798645e-02 1.944884285330772400e-02 2.480494230985641479e-01
7.053136825561523438e-02 1.422694027423858643e-01 2.440983243286609650e-02 -3.843601793050765991e-02
7.337675988674163818e-02 3.370329737663269043e-01 2.364111132919788361e-02 -3.233185410499572754e-01
8.011741936206817627e-02 1.415824890136718750e-01 1.717474125325679779e-02 -2.327493205666542053e-02
8.294907212257385254e-02 -5.378149449825286865e-02 1.670924201607704163e-02 2.747769653797149658e-01
8.187343925237655640e-02 1.410981118679046631e-01 2.220478095114231110e-02 -1.258936431258916855e-02
8.469539880752563477e-02 3.358947038650512695e-01 2.195299416780471802e-02 -2.981845438480377197e-01
9.141329675912857056e-02 1.404668092727661133e-01 1.598930358886718750e-02 1.340327202342450619e-03
9.422263503074645996e-02 3.353558480739593506e-01 1.601610891520977020e-02 -2.862552106380462646e-01
1.009297445416450500e-01 1.400091797113418579e-01 1.029100548475980759e-02 1.143574062734842300e-02
1.037299335002899170e-01 3.349820375442504883e-01 1.051972061395645142e-02 -2.779825627803802490e-01
1.104295700788497925e-01 1.397116184234619141e-01 4.960068967193365097e-03 1.799961738288402557e-02
1.132238060235977173e-01 3.347620666027069092e-01 5.320061463862657547e-03 -2.731142342090606689e-01
1.199190467596054077e-01 1.395646184682846069e-01 -1.422233763150870800e-04 2.124189957976341248e-02
1.227103397250175476e-01 -5.555528402328491211e-02 2.826146082952618599e-04 3.138799369335174561e-01
1.215992346405982971e-01 1.395626366138458252e-01 6.560213398188352585e-03 2.128616347908973694e-02
1.243904829025268555e-01 3.345898985862731934e-01 6.985936779528856277e-03 -2.693197429180145264e-01
1.310822814702987671e-01 1.393689513206481934e-01 1.599542098119854927e-03 2.555838041007518768e-02
1.338696628808975220e-01 3.344679176807403564e-01 2.110709669068455696e-03 -2.666194438934326172e-01
1.405590176582336426e-01 1.393159180879592896e-01 -3.221679246053099632e-03 2.672846987843513489e-02
1.433453410863876343e-01 -5.575968325138092041e-02 -2.687109867110848427e-03 3.183931708335876465e-01
1.422301530838012695e-01 1.394004374742507935e-01 3.680753754451870918e-03 2.486404962837696075e-02
1.450181603431701660e-01 3.344694077968597412e-01 4.178034607321023941e-03 -2.666552960872650146e-01
1.517075449228286743e-01 1.392880827188491821e-01 -1.155070960521697998e-03 2.734249085187911987e-02
1.544933021068572998e-01 3.344265818595886230e-01 -6.082211621105670929e-04 -2.657046616077423096e-01
1.611818373203277588e-01 1.393133103847503662e-01 -5.922314245253801346e-03 2.678637579083442688e-02
1.639681011438369751e-01 -5.572321265935897827e-02 -5.386586766690015793e-03 3.175948858261108398e-01
1.628536432981491089e-01 1.394750475883483887e-01 9.653109591454267502e-04 2.321809343993663788e-02
1.656431406736373901e-01 3.345831334590911865e-01 1.429672818630933762e-03 -2.691601216793060303e-01
1.723348051309585571e-01 1.394408196210861206e-01 -3.953529521822929382e-03 2.397339977324008942e-02
1.751236170530319214e-01 3.346192240715026855e-01 -3.474061377346515656e-03 -2.699542939662933350e-01
1.818159967660903931e-01 1.395470350980758667e-01 -8.873146958649158478e-03 2.163088321685791016e-02
1.846069395542144775e-01 -5.544655025005340576e-02 -8.440528996288776398e-03 3.115010857582092285e-01
1.834980100393295288e-01 1.397946327924728394e-01 -2.210507867857813835e-03 1.616825535893440247e-02
1.862939000129699707e-01 3.349482119083404541e-01 -1.887142774648964405e-03 -2.772112786769866943e-01
1.929928660392761230e-01 1.398532390594482422e-01 -7.431368809193372726e-03 1.487583201378583908e-02
1.957899332046508789e-01 -5.516135692596435547e-02 -7.133851759135723114e-03 3.052048385143280029e-01
1.946867108345031738e-01 1.400615274906158447e-01 -1.029755105264484882e-03 1.028063427656888962e-02
1.974879354238510132e-01 3.351982235908508301e-01 -8.241424802690744400e-04 -2.827270030975341797e-01
2.041919082403182983e-01 1.400880366563796997e-01 -6.478682626038789749e-03 9.695867076516151428e-03
2.069936692714691162e-01 3.353022933006286621e-01 -6.284765433520078659e-03 -2.850241065025329590e-01
2.136997133493423462e-01 1.402705460786819458e-01 -1.198524702340364456e-02 5.670046433806419373e-03
2.165051251649856567e-01 -5.467748641967773438e-02 -1.187184639275074005e-02 2.945475280284881592e-01
2.154115736484527588e-01 1.406116932630538940e-01 -5.980896297842264175e-03 -1.855846727266907692e-03
2.182238101959228516e-01 -5.442397668957710266e-02 -6.018013227730989456e-03 2.889340519905090332e-01
2.171353250741958618e-01 1.407832652330398560e-01 -2.393321046838536859e-04 -5.640806164592504501e-03
2.199509888887405396e-01 3.359086513519287109e-01 -3.521482285577803850e-04 -2.983992397785186768e-01
2.266691625118255615e-01 1.407917290925979614e-01 -6.320132873952388763e-03 -5.827391054481267929e-03
2.294849902391433716e-01 -5.423901975154876709e-02 -6.436680909246206284e-03 2.848547697067260742e-01
2.284002155065536499e-01 1.409741342067718506e-01 -7.395852589979767799e-04 -9.851267561316490173e-03
2.312196940183639526e-01 3.361066877841949463e-01 -9.366106241941452026e-04 -3.027674555778503418e-01
2.379418313503265381e-01 1.409980952739715576e-01 -6.991959642618894577e-03 -1.038005761802196503e-02
2.407618016004562378e-01 -5.402288213372230530e-02 -7.199560757726430893e-03 2.800886332988739014e-01
2.396813333034515381e-01 1.412010192871093750e-01 -1.597787835635244846e-03 -1.485627982765436172e-02
2.425053566694259644e-01 3.363458514213562012e-01 -1.894913497380912304e-03 -3.080429136753082275e-01
2.492322772741317749e-01 1.412509530782699585e-01 -8.055771701037883759e-03 -1.595817878842353821e-02
2.520572841167449951e-01 -5.375454574823379517e-02 -8.374935016036033630e-03 2.741722166538238525e-01
2.509821951389312744e-01 1.414858996868133545e-01 -2.891490701586008072e-03 -2.114037983119487762e-02
2.538119256496429443e-01 3.366491794586181641e-01 -3.314298344776034355e-03 -3.147341907024383545e-01
2.605448961257934570e-01 1.415746062994003296e-01 -9.608982130885124207e-03 -2.309833467006683350e-02
2.633763849735260010e-01 -5.340823158621788025e-02 -1.007094886153936386e-02 2.665374279022216797e-01
2.623082399368286133e-01 1.418559998273849487e-01 -4.740200471132993698e-03 -2.930486947298049927e-02
2.651453614234924316e-01 -5.319765955209732056e-02 -5.326298065483570099e-03 2.618786990642547607e-01
2.640813887119293213e-01 1.419999152421951294e-01 -8.872373291524127126e-05 -3.247942402958869934e-02
2.669214010238647461e-01 3.371231257915496826e-01 -7.383121992461383343e-04 -3.251903355121612549e-01
2.736638486385345459e-01 1.420117020606994629e-01 -7.242118939757347107e-03 -3.274033963680267334e-02
2.765040993690490723e-01 -5.300564318895339966e-02 -7.896925322711467743e-03 2.576488554477691650e-01
2.754439711570739746e-01 1.422281563282012939e-01 -2.743948716670274734e-03 -3.751438483595848083e-02
2.782885432243347168e-01 3.373893499374389648e-01 -3.494236385449767113e-03 -3.310617804527282715e-01
2.850363254547119141e-01 1.423173099756240845e-01 -1.011547259986400604e-02 -3.948282077908515930e-02
2.878826856613159180e-01 -5.265814065933227539e-02 -1.090512890368700027e-02 2.499914914369583130e-01
2.868295013904571533e-01 1.426178365945816040e-01 -5.905298981815576553e-03 -4.611109569668769836e-02
2.896818816661834717e-01 -5.241894721984863281e-02 -6.827520672231912613e-03 2.447028160095214844e-01
2.886334955692291260e-01 1.427998542785644531e-01 -1.933464314788579941e-03 -5.012582987546920776e-02
2.914894819259643555e-01 3.379494845867156982e-01 -2.935980912297964096e-03 -3.434181511402130127e-01
2.982484698295593262e-01 1.428694128990173340e-01 -9.804343804717063904e-03 -5.166250094771385193e-02
3.011058568954467773e-01 -5.211059004068374634e-02 -1.083759404718875885e-02 2.379110157489776611e-01
3.000636696815490723e-01 1.431645005941390991e-01 -6.079373881220817566e-03 -5.817060545086860657e-02
3.029269576072692871e-01 -5.186975747346878052e-02 -7.242785766720771790e-03 2.325880527496337891e-01
3.018895387649536133e-01 1.433549225330352783e-01 -2.591024618595838547e-03 -6.237065792083740234e-02
3.047566413879394531e-01 -5.172977596521377563e-02 -3.838437842205166817e-03 2.294936627149581909e-01
3.037220537662506104e-01 1.434468179941177368e-01 7.514352910220623016e-04 -6.439757347106933594e-02
3.065910041332244873e-01 3.385579884052276611e-01 -5.365161341615021229e-04 -3.568433225154876709e-01
3.133621513843536377e-01 1.434436589479446411e-01 -7.673382293432950974e-03 -6.432961672544479370e-02
3.162310123443603516e-01 -5.156743526458740234e-02 -8.959975093603134155e-03 2.259224653244018555e-01
3.151996731758117676e-01 1.436814218759536743e-01 -4.441525787115097046e-03 -6.957325339317321777e-02
3.180733025074005127e-01 -5.137657746672630310e-02 -5.832990631461143494e-03 2.217050492763519287e-01
3.170457780361175537e-01 1.438282579183578491e-01 -1.398889697156846523e-03 -7.281211763620376587e-02
3.199223279953002930e-01 -5.127360671758651733e-02 -2.855131868273019791e-03 2.194291204214096069e-01
3.188968598842620850e-01 1.438890397548675537e-01 1.533450558781623840e-03 -7.415305823087692261e-02
3.217746317386627197e-01 3.389889597892761230e-01 5.038938616053201258e-05 -3.663517832756042480e-01
3.285544216632843018e-01 1.438663005828857422e-01 -7.276646327227354050e-03 -7.365296781063079834e-02
3.314317464828491211e-01 -5.115057528018951416e-02 -8.749705739319324493e-03 2.167252898216247559e-01
3.304087519645690918e-01 1.440953612327575684e-01 -4.415199626237154007e-03 -7.870477437973022461e-02
3.332906365394592285e-01 -5.096302181482315063e-02 -5.989294964820146561e-03 2.125818729400634766e-01
3.322713971138000488e-01 1.442440450191497803e-01 -1.737657701596617699e-03 -8.198431134223937988e-02
3.351562619209289551e-01 -5.085295066237449646e-02 -3.377343993633985519e-03 2.101498693227767944e-01
3.341391980648040771e-01 1.443171203136444092e-01 8.256534929387271404e-04 -8.359651267528533936e-02
3.370255529880523682e-01 3.394272327423095703e-01 -8.462768164463341236e-04 -3.760188221931457520e-01
3.438141047954559326e-01 1.443173140287399292e-01 -8.366653695702552795e-03 -8.360286056995391846e-02
3.467004299163818359e-01 -5.068371444940567017e-02 -1.003871113061904907e-02 2.064286768436431885e-01
3.456867635250091553e-01 1.445803344249725342e-01 -5.910137202590703964e-03 -8.940397948026657104e-02
3.485783636569976807e-01 -5.045640096068382263e-02 -7.698216941207647324e-03 2.014084458351135254e-01
3.475692570209503174e-01 1.447747945785522461e-01 -3.670047968626022339e-03 -9.369292855262756348e-02
3.504647314548492432e-01 -5.029435828328132629e-02 -5.543906241655349731e-03 1.978298425674438477e-01
3.494588434696197510e-01 1.449064463376998901e-01 -1.587309525348246098e-03 -9.659676253795623779e-02
3.523569703102111816e-01 -5.019271746277809143e-02 -3.519244724884629250e-03 1.955849528312683105e-01
3.513531386852264404e-01 1.449794024229049683e-01 3.924541815649718046e-04 -9.820606559514999390e-02
3.542527258396148682e-01 -5.014817789196968079e-02 -1.571667147800326347e-03 1.946006566286087036e-01
3.532497584819793701e-01 1.449962258338928223e-01 2.320345956832170486e-03 -9.857764840126037598e-02
3.561496734619140625e-01 3.400848507881164551e-01 3.487928770482540131e-04 -3.905276060104370117e-01
3.629513680934906006e-01 1.449579447507858276e-01 -7.461759261786937714e-03 -9.773473441600799561e-02
3.658505380153656006e-01 -5.005627498030662537e-02 -9.416454471647739410e-03 1.925847083330154419e-01
3.648494184017181396e-01 1.451991051435470581e-01 -5.564759951084852219e-03 -1.030537709593772888e-01
3.677533864974975586e-01 -4.984265565872192383e-02 -7.625835482031106949e-03 1.878683120012283325e-01
3.667565286159515381e-01 1.453875601291656494e-01 -3.868469037115573883e-03 -1.072104796767234802e-01
3.696642816066741943e-01 -4.967873916029930115e-02 -6.012678612023591995e-03 1.842494606971740723e-01
3.686707019805908203e-01 1.455287188291549683e-01 -2.327689435333013535e-03 -1.103241592645645142e-01
3.715812861919403076e-01 -4.955979436635971069e-02 -4.534172825515270233e-03 1.816234886646270752e-01
3.705900907516479492e-01 1.456267386674880981e-01 -9.017031406983733177e-04 -1.124863550066947937e-01
3.735026419162750244e-01 -4.948227480053901672e-02 -3.151430282741785049e-03 1.799119561910629272e-01
3.725129961967468262e-01 1.456846296787261963e-01 4.468088154681026936e-04 -1.137634739279747009e-01
3.754266798496246338e-01 -4.944372177124023438e-02 -1.828460604883730412e-03 1.790603846311569214e-01
3.744378089904785156e-01 1.457043439149856567e-01 1.752747222781181335e-03 -1.141987964510917664e-01
3.773518800735473633e-01 -4.944267496466636658e-02 -5.312286666594445705e-04 1.790366023778915405e-01
3.763630390167236328e-01 1.456868797540664673e-01 3.049503313377499580e-03 -1.138138696551322937e-01
3.792767822742462158e-01 3.407649993896484375e-01 7.732259109616279602e-04 -4.055331349372863770e-01
3.860920667648315430e-01 1.456320881843566895e-01 -7.337437011301517487e-03 -1.126065328717231750e-01
3.890047073364257812e-01 -4.938395693898200989e-02 -9.589567780494689941e-03 1.777524799108505249e-01
3.880170285701751709e-01 1.458739042282104492e-01 -6.034518126398324966e-03 -1.179401427507400513e-01
3.909344971179962158e-01 -4.916106909513473511e-02 -8.393321186304092407e-03 1.728328466415405273e-01
3.899512887001037598e-01 1.460800021886825562e-01 -4.936663899570703506e-03 -1.224860399961471558e-01
3.928728997707366943e-01 -4.897087812423706055e-02 -7.386384531855583191e-03 1.686353385448455811e-01
3.918934762477874756e-01 1.462560147047042847e-01 -4.013677593320608139e-03 -1.263685971498489380e-01
3.948186039924621582e-01 -4.880820587277412415e-02 -6.541049573570489883e-03 1.650453656911849976e-01
3.938424289226531982e-01 1.464067697525024414e-01 -3.240142250433564186e-03 -1.296938806772232056e-01
3.967705667018890381e-01 -4.866861924529075623e-02 -5.834019742906093597e-03 1.619650572538375854e-01
3.957971930503845215e-01 1.465363651514053345e-01 -2.594718476757407188e-03 -1.325526237487792969e-01
3.987279236316680908e-01 -4.854832589626312256e-02 -5.245770793408155441e-03 1.593105792999267578e-01
3.977569639682769775e-01 1.466483324766159058e-01 -2.059559337794780731e-03 -1.350226253271102905e-01
4.006899297237396240e-01 -4.844405874609947205e-02 -4.760012030601501465e-03 1.570098251104354858e-01
3.997210264205932617e-01 1.467457264661788940e-01 -1.619815477170050144e-03 -1.371709555387496948e-01
4.026559591293334961e-01 -4.835299402475357056e-02 -4.363234620541334152e-03 1.550004929304122925e-01
4.016889035701751709e-01 1.468311548233032227e-01 -1.263224752619862556e-03 -1.390557289123535156e-01
4.046255052089691162e-01 -4.827267676591873169e-02 -4.044339526444673538e-03 1.532284021377563477e-01
4.036600589752197266e-01 1.469069421291351318e-01 -9.797712555155158043e-04 -1.407276690006256104e-01
4.065982103347778320e-01 -4.820095747709274292e-02 -3.794324817135930061e-03 1.516459882259368896e-01
4.056341946125030518e-01 1.469751149415969849e-01 -7.614049827679991722e-04 -1.422315388917922974e-01
4.085736870765686035e-01 -4.813591763377189636e-02 -3.606035839766263962e-03 1.502110809087753296e-01
4.076109528541564941e-01 1.470374763011932373e-01 -6.018144194968044758e-04 -1.436073035001754761e-01
4.105517268180847168e-01 -4.807584360241889954e-02 -3.473960328847169876e-03 1.488857120275497437e-01
4.095901846885681152e-01 1.470956802368164062e-01 -4.962462116964161396e-04 -1.448911577463150024e-01
4.125321209430694580e-01 -4.801915958523750305e-02 -3.394069382920861244e-03 1.476351767778396606e-01
4.115717411041259766e-01 1.471512317657470703e-01 -4.413658753037452698e-04 -1.461165845394134521e-01
4.145147502422332764e-01 -4.796439781785011292e-02 -3.363697556778788567e-03 1.464270651340484619e-01
4.135554730892181396e-01 1.472055613994598389e-01 -4.351560492068529129e-04 -1.473151296377182007e-01
4.164995849132537842e-01 -4.791015386581420898e-02 -3.381458809599280357e-03 1.452304720878601074e-01
4.155413806438446045e-01 1.472600549459457397e-01 -4.768492653965950012e-04 -1.485173106193542480e-01
4.184865653514862061e-01 -4.785506054759025574e-02 -3.447195515036582947e-03 1.440151333808898926e-01
4.175294637680053711e-01 1.473160833120346069e-01 -5.668929079547524452e-04 -1.497533172369003296e-01
4.204758107662200928e-01 -4.779774323105812073e-02 -3.561959369108080864e-03 1.427507102489471436e-01
4.195198416709899902e-01 1.473750472068786621e-01 -7.069452549330890179e-04 -1.510538309812545776e-01
4.224673509597778320e-01 -4.773677885532379150e-02 -3.728021634742617607e-03 1.414059996604919434e-01
4.215126037597656250e-01 1.474383622407913208e-01 -8.999018464237451553e-04 -1.524507254362106323e-01
4.244613647460937500e-01 -4.767068848013877869e-02 -3.948916215449571609e-03 1.399481594562530518e-01
4.235079586505889893e-01 1.475075930356979370e-01 -1.149952993728220463e-03 -1.539779603481292725e-01
4.264581203460693359e-01 -4.759787023067474365e-02 -4.229512065649032593e-03 1.383419632911682129e-01
4.255061447620391846e-01 1.475844085216522217e-01 -1.462672953493893147e-03 -1.556722968816757202e-01
4.284578561782836914e-01 -4.751657694578170776e-02 -4.576119128614664078e-03 1.365488320589065552e-01
4.275075197219848633e-01 1.476706266403198242e-01 -1.845142454840242863e-03 -1.575742810964584351e-01
4.304609298706054688e-01 -4.742486402392387390e-02 -4.996628034859895706e-03 1.345259845256805420e-01
4.295124113559722900e-01 1.477683037519454956e-01 -2.306108362972736359e-03 -1.597291082143783569e-01
4.324677884578704834e-01 -4.732055962085723877e-02 -5.500690545886754990e-03 1.322254091501235962e-01
4.315213859081268311e-01 1.478797495365142822e-01 -2.856182400137186050e-03 -1.621878296136856079e-01
4.344789683818817139e-01 -4.720119386911392212e-02 -6.099938880652189255e-03 1.295926868915557861e-01
4.335349500179290771e-01 1.480076014995574951e-01 -3.508085384964942932e-03 -1.650084406137466431e-01
4.364950954914093018e-01 -4.706395417451858521e-02 -6.808253936469554901e-03 1.265657246112823486e-01
4.355538189411163330e-01 1.481548696756362915e-01 -4.276939667761325836e-03 -1.682573407888412476e-01
4.385169148445129395e-01 -4.690560698509216309e-02 -7.642086595296859741e-03 1.230732798576354980e-01
4.375787973403930664e-01 1.483249962329864502e-01 -5.180620588362216949e-03 -1.720108240842819214e-01
4.405453205108642578e-01 -4.672242701053619385e-02 -8.620836772024631500e-03 1.190332919359207153e-01
4.396108686923980713e-01 1.485219746828079224e-01 -6.240171380341053009e-03 -1.763569116592407227e-01
4.425812959671020508e-01 -4.651012271642684937e-02 -9.767309762537479401e-03 1.143509298563003540e-01
4.416511058807373047e-01 1.487504094839096069e-01 -7.480291184037923813e-03 -1.813974380493164062e-01
4.446260929107666016e-01 -4.626370966434478760e-02 -1.110824011266231537e-02 1.089163646101951599e-01
4.437008202075958252e-01 1.490156501531600952e-01 -8.929912932217121124e-03 -1.872503459453582764e-01
4.466811418533325195e-01 -4.597741365432739258e-02 -1.267491932958364487e-02 1.026022136211395264e-01
4.457615911960601807e-01 1.493238657712936401e-01 -1.062287483364343643e-02 -1.940525025129318237e-01
4.487480819225311279e-01 -4.564452543854713440e-02 -1.450392510741949081e-02 9.526052325963973999e-02
4.478351771831512451e-01 1.496822685003280640e-01 -1.259871479123830795e-02 -2.019628584384918213e-01
4.508288204669952393e-01 -4.525725170969963074e-02 -1.663797162473201752e-02 8.671929687261581421e-02
4.499236941337585449e-01 -2.401368170976638794e-01 -1.490358635783195496e-02 3.741068243980407715e-01
4.451209604740142822e-01 -4.480636119842529297e-02 -7.421449292451143265e-03 7.676220685243606567e-02
4.442248344421386719e-01 1.504211872816085815e-01 -5.886205006390810013e-03 -2.182529419660568237e-01
4.472332298755645752e-01 -4.461612552404403687e-02 -1.025126408785581589e-02 7.256743311882019043e-02
4.463409185409545898e-01 -2.395896166563034058e-01 -8.799915201961994171e-03 3.619984984397888184e-01
4.415491223335266113e-01 -4.434370622038841248e-02 -1.559945638291537762e-03 6.655380874872207642e-02
4.406622648239135742e-01 1.508005708456039429e-01 -2.288694522576406598e-04 -2.266208827495574951e-01
4.436782598495483398e-01 -4.431810230016708374e-02 -4.761287011206150055e-03 6.598984450101852417e-02
4.427919089794158936e-01 1.508717834949493408e-01 -3.441490232944488525e-03 -2.281914800405502319e-01
4.458093345165252686e-01 -4.420081526041030884e-02 -8.005320094525814056e-03 6.340388953685760498e-02
4.449253380298614502e-01 -2.392070740461349487e-01 -6.737241987138986588e-03 3.535503745079040527e-01
4.401411712169647217e-01 -4.398997873067855835e-02 3.337654925417155027e-04 5.875063687562942505e-02
4.392613768577575684e-01 1.511271893978118896e-01 1.508778193965554237e-03 -2.338269650936126709e-01
4.422839283943176270e-01 -4.401629045605659485e-02 -3.167761024087667465e-03 5.933149531483650208e-02
4.414035975933074951e-01 1.511509418487548828e-01 -1.981131266802549362e-03 -2.343491911888122559e-01
4.444266259670257568e-01 -4.394265264272689819e-02 -6.668115034699440002e-03 5.770815908908843994e-02
4.435477554798126221e-01 -2.389683574438095093e-01 -5.513952113687992096e-03 3.482798039913177490e-01
4.387683868408203125e-01 -4.376842081546783447e-02 1.451644347980618477e-03 5.386325716972351074e-02
4.378930330276489258e-01 1.513326913118362427e-01 2.528909360989928246e-03 -2.383613139390945435e-01
4.409196972846984863e-01 -4.382530227303504944e-02 -2.238316694274544716e-03 5.511823296546936035e-02
4.400431811809539795e-01 1.513286679983139038e-01 -1.135952072218060493e-03 -2.382700592279434204e-01
4.430697560310363770e-01 -4.377703368663787842e-02 -5.901353433728218079e-03 5.405433848500251770e-02
4.421942234039306641e-01 -2.388138771057128906e-01 -4.820266272872686386e-03 3.448695242404937744e-01
4.374179244041442871e-01 -4.362368583679199219e-02 2.077123848721385002e-03 5.067048221826553345e-02
4.365454614162445068e-01 1.514684259891510010e-01 3.090533427894115448e-03 -2.413563728332519531e-01
4.395748376846313477e-01 -4.369753971695899963e-02 -1.736593898385763168e-03 5.229978635907173157e-02
4.387008845806121826e-01 1.514492630958557129e-01 -6.905981572344899178e-04 -2.409305423498153687e-01
4.417298734188079834e-01 -4.366281256079673767e-02 -5.509208887815475464e-03 5.153447017073631287e-02
4.408566057682037354e-01 -2.387053370475769043e-01 -4.478519782423973083e-03 3.424741327762603760e-01
4.360825121402740479e-01 -4.351995512843132019e-02 2.370962873101234436e-03 4.838230460882186890e-02
4.352121055126190186e-01 1.515679210424423218e-01 3.338608890771865845e-03 -2.435516268014907837e-01
4.382434487342834473e-01 -4.360156133770942688e-02 -1.532423542812466621e-03 5.018251389265060425e-02
4.373714327812194824e-01 -2.387015074491500854e-01 -5.287732928991317749e-04 3.423815667629241943e-01
4.325973987579345703e-01 -4.357203468680381775e-02 6.318857893347740173e-03 4.953193292021751404e-02
4.317259490489959717e-01 1.514587402343750000e-01 7.309496402740478516e-03 -2.411506623029708862e-01
4.347551465034484863e-01 -4.376685619354248047e-02 2.486483193933963776e-03 5.382888391613960266e-02
4.338797926902770996e-01 1.513193547725677490e-01 3.563060890883207321e-03 -2.380685061216354370e-01
4.369061887264251709e-01 -4.385331645607948303e-02 -1.198309124447405338e-03 5.573618784546852112e-02
4.360291063785552979e-01 1.512857973575592041e-01 -8.358534250874072313e-05 -2.373245805501937866e-01
4.390548467636108398e-01 -4.383496195077896118e-02 -4.830076824873685837e-03 5.533198639750480652e-02
4.381781220436096191e-01 -2.388873249292373657e-01 -3.723437199369072914e-03 3.464870750904083252e-01
4.334003925323486328e-01 -4.371260851621627808e-02 3.206304507330060005e-03 5.263234674930572510e-02
4.325261414051055908e-01 1.513632237911224365e-01 4.258951637893915176e-03 -2.390372455120086670e-01
4.355534017086029053e-01 -4.381931200623512268e-02 -5.217933794483542442e-04 5.498603358864784241e-02
4.346770048141479492e-01 1.513101160526275635e-01 5.779272760264575481e-04 -2.378614842891693115e-01
4.377032220363616943e-01 -4.382008686661720276e-02 -4.179302137345075607e-03 5.500368773937225342e-02
4.368268251419067383e-01 -2.388818711042404175e-01 -3.079228568822145462e-03 3.463650941848754883e-01
4.320491850376129150e-01 -4.371624812483787537e-02 3.848073072731494904e-03 5.271276086568832397e-02
4.311748445034027100e-01 1.513503193855285645e-01 4.902328364551067352e-03 -2.387535870075225830e-01
4.342018663883209229e-01 -4.384132474660873413e-02 1.272565714316442609e-04 5.547163262963294983e-02
4.333250224590301514e-01 1.512787938117980957e-01 1.236689160577952862e-03 -2.371711432933807373e-01
4.363506138324737549e-01 -4.386079683899879456e-02 -3.506733570247888565e-03 5.590161681175231934e-02
4.354733824729919434e-01 -2.389322966337203979e-01 -2.388701308518648148e-03 3.474760949611663818e-01
4.306947588920593262e-01 -4.377644509077072144e-02 4.560820292681455612e-03 5.404087156057357788e-02
4.298192262649536133e-01 1.512798070907592773e-01 5.641637835651636124e-03 -2.371996045112609863e-01
4.328448176383972168e-01 -4.392227903008460999e-02 8.976458921097218990e-04 5.725751817226409912e-02
4.319663643836975098e-01 1.511867940425872803e-01 2.042796229943633080e-03 -2.351420670747756958e-01
4.349901080131530762e-01 -4.396428912878036499e-02 -2.660044934600591660e-03 5.818452686071395874e-02
4.341108202934265137e-01 1.511957049369812012e-01 -1.496354350820183754e-03 -2.353364676237106323e-01
4.371347427368164062e-01 -4.390484094619750977e-02 -6.203083787113428116e-03 5.687408149242401123e-02
4.362566471099853516e-01 -2.389373034238815308e-01 -5.065602250397205353e-03 3.475934565067291260e-01
4.314778745174407959e-01 -4.374366626143455505e-02 1.886266749352216721e-03 5.331747606396675110e-02
4.306030273437500000e-01 1.513511836528778076e-01 2.952616196125745773e-03 -2.387697249650955200e-01
4.336300492286682129e-01 -4.381282255053520203e-02 -1.822778140194714069e-03 5.484307929873466492e-02
4.327537715435028076e-01 1.513352245092391968e-01 -7.259165286086499691e-04 -2.384143918752670288e-01
4.357804954051971436e-01 -4.377635568380355835e-02 -5.494204349815845490e-03 5.403947457671165466e-02
4.349049627780914307e-01 -2.388190925121307373e-01 -4.413414746522903442e-03 3.449838757514953613e-01
4.301285743713378906e-01 -4.363464191555976868e-02 2.486262703314423561e-03 5.091251432895660400e-02
4.292558729648590088e-01 1.514515727758407593e-01 3.504513064399361610e-03 -2.409849464893341064e-01
4.322849214076995850e-01 -4.372026771306991577e-02 -1.315185683779418468e-03 5.280134081840515137e-02
4.314105212688446045e-01 1.514205187559127808e-01 -2.591588709037750959e-04 -2.402962446212768555e-01
4.344389140605926514e-01 -4.369772970676422119e-02 -5.065083969384431839e-03 5.230492353439331055e-02
4.335649609565734863e-01 -2.387466877698898315e-01 -4.018985200673341751e-03 3.433854877948760986e-01
4.287900328636169434e-01 -4.356779530644416809e-02 2.848724368959665298e-03 4.943792149424552917e-02
4.279186725616455078e-01 1.515131890773773193e-01 3.837482770904898643e-03 -2.423448413610458374e-01
4.309489428997039795e-01 -4.366336017847061157e-02 -1.009414205327630043e-03 5.154604837298393250e-02
4.300756752490997314e-01 -2.387708276510238647e-01 2.150671753042843193e-05 3.439103364944458008e-01
4.253002703189849854e-01 -4.364917799830436707e-02 6.899713072925806046e-03 5.123418197035789490e-02
4.244272708892822266e-01 1.513731628656387329e-01 7.924396544694900513e-03 -2.392638623714447021e-01
4.274547398090362549e-01 -4.386109486222267151e-02 3.139119362458586693e-03 5.590806528925895691e-02
4.265775084495544434e-01 1.512157022953033447e-01 4.257280845195055008e-03 -2.357827872037887573e-01
4.296018183231353760e-01 -4.396680742502212524e-02 -4.583750851452350616e-04 5.823996290564537048e-02
4.287225008010864258e-01 1.511617153882980347e-01 7.064242381602525711e-04 -2.345875501632690430e-01
4.317457377910614014e-01 -4.397032409906387329e-02 -3.985326737165451050e-03 5.831812322139739990e-02
4.308663308620452881e-01 -2.390349060297012329e-01 -2.818964188918471336e-03 3.497409820556640625e-01
4.260856211185455322e-01 -4.387297853827476501e-02 4.175855778157711029e-03 5.617048591375350952e-02
4.252081513404846191e-01 1.511888504028320312e-01 5.299265496432781219e-03 -2.351920008659362793e-01
4.282319247722625732e-01 -4.400841146707534790e-02 5.954251973889768124e-04 5.915775150060653687e-02
4.273517727851867676e-01 1.511050015687942505e-01 1.778580248355865479e-03 -2.333372533321380615e-01
4.303738772869110107e-01 -4.404232278466224670e-02 -2.888164715841412544e-03 5.990616232156753540e-02
4.294930100440979004e-01 1.511209160089492798e-01 -1.690041506662964821e-03 -2.336865961551666260e-01
4.325154423713684082e-01 -4.397684335708618164e-02 -6.363773718476295471e-03 5.846275761723518372e-02
4.316359162330627441e-01 -2.390069812536239624e-01 -5.194518249481916428e-03 3.491311073303222656e-01
4.268557727336883545e-01 -4.381152987480163574e-02 1.788103487342596054e-03 5.481469631195068359e-02
4.259795248508453369e-01 1.512847393751144409e-01 2.884397283196449280e-03 -2.373035401105880737e-01
4.290052354335784912e-01 -4.387830570340156555e-02 -1.861673314124345779e-03 5.628782138228416443e-02
4.281276762485504150e-01 -2.389735132455825806e-01 -7.359168957918882370e-04 3.483828008174896240e-01
4.233481884002685547e-01 -4.384110122919082642e-02 6.231739185750484467e-03 5.546789616346359253e-02
4.224713742733001709e-01 1.511909365653991699e-01 7.341097109019756317e-03 -2.352423667907714844e-01
4.254951775074005127e-01 -4.403512179851531982e-02 2.636249409988522530e-03 5.974709615111351013e-02
4.246144890785217285e-01 1.510489284992218018e-01 3.831191454082727432e-03 -2.321029156446456909e-01
4.276354610919952393e-01 -4.412754997611045837e-02 -8.108668262138962746e-04 6.178603321313858032e-02
4.267529249191284180e-01 1.510060131549835205e-01 4.248538753017783165e-04 -2.311526089906692505e-01
4.297730326652526855e-01 -4.412200301885604858e-02 -4.198198672384023666e-03 6.166429445147514343e-02
4.288905858993530273e-01 -2.391835153102874756e-01 -2.964912448078393936e-03 3.530197143554687500e-01
4.241069257259368896e-01 -4.401952400803565979e-02 4.095481708645820618e-03 5.940333381295204163e-02
4.232265353202819824e-01 1.510434746742248535e-01 5.283548496663570404e-03 -2.319846302270889282e-01
4.262474179267883301e-01 -4.415357857942581177e-02 6.438557757064700127e-04 6.236021220684051514e-02
4.253643453121185303e-01 1.509591341018676758e-01 1.891059917397797108e-03 -2.301195114850997925e-01
4.283835291862487793e-01 -4.418978840112686157e-02 -2.711330074816942215e-03 6.315932422876358032e-02
4.274997115135192871e-01 1.509709358215332031e-01 -1.448143622837960720e-03 -2.303778082132339478e-01
4.305191338062286377e-01 -4.413029551506042480e-02 -6.055699661374092102e-03 6.184797361493110657e-02
4.296365380287170410e-01 -2.391649037599563599e-01 -4.818740300834178925e-03 3.526141643524169922e-01
4.248532354831695557e-01 -4.397476091980934143e-02 2.233542734757065773e-03 5.841563269495964050e-02
4.239737391471862793e-01 1.511150896549224854e-01 3.401855472475290298e-03 -2.335617542266845703e-01
4.269960522651672363e-01 -4.405529797077178955e-02 -1.269379747100174427e-03 6.019227951765060425e-02
4.261149466037750244e-01 1.510848253965377808e-01 -6.553420826094225049e-05 -2.328908741474151611e-01
4.291366338729858398e-01 -4.403618350625038147e-02 -4.723351914435625076e-03 5.977138131856918335e-02
4.282559156417846680e-01 -2.390900999307632446e-01 -3.527924185618758202e-03 3.509603142738342285e-01
4.234741032123565674e-01 -4.391814768314361572e-02 3.491282230243086815e-03 5.716701969504356384e-02
4.225957393646240234e-01 1.511535644531250000e-01 4.634622484445571899e-03 -2.344123423099517822e-01
4.256188273429870605e-01 -4.403429478406906128e-02 -5.362412775866687298e-05 5.972888320684432983e-02
4.247381389141082764e-01 1.510884314775466919e-01 1.140953507274389267e-03 -2.329709678888320923e-01
4.277598857879638672e-01 -4.404980689287185669e-02 -3.518465673550963402e-03 6.007163971662521362e-02
4.268788993358612061e-01 -2.391211390495300293e-01 -2.317033009603619576e-03 3.516424000263214111e-01
4.220964908599853516e-01 -4.396631196141242981e-02 4.715814720839262009e-03 5.822973325848579407e-02
4.212171435356140137e-01 1.510877013206481934e-01 5.880409386008977890e-03 -2.329615950584411621e-01
4.242389202117919922e-01 -4.411777108907699585e-02 1.221177633851766586e-03 6.157038733363151550e-02
4.233565628528594971e-01 1.509866565465927124e-01 2.452585380524396896e-03 -2.307270020246505737e-01
4.263762831687927246e-01 -4.417026042938232422e-02 -2.161954529583454132e-03 6.272854655981063843e-02
4.254928827285766602e-01 1.509826183319091797e-01 -9.073835681192576885e-04 -2.306357026100158691e-01
4.285125434398651123e-01 -4.412635043263435364e-02 -5.520097911357879639e-03 6.176086515188217163e-02
4.276300072669982910e-01 -2.391687184572219849e-01 -4.284880589693784714e-03 3.526970744132995605e-01
4.228466451168060303e-01 -4.398610442876815796e-02 2.769060898572206497e-03 5.866607278585433960e-02
4.219669103622436523e-01 1.510960310697555542e-01 3.942382521927356720e-03 -2.331419140100479126e-01
4.249888360500335693e-01 -4.408202320337295532e-02 -7.204559515230357647e-04 6.078195944428443909e-02
4.241071939468383789e-01 1.510502547025680542e-01 4.951832233928143978e-04 -2.321281880140304565e-01
4.271281957626342773e-01 -4.407877475023269653e-02 -4.147380590438842773e-03 6.071089208126068115e-02
4.262466132640838623e-01 -2.391410171985626221e-01 -2.933162730187177658e-03 3.520824015140533447e-01
4.214637875556945801e-01 -4.397747665643692017e-02 4.108485765755176544e-03 5.847601592540740967e-02
4.205842614173889160e-01 1.510853320360183716e-01 5.278005730360746384e-03 -2.329078316688537598e-01
4.236059486865997314e-01 -4.411163926124572754e-02 6.198493065312504768e-04 6.143527105450630188e-02
4.227237105369567871e-01 1.510014235973358154e-01 1.848554704338312149e-03 -2.310520261526107788e-01
4.257437586784362793e-01 -4.414689913392066956e-02 -2.772485837340354919e-03 6.221342459321022034e-02
4.248608052730560303e-01 1.510146856307983398e-01 -1.528217340819537640e-03 -2.313429415225982666e-01
4.278810918331146240e-01 -4.408538714051246643e-02 -6.155076436698436737e-03 6.085753440856933594e-02
4.269993901252746582e-01 -2.391185462474822998e-01 -4.937925375998020172e-03 3.515921533107757568e-01
4.222170412540435791e-01 -4.392672702670097351e-02 2.093917457386851311e-03 5.735624581575393677e-02
4.213384985923767090e-01 1.511651426553726196e-01 3.241042373701930046e-03 -2.346653044223785400e-01
4.243617951869964600e-01 -4.400296881794929504e-02 -1.452263444662094116e-03 5.903818830847740173e-02
4.234817326068878174e-01 1.511397808790206909e-01 -2.714996808208525181e-04 -2.341025769710540771e-01
4.265045225620269775e-01 -4.397829622030258179e-02 -4.953551106154918671e-03 5.849469453096389771e-02
4.256249666213989258e-01 -2.390288710594177246e-01 -3.783657448366284370e-03 3.496106266975402832e-01
4.208443760871887207e-01 -4.385331645607948303e-02 3.208555048331618309e-03 5.573699623346328735e-02
4.199673235416412354e-01 1.512224823236465454e-01 4.323295317590236664e-03 -2.359318882226943970e-01
4.229917824268341064e-01 -4.396096989512443542e-02 -3.953425621148198843e-04 5.811160430312156677e-02
4.221125543117523193e-01 1.511666476726531982e-01 7.668895414099097252e-04 -2.346960306167602539e-01
4.251358807086944580e-01 -4.396625235676765442e-02 -3.927031066268682480e-03 5.822869762778282166e-02
4.242565631866455078e-01 -2.390316724777221680e-01 -2.762457123026251793e-03 3.496700227260589600e-01
4.194759130477905273e-01 -4.387054592370986938e-02 4.230943508446216583e-03 5.611729621887207031e-02
4.185985028743743896e-01 1.511904895305633545e-01 5.353289656341075897e-03 -2.352277338504791260e-01
4.216223359107971191e-01 -4.400753974914550781e-02 6.487348000518977642e-04 5.913896486163139343e-02
4.207421839237213135e-01 1.511051058769226074e-01 1.831514062359929085e-03 -2.333392053842544556e-01
4.237642884254455566e-01 -4.404296725988388062e-02 -2.835270017385482788e-03 5.992086976766586304e-02
4.228834211826324463e-01 -2.391241490840911865e-01 -1.636852743104100227e-03 3.517079055309295654e-01
4.181009232997894287e-01 -4.397896304726600647e-02 5.397305358201265335e-03 5.850927531719207764e-02
4.172213673591613770e-01 1.510651856660842896e-01 6.567490752786397934e-03 -2.324658930301666260e-01
4.202426671981811523e-01 -4.414998739957809448e-02 1.918173162266612053e-03 6.228138878941535950e-02
4.193596541881561279e-01 1.509444117546081543e-01 3.163800807669758797e-03 -2.297957241535186768e-01
4.223785400390625000e-01 -4.422260820865631104e-02 -1.432113582268357277e-03 6.388349086046218872e-02
4.214940965175628662e-01 1.509198397397994995e-01 -1.544438127893954515e-04 -2.292509377002716064e-01
4.245125055313110352e-01 -4.419989883899688721e-02 -4.739462397992610931e-03 6.338327378034591675e-02
4.236284792423248291e-01 -2.392535805702209473e-01 -3.471796866506338120e-03 3.545671105384826660e-01
4.188434183597564697e-01 -4.408243298530578613e-02 3.619545139372348785e-03 6.079145148396492004e-02
4.179617762565612793e-01 1.509874314069747925e-01 4.835374187678098679e-03 -2.307472825050354004e-01
4.209815263748168945e-01 -4.420327767729759216e-02 2.204285410698503256e-04 6.345695257186889648e-02
4.200974702835083008e-01 1.509155184030532837e-01 1.489567570388317108e-03 -2.291564196348190308e-01
4.231157600879669189e-01 -4.422769322991371155e-02 -3.093560924753546715e-03 6.399599462747573853e-02
4.222312271595001221e-01 1.509384810924530029e-01 -1.813641050830483437e-03 -2.296613603830337524e-01
4.252499938011169434e-01 -4.415751248598098755e-02 -6.406868342310190201e-03 6.244892627000808716e-02
4.243668317794799805e-01 -2.391870170831680298e-01 -5.157889798283576965e-03 3.531035780906677246e-01
4.195830821990966797e-01 -4.399210587143898010e-02 1.904181903228163719e-03 5.879868939518928528e-02
4.187032580375671387e-01 1.511024981737136841e-01 3.080155700445175171e-03 -2.332828491926193237e-01
4.217253029346466064e-01 -4.406333342194557190e-02 -1.585501129738986492e-03 6.037006899714469910e-02
4.208440184593200684e-01 1.510813087224960327e-01 -3.780997940339148045e-04 -2.328126728534698486e-01
4.238656461238861084e-01 -4.403523355722427368e-02 -5.034353118389844894e-03 5.975096672773361206e-02
4.229849576950073242e-01 -2.390846461057662964e-01 -3.839334007352590561e-03 3.508412837982177734e-01
4.182032644748687744e-01 -4.390830174088478088e-02 3.177491482347249985e-03 5.695016309618949890e-02
4.173251092433929443e-01 1.511679440736770630e-01 4.316494800150394440e-03 -2.347285449504852295e-01
4.203484654426574707e-01 -4.401541128754615784e-02 -3.780762199312448502e-04 5.931280180811882019e-02
4.194681346416473389e-01 1.511119604110717773e-01 8.081797859631478786e-04 -2.334893792867660522e-01
4.224903881549835205e-01 -4.402152821421623230e-02 -3.861607983708381653e-03 5.944835767149925232e-02
4.216099679470062256e-01 -2.390878945589065552e-01 -2.672640839591622353e-03 3.509104251861572266e-01
4.168281853199005127e-01 -4.392804205417633057e-02 4.345567896962165833e-03 5.738592520356178284e-02
4.159496426582336426e-01 1.511313319206237793e-01 5.493286065757274628e-03 -2.339227795600891113e-01
4.189722537994384766e-01 -4.406867548823356628e-02 8.148305932991206646e-04 6.048782914876937866e-02
4.180908799171447754e-01 1.510415822267532349e-01 2.024587243795394897e-03 -2.319379001855850220e-01
4.211117327213287354e-01 -4.410924017429351807e-02 -2.614170778542757034e-03 6.138296052813529968e-02
4.202295243740081787e-01 -2.391936182975769043e-01 -1.386511605232954025e-03 3.532399535179138184e-01
4.154456555843353271e-01 -4.405197128653526306e-02 5.678287241607904434e-03 6.012014299631118774e-02
4.145646095275878906e-01 1.509881019592285156e-01 6.880690343677997589e-03 -2.307658493518829346e-01
4.175843894481658936e-01 -4.423148930072784424e-02 2.265373244881629944e-03 6.407951563596725464e-02
4.166997671127319336e-01 1.508579105138778687e-01 3.546963445842266083e-03 -2.278878092765808105e-01
4.197169244289398193e-01 -4.431454837322235107e-02 -1.010792679153382778e-03 6.591183692216873169e-02
4.188306331634521484e-01 1.508218795061111450e-01 3.074440755881369114e-04 -2.270898222923278809e-01
4.218470752239227295e-01 -4.430446401238441467e-02 -4.234352614730596542e-03 6.569006294012069702e-02
4.209609627723693848e-01 -2.393654584884643555e-01 -2.920551225543022156e-03 3.570340275764465332e-01
4.161736667156219482e-01 -4.420210048556327820e-02 4.220129456371068954e-03 6.343160569667816162e-02
4.152896106243133545e-01 1.508590877056121826e-01 5.488761700689792633e-03 -2.279168665409088135e-01
4.183067977428436279e-01 -4.434086754918098450e-02 9.304243139922618866e-04 6.649235635995864868e-02
4.174199998378753662e-01 1.507677286863327026e-01 2.260271459817886353e-03 -2.258968800306320190e-01
4.204353392124176025e-01 -4.438645020127296448e-02 -2.257666084915399551e-03 6.749816983938217163e-02
4.195476174354553223e-01 1.507678031921386719e-01 -9.077026625163853168e-04 -2.258962094783782959e-01
4.225629568099975586e-01 -4.434116929769515991e-02 -5.425626877695322037e-03 6.650026142597198486e-02
4.216761291027069092e-01 -2.393849194049835205e-01 -4.095621872693300247e-03 3.574664294719696045e-01
4.168884456157684326e-01 -4.420497640967369080e-02 3.053707070648670197e-03 6.349488347768783569e-02
4.160043597221374512e-01 1.508730649948120117e-01 4.323604982346296310e-03 -2.282230257987976074e-01
4.190218150615692139e-01 -4.431040957570075989e-02 -2.408555592410266399e-04 6.582058966159820557e-02
4.181356132030487061e-01 1.508149951696395874e-01 1.075556152500212193e-03 -2.269383221864700317e-01
4.211519062519073486e-01 -4.432231187820434570e-02 -3.463210305199027061e-03 6.608367711305618286e-02
4.202654659748077393e-01 -2.393944412469863892e-01 -2.141536679118871689e-03 3.576719462871551514e-01
4.154775738716125488e-01 -4.424211010336875916e-02 5.011902190744876862e-03 6.431449949741363525e-02
4.145927131175994873e-01 1.508076190948486328e-01 6.298191845417022705e-03 -2.267829328775405884e-01
4.176088869571685791e-01 -4.440376535058021545e-02 1.762533211149275303e-03 6.787999719381332397e-02
4.167208075523376465e-01 1.506928652524948120e-01 3.120133187621831894e-03 -2.242463231086730957e-01
4.197346568107604980e-01 -4.447353258728981018e-02 -1.364793162792921066e-03 6.941918283700942993e-02
4.188451766967773438e-01 1.506679505109786987e-01 2.359050267841666937e-05 -2.236940264701843262e-01
4.218585491180419922e-01 -4.445433244109153748e-02 -4.450289998203516006e-03 6.899634003639221191e-02
4.209694564342498779e-01 -2.395121902227401733e-01 -3.070363309234380722e-03 3.602718710899353027e-01
4.161792099475860596e-01 -4.434673488140106201e-02 4.135073628276586533e-03 6.662236154079437256e-02
4.152922928333282471e-01 1.507156938314437866e-01 5.467521026730537415e-03 -2.247530668973922729e-01
4.183065891265869141e-01 -4.448397830128669739e-02 9.724597912281751633e-04 6.964950263500213623e-02
4.174169003963470459e-01 1.506240218877792358e-01 2.365449909120798111e-03 -2.227264493703842163e-01
4.204294085502624512e-01 -4.453166201710700989e-02 -2.089079236611723900e-03 7.070169597864151001e-02
4.195387661457061768e-01 1.506201773881912231e-01 -6.750453030690550804e-04 -2.226396203041076660e-01
4.225511550903320312e-01 -4.449212178587913513e-02 -5.127837415784597397e-03 6.983029842376708984e-02
4.216613173484802246e-01 -2.395401746034622192e-01 -3.731231670826673508e-03 3.608909547328948975e-01
4.168705046176910400e-01 -4.436539113521575928e-02 3.486587665975093842e-03 6.703384220600128174e-02
4.159832000732421875e-01 1.507063955068588257e-01 4.827264696359634399e-03 -2.245470136404037476e-01
4.189973473548889160e-01 -4.448421299457550049e-02 3.363243304193019867e-04 6.965470314025878906e-02
4.181076586246490479e-01 1.506329178810119629e-01 1.729418407194316387e-03 -2.229220867156982422e-01
4.211203157901763916e-01 -4.451370984315872192e-02 -2.729023573920130730e-03 7.030586153268814087e-02
4.202300310134887695e-01 1.506472527980804443e-01 -1.322906347922980785e-03 -2.232368439435958862e-01
4.232429862022399902e-01 -4.445575922727584839e-02 -5.787643138319253922e-03 6.902849674224853516e-02
4.223538637161254883e-01 -2.394942641258239746e-01 -4.407072905451059341e-03 3.598797917366027832e-01
4.175639748573303223e-01 -4.430994018912315369e-02 2.790522761642932892e-03 6.581047922372817993e-02
4.166777729988098145e-01 1.507718861103057861e-01 4.106732085347175598e-03 -2.259907126426696777e-01
4.196932315826416016e-01 -4.440850764513015747e-02 -4.130821616854518652e-04 6.798478960990905762e-02
4.188050627708435059e-01 1.507193595170974731e-01 9.466136689297854900e-04 -2.248284369707107544e-01
4.218194484710693359e-01 -4.441610351204872131e-02 -3.549955086782574654e-03 6.815293431282043457e-02
4.209311306476593018e-01 1.507565677165985107e-01 -2.186896279454231262e-03 -2.256478965282440186e-01
4.239462614059448242e-01 -4.433406516909599304e-02 -6.699854508042335510e-03 6.634439527988433838e-02
4.230595529079437256e-01 -2.393593192100524902e-01 -5.372966639697551727e-03 3.569059669971466064e-01
4.182723760604858398e-01 -4.416139796376228333e-02 1.765152905136346817e-03 6.253366172313690186e-02
4.173891544342041016e-01 1.509352028369903564e-01 3.015826223418116570e-03 -2.295918166637420654e-01
4.204078614711761475e-01 -4.422971606254577637e-02 -1.576010254211723804e-03 6.404086947441101074e-02
4.195232689380645752e-01 1.509148031473159790e-01 -2.951928472612053156e-04 -2.291388809680938721e-01
4.225415587425231934e-01 -4.420293495059013367e-02 -4.877970553934574127e-03 6.345091760158538818e-02
4.216575026512145996e-01 -2.392546087503433228e-01 -3.608952043578028679e-03 3.545908331871032715e-01
4.168724119663238525e-01 -4.408153146505355835e-02 3.482864703983068466e-03 6.077209115028381348e-02
4.159907698631286621e-01 1.509903073310852051e-01 4.698306322097778320e-03 -2.308099418878555298e-01
4.190105795860290527e-01 -4.419846087694168091e-02 8.210769010474905372e-05 6.335128843784332275e-02
4.181266129016876221e-01 1.509223133325576782e-01 1.349133439362049103e-03 -2.293057292699813843e-01
4.211450517177581787e-01 -4.421889036893844604e-02 -3.236981341615319252e-03 6.380245089530944824e-02
4.202606678009033203e-01 -2.392942756414413452e-01 -1.960932277143001556e-03 3.554623425006866455e-01
4.154748022556304932e-01 -4.414450749754905701e-02 5.148314405232667923e-03 6.216171756386756897e-02
4.145919084548950195e-01 1.509032547473907471e-01 6.391548551619052887e-03 -2.288924455642700195e-01
4.176099598407745361e-01 -4.430944845080375671e-02 1.813699840568006039e-03 6.579972803592681885e-02
4.167237877845764160e-01 1.507864445447921753e-01 3.129694378003478050e-03 -2.263104170560836792e-01
4.197395145893096924e-01 -4.438008740544319153e-02 -1.396513893269002438e-03 6.735809147357940674e-02
4.188519120216369629e-01 1.507618576288223267e-01 -4.935203833156265318e-05 -2.257651239633560181e-01
4.218671321868896484e-01 -4.435938969254493713e-02 -4.564654547721147537e-03 6.690224260091781616e-02
4.209799468517303467e-01 -2.394156008958816528e-01 -3.226609434932470322e-03 3.581415116786956787e-01
4.161916375160217285e-01 -4.424792528152465820e-02 3.936220426112413406e-03 6.444290280342102051e-02
4.153066873550415039e-01 1.508173644542694092e-01 5.225078668445348740e-03 -2.269955277442932129e-01
4.183230400085449219e-01 -4.437886178493499756e-02 6.851679645478725433e-04 6.733098626136779785e-02
4.174354672431945801e-01 1.507332623004913330e-01 2.031787764281034470e-03 -2.251356840133666992e-01
4.204501211643218994e-01 -4.441767185926437378e-02 -2.470925915986299515e-03 6.818745285272598267e-02
4.195617735385894775e-01 1.507396101951599121e-01 -1.107176998630166054e-03 -2.252740412950515747e-01
