-2.757574617862701416e-02 -4.770116135478019714e-02 3.449007868766784668e-02 -3.082041162997484207e-03
-2.852977067232131958e-02 1.469096094369888306e-01 3.442844003438949585e-02 -2.846865057945251465e-01
-2.559157833456993103e-02 -4.868602380156517029e-02 2.873470820486545563e-02 1.865303330123424530e-02
-2.656529843807220459e-02 1.460123062133789062e-01 2.910776808857917786e-02 -2.648270726203918457e-01
-2.364505268633365631e-02 -4.951274767518043518e-02 2.381122671067714691e-02 3.689276054501533508e-02
-2.463530749082565308e-02 1.452597975730895996e-01 2.454908192157745361e-02 -2.481833994388580322e-01
-2.173011004924774170e-02 -5.020399019122123718e-02 1.958541385829448700e-02 5.214064195752143860e-02
-2.273419126868247986e-02 1.446317285299301147e-01 2.062822692096233368e-02 -2.342991530895233154e-01
-1.984155550599098206e-02 -5.077878385782241821e-02 1.594224385917186737e-02 6.481853872537612915e-02
-2.085713110864162445e-02 1.441110074520111084e-01 1.723861508071422577e-02 -2.227921932935714722e-01
-1.797491125762462616e-02 -5.125303566455841064e-02 1.278277114033699036e-02 7.527824491262435913e-02
-1.899997144937515259e-02 1.436833590269088745e-01 1.428833603858947754e-02 -2.133444249629974365e-01
-1.612630486488342285e-02 -5.163993313908576965e-02 1.002144813537597656e-02 8.381123095750808716e-02
-1.715910434722900391e-02 1.433369368314743042e-01 1.169767230749130249e-02 -2.056931406259536743e-01
-1.429236494004726410e-02 -5.195032060146331787e-02 7.583810016512870789e-03 9.065674990415573120e-02
-1.533137168735265732e-02 1.430621147155761719e-01 9.396945126354694366e-03 -1.996238678693771362e-01
-1.247012894600629807e-02 -5.219296738505363464e-02 5.404467694461345673e-03 9.600848704576492310e-02
-1.351398881524801254e-02 1.428511142730712891e-01 7.324637379497289658e-03 -1.949644535779953003e-01
-1.065696589648723602e-02 -5.237484723329544067e-02 3.425348317250609398e-03 1.000200510025024414e-01
-1.170446351170539856e-02 1.426978409290313721e-01 5.425749346613883972e-03 -1.915802210569381714e-01
-8.850506506860256195e-03 -5.250130221247673035e-02 1.594144967384636402e-03 1.028093546628952026e-01
-9.900532662868499756e-03 1.425977647304534912e-01 3.650332102552056313e-03 -1.893702000379562378e-01
-7.048577070236206055e-03 -5.257621780037879944e-02 -1.370719983242452145e-04 1.044620200991630554e-01
-8.100101724267005920e-03 1.425476968288421631e-01 1.952168415300548077e-03 -1.882641464471817017e-01
-5.249147303402423859e-03 -5.260212719440460205e-02 -1.813114620745182037e-03 1.050339713692665100e-01
-6.301190238445997238e-03 1.425457596778869629e-01 2.875648206099867821e-04 -1.882204413414001465e-01
-3.450274933129549026e-03 -5.258030444383621216e-02 -3.476843936368823051e-03 1.045531928539276123e-01
-4.501881077885627747e-03 1.425912976264953613e-01 -1.385780051350593567e-03 -1.892246305942535400e-01
-1.650054939091205597e-03 -5.251079797744750977e-02 -5.170272663235664368e-03 1.030208095908164978e-01
-2.700271084904670715e-03 -2.475582808256149292e-01 -3.109856508672237396e-03 3.940680623054504395e-01
-7.651436608284711838e-03 -5.239233374595642090e-02 4.771504551172256470e-03 1.004062667489051819e-01
-8.699283003807067871e-03 1.426609158515930176e-01 6.779630202800035477e-03 -1.907674521207809448e-01
-5.846065003424882889e-03 -5.255737155675888062e-02 2.964281244203448296e-03 1.040464416146278381e-01
-6.897212471812963486e-03 1.425219774246215820e-01 5.045210011303424835e-03 -1.876997947692871094e-01
-4.046772606670856476e-03 -5.267179384827613831e-02 1.291214022785425186e-03 1.065704151988029480e-01
-5.100208800286054611e-03 1.424316316843032837e-01 3.422622336074709892e-03 -1.857048571109771729e-01
-2.251575933769345284e-03 -5.273912474513053894e-02 -2.914748620241880417e-04 1.080558076500892639e-01
-3.306358586996793747e-03 1.423870027065277100e-01 1.869641244411468506e-03 -1.847190707921981812e-01
-4.586184222716838121e-04 -5.276164785027503967e-02 -1.824740087613463402e-03 1.085530743002891541e-01
-1.513851457275450230e-03 1.423864066600799561e-01 3.463214379735291004e-04 -1.847049891948699951e-01
1.333876629360020161e-03 -5.274050310254096985e-02 -3.347778460010886192e-03 1.080871671438217163e-01
2.790666476357728243e-04 1.424292623996734619e-01 -1.186034991405904293e-03 -1.856500804424285889e-01
3.127651987597346306e-03 -5.267569795250892639e-02 -4.899036604911088943e-03 1.066584587097167969e-01
2.074138028547167778e-03 -2.477270960807800293e-01 -2.765867393463850021e-03 3.977917432785034180e-01
-2.880404237657785416e-03 -5.256602168083190918e-02 5.189967341721057892e-03 1.042380779981613159e-01
-3.931724466383457184e-03 1.424811631441116333e-01 7.274729199707508087e-03 -1.868029236793518066e-01
-1.082101138308644295e-03 -5.274410545825958252e-02 3.538670483976602554e-03 1.081659868359565735e-01
-2.136983210220932961e-03 1.423269659280776978e-01 5.701990332454442978e-03 -1.833984106779098511e-01
7.095559267327189445e-04 -5.287611484527587891e-02 2.034022239968180656e-03 1.110778152942657471e-01
-3.479663573671132326e-04 1.422166377305984497e-01 4.255578853189945221e-03 -1.809626966714859009e-01
2.496366389095783234e-03 -5.296595394611358643e-02 6.363248103298246861e-04 1.130596771836280823e-01
1.437047147192060947e-03 1.421468704938888550e-01 2.897518221288919449e-03 -1.794224232435226440e-01
4.279984626919031143e-03 -5.301642045378684998e-02 -6.909303483553230762e-04 1.141731515526771545e-01
3.219656180590391159e-03 1.421154290437698364e-01 1.592532731592655182e-03 -1.787276715040206909e-01
6.061964668333530426e-03 -5.302928388118743896e-02 -1.982020912691950798e-03 1.144572123885154724e-01
5.001379176974296570e-03 1.421210169792175293e-01 3.071234386879950762e-04 -1.788503676652908325e-01
7.843798957765102386e-03 -5.300533398985862732e-02 -3.269883804023265839e-03 1.139294281601905823e-01
6.783692631870508194e-03 1.421633213758468628e-01 -9.912953246384859085e-04 -1.797833293676376343e-01
9.626959450542926788e-03 -5.294443294405937195e-02 -4.586962051689624786e-03 1.125867143273353577e-01
8.568069897592067719e-03 -2.480003535747528076e-01 -2.335227560251951218e-03 4.038189649581909180e-01
3.608063096180558205e-03 -5.284536629915237427e-02 5.741151981055736542e-03 1.104007139801979065e-01
2.551155863329768181e-03 1.421938538551330566e-01 7.949165999889373779e-03 -1.804654002189636230e-01
5.395032931119203568e-03 -5.304094403982162476e-02 4.339858423918485641e-03 1.147145777940750122e-01
4.334214143455028534e-03 1.420185565948486328e-01 6.634149700403213501e-03 -1.765960007905960083e-01
7.174585014581680298e-03 -5.319770798087120056e-02 3.102229675278067589e-03 1.181723698973655701e-01
6.110630929470062256e-03 1.418796628713607788e-01 5.465677008032798767e-03 -1.735302209854125977e-01
8.948224596679210663e-03 -5.332008749246597290e-02 1.995072700083255768e-03 1.208719313144683838e-01
7.881822064518928528e-03 1.417732238769531250e-01 4.412511363625526428e-03 -1.711809039115905762e-01
1.071728672832250595e-02 -5.341160669922828674e-02 9.888933273032307625e-04 1.228907629847526550e-01
9.649055078625679016e-03 1.416961699724197388e-01 3.446708666160702705e-03 -1.694800108671188354e-01
1.248297747224569321e-02 -5.347495153546333313e-02 5.710846380679868162e-05 1.242882534861564636e-01
1.141347922384738922e-02 1.416461765766143799e-01 2.542873611673712730e-03 -1.683766543865203857e-01
1.424640230834484100e-02 -5.351207777857780457e-02 -8.246595389209687710e-04 1.251073926687240601e-01
1.317616086453199387e-02 1.416216790676116943e-01 1.677488209679722786e-03 -1.678355932235717773e-01
1.600859500467777252e-02 -5.352424457669258118e-02 -1.679223729297518730e-03 1.253760606050491333e-01
1.493810955435037613e-02 1.416217237710952759e-01 8.282974013127386570e-04 -1.678361743688583374e-01
1.777054369449615479e-02 -5.351207405328750610e-02 -2.528426004573702812e-03 1.251079440116882324e-01
1.670030318200588226e-02 1.416460126638412476e-01 -2.626720015541650355e-05 -1.683716028928756714e-01
1.953322254121303558e-02 -5.347556620836257935e-02 -3.393699182197451591e-03 1.243030354380607605e-01
1.846371218562126160e-02 1.416948437690734863e-01 -9.076384594663977623e-04 -1.694486290216445923e-01
2.129760757088661194e-02 -5.341410636901855469e-02 -4.296611063182353973e-03 1.229478269815444946e-01
2.022932656109333038e-02 -2.484742403030395508e-01 -1.837654621340334415e-03 4.142721295356750488e-01
1.525984145700931549e-02 -5.332629010081291199e-02 6.447787862271070480e-03 1.210104227066040039e-01
1.419331599026918411e-02 1.417026966810226440e-01 8.867996744811534882e-03 -1.696313321590423584e-01
1.702736876904964447e-02 -5.354506149888038635e-02 5.475369747728109360e-03 1.258359402418136597e-01
1.595646888017654419e-02 1.414980292320251465e-01 7.992088794708251953e-03 -1.651145517826080322e-01
1.878642849624156952e-02 -5.373741686344146729e-02 4.689797293394804001e-03 1.300788968801498413e-01
1.771168038249015808e-02 1.413170397281646729e-01 7.291375193744897842e-03 -1.611207723617553711e-01
2.053802087903022766e-02 -5.390853062272071838e-02 4.068959970027208328e-03 1.338534504175186157e-01
1.945985108613967896e-02 1.411549001932144165e-01 6.746029015630483627e-03 -1.575430035591125488e-01
2.228294871747493744e-02 -5.406298115849494934e-02 3.595168702304363251e-03 1.372604668140411377e-01
2.120168879628181458e-02 1.410072892904281616e-01 6.340377964079380035e-03 -1.542860716581344604e-01
2.402183413505554199e-02 -5.420486629009246826e-02 3.254656679928302765e-03 1.403903365135192871e-01
2.293773740530014038e-02 1.408703178167343140e-01 6.062463391572237015e-03 -1.512640267610549927e-01
2.575514465570449829e-02 -5.433791130781173706e-02 3.037183079868555069e-03 1.433252990245819092e-01
2.466838620603084564e-02 1.407404094934463501e-01 5.903689190745353699e-03 -1.483979076147079468e-01
2.748319320380687714e-02 -5.446558073163032532e-02 2.935730852186679840e-03 1.461416482925415039e-01
2.639388293027877808e-02 1.406142115592956543e-01 5.858563818037509918e-03 -1.456136554479598999e-01
2.920616604387760162e-02 -5.459115281701087952e-02 2.946290653198957443e-03 1.489117592573165894e-01
2.811434306204319000e-02 1.404884904623031616e-01 5.924526136368513107e-03 -1.428402215242385864e-01
3.092411346733570099e-02 -5.471781268715858459e-02 3.067721612751483917e-03 1.517058908939361572e-01
2.982975728809833527e-02 1.403600722551345825e-01 6.101839244365692139e-03 -1.400076597929000854e-01
3.263695910573005676e-02 -5.484873056411743164e-02 3.301686141639947891e-03 1.545940339565277100e-01
3.153998404741287231e-02 1.402257829904556274e-01 6.393566727638244629e-03 -1.370454579591751099e-01
3.434449806809425354e-02 -5.498715117573738098e-02 3.652657382190227509e-03 1.576476544141769409e-01
3.324475511908531189e-02 1.400823146104812622e-01 6.805610843002796173e-03 -1.338807046413421631e-01
3.604640439152717590e-02 -5.513645708560943604e-02 4.127996508032083511e-03 1.609414964914321899e-01
3.494367375969886780e-02 1.399261504411697388e-01 7.346826605498790741e-03 -1.304363012313842773e-01
3.774219751358032227e-02 -5.530026182532310486e-02 4.738100804388523102e-03 1.645553708076477051e-01
3.663619235157966614e-02 1.397535502910614014e-01 8.029208518564701080e-03 -1.266290545463562012e-01
3.943126276135444641e-02 -5.548250675201416016e-02 5.496627185493707657e-03 1.685761511325836182e-01
3.832161054015159607e-02 1.395603418350219727e-01 8.868150413036346436e-03 -1.223677024245262146e-01
4.111281782388687134e-02 -5.568753555417060852e-02 6.420795805752277374e-03 1.730998009443283081e-01
3.999906778335571289e-02 1.393419355154037476e-01 9.882791899144649506e-03 -1.175506785511970520e-01
4.278590530157089233e-02 -5.592021346092224121e-02 7.531778421252965927e-03 1.782337278127670288e-01
4.166750237345695496e-02 1.390931457281112671e-01 1.109645329415798187e-02 -1.120636910200119019e-01
4.444936662912368774e-02 -5.618603527545928955e-02 8.855178952217102051e-03 1.840993314981460571e-01
4.332564398646354675e-02 1.388081014156341553e-01 1.253716554492712021e-02 -1.057770103216171265e-01
4.610180854797363281e-02 -5.649124830961227417e-02 1.042162533849477768e-02 1.908348202705383301e-01
4.497198015451431274e-02 1.384800672531127930e-01 1.423832215368747711e-02 -9.854237735271453857e-02
4.774158447980880737e-02 -5.684301629662513733e-02 1.226747501641511917e-02 1.985984891653060913e-01
4.660472273826599121e-02 1.381013393402099609e-01 1.623944379389286041e-02 -9.018950164318084717e-02
4.936674982309341431e-02 -5.724956467747688293e-02 1.443565450608730316e-02 2.075724154710769653e-01
4.822175949811935425e-02 1.376630216836929321e-01 1.858710311353206635e-02 -8.052206784486770630e-02
5.097501724958419800e-02 -5.772037804126739502e-02 1.697666198015213013e-02 2.179666906595230103e-01
4.982061311602592468e-02 1.371548324823379517e-01 2.133599482476711273e-02 -6.931308656930923462e-02
5.256370827555656433e-02 -5.826641246676445007e-02 1.994973421096801758e-02 2.300243526697158813e-01
5.139838159084320068e-02 1.365648657083511353e-01 2.455021999776363373e-02 -5.629956722259521484e-02
5.412967875599861145e-02 3.313263654708862305e-01 2.342422865331172943e-02 -3.411367237567901611e-01
6.075620278716087341e-02 1.358790993690490723e-01 1.660149358212947845e-02 -4.116017743945121765e-02
6.347378343343734741e-02 -5.947693437337875366e-02 1.577829010784626007e-02 2.567141056060791016e-01
6.228424608707427979e-02 1.354162395000457764e-01 2.091257274150848389e-02 -3.095063753426074982e-02
6.499256938695907593e-02 3.302321434020996094e-01 2.029355987906455994e-02 -3.169627487659454346e-01
7.159721851348876953e-02 1.348271071910858154e-01 1.395430509001016617e-02 -1.794965937733650208e-02
7.429375499486923218e-02 -6.049215421080589294e-02 1.359531190246343613e-02 2.791031301021575928e-01
7.308391481637954712e-02 1.344332396984100342e-01 1.917737536132335663e-02 -9.261029772460460663e-03
7.577257603406906128e-02 3.292749822139739990e-01 1.899215392768383026e-02 -2.958320975303649902e-01
8.235807716846466064e-02 1.338874995708465576e-01 1.307551190257072449e-02 2.779622329398989677e-03
8.503583073616027832e-02 3.288195133209228516e-01 1.313110440969467163e-02 -2.857493162155151367e-01
9.161221981048583984e-02 1.335127800703048706e-01 7.416118402034044266e-03 1.104597561061382294e-02
9.428247809410095215e-02 -6.171474233269691467e-02 7.637037895619869232e-03 3.060595095157623291e-01
9.304817765951156616e-02 1.332975476980209351e-01 1.375822816044092178e-02 1.579487510025501251e-02
9.571412950754165649e-02 3.282195329666137695e-01 1.407412532716989517e-02 -2.725156247615814209e-01
1.022785231471061707e-01 1.328995972871780396e-01 8.623813278973102570e-03 2.457290515303611755e-02
1.049365103244781494e-01 3.278968334197998047e-01 9.115271270275115967e-03 -2.653766870498657227e-01
1.114944517612457275e-01 1.326459646224975586e-01 3.807737957686185837e-03 3.016728721559047699e-02
1.141473725438117981e-01 3.277131021022796631e-01 4.411083646118640900e-03 -2.613118290901184082e-01
1.207016333937644958e-01 1.325284689664840698e-01 -8.151528891175985336e-04 3.275913745164871216e-02
1.233521997928619385e-01 -6.258178502321243286e-02 -1.599701208760961890e-04 3.251847624778747559e-01
1.221005618572235107e-01 1.325424462556838989e-01 6.343725137412548065e-03 3.245139494538307190e-02
1.247514113783836365e-01 3.275728523731231689e-01 6.992753129452466965e-03 -2.582232952117919922e-01
1.313028782606124878e-01 1.323517709970474243e-01 1.828287262469530106e-03 3.665702417492866516e-02
1.339499056339263916e-01 3.274474442005157471e-01 2.561427652835845947e-03 -2.554484903812408447e-01
1.404988616704940796e-01 1.322890222072601318e-01 -2.547542331740260124e-03 3.804124519228935242e-02
1.431446373462677002e-01 3.274474143981933594e-01 -1.786717330105602741e-03 -2.554443776607513428e-01
1.496935784816741943e-01 1.323510259389877319e-01 -6.895604543387889862e-03 3.667446225881576538e-02
1.523406058549880981e-01 -6.267137080430984497e-02 -6.162115372717380524e-03 3.271737992763519287e-01
1.510871797800064087e-01 1.325377672910690308e-01 3.813606454059481621e-04 3.255400806665420532e-02
1.537379324436187744e-01 3.276542425155639648e-01 1.032440806739032269e-03 -2.600085735321044922e-01
1.602910161018371582e-01 1.325175762176513672e-01 -4.167730454355478287e-03 3.299982100725173950e-02
1.629413664340972900e-01 3.276990354061126709e-01 -3.507734276354312897e-03 -2.609951496124267578e-01
1.694953441619873047e-01 1.326273381710052490e-01 -8.727637119591236115e-03 3.057933412492275238e-02
1.721478998661041260e-01 -6.236837059259414673e-02 -8.116050623357295990e-03 3.204958736896514893e-01
1.709005236625671387e-01 1.328682154417037964e-01 -1.706133014522492886e-03 2.526454068720340729e-02
1.735578924417495728e-01 3.280145823955535889e-01 -1.200842321850359440e-03 -2.679561972618103027e-01
1.801181882619857788e-01 1.329098045825958252e-01 -6.559966132044792175e-03 2.434772811830043793e-02
1.827763766050338745e-01 -6.211746484041213989e-02 -6.073011551052331924e-03 3.149537146091461182e-01
1.815340369939804077e-01 1.330904662609100342e-01 2.260625478811562061e-04 2.036176435649394989e-02
1.841958463191986084e-01 3.282091617584228516e-01 6.332978373393416405e-04 -2.722498178482055664e-01
1.907600313425064087e-01 1.330781877040863037e-01 -4.811698570847511292e-03 2.063277550041675568e-02
1.934215873479843140e-01 3.282688260078430176e-01 -4.399043507874011993e-03 -2.735643982887268066e-01
1.999869644641876221e-01 1.332099139690399170e-01 -9.870331734418869019e-03 1.772781088948249817e-02
2.026511579751968384e-01 -6.176910921931266785e-02 -9.515775367617607117e-03 3.072802722454071045e-01
2.014157772064208984e-01 1.334871351718902588e-01 -3.370170015841722488e-03 1.161156129091978073e-02
2.040855288505554199e-01 3.286572694778442383e-01 -3.137938678264617920e-03 -2.821327745914459229e-01
2.106586694717407227e-01 1.335802078247070312e-01 -8.780594915151596069e-03 9.558798745274543762e-03
2.133302688598632812e-01 -6.141472980380058289e-02 -8.589418604969978333e-03 2.994584739208221436e-01
2.121019810438156128e-01 1.338285952806472778e-01 -2.600249368697404861e-03 4.079018719494342804e-03
2.147785574197769165e-01 3.289877474308013916e-01 -2.518669003620743752e-03 -2.894231975078582764e-01
2.213582992553710938e-01 1.339017897844314575e-01 -8.307132869958877563e-03 2.464318880811333656e-03
2.240363359451293945e-01 -6.110003963112831116e-02 -8.257846347987651825e-03 2.925147116184234619e-01
2.228143364191055298e-01 1.341386735439300537e-01 -2.407551975920796394e-03 -2.761150943115353584e-03
2.254971116781234741e-01 3.292950689792633057e-01 -2.462774980813264847e-03 -2.962027192115783691e-01
2.320830225944519043e-01 1.342083066701889038e-01 -8.386828936636447906e-03 -4.297525156289339066e-03
2.347671836614608765e-01 -6.079236045479774475e-02 -8.472779765725135803e-03 2.857275009155273438e-01
2.335513383150100708e-01 1.344493925571441650e-01 -2.758229849860072136e-03 -9.615590795874595642e-03
2.362403273582458496e-01 3.296107947826385498e-01 -2.950541675090789795e-03 -3.031674921512603760e-01
2.428325414657592773e-01 1.345310211181640625e-01 -9.013891220092773438e-03 -1.141656190156936646e-02
2.455231547355651855e-01 -6.046050786972045898e-02 -9.242222644388675690e-03 2.784087955951690674e-01
2.443139553070068359e-01 1.347920596599578857e-01 -3.674046834930777550e-03 -1.717472448945045471e-02
2.470097839832305908e-01 -6.027700752019882202e-02 -4.017541185021400452e-03 2.743467390537261963e-01
2.458042502403259277e-01 1.349020302295684814e-01 1.469393493607640266e-03 -1.960061863064765930e-02
2.485022842884063721e-01 3.300028741359710693e-01 1.077381079085171223e-03 -3.118195831775665283e-01
2.551023364067077637e-01 1.348655968904495239e-01 -5.159010179340839386e-03 -1.879706606268882751e-02
2.577996551990509033e-01 -6.018198654055595398e-02 -5.534951575100421906e-03 2.722536921501159668e-01
2.565960288047790527e-01 1.350184977054595947e-01 -8.987807814264670014e-05 -2.216984145343303680e-02
2.592963874340057373e-01 3.301417529582977295e-01 -5.332748987711966038e-04 -3.148811161518096924e-01
2.658992111682891846e-01 1.350273936986923218e-01 -6.830897182226181030e-03 -2.236642315983772278e-02
2.685997784137725830e-01 -5.999593436717987061e-02 -7.278225850313901901e-03 2.681534886360168457e-01
2.673998475074768066e-01 1.352291256189346313e-01 -1.915156375616788864e-03 -2.681613899767398834e-02
2.701044380664825439e-01 3.303785026073455811e-01 -2.451479202136397362e-03 -3.201026916503906250e-01
2.767120003700256348e-01 1.352915316820144653e-01 -8.853533305227756500e-03 -2.819388732314109802e-02
2.794178426265716553e-01 -5.970233678817749023e-02 -9.417410939931869507e-03 2.616825401782989502e-01
2.782237827777862549e-01 1.355527639389038086e-01 -4.183759912848472595e-03 -3.395579755306243896e-02
2.809348404407501221e-01 -5.950893461704254150e-02 -4.862875677645206451e-03 2.574041783809661865e-01
2.797446548938751221e-01 1.356821060180664062e-01 2.852077886927872896e-04 -3.680859506130218506e-02
2.824583053588867188e-01 3.307999670505523682e-01 -4.509641439653933048e-04 -3.294015228748321533e-01
2.890743017196655273e-01 1.356844305992126465e-01 -7.038994692265987396e-03 -3.686084225773811340e-02
2.917880117893218994e-01 -5.933587253093719482e-02 -7.776211481541395187e-03 2.535929083824157715e-01
2.906012833118438721e-01 1.358962506055831909e-01 -2.704353071749210358e-03 -4.153258353471755981e-02
2.933191955089569092e-01 3.310568630695343018e-01 -3.535004565492272377e-03 -3.350675404071807861e-01
2.999403476715087891e-01 1.359854042530059814e-01 -1.023635547608137131e-02 -4.350145161151885986e-02
3.026600480079650879e-01 -5.898827314376831055e-02 -1.110638398677110672e-02 2.459343075752258301e-01
3.014802932739257812e-01 1.362905353307723999e-01 -6.187698338180780411e-03 -5.023103579878807068e-02
3.042061030864715576e-01 -5.874215066432952881e-02 -7.192318793386220932e-03 2.404932081699371338e-01
3.030312657356262207e-01 1.364817917346954346e-01 -2.382454462349414825e-03 -5.444966256618499756e-02
3.057608902454376221e-01 -5.860590934753417969e-02 -3.471447853371500969e-03 2.374806255102157593e-01
3.045887649059295654e-01 1.365654617547988892e-01 1.278164796531200409e-03 -5.629526823759078979e-02
3.073200881481170654e-01 3.316690623760223389e-01 1.522594393463805318e-04 -3.485746383666992188e-01
3.139534592628479004e-01 1.365449428558349609e-01 -6.819233763962984085e-03 -5.584371462464332581e-02
3.166843652725219727e-01 -5.847856774926185608e-02 -7.936107926070690155e-03 2.346799075603485107e-01
3.155148029327392578e-01 1.367558687925338745e-01 -3.242509672418236732e-03 -6.049570813775062561e-02
3.182499110698699951e-01 -5.831944197416305542e-02 -4.452423658221960068e-03 2.311624288558959961e-01
3.170835077762603760e-01 1.368658542633056641e-01 1.708246418274939060e-04 -6.292162090539932251e-02
3.198208212852478027e-01 3.319853544235229492e-01 -1.087607699446380138e-03 -3.555506467819213867e-01
3.264605402946472168e-01 1.368788778781890869e-01 -8.198620751500129700e-03 -6.321086734533309937e-02
3.291981220245361328e-01 -5.812456831336021423e-02 -9.462838061153888702e-03 2.268741130828857422e-01
3.280356228351593018e-01 1.371313333511352539e-01 -4.925355780869722366e-03 -6.877866387367248535e-02
3.307782411575317383e-01 -5.791966244578361511e-02 -6.300929002463817596e-03 2.223462313413619995e-01
3.296198546886444092e-01 1.372917741537094116e-01 -1.854004338383674622e-03 -7.231758534908294678e-02
3.323656916618347168e-01 -5.780354142189025879e-02 -3.300355980172753334e-03 2.197798192501068115e-01
3.312096297740936279e-01 1.373654305934906006e-01 1.095240470021963120e-03 -7.394234091043472290e-02
3.339569270610809326e-01 3.324716687202453613e-01 -3.836064424831420183e-04 -3.662795126438140869e-01
3.406063616275787354e-01 1.373551636934280396e-01 -7.709196768701076508e-03 -7.371757179498672485e-02
3.433534801006317139e-01 -5.765542387962341309e-02 -9.183548390865325928e-03 2.165231406688690186e-01
3.422003686428070068e-01 1.375966072082519531e-01 -4.853085614740848541e-03 -7.904247939586639404e-02
3.449522852897644043e-01 -5.745544284582138062e-02 -6.433934904634952545e-03 2.121053487062454224e-01
3.438031971454620361e-01 1.377578973770141602e-01 -2.191828098148107529e-03 -8.260017633438110352e-02
3.465583324432373047e-01 -5.733256042003631592e-02 -3.843831829726696014e-03 2.093904167413711548e-01
3.454116880893707275e-01 1.378441452980041504e-01 3.439766005612909794e-04 -8.450255542993545532e-02
3.481685817241668701e-01 -5.728273838758468628e-02 -1.346074510365724564e-03 2.082888782024383545e-01
3.470229208469390869e-01 1.378584355115890503e-01 2.819702960550785065e-03 -8.481836318969726562e-02
3.497800827026367188e-01 3.329398632049560547e-01 1.123335678130388260e-03 -3.766103386878967285e-01
3.564388751983642578e-01 1.378019601106643677e-01 -6.408871151506900787e-03 -8.357343077659606934e-02
3.591949343681335449e-01 -5.722753331065177917e-02 -8.080339990556240082e-03 2.070806175470352173e-01
3.580503761768341064e-01 1.380090266466140747e-01 -3.938727546483278275e-03 -8.814025670289993286e-02
3.608105480670928955e-01 -5.705624818801879883e-02 -5.701532587409019470e-03 2.032973915338516235e-01
3.596694171428680420e-01 1.381467729806900024e-01 -1.635584631003439426e-03 -9.117861837148666382e-02
3.624323606491088867e-01 -5.695169419050216675e-02 -3.459156956523656845e-03 2.009878307580947876e-01
3.612933456897735596e-01 1.382195651531219482e-01 5.605996120721101761e-04 -9.278428554534912109e-02
3.640577197074890137e-01 3.333334624767303467e-01 -1.295086112804710865e-03 -3.852902948856353760e-01
3.707243800163269043e-01 1.382299363613128662e-01 -9.000891819596290588e-03 -9.301597625017166138e-02
3.734889924526214600e-01 -5.676186457276344299e-02 -1.086121145635843277e-02 1.968136280775070190e-01
3.723537623882293701e-01 1.385137438774108887e-01 -6.924938876181840897e-03 -9.927563369274139404e-02
3.751240372657775879e-01 -5.650827661156654358e-02 -8.910451084375381470e-03 1.912144720554351807e-01
3.739938735961914062e-01 1.387400031089782715e-01 -5.086162127554416656e-03 -1.042659655213356018e-01
3.767686486244201660e-01 -5.630869045853614807e-02 -7.171481382101774216e-03 1.868079751729965210e-01
3.756424784660339355e-01 1.389151215553283691e-01 -3.435322083532810211e-03 -1.081286296248435974e-01
3.784207999706268311e-01 -5.615742504596710205e-02 -5.597894545644521713e-03 1.834684908390045166e-01
3.772976398468017578e-01 1.390441805124282837e-01 -1.928524696268141270e-03 -1.109750866889953613e-01
3.800785243511199951e-01 -5.605008825659751892e-02 -4.148026462644338608e-03 1.810987740755081177e-01
3.789575099945068359e-01 1.391309648752212524e-01 -5.260509205982089043e-04 -1.128898113965988159e-01
3.817401528358459473e-01 -5.598343908786773682e-02 -2.783847041428089142e-03 1.796271055936813354e-01
3.806204795837402344e-01 1.391782313585281372e-01 8.086948655545711517e-04 -1.139327287673950195e-01
3.834040462970733643e-01 -5.595529079437255859e-02 -1.469959737733006477e-03 1.790052205324172974e-01
3.822849392890930176e-01 1.391876637935638428e-01 2.110144821926951408e-03 -1.141410619020462036e-01
3.850686848163604736e-01 -5.596445873379707336e-02 -1.726763875922188163e-04 1.792068481445312500e-01
3.839493989944458008e-01 1.391599625349044800e-01 3.411460667848587036e-03 -1.135305389761924744e-01
3.867326080799102783e-01 3.342328667640686035e-01 1.140849897637963295e-03 -4.051352143287658691e-01
3.934172689914703369e-01 1.390947550535202026e-01 -6.961854640394449234e-03 -1.120928376913070679e-01
3.961991369724273682e-01 -5.592675134539604187e-02 -9.203711524605751038e-03 1.783855557441711426e-01
3.950806260108947754e-01 1.393256932497024536e-01 -5.636000074446201324e-03 -1.171865537762641907e-01
3.978671431541442871e-01 -5.571505427360534668e-02 -7.979731075465679169e-03 1.737129539251327515e-01
3.967528343200683594e-01 1.395201832056045532e-01 -4.505472257733345032e-03 -1.214766055345535278e-01
3.995432257652282715e-01 -5.553692206740379333e-02 -6.935004144906997681e-03 1.697814911603927612e-01
3.984324932098388672e-01 1.396836042404174805e-01 -3.539374563843011856e-03 -1.250811368227005005e-01
4.012261629104614258e-01 -5.538746714591979980e-02 -6.040997337549924850e-03 1.664830595254898071e-01
4.001184105873107910e-01 1.398204416036605835e-01 -2.711336128413677216e-03 -1.280994862318038940e-01
4.029148221015930176e-01 -5.526256933808326721e-02 -5.273325834423303604e-03 1.637268066406250000e-01
4.018095731735229492e-01 1.399344652891159058e-01 -1.998789608478546143e-03 -1.306150257587432861e-01
4.046082496643066406e-01 -5.515879020094871521e-02 -4.611090291291475296e-03 1.614366322755813599e-01
4.035050868988037109e-01 1.400288641452789307e-01 -1.382357790134847164e-03 -1.326974034309387207e-01
4.063056707382202148e-01 -5.507325381040573120e-02 -4.036305937916040421e-03 1.595490872859954834e-01
4.052042067050933838e-01 1.401062458753585815e-01 -8.453238988295197487e-04 -1.344044506549835205e-01
4.080063104629516602e-01 -5.500358343124389648e-02 -3.533412935212254524e-03 1.580116748809814453e-01
4.069062471389770508e-01 1.401687711477279663e-01 -3.731795877683907747e-04 -1.357838660478591919e-01
4.097096323966979980e-01 -5.494782701134681702e-02 -3.088856814429163933e-03 1.567813009023666382e-01
4.086106717586517334e-01 1.402182132005691528e-01 4.676915705204010010e-05 -1.368744820356369019e-01
4.114150404930114746e-01 -5.490440875291824341e-02 -2.690720371901988983e-03 1.558232009410858154e-01
4.103169441223144531e-01 1.402559727430343628e-01 4.257435502950102091e-04 -1.377073675394058228e-01
4.131220579147338867e-01 -5.487208068370819092e-02 -2.328403759747743607e-03 1.551098376512527466e-01
4.120246171951293945e-01 1.402831375598907471e-01 7.737930282019078732e-04 -1.383067369461059570e-01
4.148302972316741943e-01 -5.484989657998085022e-02 -1.992341596633195877e-03 1.546202152967453003e-01
4.137333035469055176e-01 1.403005272150039673e-01 1.100062625482678413e-03 -1.386905908584594727e-01
4.165393114089965820e-01 -5.483716353774070740e-02 -1.673749065957963467e-03 1.543391942977905273e-01
4.154425561428070068e-01 1.403087079524993896e-01 1.413034740835428238e-03 -1.388712972402572632e-01
4.182487428188323975e-01 -5.483344942331314087e-02 -1.364391180686652660e-03 1.542570888996124268e-01
4.171520769596099854e-01 1.403080075979232788e-01 1.720750587992370129e-03 -1.388559639453887939e-01
4.199582338333129883e-01 -5.483854189515113831e-02 -1.056368695572018623e-03 1.543693393468856812e-01
4.188614487648010254e-01 1.402985155582427979e-01 2.031018026173114777e-03 -1.386466622352600098e-01
4.216674268245697021e-01 -5.485246330499649048e-02 -7.419152534566819668e-04 1.546763181686401367e-01
4.205703735351562500e-01 1.402800977230072021e-01 2.351611154153943062e-03 -1.382405608892440796e-01
4.233759641647338867e-01 -5.487545207142829895e-02 -4.132001195102930069e-04 1.551833301782608032e-01
4.222784638404846191e-01 1.402524113655090332e-01 2.690466353669762611e-03 -1.376299262046813965e-01
4.250835180282592773e-01 -5.490797013044357300e-02 -6.213210144778713584e-05 1.559005826711654663e-01
4.239853620529174805e-01 1.402148753404617310e-01 3.055879613384604454e-03 -1.368019431829452515e-01
4.267896413803100586e-01 -5.495071783661842346e-02 3.198407357558608055e-04 1.568434983491897583e-01
4.256906509399414062e-01 1.401666551828384399e-01 3.456710837781429291e-03 -1.357385069131851196e-01
4.284939765930175781e-01 3.352389335632324219e-01 7.419405737891793251e-04 -4.273288846015930176e-01
4.351987540721893311e-01 1.401064693927764893e-01 -7.804637309163808823e-03 -1.344121694564819336e-01
4.380008876323699951e-01 -5.490282177925109863e-02 -1.049288082867860794e-02 1.557983309030532837e-01
4.369028210639953613e-01 1.403677761554718018e-01 -7.376913912594318390e-03 -1.401762962341308594e-01
4.397101700305938721e-01 -5.464774742722511292e-02 -1.018043980002403259e-02 1.501702368259429932e-01
4.386172294616699219e-01 1.406184881925582886e-01 -7.177035324275493622e-03 -1.457069516181945801e-01
4.414295852184295654e-01 -5.439994484186172485e-02 -1.009117439389228821e-02 1.447031497955322266e-01
4.403415918350219727e-01 1.408650577068328857e-01 -7.197111379355192184e-03 -1.511462032794952393e-01
4.431588947772979736e-01 -5.415310338139533997e-02 -1.022003497928380966e-02 1.392575353384017944e-01
4.420758187770843506e-01 1.411137282848358154e-01 -7.434884551912546158e-03 -1.566320508718490601e-01
4.448980987071990967e-01 -5.390099436044692993e-02 -1.056752540171146393e-02 1.336961090564727783e-01
4.438200891017913818e-01 1.413707137107849121e-01 -7.893603295087814331e-03 -1.623018980026245117e-01
4.466474950313568115e-01 -5.363734439015388489e-02 -1.113964151591062546e-02 1.278803795576095581e-01
4.455747604370117188e-01 1.416424065828323364e-01 -8.582034148275852203e-03 -1.682960391044616699e-01
4.484075903892517090e-01 -5.335566401481628418e-02 -1.194795500487089157e-02 1.216671913862228394e-01
4.473404884338378906e-01 1.419354081153869629e-01 -9.514611214399337769e-03 -1.747611314058303833e-01
4.501791894435882568e-01 -5.304908752441406250e-02 -1.300983317196369171e-02 1.149051338434219360e-01
4.491182267665863037e-01 1.422568410634994507e-01 -1.071173045784235001e-02 -1.818537414073944092e-01
4.519633650779724121e-01 -5.271021276712417603e-02 -1.434880588203668594e-02 1.074308604001998901e-01
4.509091377258300781e-01 1.426143944263458252e-01 -1.220018882304430008e-02 -1.897442787885665894e-01
4.537614285945892334e-01 -5.233091488480567932e-02 -1.599507406353950500e-02 9.906514734029769897e-02
4.527148306369781494e-01 -2.472200244665145874e-01 -1.401377096772193909e-02 3.866590559482574463e-01
4.477704167366027832e-01 -5.190196633338928223e-02 -6.280590314418077469e-03 8.959082514047622681e-02
4.467323720455169678e-01 1.433094441890716553e-01 -4.488773643970489502e-03 -2.050669938325881958e-01
4.495985805988311768e-01 -5.174802988767623901e-02 -8.590113371610641479e-03 8.619657158851623535e-02
4.485636055469512939e-01 1.434959918260574341e-01 -6.866181734949350357e-03 -2.091841101646423340e-01
4.514335393905639648e-01 -5.152710899710655212e-02 -1.104986388236284256e-02 8.132500201463699341e-02
4.504029750823974609e-01 -2.464889287948608398e-01 -9.423363953828811646e-03 3.705012798309326172e-01
4.454731941223144531e-01 -5.123437568545341492e-02 -2.013338496908545494e-03 7.486202567815780640e-02
4.444485306739807129e-01 1.439163833856582642e-01 -5.160979344509541988e-04 -2.184554338455200195e-01
4.473268389701843262e-01 -5.119818821549415588e-02 -4.885206464678049088e-03 7.406464964151382446e-02
4.463028907775878906e-01 1.439934521913528442e-01 -3.403913695365190506e-03 -2.201555669307708740e-01
4.491827487945556641e-01 -5.107967555522918701e-02 -7.807025220245122910e-03 7.145167887210845947e-02
4.481611549854278564e-01 -2.460888326168060303e-01 -6.377991288900375366e-03 3.616612553596496582e-01
4.432393908500671387e-01 -5.087681114673614502e-02 8.552338113076984882e-04 6.697406619787216187e-02
4.422218501567840576e-01 1.442328691482543945e-01 2.194715198129415512e-03 -2.254389077425003052e-01
4.451065063476562500e-01 -5.092038214206695557e-02 -2.314062789082527161e-03 6.793551146984100342e-02
4.440881013870239258e-01 1.442346721887588501e-01 -9.553526178933680058e-04 -2.254766225814819336e-01
4.469727873802185059e-01 -5.087361484766006470e-02 -5.464884918183088303e-03 6.690480560064315796e-02
4.459553062915802002e-01 1.443262547254562378e-01 -4.126789048314094543e-03 -2.274973094463348389e-01
4.488418400287628174e-01 -5.073647573590278625e-02 -8.676734752953052521e-03 6.388103216886520386e-02
4.478271007537841797e-01 -2.457329481840133667e-01 -7.399114314466714859e-03 3.538138270378112793e-01
4.429124593734741211e-01 -5.050658062100410461e-02 -3.228380228392779827e-04 5.880694836378097534e-02
4.419023096561431885e-01 1.446200013160705566e-01 8.533009095117449760e-04 -2.339778244495391846e-01
4.447947144508361816e-01 -5.051413550972938538e-02 -3.826255444437265396e-03 5.897414311766624451e-02
4.437844455242156982e-01 -2.455810159444808960e-01 -2.646772656589746475e-03 3.504474163055419922e-01
4.388728141784667969e-01 -5.042152479290962219e-02 4.362175706773996353e-03 5.693104490637779236e-02
4.378643929958343506e-01 1.446376144886016846e-01 5.500796250998973846e-03 -2.343723922967910767e-01
4.407571256160736084e-01 -5.056250095367431641e-02 8.133485098369419575e-04 6.004056707024574280e-02
4.397459030151367188e-01 1.445477753877639771e-01 2.014159923419356346e-03 -2.323856353759765625e-01
4.426368474960327148e-01 -5.060289427638053894e-02 -2.633552765473723412e-03 6.093194708228111267e-02
4.416247904300689697e-01 1.445567160844802856e-01 -1.414913916960358620e-03 -2.325807213783264160e-01
4.445159137248992920e-01 -5.054498836398124695e-02 -6.066528148949146271e-03 5.965556204319000244e-02
4.435050189495086670e-01 -2.455794364213943481e-01 -4.873416852205991745e-03 3.504182994365692139e-01
4.385934472084045410e-01 -5.038851499557495117e-02 2.134948968887329102e-03 5.620261654257774353e-02
4.375856518745422363e-01 1.447027623653411865e-01 3.259001299738883972e-03 -2.358059585094451904e-01
4.404797255992889404e-01 -5.046560242772102356e-02 -1.457117730751633644e-03 5.790317803621292114e-02
4.394704103469848633e-01 1.446772068738937378e-01 -2.990541688632220030e-04 -2.352391183376312256e-01
4.423639476299285889e-01 -5.044046416878700256e-02 -5.003836471587419510e-03 5.734945833683013916e-02
4.413551390171051025e-01 -2.454903125762939453e-01 -3.856847528368234634e-03 3.484494388103485107e-01
4.364453256130218506e-01 -5.031371861696243286e-02 3.112141508609056473e-03 5.455282330513000488e-02
4.354390501976013184e-01 1.447634696960449219e-01 4.203198011964559555e-03 -2.371465712785720825e-01
4.383343160152435303e-01 -5.041828006505966187e-02 -5.397335044108331203e-04 5.685919523239135742e-02
4.373259544372558594e-01 1.447114050388336182e-01 5.974504165351390839e-04 -2.359939664602279663e-01
4.402201771736145020e-01 -5.041907355189323425e-02 -4.122429061681032181e-03 5.687734857201576233e-02
4.392118155956268311e-01 -2.454816699028015137e-01 -2.984882099553942680e-03 3.482567667961120605e-01
4.343021810054779053e-01 -5.031739547848701477e-02 3.980253357440233231e-03 5.463410541415214539e-02
4.332958161830902100e-01 1.447472572326660156e-01 5.072935484349727631e-03 -2.367903739213943481e-01
4.361907839775085449e-01 -5.044680088758468628e-02 3.371282073203474283e-04 5.748838931322097778e-02
4.351818263530731201e-01 1.446703225374221802e-01 1.486895955167710781e-03 -2.350881546735763550e-01
4.380752444267272949e-01 -5.047284811735153198e-02 -3.214867087081074715e-03 5.806341767311096191e-02
4.370657801628112793e-01 -2.455485612154006958e-01 -2.053598640486598015e-03 3.497303128242492676e-01
4.321548044681549072e-01 -5.039745941758155823e-02 4.941007122397422791e-03 5.640051141381263733e-02
4.311468601226806641e-01 1.446533054113388062e-01 6.069017574191093445e-03 -2.347193956375122070e-01
4.340399205684661865e-01 -5.055483803153038025e-02 1.374629558995366096e-03 5.987168848514556885e-02
4.330288469791412354e-01 1.445473730564117432e-01 2.572063356637954712e-03 -2.323772162199020386e-01
4.359197914600372314e-01 -5.061123147606849670e-02 -2.075480995699763298e-03 6.111591309309005737e-02
4.349075555801391602e-01 1.445404142141342163e-01 -8.531627827323973179e-04 -2.322211116552352905e-01
4.377983808517456055e-01 -5.056933313608169556e-02 -5.497585050761699677e-03 6.019257009029388428e-02
4.367869794368743896e-01 -2.456120252609252930e-01 -4.293733742088079453e-03 3.511359095573425293e-01
4.318747520446777344e-01 -5.042928084731101990e-02 2.728984458371996880e-03 5.710213631391525269e-02
4.308661520481109619e-01 1.446534395217895508e-01 3.871027147397398949e-03 -2.347185313701629639e-01
4.337592124938964844e-01 -5.052360892295837402e-02 -8.233434055000543594e-04 5.918292328715324402e-02
4.327487647533416748e-01 1.446101367473602295e-01 3.603150835260748863e-04 -2.337596565485000610e-01
4.356409609317779541e-01 -5.051695927977561951e-02 -4.314878024160861969e-03 5.903689935803413391e-02
4.346306025981903076e-01 -2.455767840147018433e-01 -3.134140046313405037e-03 3.503553271293640137e-01
4.297190904617309570e-01 -5.041039735078811646e-02 3.872966626659035683e-03 5.668576061725616455e-02
4.287108778953552246e-01 1.446558088064193726e-01 5.006681662052869797e-03 -2.347726970911026001e-01
4.316039979457855225e-01 -5.053731799125671387e-02 3.112277481704950333e-04 5.948527529835700989e-02
4.305932521820068359e-01 1.445801705121994019e-01 1.500933198258280754e-03 -2.330994457006454468e-01
4.334848523139953613e-01 -5.056319385766983032e-02 -3.161055501550436020e-03 6.005654856562614441e-02
4.324735701084136963e-01 -2.456396818161010742e-01 -1.959924586117267609e-03 3.517404794692993164e-01
4.275607764720916748e-01 -5.048991367220878601e-02 5.074884742498397827e-03 5.844016000628471375e-02
4.265509843826293945e-01 1.445589065551757812e-01 6.243688054382801056e-03 -2.326372861862182617e-01
4.294421672821044922e-01 -5.065169930458068848e-02 1.590942149050533772e-03 6.200854107737541199e-02
4.284291267395019531e-01 1.444474011659622192e-01 2.831113059073686600e-03 -2.301720082759857178e-01
4.313180744647979736e-01 -5.071488395333290100e-02 -1.772327232174575329e-03 6.340260058641433716e-02
4.303037822246551514e-01 1.444324254989624023e-01 -5.042751436121761799e-04 -2.298389822244644165e-01
4.331924319267272949e-01 -5.068231001496315002e-02 -5.101054906845092773e-03 6.268484145402908325e-02
4.321787953376770020e-01 -2.457307577133178711e-01 -3.847357816994190216e-03 3.537539839744567871e-01
4.272641837596893311e-01 -5.055430904030799866e-02 3.227722132578492165e-03 5.986037477850914001e-02
4.262530803680419922e-01 1.445212215185165405e-01 4.424929618835449219e-03 -2.318024337291717529e-01
4.291435182094573975e-01 -5.066368356347084045e-02 -2.111191715812310576e-04 6.227296963334083557e-02
4.281302392482757568e-01 1.444612890481948853e-01 1.034340239129960537e-03 -2.304765582084655762e-01
4.310194551944732666e-01 -5.067542195320129395e-02 -3.575190901756286621e-03 6.253245472908020020e-02
4.300059378147125244e-01 -2.457459270954132080e-01 -2.324542030692100525e-03 3.540852367877960205e-01
4.250910282135009766e-01 -5.059100314974784851e-02 4.757163114845752716e-03 6.067023053765296936e-02
4.240792095661163330e-01 1.444624215364456177e-01 5.970567464828491211e-03 -2.305079847574234009e-01
4.269684553146362305e-01 -5.074433982372283936e-02 1.360407681204378605e-03 6.405226141214370728e-02
4.259535670280456543e-01 1.443580836057662964e-01 2.641452942043542862e-03 -2.282011359930038452e-01
4.288407266139984131e-01 -5.080151930451393127e-02 -1.922569819726049900e-03 6.531382352113723755e-02
4.278247058391571045e-01 1.443479508161544800e-01 -6.162933423183858395e-04 -2.279750555753707886e-01
4.307116568088531494e-01 -5.076519399881362915e-02 -5.175794474780559540e-03 6.451340019702911377e-02
4.296963512897491455e-01 -2.458125501871109009e-01 -3.885526675730943680e-03 3.555588424205780029e-01
4.247801005840301514e-01 -5.063557624816894531e-02 3.225650405511260033e-03 6.165324524044990540e-02
4.237673878669738770e-01 1.444399803876876831e-01 4.458715207874774933e-03 -2.300102263689041138e-01
4.266561865806579590e-01 -5.074540525674819946e-02 -1.414891448803246021e-04 6.407579779624938965e-02
4.256412982940673828e-01 1.443785727024078369e-01 1.140026724897325039e-03 -2.286517620086669922e-01
4.285288751125335693e-01 -5.075964704155921936e-02 -3.433008678257465363e-03 6.439054757356643677e-02
4.275136590003967285e-01 -2.458322048187255859e-01 -2.145197708159685135e-03 3.559883534908294678e-01
4.225970208644866943e-01 -5.067982524633407593e-02 4.974569659680128098e-03 6.262976676225662231e-02
4.215834140777587891e-01 1.443704515695571899e-01 6.227164994925260544e-03 -2.284795045852661133e-01
4.244708418846130371e-01 -5.083993449807167053e-02 1.657574903219938278e-03 6.616117060184478760e-02
4.234540462493896484e-01 1.442582160234451294e-01 2.980798250064253807e-03 -2.259983271360397339e-01
4.263392090797424316e-01 -5.090621113777160645e-02 -1.539168180897831917e-03 6.762336939573287964e-02
4.253210723400115967e-01 1.442377716302871704e-01 -1.867009123088791966e-04 -2.255447804927825928e-01
4.282058477401733398e-01 -5.088150873780250549e-02 -4.697596654295921326e-03 6.707925349473953247e-02
4.271882176399230957e-01 -2.459357976913452148e-01 -3.356011584401130676e-03 3.582763671875000000e-01
4.222694933414459229e-01 -5.076629668474197388e-02 3.809515852481126785e-03 6.453710049390792847e-02
4.212541580200195312e-01 1.443008333444595337e-01 5.100257694721221924e-03 -2.269414663314819336e-01
4.241401851177215576e-01 -5.089363828301429749e-02 5.614283145405352116e-04 6.734588742256164551e-02
4.231223165988922119e-01 1.442202627658843994e-01 1.908346079289913177e-03 -2.251598536968231201e-01
4.260067045688629150e-01 -5.092891678214073181e-02 -2.594850957393646240e-03 6.812442839145660400e-02
4.249881207942962646e-01 1.442301422357559204e-01 -1.232362352311611176e-03 -2.253760546445846558e-01
4.278727471828460693e-01 -5.087417364120483398e-02 -5.739883519709110260e-03 6.691788136959075928e-02
4.268552660942077637e-01 -2.459133714437484741e-01 -4.401525948196649551e-03 3.577843308448791504e-01
4.219369888305664062e-01 -5.072911456227302551e-02 2.754160668700933456e-03 6.371674686670303345e-02
4.209223985671997070e-01 1.443532407283782959e-01 4.028495866805315018e-03 -2.280959486961364746e-01
4.238094687461853027e-01 -5.082605034112930298e-02 -5.334232700988650322e-04 6.585498154163360596e-02
4.227929413318634033e-01 1.443035453557968140e-01 7.836763397790491581e-04 -2.269961982965469360e-01
4.256790280342102051e-01 -5.082959681749343872e-02 -3.756247693672776222e-03 6.593383103609085083e-02
4.246624112129211426e-01 -2.458974868059158325e-01 -2.437571063637733459e-03 3.574292659759521484e-01
4.197444617748260498e-01 -5.074097216129302979e-02 4.711014218628406525e-03 6.397871673107147217e-02
4.187296628952026367e-01 1.443131268024444580e-01 5.990588571876287460e-03 -2.272141426801681519e-01
4.216159284114837646e-01 -5.089392885565757751e-02 1.446305890567600727e-03 6.735239923000335693e-02
4.205980300903320312e-01 1.442072540521621704e-01 2.793353982269763947e-03 -2.248738557100296021e-01
4.234821796417236328e-01 -5.095450580120086670e-02 -1.704123220406472683e-03 6.868889182806015015e-02
4.224630892276763916e-01 1.441918313503265381e-01 -3.303453850094228983e-04 -2.245312035083770752e-01
4.253469407558441162e-01 -5.092539265751838684e-02 -4.820969421416521072e-03 6.804749369621276855e-02
4.243284165859222412e-01 -2.459778934717178345e-01 -3.460019594058394432e-03 3.592054843902587891e-01
4.194088578224182129e-01 -5.080692842602729797e-02 3.724090056493878365e-03 6.543354690074920654e-02
4.183927178382873535e-01 1.442614346742630005e-01 5.032761022448539734e-03 -2.260720878839492798e-01
4.212779700756072998e-01 -5.093208327889442444e-02 5.113194347359240055e-04 6.819410622119903564e-02
4.202593266963958740e-01 1.441825330257415771e-01 1.875201589427888393e-03 -2.243274599313735962e-01
4.231429696083068848e-01 -5.096616968512535095e-02 -2.611347474157810211e-03 6.894639134407043457e-02
4.221236407756805420e-01 1.441931277513504028e-01 -1.232419628649950027e-03 -2.245592772960662842e-01
4.250074923038482666e-01 -5.091119185090065002e-02 -5.723605398088693619e-03 6.773463636636734009e-02
4.239892661571502686e-01 -2.459506243467330933e-01 -4.368912428617477417e-03 3.586062490940093994e-01
4.190702736377716064e-01 -5.076683312654495239e-02 2.803212730213999748e-03 6.454891711473464966e-02
4.180549383163452148e-01 1.443148106336593628e-01 4.094190895557403564e-03 -2.272482663393020630e-01
4.209412336349487305e-01 -5.086540430784225464e-02 -4.507743578869849443e-04 6.672330200672149658e-02
4.199239313602447510e-01 1.442629992961883545e-01 8.836916531436145306e-04 -2.261018157005310059e-01
4.228091835975646973e-01 -5.087156221270561218e-02 -3.638344584032893181e-03 6.685972958803176880e-02
4.217917621135711670e-01 -2.459411621093750000e-01 -2.301150001585483551e-03 3.583925366401672363e-01
4.168729186058044434e-01 -5.078657343983650208e-02 4.866700619459152222e-03 6.498488038778305054e-02
4.158571958541870117e-01 1.442652642726898193e-01 6.166398059576749802e-03 -2.261586040258407593e-01
4.187425076961517334e-01 -5.094426870346069336e-02 1.643225899897515774e-03 6.846303492784500122e-02
4.177236258983612061e-01 1.441540867090225220e-01 3.012486500665545464e-03 -2.237010002136230469e-01
4.206067025661468506e-01 -5.101079121232032776e-02 -1.461533363908529282e-03 6.993066519498825073e-02
4.195864796638488770e-01 1.441320776939392090e-01 -6.292013131314888597e-05 -2.232130318880081177e-01
4.224691092967987061e-01 -5.098896846175193787e-02 -4.527180455625057220e-03 6.945005059242248535e-02
4.214493334293365479e-01 -2.460457235574722290e-01 -3.138179657980799675e-03 3.607012033462524414e-01
4.165284335613250732e-01 -5.087930709123611450e-02 4.075844306498765945e-03 6.703039258718490601e-02
4.155108332633972168e-01 1.441839784383773804e-01 5.416451953351497650e-03 -2.243638038635253906e-01
4.183945059776306152e-01 -5.101497098803520203e-02 9.291759924963116646e-04 7.002274692058563232e-02
4.173742234706878662e-01 1.440936475992202759e-01 2.329631010070443153e-03 -2.223668694496154785e-01
4.202561080455780029e-01 -5.106152594089508057e-02 -2.117706462740898132e-03 7.104999572038650513e-02
4.192348718643188477e-01 1.440907269716262817e-01 -6.967065855860710144e-04 -2.223003208637237549e-01
4.221166670322418213e-01 -5.102126300334930420e-02 -5.142712965607643127e-03 7.016275078058242798e-02
4.210962653160095215e-01 -2.460691034793853760e-01 -3.739458043128252029e-03 3.612186908721923828e-01
4.161748588085174561e-01 -5.089420452713966370e-02 3.484916174784302711e-03 6.735899299383163452e-02
4.151569902896881104e-01 1.441776156425476074e-01 4.832095932215452194e-03 -2.242223918437957764e-01
4.180405437946319580e-01 -5.101307108998298645e-02 3.476483107078820467e-04 6.998084485530853271e-02
4.170202910900115967e-01 1.441038995981216431e-01 1.747265225276350975e-03 -2.225923836231231689e-01
4.199023544788360596e-01 -5.104298517107963562e-02 -2.704582409933209419e-03 7.064119726419448853e-02
4.188815057277679443e-01 -2.461260557174682617e-01 -1.291758497245609760e-03 3.624695837497711182e-01
4.139589667320251465e-01 -5.098577216267585754e-02 5.957633256912231445e-03 6.937962025403976440e-02
4.129392504692077637e-01 1.440502554178237915e-01 7.345225661993026733e-03 -2.214176952838897705e-01
4.158202707767486572e-01 -5.117590352892875671e-02 2.916871570050716400e-03 7.357312738895416260e-02
4.147967398166656494e-01 1.439041048288345337e-01 4.388334229588508606e-03 -2.181880921125411987e-01
4.176748394966125488e-01 -5.128029733896255493e-02 2.457228947605472058e-05 7.587586343288421631e-02
4.166492223739624023e-01 1.438412964344024658e-01 1.542089623399078846e-03 -2.167993038892745972e-01
