-1.496885530650615692e-02 4.425831139087677002e-02 -3.062044456601142883e-02 -6.216786568984389305e-04
-1.408368907868862152e-02 -1.504114270210266113e-01 -3.063287772238254547e-02 2.822450399398803711e-01
-1.709191687405109406e-02 4.513377323746681213e-02 -2.498797886073589325e-02 -1.993980631232261658e-02
-1.618924178183078766e-02 -1.496210843324661255e-01 -2.538677491247653961e-02 2.647555768489837646e-01
-1.918166317045688629e-02 4.585384950041770935e-02 -2.009166218340396881e-02 -3.582524880766868591e-02
-1.826458610594272614e-02 -1.489743143320083618e-01 -2.080816775560379028e-02 2.504514455795288086e-01
-2.124407328665256500e-02 4.643851518630981445e-02 -1.579913869500160217e-02 -4.872148856520652771e-02
-2.031530253589153290e-02 -1.484533697366714478e-01 -1.677356846630573273e-02 2.389350980520248413e-01
-2.328437007963657379e-02 4.690413922071456909e-02 -1.199486665427684784e-02 -5.899113789200782776e-02
-2.234628610312938690e-02 -1.480437964200973511e-01 -1.317468937486410141e-02 2.298833131790161133e-01
-2.530716359615325928e-02 4.726392030715942383e-02 -8.577022701501846313e-03 -6.692607700824737549e-02
-2.436188422143459320e-02 -1.477340161800384521e-01 -9.915544651448726654e-03 2.230384647846221924e-01
-2.731656469404697418e-02 4.752824082970619202e-02 -5.454774945974349976e-03 -7.275564968585968018e-02
-2.636599913239479065e-02 -1.475150883197784424e-01 -6.909888237714767456e-03 2.182012945413589478e-01
-2.931630238890647888e-02 4.770495742559432983e-02 -2.545862458646297455e-03 -7.665327936410903931e-02
-2.836220152676105499e-02 -1.473804116249084473e-01 -4.078927915543317795e-03 2.152253389358520508e-01
-3.130980953574180603e-02 4.779962077736854553e-02 2.255788422189652920e-04 -7.874146848917007446e-02
-3.035381808876991272e-02 -1.473255604505538940e-01 -1.349250553175806999e-03 2.140126228332519531e-01
-3.330032899975776672e-02 4.781565442681312561e-02 2.931001828983426094e-03 -7.909561693668365479e-02
-3.234401717782020569e-02 -1.473481953144073486e-01 1.349089550785720348e-03 2.145106047391891479e-01
-3.529097884893417358e-02 4.775444418191909790e-02 5.639301612973213196e-03 -7.774645090103149414e-02
-3.433589264750480652e-02 -1.474478989839553833e-01 4.084372892975807190e-03 2.167103439569473267e-01
-3.728484734892845154e-02 4.761543124914169312e-02 8.418579585850238800e-03 -7.468140125274658203e-02
-3.633254021406173706e-02 -1.476261913776397705e-01 6.924951449036598206e-03 2.206456959247589111e-01
-3.928506374359130859e-02 4.739609733223915100e-02 1.133786514401435852e-02 -6.984480470418930054e-02
-3.833714127540588379e-02 2.423536777496337891e-01 9.940969757735729218e-03 -3.589291274547576904e-01
-3.349006921052932739e-02 4.709183052182197571e-02 2.762386808171868324e-03 -6.312822550535202026e-02
-3.254823014140129089e-02 -1.480696201324462891e-01 1.499822363257408142e-03 2.304249703884124756e-01
-3.550962358713150024e-02 4.703086987137794495e-02 6.108321715146303177e-03 -6.178448349237442017e-02
-3.456900641322135925e-02 -1.481781303882598877e-01 4.872632212936878204e-03 2.328193783760070801e-01
-3.753256797790527344e-02 4.687386378645896912e-02 9.529019705951213837e-03 -5.832258239388465881e-02
-3.659509122371673584e-02 2.418579012155532837e-01 8.362567983567714691e-03 -3.479838669300079346e-01
-3.175793588161468506e-02 4.661801084876060486e-02 1.402890775352716446e-03 -5.267570540308952332e-02
-3.082557395100593567e-02 -1.485240310430526733e-01 3.493765834718942642e-04 2.404495179653167725e-01
-3.379605337977409363e-02 4.659293219447135925e-02 5.158367101103067398e-03 -5.212318897247314453e-02
-3.286419436335563660e-02 -1.486026048660278320e-01 4.115903284400701523e-03 2.421827763319015503e-01
-3.583624958992004395e-02 4.646031185984611511e-02 8.959558792412281036e-03 -4.919905588030815125e-02
-3.490704298019409180e-02 2.414526492357254028e-01 7.975577376782894135e-03 -3.390417397022247314e-01
-3.007798828184604645e-02 4.621813073754310608e-02 1.194742391817271709e-03 -4.385448619723320007e-02
-2.915362641215324402e-02 -1.489209383726119995e-01 3.176526515744626522e-04 2.492051571607589722e-01
-3.213204443454742432e-02 4.619647935032844543e-02 5.301755852997303009e-03 -4.337755963206291199e-02
-3.120811469852924347e-02 2.412420064210891724e-01 4.434204660356044769e-03 -3.343830406665802002e-01
-2.638327516615390778e-02 4.605722799897193909e-02 -2.253456041216850281e-03 -4.030508548021316528e-02
-2.546213008463382721e-02 -1.490323394536972046e-01 -3.059557871893048286e-03 2.516660094261169434e-01
-2.844277769327163696e-02 4.613316804170608521e-02 1.973762176930904388e-03 -4.198039695620536804e-02
-2.752011455595493317e-02 -1.490170359611511230e-01 1.134154270403087139e-03 2.513246238231658936e-01
-3.050045482814311981e-02 4.608870670199394226e-02 6.160646677017211914e-03 -4.100035876035690308e-02
-2.957868017256259918e-02 2.411217838525772095e-01 5.340639501810073853e-03 -3.317331969738006592e-01
-2.475624531507492065e-02 4.592421650886535645e-02 -1.294024405069649220e-03 -3.737088665366172791e-02
-2.383776009082794189e-02 -1.491791605949401855e-01 -2.041442086920142174e-03 2.549034953117370605e-01
-2.682134322822093964e-02 4.597188532352447510e-02 3.056627465412020683e-03 -3.842265158891677856e-02
-2.590190619230270386e-02 -1.491937637329101562e-01 2.288174349814653397e-03 2.552230954170227051e-01
-2.888578176498413086e-02 4.589544236660003662e-02 7.392636500298976898e-03 -3.673721849918365479e-02
-2.796787209808826447e-02 2.409106045961380005e-01 6.657892372459173203e-03 -3.270785510540008545e-01
-2.314965985715389252e-02 4.569450020790100098e-02 1.163210836239159107e-04 -3.230348229408264160e-02
-2.223576977849006653e-02 -1.494291126728057861e-01 -5.297485622577369213e-04 2.604161500930786133e-01
-2.522435225546360016e-02 4.570038989186286926e-02 4.678574390709400177e-03 -3.243382647633552551e-02
-2.431034483015537262e-02 -1.494883447885513306e-01 4.029897972941398621e-03 2.617215514183044434e-01
-2.730011194944381714e-02 4.557585343718528748e-02 9.264328517019748688e-03 -2.968756854534149170e-02
-2.638859488070011139e-02 2.405637353658676147e-01 8.670577779412269592e-03 -3.194331526756286621e-01
-2.157731913030147552e-02 4.531937837600708008e-02 2.281914465129375458e-03 -2.402851730585098267e-02
-2.067093178629875183e-02 -1.498352289199829102e-01 1.801343983970582485e-03 2.693735063076019287e-01
-2.366763725876808167e-02 4.526097327470779419e-02 7.188814226537942886e-03 -2.274072356522083282e-02
-2.276241779327392578e-02 2.402790933847427368e-01 6.733999587595462799e-03 -3.131468594074249268e-01
-1.795683614909648895e-02 4.506186395883560181e-02 4.710625798907130957e-04 -1.834786683320999146e-02
-1.705559715628623962e-02 -1.500668376684188843e-01 1.041052528307773173e-04 2.744836509227752686e-01
-2.005693502724170685e-02 4.505362734198570251e-02 5.593778099864721298e-03 -1.816644147038459778e-02
-1.915586180984973907e-02 2.400949150323867798e-01 5.230449605733156204e-03 -3.090792298316955566e-01
-1.435396354645490646e-02 4.489882662892341614e-02 -9.511351818218827248e-04 -1.475136354565620422e-02
-1.345598697662353516e-02 -1.502094715833663940e-01 -1.246162457391619682e-03 2.776313126087188721e-01
-1.646017655730247498e-02 4.493023827672004700e-02 4.306463990360498428e-03 -1.544438768178224564e-02
-1.556157227605581284e-02 -1.502532064914703369e-01 3.997575957328081131e-03 2.785941660404205322e-01
-1.856663636863231659e-02 4.481148719787597656e-02 9.569459594786167145e-03 -1.282525807619094849e-02
-1.767040602862834930e-02 2.397948950529098511e-01 9.312954731285572052e-03 -3.024736046791076660e-01
-1.287450827658176422e-02 4.454146698117256165e-02 3.263482125476002693e-03 -6.868190597742795944e-03
-1.198367867618799210e-02 -1.506271362304687500e-01 3.126118332147598267e-03 2.868426144123077393e-01
-1.499622222036123276e-02 4.445009678602218628e-02 8.862970396876335144e-03 -4.852722398936748505e-03
-1.410721987485885620e-02 2.394438236951828003e-01 8.765916340053081512e-03 -2.947261631488800049e-01
-9.318343363702297211e-03 4.419800266623497009e-02 2.871393226087093353e-03 7.084750686772167683e-04
-8.434383198618888855e-03 -1.509650051593780518e-01 2.885562600567936897e-03 2.942959666252136230e-01
-1.145368348807096481e-02 4.411568492650985718e-02 8.771481923758983612e-03 2.524509094655513763e-03
-1.057136990129947662e-02 2.391107529401779175e-01 8.821972645819187164e-03 -2.873780429363250732e-01
-5.789154674857854843e-03 4.386410489678382874e-02 3.074411302804946899e-03 8.074140176177024841e-03
-4.911872558295726776e-03 -1.513018012046813965e-01 3.235894022509455681e-03 3.017255067825317383e-01
-7.937909103929996490e-03 4.377388209104537964e-02 9.270403534173965454e-03 1.006485335528850555e-02
-7.062430959194898605e-03 2.387616634368896484e-01 9.471701458096504211e-03 -2.796787917613983154e-01
-2.287197858095169067e-03 4.350588843226432800e-02 3.878125222399830818e-03 1.597637310624122620e-02
-1.417080056853592396e-03 2.385720014572143555e-01 4.197652451694011688e-03 -2.754804491996765137e-01
3.354360116645693779e-03 4.339041933417320251e-02 -1.311956206336617470e-03 1.852346956729888916e-02
4.222168587148189545e-03 -1.517126858234405518e-01 -9.414867963641881943e-04 3.107921779155731201e-01
1.187914633192121983e-03 4.342265799641609192e-02 5.274356808513402939e-03 1.781247369945049286e-02
2.056367695331573486e-03 2.384685724973678589e-01 5.630605854094028473e-03 -2.732016742229461670e-01
6.825739052146673203e-03 4.326673597097396851e-02 1.665725576458498836e-04 2.125182934105396271e-02
7.691074162721633911e-03 -1.518575996160507202e-01 5.916091613471508026e-04 3.139873147010803223e-01
4.653921816498041153e-03 4.325591400265693665e-02 6.871355231851339340e-03 2.149101346731185913e-02
5.519040394574403763e-03 2.382786571979522705e-01 7.301175501197576523e-03 -2.690160274505615234e-01
1.028461288660764694e-02 4.305327311158180237e-02 1.920855022035539150e-03 2.596076577901840210e-02
1.114567834883928299e-02 -1.520961672067642212e-01 2.440070267766714096e-03 3.192491233348846436e-01
8.103755302727222443e-03 4.299094527959823608e-02 8.825052529573440552e-03 2.733670361340045929e-02
8.963574655354022980e-03 2.379852384328842163e-01 9.371787309646606445e-03 -2.625488042831420898e-01
1.372327841818332672e-02 4.273076727986335754e-02 4.120810888707637787e-03 3.307529166340827942e-02
1.457789447158575058e-02 2.377933859825134277e-01 4.782316740602254868e-03 -2.583046257495880127e-01
1.933376118540763855e-02 4.260348528623580933e-02 -3.837761469185352325e-04 3.588286042213439941e-02
2.018583193421363831e-02 -1.525129526853561401e-01 3.338810638524591923e-04 3.284446895122528076e-01
1.713557168841362000e-02 4.260423779487609863e-02 6.902774795889854431e-03 3.586705774068832397e-02
1.798765733838081360e-02 2.376265227794647217e-01 7.620115764439105988e-03 -2.546299993991851807e-01
2.274018712341785431e-02 4.239660501480102539e-02 2.527515636757016182e-03 4.044666513800621033e-02
2.358811907470226288e-02 -1.527615040540695190e-01 3.336449153721332550e-03 3.339259624481201172e-01
2.053288929164409637e-02 4.231280833482742310e-02 1.001496892422437668e-02 4.229706153273582458e-02
2.137914672493934631e-02 2.372897267341613770e-01 1.086090970784425735e-02 -2.472092956304550171e-01
2.612494118511676788e-02 4.201435670256614685e-02 5.916723981499671936e-03 4.887952283024787903e-02
2.696522697806358337e-02 2.370509654283523560e-01 6.894314195960760117e-03 -2.419307678937911987e-01
3.170624747872352600e-02 4.183122143149375916e-02 2.055698772892355919e-03 5.291880667209625244e-02
3.254287317395210266e-02 -1.533201485872268677e-01 3.114074934273958206e-03 3.462496101856231689e-01
2.947646938264369965e-02 4.175737127661705017e-02 1.003906689584255219e-02 5.455029383301734924e-02
3.031161613762378693e-02 2.367339432239532471e-01 1.113007310777902603e-02 -2.349483966827392578e-01
3.504629433155059814e-02 4.145475849509239197e-02 6.431105080991983414e-03 6.122441962361335754e-02
3.587539121508598328e-02 2.364839166402816772e-01 7.655593566596508026e-03 -2.294225394725799561e-01
4.060506820678710938e-02 4.125340655446052551e-02 3.067143028602004051e-03 6.566537171602249146e-02
4.143013805150985718e-02 -1.539123803377151489e-01 4.380450583994388580e-03 3.593144118785858154e-01
3.835188969969749451e-02 4.114702343940734863e-02 1.156673859804868698e-02 6.801596283912658691e-02
3.917482867836952209e-02 2.361012548208236694e-01 1.292705815285444260e-02 -2.209952622652053833e-01
4.389685392379760742e-02 4.079692810773849487e-02 8.507153019309043884e-03 7.573718577623367310e-02
4.471279308199882507e-02 2.357959002256393433e-01 1.002189610153436661e-02 -2.142496109008789062e-01
4.942870885133743286e-02 4.053210839629173279e-02 5.736904218792915344e-03 8.157774806022644043e-02
5.023935437202453613e-02 2.355713546276092529e-01 7.368458900600671768e-03 -2.092896699905395508e-01
5.495078116655349731e-02 4.034482315182685852e-02 3.182665910571813583e-03 8.570849150419235229e-02
5.575767531991004944e-02 2.354210019111633301e-01 4.896835424005985260e-03 -2.059686034917831421e-01
6.046609580516815186e-02 4.022937640547752380e-02 7.774635450914502144e-04 8.825499564409255981e-02
6.127068400382995605e-02 -1.549037098884582520e-01 2.542563481256365776e-03 3.811831176280975342e-01
5.817260965704917908e-02 4.018204286694526672e-02 1.016622595489025116e-02 8.930294215679168701e-02
5.897625163197517395e-02 2.351568043231964111e-01 1.195228472352027893e-02 -2.001552730798721313e-01
6.367938965559005737e-02 3.986597061157226562e-02 7.949179038405418396e-03 9.627394378185272217e-02
6.447670608758926392e-02 2.348731011152267456e-01 9.874657727777957916e-03 -1.938904672861099243e-01
6.917417049407958984e-02 3.961129114031791687e-02 5.996848922222852707e-03 1.018910631537437439e-01
6.996639072895050049e-02 2.346467822790145874e-01 8.034669794142246246e-03 -1.888938546180725098e-01
7.465933263301849365e-02 3.941081464290618896e-02 4.256792832165956497e-03 1.063128188252449036e-01
7.544754445552825928e-02 2.344714999198913574e-01 6.383049301803112030e-03 -1.850240826606750488e-01
8.013697713613510132e-02 3.925881162285804749e-02 2.682567574083805084e-03 1.096656024456024170e-01
8.092214912176132202e-02 2.343422174453735352e-01 4.875879734754562378e-03 -1.821697801351547241e-01
8.560899645090103149e-02 3.915083780884742737e-02 1.232484122738242149e-03 1.120473146438598633e-01
8.639201521873474121e-02 2.342551052570343018e-01 3.473430406302213669e-03 -1.802465170621871948e-01
9.107711911201477051e-02 3.908362612128257751e-02 -1.315000263275578618e-04 1.135301291942596436e-01
9.185878932476043701e-02 -1.560364365577697754e-01 2.139102434739470482e-03 4.061715602874755859e-01
8.873806148767471313e-02 3.905511274933815002e-02 1.026253402233123779e-02 1.141638010740280151e-01
8.951915800571441650e-02 2.340285181999206543e-01 1.254581008106470108e-02 -1.752637773752212524e-01
9.419973194599151611e-02 3.872928768396377563e-02 9.040534496307373047e-03 1.213503852486610413e-01
9.497431665658950806e-02 2.337205559015274048e-01 1.146754156798124313e-02 -1.684666872024536133e-01
9.964872896671295166e-02 3.843635320663452148e-02 8.098208345472812653e-03 1.278117448091506958e-01
1.004174575209617615e-01 2.334413677453994751e-01 1.065444294363260269e-02 -1.623053401708602905e-01
1.050862818956375122e-01 3.816851973533630371e-02 7.408336270600557327e-03 1.337196528911590576e-01
1.058496534824371338e-01 2.331835776567459106e-01 1.008272916078567505e-02 -1.566168665885925293e-01
1.105133220553398132e-01 3.791872411966323853e-02 6.950391456484794617e-03 1.392297893762588501e-01
1.112717017531394958e-01 2.329404503107070923e-01 9.734987281262874603e-03 -1.512523293495178223e-01
1.159305050969123840e-01 3.768045827746391296e-02 6.709940731525421143e-03 1.444858163595199585e-01
1.166841164231300354e-01 2.327056825160980225e-01 9.599656797945499420e-03 -1.460727155208587646e-01
1.213382333517074585e-01 3.744757547974586487e-02 6.678202655166387558e-03 1.496231853961944580e-01
1.220871806144714355e-01 2.324732691049575806e-01 9.670666418969631195e-03 -1.409454345703125000e-01
1.267366409301757812e-01 3.721415624022483826e-02 6.851757876574993134e-03 1.547726541757583618e-01
1.274809241294860840e-01 2.322373390197753906e-01 9.947210550308227539e-03 -1.357408463954925537e-01
1.321256756782531738e-01 3.697432950139045715e-02 7.232394069433212280e-03 1.600636094808578491e-01
1.328651607036590576e-01 2.319919914007186890e-01 1.043366640806198120e-02 -1.303289383649826050e-01
1.375050097703933716e-01 3.672214969992637634e-02 7.827087305486202240e-03 1.656273305416107178e-01
1.382394433021545410e-01 2.317311912775039673e-01 1.113963406533002853e-02 -1.245761215686798096e-01
1.428740769624710083e-01 3.645143285393714905e-02 8.648111484944820404e-03 1.716003119945526123e-01
1.436031013727188110e-01 2.314485460519790649e-01 1.208011806011199951e-02 -1.183419004082679749e-01
1.482320725917816162e-01 3.615561500191688538e-02 9.713280014693737030e-03 1.781275868415832520e-01
1.489551812410354614e-01 2.311372309923171997e-01 1.327583193778991699e-02 -1.114753708243370056e-01
1.535779237747192383e-01 4.260664582252502441e-01 1.104632485657930374e-02 -3.999404609203338623e-01
1.620992571115493774e-01 2.307895570993423462e-01 3.047515405341982841e-03 -1.037954390048980713e-01
1.667150408029556274e-01 3.562406823039054871e-02 9.716064669191837311e-04 1.898474097251892090e-01
1.674275249242782593e-01 2.307321131229400635e-01 4.768554586917161942e-03 -1.025288626551628113e-01
1.720421761274337769e-01 3.554214164614677429e-02 2.717977389693260193e-03 1.916547119617462158e-01
1.727530211210250854e-01 2.306251078844070435e-01 6.551071535795927048e-03 -1.001695767045021057e-01
1.773655116558074951e-01 4.256525635719299316e-01 4.547679796814918518e-03 -3.907784819602966309e-01
1.858785599470138550e-01 2.304663658142089844e-01 -3.267889609560370445e-03 -9.666519612073898315e-02
1.904878914356231689e-01 3.539139777421951294e-02 -5.201193504035472870e-03 1.949849277734756470e-01
1.911957263946533203e-01 2.305873632431030273e-01 -1.301494776271283627e-03 -9.933419525623321533e-02
1.958074718713760376e-01 3.548408672213554382e-02 -3.288178704679012299e-03 1.929378211498260498e-01
1.965171545743942261e-01 2.306529283523559570e-01 5.705777439288794994e-04 -1.007805690169334412e-01
2.011302113533020020e-01 3.552279621362686157e-02 -1.445033587515354156e-03 1.920823156833648682e-01
2.018406689167022705e-01 2.306653857231140137e-01 2.396612893790006638e-03 -1.010560989379882812e-01
2.064539790153503418e-01 4.257529079914093018e-01 3.754908393602818251e-04 -3.929819464683532715e-01
2.149690389633178711e-01 2.306256294250488281e-01 -7.484147790819406509e-03 -1.001806482672691345e-01
2.195815443992614746e-01 3.561174124479293823e-02 -9.487761184573173523e-03 1.901316791772842407e-01
2.202937752008438110e-01 2.308681309223175049e-01 -5.685127340257167816e-03 -1.055290848016738892e-01
2.249111384153366089e-01 3.582810983061790466e-02 -7.795709185302257538e-03 1.853547990322113037e-01
2.256277054548263550e-01 2.310607284307479858e-01 -4.088613204658031464e-03 -1.097771450877189636e-01
2.302489131689071655e-01 3.599760308861732483e-02 -6.284155882894992828e-03 1.816130429506301880e-01
2.309688776731491089e-01 2.312089055776596069e-01 -2.651894930750131607e-03 -1.130456626415252686e-01
2.355930507183074951e-01 3.612506017088890076e-02 -4.912808071821928024e-03 1.787994354963302612e-01
2.363155484199523926e-01 2.313169687986373901e-01 -1.336819375865161419e-03 -1.154292523860931396e-01
2.409418970346450806e-01 3.621419519186019897e-02 -3.645404474809765816e-03 1.768316179513931274e-01
2.416661679744720459e-01 2.313881218433380127e-01 -1.087722266674973071e-04 -1.169990822672843933e-01
2.462939321994781494e-01 4.265116453170776367e-01 -2.448753919452428818e-03 -4.097163379192352295e-01
2.548241615295410156e-01 2.314244955778121948e-01 -1.064308080822229385e-02 -1.178064122796058655e-01
2.594526708126068115e-01 3.645663335919380188e-02 -1.299920864403247833e-02 1.714998036623001099e-01
2.601817846298217773e-01 2.317622005939483643e-01 -9.569212794303894043e-03 -1.252554655075073242e-01
2.648170292377471924e-01 3.677864372730255127e-02 -1.207432150840759277e-02 1.643931865692138672e-01
2.655526101589202881e-01 2.320713400840759277e-01 -8.786458522081375122e-03 -1.320742666721343994e-01
2.701940238475799561e-01 3.707634285092353821e-02 -1.142794359475374222e-02 1.578237414360046387e-01
2.709355652332305908e-01 2.323600351810455322e-01 -8.271468803286552429e-03 -1.384423971176147461e-01
2.755827605724334717e-01 3.735752031207084656e-02 -1.104031689465045929e-02 1.516195684671401978e-01
2.763299047946929932e-01 2.326357960700988770e-01 -8.007925003767013550e-03 -1.445257812738418579e-01
2.809826433658599854e-01 3.762944415211677551e-02 -1.089844107627868652e-02 1.456200629472732544e-01
2.817352116107940674e-01 2.329057604074478149e-01 -7.986039854586124420e-03 -1.504810899496078491e-01
2.863933444023132324e-01 3.789906948804855347e-02 -1.099566183984279633e-02 1.396717429161071777e-01
2.871513068675994873e-01 2.331767678260803223e-01 -8.202226832509040833e-03 -1.564597487449645996e-01
2.918148636817932129e-01 3.817320615053176880e-02 -1.133142132312059402e-02 1.336243301630020142e-01
2.925783097743988037e-01 2.334556132555007935e-01 -8.658934384584426880e-03 -1.626118570566177368e-01
2.972474396228790283e-01 3.845869004726409912e-02 -1.191117148846387863e-02 1.273268759250640869e-01
2.980166077613830566e-01 2.337492257356643677e-01 -9.364633820950984955e-03 -1.690899580717086792e-01
3.026915788650512695e-01 3.876256570219993591e-02 -1.274643372744321823e-02 1.206240579485893250e-01
3.034668266773223877e-01 2.340648025274276733e-01 -1.033395249396562576e-02 -1.760528385639190674e-01
3.081481456756591797e-01 3.909225016832351685e-02 -1.385500933974981308e-02 1.133522316813468933e-01
3.089299798011779785e-01 2.344099581241607666e-01 -1.158796437084674835e-02 -1.836694478988647461e-01
3.136181831359863281e-01 3.945571556687355042e-02 -1.526135392487049103e-02 1.053354963660240173e-01
3.144072890281677246e-01 2.347930073738098145e-01 -1.315464358776807785e-02 -1.921229958534240723e-01
3.191031515598297119e-01 3.986169025301933289e-02 -1.699710264801979065e-02 9.638134390115737915e-02
3.199003934860229492e-01 2.352230697870254517e-01 -1.506947632879018784e-02 -2.016153186559677124e-01
3.246048390865325928e-01 4.031984880566596985e-02 -1.910178363323211670e-02 8.627606928348541260e-02
3.254112303256988525e-01 -1.545231640338897705e-01 -1.737626083195209503e-02 3.728716671466827393e-01
3.223207890987396240e-01 4.084127023816108704e-02 -9.918827563524246216e-03 7.476091384887695312e-02
3.231376111507415771e-01 2.361039966344833374e-01 -8.423609659075737000e-03 -2.210348695516586304e-01
3.278596997261047363e-01 4.110346361994743347e-02 -1.284430734813213348e-02 6.897905468940734863e-02
3.286817669868469238e-01 2.364071905612945557e-01 -1.146472617983818054e-02 -2.277284860610961914e-01
3.334099054336547852e-01 4.145093262195587158e-02 -1.601929590106010437e-02 6.131611391901969910e-02
3.342389166355133057e-01 -1.534377187490463257e-01 -1.479297317564487457e-02 3.489021062850952148e-01
3.311701714992523193e-01 4.189147427678108215e-02 -7.814931683242321014e-03 5.159140750765800476e-02
3.320080041885375977e-01 2.371246069669723511e-01 -6.783103104680776596e-03 -2.435469180345535278e-01
3.367504775524139404e-01 4.210019484162330627e-02 -1.165404170751571655e-02 4.698875546455383301e-02
3.375924825668334961e-01 -1.528527289628982544e-01 -1.071426644921302795e-02 3.359720706939697266e-01
3.345354199409484863e-01 4.242005199193954468e-02 -3.994824830442667007e-03 3.992977738380432129e-02
3.353838324546813965e-01 2.375990599393844604e-01 -3.196229459717869759e-03 -2.540108859539031982e-01
3.401358127593994141e-01 4.252289235591888428e-02 -8.276446722447872162e-03 3.766219317913055420e-02
3.409862816333770752e-01 -1.524793952703475952e-01 -7.523203268647193909e-03 3.277223706245422363e-01
3.379366993904113770e-01 4.274884238839149475e-02 -9.687558049336075783e-04 3.267648816108703613e-02
3.387916684150695801e-01 2.378846704959869385e-01 -3.152260615024715662e-04 -2.603119313716888428e-01
3.435493409633636475e-01 4.276722297072410583e-02 -5.521464627236127853e-03 3.227154910564422607e-02
3.444046974182128906e-01 2.379679232835769653e-01 -4.876033868640661240e-03 -2.621483206748962402e-01
3.491640686988830566e-01 4.291590675711631775e-02 -1.011900044977664948e-02 2.899265848100185394e-02
3.500223755836486816e-01 -1.520594805479049683e-01 -9.539146907627582550e-03 3.184658288955688477e-01
3.469811975955963135e-01 4.319702461361885071e-02 -3.169830655679106712e-03 2.278993278741836548e-02
3.478451371192932129e-01 2.383642941713333130e-01 -2.714031841605901718e-03 -2.708914279937744141e-01
3.526124060153961182e-01 4.328117147088050842e-02 -8.131860755383968353e-03 2.093425020575523376e-02
3.534780442714691162e-01 -1.517232209444046021e-01 -7.713175378739833832e-03 3.110404312610626221e-01
3.504435718059539795e-01 4.350776597857475281e-02 -1.492366776801645756e-03 1.593500748276710510e-02
3.513137400150299072e-01 2.386510819196701050e-01 -1.173666561953723431e-03 -2.772184014320373535e-01
3.560867607593536377e-01 4.354590177536010742e-02 -6.718034856021404266e-03 1.509411819279193878e-02
3.569576740264892578e-01 -1.514790654182434082e-01 -6.416152231395244598e-03 3.056498765945434570e-01
3.539280891418457031e-01 4.373372718691825867e-02 -3.031547530554234982e-04 1.095037907361984253e-02
3.548027575016021729e-01 2.388600260019302368e-01 -8.414718467975035310e-05 -2.818281948566436768e-01
3.595799505710601807e-01 4.373927414417266846e-02 -5.720710847526788712e-03 1.082820445299148560e-02
3.604547381401062012e-01 -1.513001620769500732e-01 -5.504146683961153030e-03 3.017007112503051758e-01
3.574287295341491699e-01 4.389979690313339233e-02 5.298673058860003948e-04 7.286977954208850861e-03
3.583067357540130615e-01 2.390141487121582031e-01 6.756068905815482140e-04 -2.852287292480468750e-01
3.630870282649993896e-01 4.388256371021270752e-02 -5.028967745602130890e-03 7.667209953069686890e-03
3.639646768569946289e-01 -1.511669009923934937e-01 -4.875623155385255814e-03 2.987591922283172607e-01
3.609413206577301025e-01 4.402420669794082642e-02 1.099560759030282497e-03 4.542591515928506851e-03
3.618218302726745605e-01 2.391303628683090210e-01 1.190412556752562523e-03 -2.877932190895080566e-01
3.666044175624847412e-01 4.399146139621734619e-02 -4.565451759845018387e-03 5.264926701784133911e-03
3.674842417240142822e-01 -1.510647237300872803e-01 -4.460153169929981232e-03 2.965039014816284180e-01
3.644629716873168945e-01 4.412053152918815613e-02 1.469925045967102051e-03 2.417666837573051453e-03
3.653453588485717773e-01 2.392213791608810425e-01 1.518278382718563080e-03 -2.898011207580566406e-01
3.701297938823699951e-01 4.407780244946479797e-02 -4.277743864804506302e-03 3.360270056873559952e-03
3.710113465785980225e-01 -1.509825438261032104e-01 -4.210538696497678757e-03 2.946904599666595459e-01
3.679917156696319580e-01 4.419918730854988098e-02 1.683270558714866638e-03 6.825645104981958866e-04
3.688756823539733887e-01 2.392969578504562378e-01 1.696921768598258495e-03 -2.914687991142272949e-01
3.736616373062133789e-01 4.415085166692733765e-02 -4.132454283535480499e-03 1.748836948536336422e-03
3.745446503162384033e-01 -1.509115844964981079e-01 -4.097477532923221588e-03 2.931250631809234619e-01
3.715264201164245605e-01 4.426854103803634644e-02 1.765023916959762573e-03 -8.473292691633105278e-04
3.724117875099182129e-01 2.393651306629180908e-01 1.748077338561415672e-03 -2.929728329181671143e-01
3.771990835666656494e-01 4.421830177307128906e-02 -4.111379384994506836e-03 2.608866489026695490e-04
3.780834674835205078e-01 -1.508444398641586304e-01 -4.106161650270223618e-03 2.916437983512878418e-01
3.750665783882141113e-01 4.433581233024597168e-02 1.726713962852954865e-03 -2.331333467736840248e-03
3.759532868862152100e-01 2.394329607486724854e-01 1.680087298154830933e-03 -2.944689691066741943e-01
3.807419538497924805e-01 4.428709670901298523e-02 -4.209292121231555939e-03 -1.256633433513343334e-03
3.816276788711547852e-01 -1.507742404937744141e-01 -4.234424792230129242e-03 2.900952398777008057e-01
3.786121904850006104e-01 4.440783709287643433e-02 1.567480270750820637e-03 -3.920160699635744095e-03
3.795003592967987061e-01 2.395072728395462036e-01 1.489077112637460232e-03 -2.961081266403198242e-01
3.842904865741729736e-01 4.436412826180458069e-02 -4.433085210621356964e-03 -2.955930773168802261e-03
3.851777911186218262e-01 -1.506939679384231567e-01 -4.492203705012798309e-03 2.883250117301940918e-01
3.821639120578765869e-01 4.449175298213958740e-02 1.274296431802213192e-03 -5.771319847553968430e-03
3.830537497997283936e-01 2.395954132080078125e-01 1.158870058134198189e-03 -2.980519235134124756e-01
3.878456354141235352e-01 4.445695504546165466e-02 -4.802168346941471100e-03 -5.003729835152626038e-03
3.887347877025604248e-01 -1.505957990884780884e-01 -4.902243148535490036e-03 2.861602008342742920e-01
3.857228755950927734e-01 4.459572210907936096e-02 8.209609659388661385e-04 -8.064822293817996979e-03
3.866147696971893311e-01 2.397058904170989990e-01 6.596645107492804527e-04 -3.004886209964752197e-01
3.914088904857635498e-01 4.457454383373260498e-02 -5.350107792764902115e-03 -7.597714196890592575e-03
3.923003971576690674e-01 -1.504702717065811157e-01 -5.502061918377876282e-03 2.833923995494842529e-01
3.892909884452819824e-01 4.472972080111503601e-02 1.657859393162652850e-04 -1.102075818926095963e-02
3.901855945587158203e-01 2.398492991924285889e-01 -5.462921762955375016e-05 -3.036513626575469971e-01
3.949825763702392578e-01 4.472812265157699585e-02 -6.127656903117895126e-03 -1.098567526787519455e-02
3.958771228790283203e-01 -1.503054201602935791e-01 -6.347370333969593048e-03 2.797576189041137695e-01
3.928710222244262695e-01 4.490650072693824768e-02 -7.522177766077220440e-04 -1.492047403007745743e-02
3.937691450119018555e-01 -1.502046585083007812e-01 -1.050627208314836025e-03 2.775250375270843506e-01
3.907650709152221680e-01 4.493227228522300720e-02 4.499873146414756775e-03 -1.548908464610576630e-02
3.916637003421783447e-01 2.399893999099731445e-01 4.190091509371995926e-03 -3.067488670349121094e-01
3.964634835720062256e-01 4.480799287557601929e-02 -1.944885589182376862e-03 -1.274743396788835526e-02
3.973596394062042236e-01 -1.502860188484191895e-01 -2.199834212660789490e-03 2.793212234973907471e-01
3.943539261817932129e-01 4.486725106835365295e-02 3.386590164154767990e-03 -1.405471377074718475e-02
3.952512741088867188e-01 2.399404644966125488e-01 3.105496056377887726e-03 -3.056672215461730957e-01
4.000500738620758057e-01 4.477440565824508667e-02 -3.007848281413316727e-03 -1.200650539249181747e-02
4.009455740451812744e-01 -1.503042876720428467e-01 -3.247978398576378822e-03 2.797258794307708740e-01
3.979394733905792236e-01 4.486384987831115723e-02 2.346539404243230820e-03 -1.397966593503952026e-02
3.988367617130279541e-01 2.399520725011825562e-01 2.066946122795343399e-03 -3.059213161468505859e-01
4.036357998847961426e-01 4.480072855949401855e-02 -4.051479976624250412e-03 -1.258723624050617218e-02
4.045318067073822021e-01 -1.502628922462463379e-01 -4.303224850445985794e-03 2.788146436214447021e-01
4.015265703201293945e-01 4.492018744349479675e-02 1.273068366572260857e-03 -1.522239297628402710e-02
4.024249613285064697e-01 2.400238513946533203e-01 9.686204721219837666e-04 -3.075033724308013916e-01
4.072254300117492676e-01 4.488811641931533813e-02 -5.181447137147188187e-03 -1.451513264328241348e-02
4.081231951713562012e-01 -1.501591354608535767e-01 -5.471749696880578995e-03 2.765285074710845947e-01
4.051200151443481445e-01 4.504044353961944580e-02 5.882007826585322618e-05 -1.787519082427024841e-02
4.060208201408386230e-01 2.401615530252456665e-01 -2.986837353091686964e-04 -3.105395436286926270e-01
4.108240604400634766e-01 4.504385590553283691e-02 -6.509474944323301315e-03 -1.795084215700626373e-02
4.117249548435211182e-01 -1.499841362237930298e-01 -6.868491880595684052e-03 2.726711928844451904e-01
4.087252616882324219e-01 4.523514211177825928e-02 -1.415068167261779308e-03 -2.217015251517295837e-02
4.096299707889556885e-01 -1.498664915561676025e-01 -1.858471194282174110e-03 2.700659632682800293e-01
4.066326320171356201e-01 4.528193548321723938e-02 3.542848164215683937e-03 -2.320255152881145477e-02
4.075382649898529053e-01 2.403528988361358643e-01 3.078797133639454842e-03 -3.147655725479125977e-01
4.123453199863433838e-01 4.518722742795944214e-02 -3.216514131054282188e-03 -2.111328020691871643e-02
4.132490754127502441e-01 -1.498884558677673340e-01 -3.638779744505882263e-03 2.705530524253845215e-01
4.102512896060943604e-01 4.528523981571197510e-02 1.772281480953097343e-03 -2.327532507479190826e-02
4.111570119857788086e-01 2.403817325830459595e-01 1.306775026023387909e-03 -3.153985440731048584e-01
4.159646332263946533e-01 4.524118825793266296e-02 -5.001196172088384628e-03 -2.230379730463027954e-02
4.168694615364074707e-01 -1.498086899518966675e-01 -5.447271745651960373e-03 2.687970101833343506e-01
4.138732850551605225e-01 4.539057984948158264e-02 -7.133180042728781700e-05 -2.559903264045715332e-02
4.147810935974121094e-01 2.405135482549667358e-01 -5.833124741911888123e-04 -3.183044791221618652e-01
4.195913672447204590e-01 4.539991542696952820e-02 -6.949401926249265671e-03 -2.580555155873298645e-02
4.204993844032287598e-01 -1.496216952800750732e-01 -7.465512957423925400e-03 2.646766901016235352e-01
4.175069332122802734e-01 4.560601711273193359e-02 -2.171979052945971489e-03 -3.035155497491359711e-02
4.184190630912780762e-01 -1.494847238063812256e-01 -2.779010217636823654e-03 2.616452872753143311e-01
4.154293537139892578e-01 4.567679017782211304e-02 2.453895751386880875e-03 -3.191286697983741760e-02
4.163429141044616699e-01 2.407634705305099487e-01 1.815638388507068157e-03 -3.238205611705780029e-01
4.211581647396087646e-01 4.561570659279823303e-02 -4.660772625356912613e-03 -3.056560270488262177e-02
4.220704734325408936e-01 -1.494390964508056641e-01 -5.272084847092628479e-03 2.606431543827056885e-01
4.190816879272460938e-01 4.575771465897560120e-02 -5.922138007008470595e-05 -3.369797021150588989e-02
4.199968576431274414e-01 -1.493633836507797241e-01 -7.331807864829897881e-04 2.589662671089172363e-01
4.170095920562744141e-01 4.576902464032173157e-02 4.446144681423902512e-03 -3.394782170653343201e-02
4.179249703884124756e-01 2.408269345760345459e-01 3.767188172787427902e-03 -3.252246379852294922e-01
4.227415025234222412e-01 4.565154761075973511e-02 -2.737304661422967911e-03 -3.135608136653900146e-02
4.236545264720916748e-01 -1.494310349225997925e-01 -3.364426083862781525e-03 2.604619264602661133e-01
4.206659197807312012e-01 4.573877528309822083e-02 1.844812650233507156e-03 -3.328026831150054932e-02
4.215807020664215088e-01 2.408342212438583374e-01 1.179207232780754566e-03 -3.253805637359619141e-01
4.263973832130432129e-01 4.569550231099128723e-02 -5.328404251486063004e-03 -3.232600167393684387e-02
4.273113012313842773e-01 -1.493496298789978027e-01 -5.974924191832542419e-03 2.586710155010223389e-01
4.243243038654327393e-01 4.585710540413856506e-02 -8.015039493329823017e-04 -3.589049354195594788e-02
4.252414405345916748e-01 -1.492533385753631592e-01 -1.519313780590891838e-03 2.565394341945648193e-01
4.222563803195953369e-01 4.589026793837547302e-02 3.611474996432662010e-03 -3.662231191992759705e-02
4.231741726398468018e-01 2.409602403640747070e-01 2.879028907045722008e-03 -3.281635940074920654e-01
4.279933869838714600e-01 4.579742252826690674e-02 -3.684243187308311462e-03 -3.457414731383323669e-02
4.289093315601348877e-01 -1.492715030908584595e-01 -4.375725984573364258e-03 2.569440901279449463e-01
4.259239137172698975e-01 4.591264948248863220e-02 7.631557527929544449e-04 -3.711578994989395142e-02
4.268421530723571777e-01 2.410236448049545288e-01 2.083995786961168051e-05 -3.295578360557556152e-01
4.316626191139221191e-01 4.590139910578727722e-02 -6.570316851139068604e-03 -3.686833754181861877e-02
4.325806498527526855e-01 -1.491257250308990479e-01 -7.307683583348989487e-03 2.537343800067901611e-01
4.295981526374816895e-01 4.609980806708335876e-02 -2.232996281236410141e-03 -4.124454781413078308e-02
4.305201470851898193e-01 -1.489900499582290649e-01 -3.057887079194188118e-03 2.507330179214477539e-01
4.275403320789337158e-01 4.617543518543243408e-02 1.956772990524768829e-03 -4.291286319494247437e-02
4.284638464450836182e-01 -1.489745229482650757e-01 1.098515815101563931e-03 2.503868043422698975e-01
4.254843592643737793e-01 4.613172635436058044e-02 6.106251850724220276e-03 -4.194942861795425415e-02
4.264069795608520508e-01 2.411655783653259277e-01 5.267263390123844147e-03 -3.326995372772216797e-01
4.312303066253662109e-01 4.596906155347824097e-02 -1.386727439239621162e-03 -3.836024180054664612e-02
4.321496784687042236e-01 -1.491329818964004517e-01 -2.153932349756360054e-03 2.538848221302032471e-01
4.291670322418212891e-01 4.601966217160224915e-02 2.923764288425445557e-03 -3.947670012712478638e-02
4.300874173641204834e-01 2.410995662212371826e-01 2.134230453521013260e-03 -3.312357068061828613e-01
4.349094033241271973e-01 4.594729840755462646e-02 -4.490484017878770828e-03 -3.788052499294281006e-02
4.358283579349517822e-01 -1.491099745035171509e-01 -5.248094443231821060e-03 2.533822357654571533e-01
4.328461587429046631e-01 4.608651995658874512e-02 -1.804498460842296481e-04 -4.095140472054481506e-02
4.337678849697113037e-01 -1.490328460931777954e-01 -9.994779247790575027e-04 2.516745924949645996e-01
4.307872354984283447e-01 4.610336571931838989e-02 4.034013487398624420e-03 -4.132343456149101257e-02
4.317092895507812500e-01 2.411672472953796387e-01 3.207545028999447823e-03 -3.327308595180511475e-01
4.365326464176177979e-01 4.599978029727935791e-02 -3.447072347626090050e-03 -3.903816640377044678e-02
4.374526441097259521e-01 -1.490725725889205933e-01 -4.227835685014724731e-03 2.525551915168762207e-01
4.344711899757385254e-01 4.610949754714965820e-02 8.232680847868323326e-04 -4.145827516913414001e-02
4.353933632373809814e-01 2.412196248769760132e-01 -5.897454684600234032e-06 -3.338813483715057373e-01
4.402177631855010986e-01 4.609776660799980164e-02 -6.683524232357740402e-03 -4.120027273893356323e-02
4.411397278308868408e-01 -1.489277184009552002e-01 -7.507529575377702713e-03 2.493664622306823730e-01
4.381611645221710205e-01 4.630064591765403748e-02 -2.520200330764055252e-03 -4.567500948905944824e-02
4.390871822834014893e-01 -1.487850844860076904e-01 -3.433700650930404663e-03 2.462117075920104980e-01
4.361114799976348877e-01 4.638574644923210144e-02 1.490533584728837013e-03 -4.755230620503425598e-02
4.370391964912414551e-01 -1.487575471401214600e-01 5.394874024204909801e-04 2.456005215644836426e-01
4.340640306472778320e-01 4.635669291019439697e-02 5.451497621834278107e-03 -4.691218957304954529e-02
4.349911808967590332e-01 2.414000481367111206e-01 4.513253923505544662e-03 -3.378701508045196533e-01
4.398191869258880615e-01 4.621417075395584106e-02 -2.244148869067430496e-03 -4.376741126179695129e-02
4.407434463500976562e-01 -1.488755345344543457e-01 -3.119497094303369522e-03 2.482066303491592407e-01
4.377659559249877930e-01 4.629083350300788879e-02 1.844635466113686562e-03 -4.545862600207328796e-02
4.386917650699615479e-01 2.413862794637680054e-01 9.354628855362534523e-04 -3.375589847564697266e-01
4.435195028781890869e-01 4.625103250145912170e-02 -5.815716926008462906e-03 -4.458120837807655334e-02
4.444445073604583740e-01 -1.487870365381240845e-01 -6.707340944558382034e-03 2.462611496448516846e-01
4.414687752723693848e-01 4.643005877733230591e-02 -1.782118109986186028e-03 -4.852986335754394531e-02
4.423973858356475830e-01 -1.486662924289703369e-01 -2.752715256065130234e-03 2.435902506113052368e-01
4.394240379333496094e-01 4.649486765265464783e-02 2.119089709594845772e-03 -4.995967447757720947e-02
4.403539299964904785e-01 2.415863722562789917e-01 1.119896303862333298e-03 -3.419732451438903809e-01
4.451856613159179688e-01 4.644850268959999084e-02 -5.719569046050310135e-03 -4.893739148974418640e-02
4.461146295070648193e-01 -1.485909670591354370e-01 -6.698316894471645355e-03 2.419354915618896484e-01
4.431428313255310059e-01 4.662602022290229797e-02 -1.859606942161917686e-03 -5.285271629691123962e-02
4.440753459930419922e-01 -1.484692245721817017e-01 -2.916661323979496956e-03 2.392429113388061523e-01
4.411059617996215820e-01 4.669427871704101562e-02 1.868196879513561726e-03 -5.435858666896820068e-02
4.420398473739624023e-01 -1.484544128179550171e-01 7.810251554474234581e-04 2.389131784439086914e-01
4.390707612037658691e-01 4.665637388825416565e-02 5.559288896620273590e-03 -5.352328345179557800e-02
4.400038719177246094e-01 2.416981756687164307e-01 4.488823004066944122e-03 -3.444470465183258057e-01
4.448378384113311768e-01 4.651265591382980347e-02 -2.400117460638284683e-03 -5.035199597477912903e-02
4.457680881023406982e-01 -1.485747992992401123e-01 -3.407157491892576218e-03 2.415727078914642334e-01
4.427966177463531494e-01 4.659565538167953491e-02 1.424296642653644085e-03 -5.218297988176345825e-02
4.437285065650939941e-01 -1.485466957092285156e-01 3.806370659731328487e-04 2.409489899873733521e-01
4.407575726509094238e-01 4.656982421875000000e-02 5.199616774916648865e-03 -5.161385610699653625e-02
4.416889846324920654e-01 2.416168302297592163e-01 4.167339764535427094e-03 -3.426517248153686523e-01
4.465213119983673096e-01 4.643584042787551880e-02 -2.685694955289363861e-03 -4.865759611129760742e-02
4.474500417709350586e-01 -1.486475020647048950e-01 -3.658846952021121979e-03 2.431767582893371582e-01
4.444770812988281250e-01 4.652652516961097717e-02 1.204688334837555885e-03 -5.065800994634628296e-02
4.454075992107391357e-01 -1.486126780509948730e-01 1.915281318360939622e-04 2.424047589302062988e-01
4.424353539943695068e-01 4.650653526186943054e-02 5.039623472839593887e-03 -5.021774396300315857e-02
4.433654844760894775e-01 2.415558695793151855e-01 4.035268444567918777e-03 -3.413063883781433105e-01
4.481966197490692139e-01 4.637673124670982361e-02 -2.790858969092369080e-03 -4.735369607806205750e-02
4.491241276264190674e-01 -1.487050950527191162e-01 -3.737933002412319183e-03 2.444473803043365479e-01
4.461500346660614014e-01 4.647004976868629456e-02 1.151014701463282108e-03 -4.941223189234733582e-02
4.470794498920440674e-01 2.415754795074462891e-01 1.627700548851862550e-04 -3.417317867279052734e-01
4.519109427928924561e-01 4.645121097564697266e-02 -6.671865470707416534e-03 -4.899753257632255554e-02
4.528399705886840820e-01 -1.485744416713714600e-01 -7.651816122233867645e-03 2.415729165077209473e-01
4.498685002326965332e-01 4.665597528219223022e-02 -2.820357913151383400e-03 -5.351373925805091858e-02
4.508016109466552734e-01 -1.484254300594329834e-01 -3.890632651746273041e-03 2.382780164480209351e-01
4.478330910205841064e-01 4.675189405679702759e-02 8.749275584705173969e-04 -5.562959238886833191e-02
4.487681388854980469e-01 -1.483825892210006714e-01 -2.376642951276153326e-04 2.373292446136474609e-01
4.458004832267761230e-01 4.674275591969490051e-02 4.508920945227146149e-03 -5.542863160371780396e-02
4.467353522777557373e-01 2.417997717857360840e-01 3.400348126888275146e-03 -3.466855585575103760e-01
4.515713453292846680e-01 4.662961140275001526e-02 -3.533363109454512596e-03 -5.293231830000877380e-02
4.525039196014404297e-01 -1.484414935111999512e-01 -4.592009354382753372e-03 2.386337071657180786e-01
4.495351016521453857e-01 4.674575105309486389e-02 1.806648651836439967e-04 -5.549412220716476440e-02
4.504700005054473877e-01 -1.483787894248962402e-01 -9.292175527662038803e-04 2.372457981109619141e-01
4.475024342536926270e-01 4.675642400979995728e-02 3.815698437392711639e-03 -5.573008581995964050e-02
4.484375715255737305e-01 2.418234646320343018e-01 2.701096702367067337e-03 -3.472066819667816162e-01
4.532740414142608643e-01 4.666319116950035095e-02 -4.243037197738885880e-03 -5.367323756217956543e-02
4.542073011398315430e-01 -1.483976691961288452e-01 -5.316501948982477188e-03 2.376679629087448120e-01
4.512393474578857422e-01 4.679983481764793396e-02 -5.631425301544368267e-04 -5.668719112873077393e-02
4.521753489971160889e-01 -1.483140438795089722e-01 -1.696886378340423107e-03 2.358180135488510132e-01
4.492090642452239990e-01 4.683211818337440491e-02 3.019473748281598091e-03 -5.739968642592430115e-02
4.501456916332244873e-01 2.419106513261795044e-01 1.871480024419724941e-03 -3.491284251213073730e-01
4.549839198589324951e-01 4.676212742924690247e-02 -5.111088510602712631e-03 -5.585594102740287781e-02
4.559191465377807617e-01 -1.482861638069152832e-01 -6.228207144886255264e-03 2.352100312709808350e-01
4.529534280300140381e-01 4.692421108484268188e-02 -1.524006715044379234e-03 -5.943094566464424133e-02
4.538919329643249512e-01 -1.481758505105972290e-01 -2.712625544518232346e-03 2.327707558870315552e-01
4.509283900260925293e-01 4.698475077748298645e-02 1.942789531312882900e-03 -6.076658517122268677e-02
4.518680870532989502e-01 -1.481650024652481079e-01 7.274578092619776726e-04 2.325286716222763062e-01
4.489047825336456299e-01 4.694654792547225952e-02 5.378031171858310699e-03 -5.992470309138298035e-02
4.498437345027923584e-01 2.419909834861755371e-01 4.179537296295166016e-03 -3.509059846401214600e-01
4.546835422515869141e-01 4.680983722209930420e-02 -2.838582498952746391e-03 -5.690805241465568542e-02
4.556197524070739746e-01 -1.482712924480438232e-01 -3.976743668317794800e-03 2.348779290914535522e-01
4.526543319225311279e-01 4.690724611282348633e-02 7.208151509985327721e-04 -5.905672535300254822e-02
4.535924494266510010e-01 -1.482250392436981201e-01 -4.603193956427276134e-04 2.338535338640213013e-01
4.506279528141021729e-01 4.690349102020263672e-02 4.216751083731651306e-03 -5.897455662488937378e-02
4.515660405158996582e-01 2.419647276401519775e-01 3.037260146811604500e-03 -3.503240942955017090e-01
4.564053118228912354e-01 4.679971560835838318e-02 -3.969221841543912888e-03 -5.668496713042259216e-02
4.573413133621215820e-01 -1.482650935649871826e-01 -5.102920811623334885e-03 2.347429990768432617e-01
4.543760120868682861e-01 4.692938551306724548e-02 -4.080608778167515993e-04 -5.954516679048538208e-02
4.553146064281463623e-01 -1.481867134571075439e-01 -1.598964212462306023e-03 2.330089807510375977e-01
4.523508846759796143e-01 4.695805162191390991e-02 3.061215393245220184e-03 -6.017787754535675049e-02
4.532900452613830566e-01 2.420359700918197632e-01 1.857657916843891144e-03 -3.518933951854705811e-01
4.581307470798492432e-01 4.688765853643417358e-02 -5.180209875106811523e-03 -5.862527713179588318e-02
4.590685069561004639e-01 -1.481596380472183228e-01 -6.352715659886598587e-03 2.324187606573104858e-01
4.561053216457366943e-01 4.705250635743141174e-02 -1.704340334981679916e-03 -6.226122751832008362e-02
4.570463597774505615e-01 -1.480449736118316650e-01 -2.949564950540661812e-03 2.298834770917892456e-01
4.540854692459106445e-01 4.711901023983955383e-02 1.648104749619960785e-03 -6.372837722301483154e-02
4.550278484821319580e-01 -1.480265259742736816e-01 3.735371865332126617e-04 2.294740825891494751e-01
4.520673155784606934e-01 4.709007963538169861e-02 4.963018931448459625e-03 -6.309099495410919189e-02
4.530091285705566406e-01 2.421405166387557983e-01 3.701198846101760864e-03 -3.542039394378662109e-01
4.578519165515899658e-01 4.696613922715187073e-02 -3.382880007848143578e-03 -6.035621836781501770e-02
4.587912559509277344e-01 -1.481071412563323975e-01 -4.590004216879606247e-03 2.312574684619903564e-01
4.558291137218475342e-01 4.708009213209152222e-02 3.514504714985378087e-05 -6.286975741386413574e-02
4.567707180976867676e-01 -1.480423659086227417e-01 -1.222250168211758137e-03 2.298242598772048950e-01
4.538098573684692383e-01 4.709703102707862854e-02 3.374235006049275398e-03 -6.324396282434463501e-02
4.547517895698547363e-01 2.421704381704330444e-01 2.109355758875608444e-03 -3.548603951930999756e-01
4.595952033996582031e-01 4.701856151223182678e-02 -4.987852182239294052e-03 -6.151307001709938049e-02
4.605355858802795410e-01 -1.480315178632736206e-01 -6.218113470822572708e-03 2.295919954776763916e-01
4.575749635696411133e-01 4.717873409390449524e-02 -1.626273500733077526e-03 -6.504584103822708130e-02
4.585185348987579346e-01 -1.479198634624481201e-01 -2.927190391346812248e-03 2.271235436201095581e-01
4.555601179599761963e-01 4.724380001425743103e-02 1.615280518308281898e-03 -6.648128479719161987e-02
4.565050005912780762e-01 -1.479012668132781982e-01 2.856547944247722626e-04 2.267108261585235596e-01
4.535469710826873779e-01 4.721659421920776367e-02 4.819871392101049423e-03 -6.588197499513626099e-02
4.544913172721862793e-01 2.422691136598587036e-01 3.502232022583484650e-03 -3.570403158664703369e-01
4.593366980552673340e-01 4.709754511713981628e-02 -3.638574387878179550e-03 -6.325510889291763306e-02
4.602786302566528320e-01 -1.479720473289489746e-01 -4.903676453977823257e-03 2.282776087522506714e-01
4.573192000389099121e-01 4.721963405609130859e-02 -3.381242859177291393e-04 -6.594806909561157227e-02
4.582636058330535889e-01 -1.478974670171737671e-01 -1.657085726037621498e-03 2.266281545162200928e-01
4.553056359291076660e-01 4.724812507629394531e-02 2.875477541238069534e-03 -6.657701730728149414e-02
4.562506079673767090e-01 -1.479149311780929565e-01 1.543937250971794128e-03 2.270117551088333130e-01
4.532923102378845215e-01 4.718491807579994202e-02 6.084172055125236511e-03 -6.518375873565673828e-02
4.542360007762908936e-01 2.422191053628921509e-01 4.780496936291456223e-03 -3.559409081935882568e-01
4.590803980827331543e-01 4.702952131628990173e-02 -2.338320948183536530e-03 -6.175439804792404175e-02
4.600209891796112061e-01 -1.480588316917419434e-01 -3.573408816009759903e-03 2.301898598670959473e-01
4.570598006248474121e-01 4.711400344967842102e-02 1.030388288199901581e-03 -6.361810117959976196e-02
4.580020904541015625e-01 -1.480227112770080566e-01 -2.419737138552591205e-04 2.293897420167922974e-01
4.550416171550750732e-01 4.710270464420318604e-02 4.345821216702461243e-03 -6.336950510740280151e-02
4.559836685657501221e-01 2.421620786190032959e-01 3.078431123867630959e-03 -3.546781241893768311e-01
4.608269333839416504e-01 4.699649289250373840e-02 -4.015131387859582901e-03 -6.102608144283294678e-02
4.617668688297271729e-01 -1.480676680803298950e-01 -5.235653370618820190e-03 2.303873449563980103e-01
4.588055014610290527e-01 4.712871089577674866e-02 -6.279062945395708084e-04 -6.394247710704803467e-02
4.597480893135070801e-01 -1.479842364788055420e-01 -1.906755845993757248e-03 2.285422682762145996e-01
4.567883908748626709e-01 4.716491699218750000e-02 2.664089668542146683e-03 -6.474149972200393677e-02
4.577316939830780029e-01 -1.479951292276382446e-01 1.369259553030133247e-03 2.287807762622833252e-01
