3.090019524097442627e-02 -9.729319252073764801e-03 -4.240378737449645996e-02 1.904394291341304779e-02
3.070560842752456665e-02 -2.042183130979537964e-01 -4.202290996909141541e-02 2.980522215366363525e-01
2.662124298512935638e-02 -3.987168371677398682e-01 -3.606186434626579285e-02 5.771912932395935059e-01
1.864690706133842468e-02 -2.031084597110748291e-01 -2.451803907752037048e-02 2.733696401119232178e-01
1.458473689854145050e-02 -3.978721499443054199e-01 -1.905064657330513000e-02 5.582197904586791992e-01
6.627293769270181656e-03 -2.024880349636077881e-01 -7.886250503361225128e-03 2.595962584018707275e-01
2.577533246949315071e-03 -7.254393305629491806e-03 -2.694325987249612808e-03 -3.556364029645919800e-02
2.432445297017693520e-03 -2.023376077413558960e-01 -3.405598690733313560e-03 2.562679946422576904e-01
-1.614306704141199589e-03 -7.167195435613393784e-03 1.719760824926197529e-03 -3.748717531561851501e-02
-1.757650636136531830e-03 -2.023137658834457397e-01 9.700173395685851574e-04 2.557378709316253662e-01
-5.803925916552543640e-03 -7.205677684396505356e-03 6.084774620831012726e-03 -3.663895279169082642e-02
-5.948039703071117401e-03 -2.024143487215042114e-01 5.351995583623647690e-03 2.579575479030609131e-01
-9.996326640248298645e-03 -7.369218859821557999e-03 1.051114685833454132e-02 -3.303248062729835510e-02
-1.014371123164892197e-02 -2.026403099298477173e-01 9.850497357547283173e-03 2.629482150077819824e-01
-1.419651694595813751e-02 -7.660344243049621582e-03 1.510946080088615417e-02 -2.661156468093395233e-02
-1.434972416609525681e-02 1.872417032718658447e-01 1.457722950726747513e-02 -3.144892454147338867e-01
-1.060489006340503693e-02 -8.084834553301334381e-03 8.287444710731506348e-03 -1.724502071738243103e-02
-1.076658722013235092e-02 -2.033246457576751709e-01 7.942544296383857727e-03 2.780411243438720703e-01
-1.483307965099811554e-02 -8.316903375089168549e-03 1.350336708128452301e-02 -1.212618406862020493e-02
-1.499941758811473846e-02 1.866088211536407471e-01 1.326084323227405548e-02 -3.005182445049285889e-01
-1.126724202185869217e-02 -8.699612691998481750e-03 7.250478491187095642e-03 -3.682778449729084969e-03
-1.144123356789350510e-02 -2.039247900247573853e-01 7.176822982728481293e-03 2.912789285182952881e-01
-1.551972981542348862e-02 -8.905904367566108704e-03 1.300240121781826019e-02 8.680847822688519955e-04
-1.569784805178642273e-02 1.860271841287612915e-01 1.301976293325424194e-02 -2.876842319965362549e-01
-1.197730377316474915e-02 -9.277995675802230835e-03 7.266078144311904907e-03 9.076409041881561279e-03
-1.216286420822143555e-02 -2.045033872127532959e-01 7.447606418281793594e-03 3.040429949760437012e-01
-1.625293120741844177e-02 -9.488368406891822815e-03 1.352846622467041016e-02 1.371813565492630005e-02
-1.644269935786724091e-02 1.854369789361953735e-01 1.380282919853925705e-02 -2.746658921241760254e-01
-1.273395959287881851e-02 -9.879159741103649139e-03 8.309511467814445496e-03 2.233832143247127533e-02
-1.293154247105121613e-02 1.851226389408111572e-01 8.756277151405811310e-03 -2.677113115787506104e-01
-9.229090064764022827e-03 -1.012316998094320297e-02 3.402051050215959549e-03 2.772048674523830414e-02
-9.431553073227405548e-03 -2.052937448024749756e-01 3.956460859626531601e-03 3.214748501777648926e-01
-1.353742834180593491e-02 -1.022835727781057358e-02 1.038595754653215408e-02 3.004226274788379669e-02
-1.374199520796537399e-02 1.847431212663650513e-01 1.098680309951305389e-02 -2.593457698822021484e-01
-1.004713308066129684e-02 -1.053393445909023285e-02 5.799887701869010925e-03 3.678219392895698547e-02
-1.025781128555536270e-02 1.845043599605560303e-01 6.535531487315893173e-03 -2.540651857852935791e-01
-6.567724049091339111e-03 -1.071028877049684525e-02 1.454227953217923641e-03 4.067198187112808228e-02
-6.781930103898048401e-03 -2.058530598878860474e-01 2.267667558044195175e-03 3.338133692741394043e-01
-1.089899148792028427e-02 -1.076346077024936676e-02 8.943934924900531769e-03 4.184642061591148376e-02
-1.111426018178462982e-02 1.842291057109832764e-01 9.780863299965858459e-03 -2.480012476444244385e-01
-7.429678458720445633e-03 -1.103115826845169067e-02 4.820838570594787598e-03 4.775066673755645752e-02
-7.650301791727542877e-03 1.840213388204574585e-01 5.775852128863334656e-03 -2.434073537588119507e-01
-3.969874698668718338e-03 -1.118263788521289825e-02 9.077049326151609421e-04 5.109181255102157593e-02
-4.193527624011039734e-03 1.839262843132019043e-01 1.929541118443012238e-03 -2.413045912981033325e-01
-5.150018841959536076e-04 -1.122317463159561157e-02 -2.896550577133893967e-03 5.198634415864944458e-02
-7.394654094241559505e-04 -2.063034772872924805e-01 -1.856823684647679329e-03 3.437539935111999512e-01
-4.865535069257020950e-03 -1.115515548735857010e-02 5.018255673348903656e-03 5.048610270023345947e-02
-5.088638048619031906e-03 1.838944852352142334e-01 6.027977913618087769e-03 -2.406093031167984009e-01
-1.410748343914747238e-03 -1.131305936723947525e-02 1.215791795402765274e-03 5.396889522671699524e-02
-1.637009554542601109e-03 1.837914437055587769e-01 2.295169746503233910e-03 -2.383301854133605957e-01
2.038819249719381332e-03 -1.136322692036628723e-02 -2.471434185281395912e-03 5.507581308484077454e-02
1.811554655432701111e-03 -2.064496576786041260e-01 -1.369917881675064564e-03 3.469779491424560547e-01
-2.317438367754220963e-03 -1.130824442952871323e-02 5.569641478359699249e-03 5.386336520314216614e-02
-2.543603302910923958e-03 1.837334036827087402e-01 6.646908819675445557e-03 -2.370571047067642212e-01
1.131064840592443943e-03 -1.148287393152713776e-02 1.905766665004193783e-03 5.771502107381820679e-02
9.014073293656110764e-04 1.836117058992385864e-01 3.060067072510719299e-03 -2.343660145998001099e-01
4.573641344904899597e-03 -1.155383884906768799e-02 -1.627253135666251183e-03 5.928058549761772156e-02
4.342564381659030914e-03 -2.066524177789688110e-01 -4.416414885781705379e-04 3.514496684074401855e-01
2.095161180477589369e-04 -1.152419205754995346e-02 6.587351672351360321e-03 5.862750113010406494e-02
-2.096772004733793437e-05 1.835026890039443970e-01 7.759901694953441620e-03 -2.319698184728622437e-01
3.649086225777864456e-03 -1.172927487641572952e-02 3.120505483821034431e-03 6.315071135759353638e-02
3.414500737562775612e-03 1.833477914333343506e-01 4.383519757539033890e-03 -2.285460531711578369e-01
7.081456482410430908e-03 -1.183652132749557495e-02 -1.874013541964814067e-04 6.551636755466461182e-02
6.844725925475358963e-03 -2.069557905197143555e-01 1.122926012612879276e-03 3.581401705741882324e-01
2.705610357224941254e-03 -1.184981595724821091e-02 8.285729214549064636e-03 6.581153720617294312e-02
2.468614140525460243e-03 1.831523627042770386e-01 9.601959958672523499e-03 -2.242457270622253418e-01
6.131661590188741684e-03 -1.210549380630254745e-02 5.117045715451240540e-03 7.145050168037414551e-02
5.889551714062690735e-03 1.829427182674407959e-01 6.546055432409048080e-03 -2.196135967969894409e-01
9.548406116664409637e-03 -1.227218471467494965e-02 2.153783803805708885e-03 7.512702047824859619e-02
9.302962571382522583e-03 1.828188300132751465e-01 3.656324231997132301e-03 -2.168755978345870972e-01
1.295933872461318970e-02 -1.235520467162132263e-02 -6.811877829022705555e-04 7.695844769477844238e-02
1.271223463118076324e-02 -2.074673771858215332e-01 8.579810964874923229e-04 3.694263696670532227e-01
8.562887087464332581e-03 -1.235763356089591980e-02 8.246508426964282990e-03 7.701410353183746338e-02
8.315734565258026123e-03 1.826451271772384644e-01 9.786791168153285980e-03 -2.130556553602218628e-01
1.196863688528537750e-02 -1.261536404490470886e-02 5.525677464902400970e-03 8.269833773374557495e-02
1.171632949262857437e-02 1.824269443750381470e-01 7.179644424468278885e-03 -2.082361131906509399e-01
1.536486856639385223e-02 -1.279693096876144409e-02 3.014922142028808594e-03 8.670294284820556641e-02
1.510892994701862335e-02 1.822816729545593262e-01 4.748980980366468430e-03 -2.050272524356842041e-01
1.875456422567367554e-02 -1.290786638855934143e-02 6.484359037131071091e-04 8.914995938539505005e-02
1.849640533328056335e-02 1.822047829627990723e-01 2.431435044854879379e-03 -2.033283114433288574e-01
2.214050106704235077e-02 -1.295185461640357971e-02 -1.635131309740245342e-03 9.012061357498168945e-02
2.188146486878395081e-02 -2.080503255128860474e-01 1.672809885349124670e-04 3.822872042655944824e-01
1.772045902907848358e-02 -1.293075457215309143e-02 7.813025265932083130e-03 8.965703099966049194e-02
1.746184378862380981e-02 1.820783466100692749e-01 9.606165811419487000e-03 -2.005506753921508789e-01
2.110341005027294159e-02 -1.317967288196086884e-02 5.595152266323566437e-03 9.514699876308441162e-02
2.083981595933437347e-02 1.818616390228271484e-01 7.498092018067836761e-03 -1.957654207944869995e-01
2.447704970836639404e-02 -1.336675696074962616e-02 3.582783741876482964e-03 9.927335381507873535e-02
2.420971356332302094e-02 1.817036569118499756e-01 5.568251013755798340e-03 -1.922770589590072632e-01
2.784378826618194580e-02 -1.349749974906444550e-02 1.722709625028073788e-03 1.021572053432464600e-01
2.757383696734905243e-02 1.815997213125228882e-01 3.765853587538003922e-03 -1.899817138910293579e-01
3.120583109557628632e-02 -1.357590220868587494e-02 -3.378067049197852612e-05 1.038867980241775513e-01
3.093431331217288971e-02 1.815465390682220459e-01 2.043955260887742043e-03 -1.888067871332168579e-01
3.456524387001991272e-02 -1.360460091382265091e-02 -1.732180360704660416e-03 1.045202240347862244e-01
3.429315239191055298e-02 -2.087016850709915161e-01 3.582242061384022236e-04 3.966561555862426758e-01
3.011911921203136444e-02 -1.358481869101524353e-02 8.291346952319145203e-03 1.040861904621124268e-01
2.984742261469364166e-02 1.814173310995101929e-01 1.037307083606719971e-02 -1.859693527221679688e-01
3.347576782107353210e-02 -1.385148335248231888e-02 6.653684191405773163e-03 1.099677383899688721e-01
3.319874033331871033e-02 1.811744868755340576e-01 8.853038772940635681e-03 -1.806085854768753052e-01
3.682222962379455566e-02 -1.407301519066095352e-02 5.240867380052804947e-03 1.148539632558822632e-01
3.654076904058456421e-02 1.809734553098678589e-01 7.537946570664644241e-03 -1.761709153652191162e-01
4.016023874282836914e-02 -1.425556093454360962e-02 4.014528356492519379e-03 1.188804283738136292e-01
3.987512737512588501e-02 1.808086484670639038e-01 6.392136681824922562e-03 -1.725332587957382202e-01
4.349130019545555115e-02 -1.440421026200056076e-02 2.941471757367253304e-03 1.221593171358108521e-01
4.320321604609489441e-02 1.806754767894744873e-01 5.384657997637987137e-03 -1.695941537618637085e-01
4.681672528386116028e-02 -1.452313270419836044e-02 1.992775127291679382e-03 1.247825995087623596e-01
4.652626067399978638e-02 1.805702149868011475e-01 4.488427191972732544e-03 -1.672709584236145020e-01
5.013766512274742126e-02 -1.461569778621196747e-02 1.143007772043347359e-03 1.268245428800582886e-01
4.984535276889801025e-02 1.804898530244827271e-01 3.679498564451932907e-03 -1.654975563287734985e-01
5.345514789223670959e-02 -1.468456815928220749e-02 3.695474879350513220e-04 1.283438801765441895e-01
5.316145718097686768e-02 -2.098118066787719727e-01 2.936424920335412025e-03 4.211433529853820801e-01
4.896522313356399536e-02 -1.473158784210681915e-02 1.135929208248853683e-02 1.293876022100448608e-01
4.867058992385864258e-02 1.802258193492889404e-01 1.394704449921846390e-02 -1.596900820732116699e-01
5.227510631084442139e-02 -1.509300619363784790e-02 1.075324323028326035e-02 1.373599618673324585e-01
5.197324603796005249e-02 1.798732876777648926e-01 1.350044179707765579e-02 -1.519111841917037964e-01
5.557071045041084290e-02 -1.543934736400842667e-02 1.046221796423196793e-02 1.450000852346420288e-01
5.526192486286163330e-02 1.795312315225601196e-01 1.336221955716609955e-02 -1.443639397621154785e-01
5.885254964232444763e-02 -1.577951386570930481e-02 1.047494076192378998e-02 1.525043994188308716e-01
5.853695794939994812e-02 1.791908890008926392e-01 1.352502871304750443e-02 -1.368556022644042969e-01
6.212077662348747253e-02 -1.612213999032974243e-02 1.078791730105876923e-02 1.600634008646011353e-01
6.179833412170410156e-02 1.788437217473983765e-01 1.398918498307466507e-02 -1.291967928409576416e-01
6.537520885467529297e-02 -1.647580787539482117e-02 1.140524912625551224e-02 1.678665280342102051e-01
6.504569202661514282e-02 1.784810423851013184e-01 1.476257946342229843e-02 -1.211966723203659058e-01
6.861531734466552734e-02 -1.684926450252532959e-02 1.233864668756723404e-02 1.761069148778915405e-01
6.827832758426666260e-02 1.780939549207687378e-01 1.586078479886054993e-02 -1.126581877470016479e-01
7.184020429849624634e-02 -1.725163497030735016e-02 1.360762119293212891e-02 1.849862188100814819e-01
7.149517536163330078e-02 1.776729971170425415e-01 1.730734482407569885e-02 -1.033731475472450256e-01
7.504863291978836060e-02 -1.769265159964561462e-02 1.523988228291273117e-02 1.947195380926132202e-01
7.469478249549865723e-02 1.772080212831497192e-01 1.913427375257015228e-02 -9.311717003583908081e-02
7.823894172906875610e-02 -1.818287931382656097e-02 1.727193035185337067e-02 2.055406719446182251e-01
7.787528634071350098e-02 1.766878813505172729e-01 2.138274349272251129e-02 -8.164416998624801636e-02
8.140904456377029419e-02 -1.873396709561347961e-02 1.974985934793949127e-02 2.177076339721679688e-01
8.103436231613159180e-02 1.761001646518707275e-01 2.410401217639446259e-02 -6.868049502372741699e-02
8.455636352300643921e-02 -1.935891620814800262e-02 2.273040264844894409e-02 2.315088510513305664e-01
8.416918665170669556e-02 1.754309833049774170e-01 2.736057899892330170e-02 -5.391835421323776245e-02
8.767780661582946777e-02 3.701501488685607910e-01 2.628221176564693451e-02 -3.378447890281677246e-01
9.508080780506134033e-02 1.746642589569091797e-01 1.952531561255455017e-02 -3.699112683534622192e-02
9.857409447431564331e-02 3.695008456707000732e-01 1.878549344837665558e-02 -3.234502375125885010e-01
1.059641093015670776e-01 1.741165071725845337e-01 1.231648959219455719e-02 -2.490282431244850159e-02
1.094464436173439026e-01 3.690596818923950195e-01 1.181843318045139313e-02 -3.136744499206542969e-01
1.168276369571685791e-01 1.737713962793350220e-01 5.544943735003471375e-03 -1.728792488574981689e-02
1.203030645847320557e-01 3.688133955001831055e-01 5.199185106903314590e-03 -3.082162141799926758e-01
1.276793330907821655e-01 1.736177355051040649e-01 -9.651390137150883675e-04 -1.389814633876085281e-02
1.311516910791397095e-01 -2.149035967886447906e-02 -1.243101898580789566e-03 2.784801125526428223e-01
1.307218819856643677e-01 1.736492961645126343e-01 4.326500464230775833e-03 -1.459462847560644150e-02
1.341948658227920532e-01 3.687089383602142334e-01 4.034607671201229095e-03 -3.059093654155731201e-01
1.415690481662750244e-01 1.735297292470932007e-01 -2.083579543977975845e-03 -1.195675320923328400e-02
1.450396329164505005e-01 -2.156227827072143555e-02 -2.322714542970061302e-03 2.800680398941040039e-01
1.446083933115005493e-01 1.735927313566207886e-01 3.278646618127822876e-03 -1.334654726088047028e-02
1.480802446603775024e-01 3.686675131320953369e-01 3.011715598404407501e-03 -3.049932122230529785e-01
1.554535925388336182e-01 1.735027730464935303e-01 -3.088148776441812515e-03 -1.136199478060007095e-02
1.589236557483673096e-01 3.686688542366027832e-01 -3.315388690680265427e-03 -3.050176799297332764e-01
1.662970334291458130e-01 1.735943257808685303e-01 -9.415742009878158569e-03 -1.338217593729496002e-02
1.697689145803451538e-01 -2.139133960008621216e-02 -9.683385491371154785e-03 2.763151526451110840e-01
1.693410873413085938e-01 1.738674193620681763e-01 -4.157082177698612213e-03 -1.940611004829406738e-02
1.728184372186660767e-01 -2.119467221200466156e-02 -4.545204807072877884e-03 2.719623148441314697e-01
1.723945438861846924e-01 1.739918440580368042e-01 8.940417319536209106e-04 -2.215071395039558411e-02
1.758743822574615479e-01 3.691009581089019775e-01 4.510274156928062439e-04 -3.145514130592346191e-01
1.832564026117324829e-01 1.739725917577743530e-01 -5.840001162141561508e-03 -2.172629535198211670e-02
1.867358535528182983e-01 -2.106512896716594696e-02 -6.274526938796043396e-03 2.691083252429962158e-01
1.863145530223846436e-01 1.741458028554916382e-01 -8.923602290451526642e-04 -2.554699033498764038e-02
1.897974610328674316e-01 3.692805469036102295e-01 -1.403300091624259949e-03 -3.185113370418548584e-01
1.971830725669860840e-01 1.741786003112792969e-01 -7.773526944220066071e-03 -2.627128735184669495e-02
2.006666511297225952e-01 -2.083101496100425720e-02 -8.298952132463455200e-03 2.639489173889160156e-01
2.002500295639038086e-01 1.744084060192108154e-01 -3.019974334165453911e-03 -3.133999928832054138e-02
2.037381976842880249e-01 3.695735335350036621e-01 -3.646774450317025185e-03 -3.249742388725280762e-01
2.111296653747558594e-01 1.745036989450454712e-01 -1.014625933021306992e-02 -3.344356641173362732e-02
2.146197408437728882e-01 -2.047129906713962555e-02 -1.081513054668903351e-02 2.560209035873413086e-01
2.142103165388107300e-01 1.748033761978149414e-01 -5.694712046533823013e-03 -4.005356132984161377e-02
2.177063822746276855e-01 -2.023644559085369110e-02 -6.495783105492591858e-03 2.508271932601928711e-01
2.173016518354415894e-01 1.749776601791381836e-01 -1.479239203035831451e-03 -4.389752820134162903e-02
2.208012044429779053e-01 3.701207935810089111e-01 -2.357189776375889778e-03 -3.370468020439147949e-01
2.282036244869232178e-01 1.750324666500091553e-01 -9.098125621676445007e-03 -4.510813578963279724e-02
2.317042797803878784e-01 -1.995785161852836609e-02 -1.000028848648071289e-02 2.446904182434082031e-01
2.313051223754882812e-01 1.753055006265640259e-01 -5.106479860842227936e-03 -5.112999305129051208e-02
2.348112314939498901e-01 -1.974286325275897980e-02 -6.129079964011907578e-03 2.399374395608901978e-01
2.344163656234741211e-01 1.754661053419113159e-01 -1.330331200733780861e-03 -5.467245727777481079e-02
2.379256933927536011e-01 3.706071078777313232e-01 -2.423780271783471107e-03 -3.477748036384582520e-01
2.453378289937973022e-01 1.755197197198867798e-01 -9.379277005791664124e-03 -5.585717782378196716e-02
2.488482296466827393e-01 -1.946650631725788116e-02 -1.049641985446214676e-02 2.338518202304840088e-01
2.484588921070098877e-01 1.758038401603698730e-01 -5.819383542984724045e-03 -6.212344393134117126e-02
2.519749701023101807e-01 -1.923419907689094543e-02 -7.061852607876062393e-03 2.287177592515945435e-01
2.515902817249298096e-01 1.759879589080810547e-01 -2.487497404217720032e-03 -6.618433445692062378e-02
2.551100552082061768e-01 -1.909824647009372711e-02 -3.811184084042906761e-03 2.257127314805984497e-01
2.547280788421630859e-01 1.760779619216918945e-01 7.030707783997058868e-04 -6.816993653774261475e-02
2.582496404647827148e-01 3.711898326873779297e-01 -6.603280198760330677e-04 -3.606309592723846436e-01
2.656734287738800049e-01 1.760772764682769775e-01 -7.872947491705417633e-03 -6.815632432699203491e-02
2.691949903964996338e-01 -1.893092691898345947e-02 -9.236074052751064301e-03 2.220322936773300171e-01
2.688163518905639648e-01 1.763218194246292114e-01 -4.795427899807691574e-03 -7.354969531297683716e-02
2.723428010940551758e-01 -1.873106323182582855e-02 -6.266421638429164886e-03 2.176163941621780396e-01
2.719681859016418457e-01 1.764799058437347412e-01 -1.914093852974474430e-03 -7.703661918640136719e-02
2.754977941513061523e-01 -1.861455477774143219e-02 -3.454826073721051216e-03 2.150417864322662354e-01
2.751254737377166748e-01 1.765566170215606689e-01 8.460096432827413082e-04 -7.872893661260604858e-02
2.786566317081451416e-01 3.716664314270019531e-01 -7.285690517164766788e-04 -3.711448311805725098e-01
2.860899567604064941e-01 1.765548437833786011e-01 -8.151465095579624176e-03 -7.869171351194381714e-02
2.896210551261901855e-01 -1.844931580126285553e-02 -9.725299663841724396e-03 2.114083021879196167e-01
2.892520725727081299e-01 1.768103241920471191e-01 -5.497133824974298477e-03 -8.432650566101074219e-02
2.927882671356201172e-01 -1.823239587247371674e-02 -7.183664012700319290e-03 2.066170126199722290e-01
2.924236059188842773e-01 1.769915372133255005e-01 -3.051323816180229187e-03 -8.832331746816635132e-02
2.959634363651275635e-01 -1.808654144406318665e-02 -4.817790351808071136e-03 2.033953517675399780e-01
2.956017255783081055e-01 1.771039813756942749e-01 -7.498832419514656067e-04 -9.080345183610916138e-02
2.991437911987304688e-01 3.722366690635681152e-01 -2.565952250733971596e-03 -3.837228715419769287e-01
3.065885305404663086e-01 1.771512478590011597e-01 -1.024040952324867249e-02 -9.185008704662322998e-02
3.101315498352050781e-01 -1.782244630157947540e-02 -1.207741163671016693e-02 1.975844800472259521e-01
3.097751140594482422e-01 1.774701476097106934e-01 -8.125721476972103119e-03 -9.888372570276260376e-02
3.133245110511779785e-01 -1.753440499305725098e-02 -1.010339614003896713e-02 1.912245154380798340e-01
3.129738271236419678e-01 1.777306199073791504e-01 -6.278906017541885376e-03 -1.046284064650535583e-01
3.165284395217895508e-01 -1.730079390108585358e-02 -8.371474221348762512e-03 1.860669553279876709e-01
3.161824047565460205e-01 1.779399216175079346e-01 -4.650135058909654617e-03 -1.092450544238090515e-01
3.197412192821502686e-01 -1.711508072912693024e-02 -6.835035979747772217e-03 1.819671690464019775e-01
3.193989098072052002e-01 1.781039983034133911e-01 -3.195692785084247589e-03 -1.128641068935394287e-01
3.229610025882720947e-01 -1.697201095521450043e-02 -5.452975165098905563e-03 1.788088828325271606e-01
3.226215541362762451e-01 1.782275438308715820e-01 -1.876797294244170189e-03 -1.155892685055732727e-01
3.261861205101013184e-01 -1.686746254563331604e-02 -4.188582766801118851e-03 1.765009611845016479e-01
3.258487582206726074e-01 1.783141791820526123e-01 -6.585635128431022167e-04 -1.175003796815872192e-01
3.294150531291961670e-01 -1.679832860827445984e-02 -3.008571220561861992e-03 1.749746948480606079e-01
3.290790617465972900e-01 1.783665567636489868e-01 4.909228882752358913e-04 -1.186558082699775696e-01
3.326463997364044189e-01 -1.676243171095848083e-02 -1.882193260826170444e-03 1.741819530725479126e-01
3.323111534118652344e-01 1.783864051103591919e-01 1.601445837877690792e-03 -1.190941482782363892e-01
3.358788788318634033e-01 3.734853863716125488e-01 -7.804370834492146969e-04 -4.112713932991027832e-01
3.433485925197601318e-01 1.783744990825653076e-01 -9.005865082144737244e-03 -1.188346222043037415e-01
3.469160795211791992e-01 -1.661727018654346466e-02 -1.138255745172500610e-02 1.709934771060943604e-01
3.465837240219116211e-01 1.786657273769378662e-01 -7.962687872350215912e-03 -1.252584457397460938e-01
3.501570522785186768e-01 -1.634124293923377991e-02 -1.046785712242126465e-02 1.649017333984375000e-01
3.498302400112152100e-01 1.789289861917495728e-01 -7.169821765273809433e-03 -1.310650408267974854e-01
3.534088134765625000e-01 -1.608953624963760376e-02 -9.791122749447822571e-03 1.593473106622695923e-01
3.530870079994201660e-01 1.791712194681167603e-01 -6.604176480323076248e-03 -1.364083290100097656e-01
3.566704392433166504e-01 -1.585552468895912170e-02 -9.332343004643917084e-03 1.541837900876998901e-01
3.563533425331115723e-01 1.793987900018692017e-01 -6.248667370527982712e-03 -1.414286047220230103e-01
3.599413037300109863e-01 -1.563310623168945312e-02 -9.077239781618118286e-03 1.492764353752136230e-01
3.596286475658416748e-01 1.796176433563232422e-01 -6.091710645705461502e-03 -1.462562978267669678e-01
3.632209897041320801e-01 -1.541654299944639206e-02 -9.016836062073707581e-03 1.444986015558242798e-01
3.629126548767089844e-01 1.798333674669265747e-01 -6.126864347606897354e-03 -1.510152667760848999e-01
3.665093183517456055e-01 -1.520031504333019257e-02 -9.147169999778270721e-03 1.397284865379333496e-01
3.662053346633911133e-01 1.800514459609985352e-01 -6.352600175887346268e-03 -1.558261364698410034e-01
3.698063492774963379e-01 -1.497897971421480179e-02 -9.469122625887393951e-03 1.348459422588348389e-01
3.695067763328552246e-01 1.802773177623748779e-01 -6.772203836590051651e-03 -1.608092486858367920e-01
3.731123208999633789e-01 -1.474703196436166763e-02 -9.988388977944850922e-03 1.297295540571212769e-01
3.728173673152923584e-01 1.805165708065032959e-01 -7.393797859549522400e-03 -1.660877764225006104e-01
3.764277100563049316e-01 -1.449876744300127029e-02 -1.071555353701114655e-02 1.242534741759300232e-01
3.761377334594726562e-01 1.807750463485717773e-01 -8.230483159422874451e-03 -1.717907339334487915e-01
3.797532320022583008e-01 -1.422814279794692993e-02 -1.166629884392023087e-02 1.182844042778015137e-01
3.794686794281005859e-01 1.810590028762817383e-01 -9.300610050559043884e-03 -1.780561953783035278e-01
3.830898404121398926e-01 -1.392862759530544281e-02 -1.286173425614833832e-02 1.116782575845718384e-01
3.828112781047821045e-01 1.813752353191375732e-01 -1.062816940248012543e-02 -1.850345581769943237e-01
3.864387869834899902e-01 -1.359304320067167282e-02 -1.432885974645614624e-02 1.042767316102981567e-01
3.861669301986694336e-01 1.817312836647033691e-01 -1.224332582205533981e-02 -1.928922384977340698e-01
3.898015618324279785e-01 -1.321339793503284454e-02 -1.610117033123970032e-02 9.590343385934829712e-02
3.895372748374938965e-01 -2.081009149551391602e-01 -1.418310124427080154e-02 3.834632933139801025e-01
3.853752613067626953e-01 -1.278050150722265244e-02 -6.513835862278938293e-03 8.634243160486221313e-02
3.851196467876434326e-01 1.824342161417007446e-01 -4.786987323313951492e-03 -2.083884775638580322e-01
3.887683451175689697e-01 -1.261896360665559769e-02 -8.954756893217563629e-03 8.278056234121322632e-02
3.885159492492675781e-01 1.826301962137222290e-01 -7.299145683646202087e-03 -2.127141058444976807e-01
3.921685516834259033e-01 -1.238663680851459503e-02 -1.155342813581228256e-02 7.765743136405944824e-02
3.919208347797393799e-01 -2.073410749435424805e-01 -1.000027917325496674e-02 3.666729331016540527e-01
3.877740204334259033e-01 -1.207845378667116165e-02 -2.666820539161562920e-03 7.085361331701278687e-02
3.875324428081512451e-01 1.830816268920898438e-01 -1.249748282134532928e-03 -2.226695120334625244e-01
3.911940753459930420e-01 -1.202243752777576447e-02 -5.703138653188943863e-03 6.961893290281295776e-02
3.909536302089691162e-01 1.831808090209960938e-01 -4.310759715735912323e-03 -2.248578965663909912e-01
3.946172297000885010e-01 -1.187926530838012695e-02 -8.807918056845664978e-03 6.646214425563812256e-02
3.943796455860137939e-01 -2.068738341331481934e-01 -7.478674873709678650e-03 3.563531637191772461e-01
3.902421891689300537e-01 -1.164635922759771347e-02 -3.516115248203277588e-04 6.132142618298530579e-02
3.900092542171478271e-01 1.834806352853775024e-01 8.748169639147818089e-04 -2.314724177122116089e-01
3.936788737773895264e-01 -1.165380887687206268e-02 -3.754631383344531059e-03 6.148632988333702087e-02
3.934457898139953613e-01 1.835217773914337158e-01 -2.524904673919081688e-03 -2.323788404464721680e-01
3.971162140369415283e-01 -1.156400889158248901e-02 -7.172481622546911240e-03 5.950658023357391357e-02
3.968849480152130127e-01 -2.065823972225189209e-01 -5.982350092381238937e-03 3.499179482460021973e-01
3.927533030509948730e-01 -1.137587148696184158e-02 1.016008784063160419e-03 5.535459518432617188e-02
3.925257921218872070e-01 1.837314963340759277e-01 2.123100683093070984e-03 -2.370076030492782593e-01
3.962004184722900391e-01 -1.142072211951017380e-02 -2.617051359266042709e-03 5.634425953030586243e-02
3.959719836711883545e-01 1.837386488914489746e-01 -1.490166061557829380e-03 -2.371632158756256104e-01
3.996467590332031250e-01 -1.136197429150342941e-02 -6.233430467545986176e-03 5.504929646849632263e-02
3.994195163249969482e-01 -2.063940018415451050e-01 -5.132444668561220169e-03 3.457590341567993164e-01
3.952916562557220459e-01 -1.119941379874944687e-02 1.782736158929765224e-03 5.146208032965660095e-02
3.950676620006561279e-01 1.838969290256500244e-01 2.811977639794349670e-03 -2.406578510999679565e-01
3.987455964088439941e-01 -1.126507669687271118e-02 -2.001179149374365807e-03 5.291072651743888855e-02
3.985202908515930176e-01 1.838855147361755371e-01 -9.429646888747811317e-04 -2.404029220342636108e-01
4.021980166435241699e-01 -1.122295670211315155e-02 -5.751023069024085999e-03 5.198242515325546265e-02
4.019735455513000488e-01 -2.062619775533676147e-01 -4.711374640464782715e-03 3.428453207015991211e-01
3.978483080863952637e-01 -1.107331458479166031e-02 2.145532052963972092e-03 4.868044331669807434e-02
3.976268470287322998e-01 1.840178072452545166e-01 3.119140863418579102e-03 -2.433247864246368408e-01
4.013071954250335693e-01 -1.114855892956256866e-02 -1.747354748658835888e-03 5.034036934375762939e-02
4.010842144489288330e-01 1.839984059333801270e-01 -7.405474316328763962e-04 -2.428933531045913696e-01
4.047642052173614502e-01 -1.111296098679304123e-02 -5.598414223641157150e-03 4.955589771270751953e-02
4.045419394969940186e-01 -2.061541974544525146e-01 -4.607296548783779144e-03 3.404672443866729736e-01
4.004188477993011475e-01 -1.096698921173810959e-02 2.202048199251294136e-03 4.633499681949615479e-02
4.001995027065277100e-01 1.841233223676681519e-01 3.128748154267668724e-03 -2.456523478031158447e-01
4.038819670677185059e-01 -1.104318071156740189e-02 -1.784298918209969997e-03 4.801581427454948425e-02
4.036611020565032959e-01 1.841043084859848022e-01 -8.239827002398669720e-04 -2.452295422554016113e-01
4.073432087898254395e-01 -1.100586261600255966e-02 -5.728573538362979889e-03 4.719336703419685364e-02
4.071230888366699219e-01 -2.060452103614807129e-01 -4.784706048667430878e-03 3.380633890628814697e-01
4.030021727085113525e-01 -1.085549406707286835e-02 1.976561499759554863e-03 4.387547448277473450e-02
4.027850627899169922e-01 1.842380613088607788e-01 2.854071091860532761e-03 -2.481831759214401245e-01
4.064698219299316406e-01 -1.092453673481941223e-02 -2.109592314809560776e-03 4.539862275123596191e-02
4.062513411045074463e-01 1.842276006937026978e-01 -1.201619976200163364e-03 -2.479491531848907471e-01
4.099358916282653809e-01 -1.087716780602931976e-02 -6.160602904856204987e-03 4.435451328754425049e-02
4.097183346748352051e-01 -2.059102356433868408e-01 -5.273512564599514008e-03 3.350873589515686035e-01
4.056001305580139160e-01 -1.071363501250743866e-02 1.428234623745083809e-03 4.074612259864807129e-02
4.053858816623687744e-01 1.843878030776977539e-01 2.243157010525465012e-03 -2.514858245849609375e-01
4.090736210346221924e-01 -1.076610479503870010e-02 -2.786559751257300377e-03 4.190377891063690186e-02
4.088582992553710938e-01 1.843957006931304932e-01 -1.948484103195369244e-03 -2.516570389270782471e-01
4.125462174415588379e-01 -1.069837901741266251e-02 -6.981624756008386612e-03 4.041067138314247131e-02
4.123322665691375732e-01 -2.057195156812667847e-01 -6.173411384224891663e-03 3.308826684951782227e-01
4.082178473472595215e-01 -1.051024161279201508e-02 4.442421486601233482e-04 3.625936061143875122e-02
4.080076515674591064e-01 1.846053302288055420e-01 1.169429393485188484e-03 -2.562833726406097412e-01
4.116997718811035156e-01 -1.053329184651374817e-02 -3.956237807869911194e-03 3.676818311214447021e-02
4.114890992641448975e-01 -2.055982798337936401e-01 -3.220874350517988205e-03 3.282002508640289307e-01
4.073771238327026367e-01 -1.043063029646873474e-02 3.343130694702267647e-03 3.450335562229156494e-02
4.071685075759887695e-01 1.846432238817214966e-01 4.033198114484548569e-03 -2.571229040622711182e-01
4.108613729476928711e-01 -1.053608022630214691e-02 -1.109260250814259052e-03 3.682941943407058716e-02
4.106506705284118652e-01 1.846017539501190186e-01 -3.726718423422425985e-04 -2.562032938003540039e-01
4.143427014350891113e-01 -1.051486842334270477e-02 -5.496737547218799591e-03 3.636207431554794312e-02
4.141323864459991455e-01 -2.055575698614120483e-01 -4.769496154040098190e-03 3.273056745529174805e-01
4.100212454795837402e-01 -1.036803703755140305e-02 1.776617253199219704e-03 3.312247619032859802e-02
4.098138809204101562e-01 1.847283989191055298e-01 2.439066767692565918e-03 -2.589993774890899658e-01
4.135084450244903564e-01 -1.042829453945159912e-02 -2.740920754149556160e-03 3.445186465978622437e-02
4.132998883724212646e-01 -2.055108398199081421e-01 -2.051883377134799957e-03 3.262687325477600098e-01
4.091896712779998779e-01 -1.035972870886325836e-02 4.473491571843624115e-03 3.293944895267486572e-02
4.089824855327606201e-01 1.846977919340133667e-01 5.132280290126800537e-03 -2.583287060260772705e-01
4.126764237880706787e-01 -1.049705781042575836e-02 -3.429339631111361086e-05 3.596860170364379883e-02
4.124664962291717529e-01 1.846253871917724609e-01 6.850786157883703709e-04 -2.567251324653625488e-01
4.161590039730072021e-01 -1.050634030252695084e-02 -4.449424333870410919e-03 3.617378696799278259e-02
4.159488677978515625e-01 -2.055642008781433105e-01 -3.725948510691523552e-03 3.274495601654052734e-01
4.118375778198242188e-01 -1.038940530270338058e-02 2.823042683303356171e-03 3.359396755695343018e-02
4.116297960281372070e-01 1.846919506788253784e-01 3.494922071695327759e-03 -2.581969201564788818e-01
4.153236448764801025e-01 -1.047972310334444046e-02 -1.669016433879733086e-03 3.558630123734474182e-02
4.151140451431274414e-01 1.846661269664764404e-01 -9.572904091328382492e-04 -2.576227486133575439e-01
4.188073575496673584e-01 -1.044214889407157898e-02 -6.109745241701602936e-03 3.475807979702949524e-02
4.185985326766967773e-01 -2.054759562015533447e-01 -5.414583720266819000e-03 3.255070745944976807e-01
4.144890010356903076e-01 -1.027732994407415390e-02 1.095557585358619690e-03 3.112154826521873474e-02
4.142834544181823730e-01 1.848288923501968384e-01 1.717988634482026100e-03 -2.612155079841613770e-01
4.179800450801849365e-01 -1.031753979623317719e-02 -3.506321692839264870e-03 3.200878947973251343e-02
4.177736937999725342e-01 -2.053890377283096313e-01 -2.866145921871066093e-03 3.235833644866943359e-01
4.136659204959869385e-01 -1.022638753056526184e-02 3.605521516874432564e-03 2.999796345829963684e-02
4.134613871574401855e-01 1.848436743021011353e-01 4.205480683594942093e-03 -2.615452110767364502e-01
4.171582460403442383e-01 -1.033805683255195618e-02 -1.025423291139304638e-03 3.246120736002922058e-02
4.169514775276184082e-01 1.847985833883285522e-01 -3.761991101782768965e-04 -2.605450749397277832e-01
4.206474721431732178e-01 -1.031799428164958954e-02 -5.587100517004728317e-03 3.201917186379432678e-02
4.204410910606384277e-01 -2.053593844175338745e-01 -4.946717061102390289e-03 3.229340910911560059e-01
4.163339138031005859e-01 -1.016733981668949127e-02 1.511964481323957443e-03 2.869527786970138550e-02
4.161305725574493408e-01 1.849329024553298950e-01 2.085870131850242615e-03 -2.635102272033691406e-01
4.198292195796966553e-01 -1.021876558661460876e-02 -3.184334374964237213e-03 2.982987649738788605e-02
4.196248650550842285e-01 -2.052949070930480957e-01 -2.587736817076802254e-03 3.215064108371734619e-01
4.155189394950866699e-01 -1.013620104640722275e-02 3.842391306534409523e-03 2.800853922963142395e-02
4.153162240982055664e-01 1.849304437637329102e-01 4.402562044560909271e-03 -2.634595930576324463e-01
4.190148413181304932e-01 -1.025407761335372925e-02 -8.666297653689980507e-04 3.060868568718433380e-02
4.188097417354583740e-01 1.848802864551544189e-01 -2.544560411479324102e-04 -2.623475492000579834e-01
4.225073754787445068e-01 -1.023802720010280609e-02 -5.501406732946634293e-03 3.025511093437671661e-02
4.223026037216186523e-01 -2.052806615829467773e-01 -4.896304570138454437e-03 3.211972117424011230e-01
4.181969761848449707e-01 -1.008931919932365417e-02 1.527639687992632389e-03 2.697421982884407043e-02
4.179952144622802734e-01 1.850106865167617798e-01 2.067124005407094955e-03 -2.652263343334197998e-01
4.216954112052917480e-01 -1.014070305973291397e-02 -3.237402532249689102e-03 2.810787037014961243e-02
4.214926064014434814e-01 -2.052160799503326416e-01 -2.675245050340890884e-03 3.197675943374633789e-01
4.173882901668548584e-01 -1.005612965673208237e-02 3.720107022672891617e-03 2.624220959842205048e-02
4.171871542930603027e-01 1.850122809410095215e-01 4.244951065629720688e-03 -2.652646601200103760e-01
4.208874106407165527e-01 -1.017000526189804077e-02 -1.060342066921293736e-03 2.875413000583648682e-02
4.206840097904205322e-01 1.849671304225921631e-01 -4.852595156989991665e-04 -2.642631530761718750e-01
4.243833422660827637e-01 -1.014788541942834854e-02 -5.770522635430097580e-03 2.826667390763759613e-02
4.241803884506225586e-01 -2.051866054534912109e-01 -5.205189343541860580e-03 3.191233575344085693e-01
4.200766682624816895e-01 -9.990913793444633484e-03 1.177278114482760429e-03 2.480346895754337311e-02
4.198768436908721924e-01 1.851141303777694702e-01 1.673347549512982368e-03 -2.675077915191650391e-01
4.235791265964508057e-01 -1.003165822476148605e-02 -3.676808206364512444e-03 2.570246346294879913e-02
4.233784973621368408e-01 -2.051006853580474854e-01 -3.162758890539407730e-03 3.172230422496795654e-01
4.192764759063720703e-01 -9.933833032846450806e-03 3.181702224537730217e-03 2.354438230395317078e-02
4.190777838230133057e-01 1.851423531770706177e-01 3.652589861303567886e-03 -2.681329846382141113e-01
4.227806329727172852e-01 -1.003154180943965912e-02 -1.710069947876036167e-03 2.569975145161151886e-02
4.225800037384033203e-01 -2.051289230585098267e-01 -1.196074881590902805e-03 3.178426325321197510e-01
4.184774458408355713e-01 -9.989961050450801849e-03 5.160777829587459564e-03 2.478275634348392487e-02
4.182776212692260742e-01 1.850575953722000122e-01 5.656433291733264923e-03 -2.662674188613891602e-01
4.219788014888763428e-01 -1.014462113380432129e-02 3.310844767838716507e-04 2.819420211017131805e-02
4.217759072780609131e-01 1.849725842475891113e-01 8.949685143306851387e-04 -2.643842399120330811e-01
4.254753589630126953e-01 -1.016213372349739075e-02 -4.392716567963361740e-03 2.858082950115203857e-02
4.252721071243286133e-01 -2.052208185195922852e-01 -3.821099875494837761e-03 3.198745846748352051e-01
4.211677014827728271e-01 -1.004465483129024506e-02 2.576391678303480148e-03 2.598907053470611572e-02
4.209668040275573730e-01 1.850402504205703735e-01 3.096173051744699478e-03 -2.658798694610595703e-01
4.246675968170166016e-01 -1.012574974447488785e-02 -2.221424132585525513e-03 2.777801267802715302e-02
4.244650900363922119e-01 1.850279867649078369e-01 -1.665863906964659691e-03 -2.656049728393554688e-01
4.281656444072723389e-01 -1.007014792412519455e-02 -6.977963261306285858e-03 2.655206434428691864e-02
4.279642403125762939e-01 -2.050913423299789429e-01 -6.446922197937965393e-03 3.170252144336700439e-01
4.238624274730682373e-01 -9.878156706690788269e-03 -1.064175739884376526e-04 2.231615409255027771e-02
4.236648380756378174e-01 1.852453202009201050e-01 3.399055276531726122e-04 -2.704003453254699707e-01
4.273697435855865479e-01 -9.881479665637016296e-03 -5.068101454526185989e-03 2.238976955413818359e-02
4.271721243858337402e-01 -2.049303799867630005e-01 -4.620306193828582764e-03 3.134693503379821777e-01
4.230735301971435547e-01 -9.742919355630874634e-03 1.649081008508801460e-03 1.933291554450988770e-02
4.228786528110504150e-01 1.853553503751754761e-01 2.035739365965127945e-03 -2.728292644023895264e-01
4.265857636928558350e-01 -9.795596823096275330e-03 -3.420845605432987213e-03 2.049505896866321564e-02
4.263898432254791260e-01 -2.048683166503906250e-01 -3.010944463312625885e-03 3.120967149734497070e-01
4.222925007343292236e-01 -9.703606367111206055e-03 3.230989677831530571e-03 1.846574433147907257e-02
4.220984280109405518e-01 1.853718608617782593e-01 3.600304480642080307e-03 -2.731960117816925049e-01
4.258058667182922363e-01 -9.801276959478855133e-03 -1.863615820184350014e-03 2.062027715146541595e-02
4.256098270416259766e-01 -2.048964500427246094e-01 -1.451210235245525837e-03 3.127146363258361816e-01
4.215118885040283203e-01 -9.753856807947158813e-03 4.803082440048456192e-03 1.957438886165618896e-02
4.213168323040008545e-01 1.852988898754119873e-01 5.194569937884807587e-03 -2.715892493724822998e-01
4.250228106975555420e-01 -9.896803647279739380e-03 -2.372148446738719940e-04 2.272753231227397919e-02
4.248248636722564697e-01 1.852285414934158325e-01 2.173357934225350618e-04 -2.700302302837371826e-01
4.285294413566589355e-01 -9.896503761410713196e-03 -5.183268804103136063e-03 2.272123843431472778e-02
4.283314943313598633e-01 -2.049437463283538818e-01 -4.728843923658132553e-03 3.137642741203308105e-01
4.242326319217681885e-01 -9.754744358360767365e-03 1.546441693790256977e-03 1.959379389882087708e-02
4.240375459194183350e-01 1.853449940681457520e-01 1.938317553140223026e-03 -2.726007997989654541e-01
4.277444481849670410e-01 -9.804559871554374695e-03 -3.513698698952794075e-03 2.069283649325370789e-02
4.275483489036560059e-01 -2.048759460449218750e-01 -3.099841997027397156e-03 3.122650682926177979e-01
4.234508275985717773e-01 -9.709970094263553619e-03 3.145459806546568871e-03 1.860617473721504211e-02
4.232566356658935547e-01 1.853667348623275757e-01 3.517583245411515236e-03 -2.730826735496520996e-01
4.269639551639556885e-01 -9.805235080420970917e-03 -1.944070099852979183e-03 2.070763893425464630e-02
4.267678558826446533e-01 -2.048992514610290527e-01 -1.529917353764176369e-03 3.127765655517578125e-01
4.226698577404022217e-01 -9.755539707839488983e-03 4.725613631308078766e-03 1.961153373122215271e-02
4.224747717380523682e-01 1.852983236312866211e-01 5.117844324558973312e-03 -2.715766727924346924e-01
4.261807203292846680e-01 -9.896281175315380096e-03 -3.136889718007296324e-04 2.271604351699352264e-02
4.259828031063079834e-01 1.852301657199859619e-01 1.406319061061367393e-04 -2.700658440589904785e-01
4.296874105930328369e-01 -9.893790818750858307e-03 -5.260684993118047714e-03 2.266144007444381714e-02
4.294895231723785400e-01 -2.049399018287658691e-01 -4.807455930858850479e-03 3.136799335479736328e-01
4.253907203674316406e-01 -9.749800898134708405e-03 1.466142479330301285e-03 1.948476955294609070e-02
4.251957237720489502e-01 1.853510886430740356e-01 1.855837879702448845e-03 -2.727352082729339600e-01
4.289027452468872070e-01 -9.797289036214351654e-03 -3.598866285756230354e-03 2.053247392177581787e-02
4.287068247795104980e-01 -2.048674374818801880e-01 -3.188216825947165489e-03 3.120777606964111328e-01
4.246094524860382080e-01 -9.700217284262180328e-03 3.053338034078478813e-03 1.839106157422065735e-02
4.244154691696166992e-01 1.853778064250946045e-01 3.421159228309988976e-03 -2.733269333839416504e-01
4.281230270862579346e-01 -9.792786091566085815e-03 -2.045379485934972763e-03 2.043306268751621246e-02
4.279271662235260010e-01 -2.048853486776351929e-01 -1.636718283407390118e-03 3.124699592590332031e-01
4.238294661045074463e-01 -9.740115143358707428e-03 4.612680524587631226e-03 1.927130110561847687e-02
4.236346483230590820e-01 1.853153854608535767e-01 4.998106509447097778e-03 -2.719527184963226318e-01
4.273409545421600342e-01 -9.877529926598072052e-03 -4.409475077409297228e-04 2.230243943631649017e-02
4.271433949470520020e-01 1.852507442235946655e-01 5.101265287521528080e-06 -2.705195844173431396e-01
4.308484196662902832e-01 -9.871281683444976807e-03 -5.405290517956018448e-03 2.216495759785175323e-02
4.306510090827941895e-01 -2.049153000116348267e-01 -4.961991216987371445e-03 3.131375610828399658e-01
4.265526831150054932e-01 -9.723014198243618011e-03 1.300760079175233841e-03 1.889391988515853882e-02
4.263582229614257812e-01 1.853802651166915894e-01 1.678638509474694729e-03 -2.733783125877380371e-01
4.300658404827117920e-01 -9.765604510903358459e-03 -3.788927802816033363e-03 1.983358152210712433e-02
4.298705160617828369e-01 -2.048330157995223999e-01 -3.392256330698728561e-03 3.113186657428741455e-01
4.257738590240478516e-01 -9.662898257374763489e-03 2.834116807207465172e-03 1.756784319877624512e-02
4.255805909633636475e-01 1.854182928800582886e-01 3.185473615303635597e-03 -2.742195427417755127e-01
4.292889833450317383e-01 -9.748962707817554474e-03 -2.298917155712842941e-03 1.946638710796833038e-02
4.290939867496490479e-01 -2.048378735780715942e-01 -1.909589394927024841e-03 3.114230930805206299e-01
4.249972403049468994e-01 -9.688764810562133789e-03 4.318872466683387756e-03 1.813855022192001343e-02
4.248034656047821045e-01 1.853709816932678223e-01 4.681643564254045486e-03 -2.731786072254180908e-01
4.285108745098114014e-01 -9.817454963922500610e-03 -7.819284801371395588e-04 2.097724750638008118e-02
4.283145368099212646e-01 1.853156983852386475e-01 -3.623835218604654074e-04 -2.719522714614868164e-01
4.320208430290222168e-01 -9.801076725125312805e-03 -5.801429040729999542e-03 2.061632461845874786e-02
4.318248331546783447e-01 -2.048393487930297852e-01 -5.389102734625339508e-03 3.114632070064544678e-01
4.277280271053314209e-01 -9.641039185225963593e-03 8.401613449677824974e-04 1.708559691905975342e-02
4.275352060794830322e-01 1.854688525199890137e-01 1.181873260065913200e-03 -2.753321230411529541e-01
4.312445819377899170e-01 -9.669939987361431122e-03 -4.324769601225852966e-03 1.772332563996315002e-02
4.310511946678161621e-01 -2.047296017408370972e-01 -3.970302641391754150e-03 3.090386092662811279e-01
4.269565939903259277e-01 -9.551307186484336853e-03 2.210469217970967293e-03 1.510620303452014923e-02
4.267655611038208008e-01 1.855388730764389038e-01 2.512593287974596024e-03 -2.768784761428833008e-01
4.304763376712799072e-01 -9.618833661079406738e-03 -3.024976234883069992e-03 1.659586280584335327e-02
4.302839636802673340e-01 -2.046972662210464478e-01 -2.693058922886848450e-03 3.083228468894958496e-01
4.261900186538696289e-01 -9.537053294479846954e-03 3.473397810012102127e-03 1.479181461036205292e-02
4.259992837905883789e-01 1.855349093675613403e-01 3.769234055653214455e-03 -2.767931818962097168e-01
4.297099709510803223e-01 -9.640608914196491241e-03 -1.766629749909043312e-03 1.707616262137889862e-02
4.295171797275543213e-01 -2.047371864318847656e-01 -1.425106427632272243e-03 3.092011809349060059e-01
4.254224300384521484e-01 -9.594952687621116638e-03 4.758916795253753662e-03 1.606914959847927094e-02
4.252305328845977783e-01 1.854584217071533203e-01 5.080299917608499527e-03 -2.751084864139556885e-01
4.289397001266479492e-01 -9.735637344419956207e-03 -4.218698595650494099e-04 1.917242817580699921e-02
4.287450015544891357e-01 1.853923648595809937e-01 -3.842129444819875062e-05 -2.736435830593109131e-01
4.324528276920318604e-01 -9.729041717946529388e-03 -5.511292722076177597e-03 1.902723498642444611e-02
4.322582483291625977e-01 -2.047715187072753906e-01 -5.130748264491558075e-03 3.099662065505981445e-01
4.281628131866455078e-01 -9.576847776770591736e-03 1.068576006218791008e-03 1.566961035132408142e-02
4.279712736606597900e-01 1.855297684669494629e-01 1.381968148052692413e-03 -2.766759693622589111e-01
4.316818714141845703e-01 -9.611877612769603729e-03 -4.151551518589258194e-03 1.644250191748142242e-02
4.314896464347839355e-01 -2.046740502119064331e-01 -3.822701284661889076e-03 3.078126907348632812e-01
4.273961484432220459e-01 -9.497833438217639923e-03 2.333552343770861626e-03 1.392662897706031799e-02
4.272062182426452637e-01 1.855905801057815552e-01 2.612084848806262016e-03 -2.780191302299499512e-01
4.309180080890655518e-01 -9.568543173372745514e-03 -2.948297653347253799e-03 1.548650860786437988e-02
4.307266473770141602e-01 -2.046480923891067505e-01 -2.638567471876740456e-03 3.072377443313598633e-01
4.266336858272552490e-01 -9.488639421761035919e-03 3.506187582388520241e-03 1.372386328876018524e-02
4.264439046382904053e-01 1.855828464031219482e-01 3.780664876103401184e-03 -2.778507471084594727e-01
4.301555752754211426e-01 -9.592828340828418732e-03 -1.776350312866270542e-03 1.602218300104141235e-02
4.299637079238891602e-01 -2.046892642974853516e-01 -1.455906662158668041e-03 3.081441223621368408e-01
4.258699417114257812e-01 -9.546593762934207916e-03 4.706976003944873810e-03 1.500239595770835876e-02
4.256789982318878174e-01 1.855075359344482422e-01 5.007023923099040985e-03 -2.761917114257812500e-01
4.293891489505767822e-01 -9.685489349067211151e-03 -5.168105708435177803e-04 1.806621439754962921e-02
4.291954338550567627e-01 -2.048000246286392212e-01 -1.554862683406099677e-04 3.105860352516174316e-01
4.250994324684143066e-01 -9.675858542323112488e-03 6.056234240531921387e-03 1.785407774150371552e-02
4.249059259891510010e-01 1.853587180376052856e-01 6.413315888494253159e-03 -2.729119062423706055e-01
4.286130964756011963e-01 -9.854153729975223541e-03 9.550780523568391800e-04 2.178688719868659973e-02
4.284160137176513672e-01 1.852540820837020874e-01 1.390815828926861286e-03 -2.705945372581481934e-01
4.321210980415344238e-01 -9.887682273983955383e-03 -4.021075088530778885e-03 2.252672426402568817e-02
4.319233298301696777e-01 -2.049517333507537842e-01 -3.570540575310587883e-03 3.139382600784301758e-01
4.278242886066436768e-01 -9.779105894267559052e-03 2.708224346861243248e-03 2.013142965734004974e-02
4.276287257671356201e-01 1.853038966655731201e-01 3.110853023827075958e-03 -2.716957926750183105e-01
4.313347935676574707e-01 -9.862300008535385132e-03 -2.323062857612967491e-03 2.196668460965156555e-02
4.311375617980957031e-01 -2.049508541822433472e-01 -1.883729244582355022e-03 3.139157593250274658e-01
4.270385503768920898e-01 -9.802124463021755219e-03 4.394585732370615005e-03 2.063935622572898865e-02
4.268424808979034424e-01 1.852565258741378784e-01 4.807373043149709702e-03 -2.706537842750549316e-01
4.305476248264312744e-01 -9.933692403137683868e-03 -6.057029240764677525e-04 2.354151569306850433e-02
4.303489625453948975e-01 1.851969361305236816e-01 -1.348725782008841634e-04 -2.693324685096740723e-01
4.340528845787048340e-01 -9.923086501657962799e-03 -5.521521903574466705e-03 2.330792881548404694e-02
4.338544309139251709e-01 -2.049654275178909302e-01 -5.055363290011882782e-03 3.142436444759368896e-01
4.297551214694976807e-01 -9.771821089088916779e-03 1.229509944096207619e-03 1.997072249650955200e-02
4.295596778392791748e-01 1.853324770927429199e-01 1.628924394026398659e-03 -2.723240256309509277e-01
4.332663416862487793e-01 -9.812681004405021667e-03 -3.817556193098425865e-03 2.087222412228584290e-02
4.330700635910034180e-01 -2.048796713352203369e-01 -3.400111803784966469e-03 3.123482167720794678e-01
4.289724826812744141e-01 -9.709452278912067413e-03 2.846852876245975494e-03 1.859495230019092560e-02
4.287782907485961914e-01 1.853715628385543823e-01 3.218751866370439529e-03 -2.731884121894836426e-01
4.324857294559478760e-01 -9.796173311769962311e-03 -2.245016163215041161e-03 2.050798758864402771e-02
4.322898089885711670e-01 -2.048858553171157837e-01 -1.834856346249580383e-03 3.124817311763763428e-01
4.281920790672302246e-01 -9.737814776599407196e-03 4.414778202772140503e-03 1.922072283923625946e-02
4.279973208904266357e-01 1.853205412626266479e-01 4.799192771315574646e-03 -2.720660269260406494e-01
4.317037463188171387e-01 -9.869555011391639709e-03 -6.421276484616100788e-04 2.212671190500259399e-02
4.315063357353210449e-01 1.852615922689437866e-01 -1.995934144360944629e-04 -2.707587480545043945e-01
