-2.675589732825756073e-02 -3.486525639891624451e-02 3.255468606948852539e-02 8.840717375278472900e-03
-2.745320089161396027e-02 1.597750633955001831e-01 3.273149952292442322e-02 -2.733956575393676758e-01
-2.425770089030265808e-02 -3.579826280474662781e-02 2.726358547806739807e-02 2.942852489650249481e-02
-2.497366629540920258e-02 1.589223146438598633e-01 2.785215713083744049e-02 -2.545292973518371582e-01
-2.179521881043910980e-02 -3.658601269125938416e-02 2.276157028973102570e-02 4.680693149566650391e-02
-2.252694033086299896e-02 1.582022756338119507e-01 2.369770966470241547e-02 -2.386085093021392822e-01
-1.936289481818675995e-02 -3.725005686283111572e-02 1.892553828656673431e-02 6.145416200160980225e-02
-2.010789513587951660e-02 1.575955003499984741e-01 2.015462331473827362e-02 -2.251980602741241455e-01
-1.695598475635051727e-02 -3.780861198902130127e-02 1.565066166222095490e-02 7.377363741397857666e-02
-1.771215721964836121e-02 1.570855081081390381e-01 1.712613366544246674e-02 -2.139306366443634033e-01
-1.457044668495655060e-02 -3.827704489231109619e-02 1.284752134233713150e-02 8.410506695508956909e-02
-1.533598825335502625e-02 1.566584110260009766e-01 1.452962215989828110e-02 -2.044969201087951660e-01
-1.220281980931758881e-02 -3.866828233003616333e-02 1.043968368321657181e-02 9.273374825716018677e-02
-1.297618541866540909e-02 1.563024967908859253e-01 1.229435950517654419e-02 -1.966372728347778320e-01
-9.850136004388332367e-03 -3.899313509464263916e-02 8.361613377928733826e-03 9.989848732948303223e-02
-1.062999852001667023e-02 1.560079902410507202e-01 1.035958342254161835e-02 -1.901346892118453979e-01
-7.509838789701461792e-03 -3.926062583923339844e-02 6.556889973580837250e-03 1.057981848716735840e-01
-8.295050822198390961e-03 1.557667553424835205e-01 8.672853000462055206e-03 -1.848088800907135010e-01
-5.179716274142265320e-03 -3.947821259498596191e-02 4.976675845682621002e-03 1.105973348021507263e-01
-5.969280377030372620e-03 1.555720716714859009e-01 7.188622374087572098e-03 -1.805113404989242554e-01
-2.857838990166783333e-03 -3.965200483798980713e-02 3.578395815566182137e-03 1.144306510686874390e-01
-3.650879021733999252e-03 1.554184854030609131e-01 5.867008585482835770e-03 -1.771211773157119751e-01
-5.425091949291527271e-04 -3.978692740201950073e-02 2.324585337191820145e-03 1.174068078398704529e-01
-1.338247791863977909e-03 1.553016453981399536e-01 4.672721493989229202e-03 -1.745418310165405273e-01
1.767785055562853813e-03 -3.988687321543693542e-02 1.181885018013417721e-03 1.196115240454673767e-01
9.700476075522601604e-04 1.552181243896484375e-01 3.574115457013249397e-03 -1.726982891559600830e-01
4.074410069733858109e-03 -3.995479643344879150e-02 1.201495178975164890e-04 1.211100071668624878e-01
3.275314113125205040e-03 1.551654338836669922e-01 2.542349742725491524e-03 -1.715350151062011719e-01
6.378622725605964661e-03 -3.999281674623489380e-02 -8.883505943231284618e-04 1.219488605856895447e-01
5.578766576945781708e-03 1.551418453454971313e-01 1.550626591779291630e-03 -1.710142046213150024e-01
8.681603707373142242e-03 -4.000226035714149475e-02 -1.869657309725880623e-03 1.221574991941452026e-01
7.881558500230312347e-03 1.551464349031448364e-01 5.734926671721041203e-04 -1.711146980524063110e-01
1.098448690026998520e-02 -3.998372703790664673e-02 -2.848801203072071075e-03 1.217490956187248230e-01
1.018481235951185226e-02 1.551789194345474243e-01 -4.138194781262427568e-04 -1.718312352895736694e-01
1.328839082270860672e-02 -3.993710130453109741e-02 -3.850444220006465912e-03 1.207211092114448547e-01
1.248964853584766388e-02 1.552398055791854858e-01 -1.436022110283374786e-03 -1.731741130352020264e-01
1.559444516897201538e-02 -3.986156731843948364e-02 -4.899504128843545914e-03 1.190554574131965637e-01
1.479721348732709885e-02 1.553302407264709473e-01 -2.518395194783806801e-03 -1.751691848039627075e-01
1.790381781756877899e-02 -3.975557908415794373e-02 -6.021779030561447144e-03 1.167182028293609619e-01
1.710870675742626190e-02 -2.347907274961471558e-01 -3.687414806336164474e-03 4.074952304363250732e-01
1.241289172321557999e-02 -3.961669281125068665e-02 4.462490323930978775e-03 1.136520728468894958e-01
1.162055786699056625e-02 1.554410308599472046e-01 6.735531613230705261e-03 -1.776196360588073730e-01
1.472937874495983124e-02 -3.977665677666664124e-02 3.183138789609074593e-03 1.171804890036582947e-01
1.393384579569101334e-02 1.552995443344116211e-01 5.526748485863208771e-03 -1.744964867830276489e-01
1.703983731567859650e-02 -3.990107029676437378e-02 2.036818768829107285e-03 1.199248135089874268e-01
1.624181494116783142e-02 1.551916450262069702e-01 4.435315262526273727e-03 -1.721148192882537842e-01
1.934564858675003052e-02 -3.999350965023040771e-02 9.930188534781336784e-04 1.219640076160430908e-01
1.854577846825122833e-02 1.551142036914825439e-01 3.432299010455608368e-03 -1.704054623842239380e-01
2.164806239306926727e-02 -4.005670920014381409e-02 2.418953226879239082e-05 1.233582645654678345e-01
2.084692753851413727e-02 1.550648957490921021e-01 2.491354942321777344e-03 -1.693170368671417236e-01
2.394822612404823303e-02 -4.009262472391128540e-02 -8.949857437983155251e-04 1.241508051753044128e-01
2.314637228846549988e-02 1.550421416759490967e-01 1.588030252605676651e-03 -1.688143461942672729e-01
2.624721638858318329e-02 -4.010251164436340332e-02 -1.788256689906120300e-03 1.243691295385360718e-01
2.544516511261463165e-02 1.550450176000595093e-01 6.991259870119392872e-04 -1.688774377107620239e-01
2.854606509208679199e-02 -4.008693620562553406e-02 -2.678422722965478897e-03 1.240259632468223572e-01
2.774432674050331116e-02 -2.351704090833663940e-01 -1.979034132091328502e-04 4.158626794815063477e-01
2.304091863334178925e-02 -4.004565626382827759e-02 8.119350299239158630e-03 1.231173649430274963e-01
2.224000543355941772e-02 1.549590378999710083e-01 1.058169733732938766e-02 -1.669929772615432739e-01
2.533918619155883789e-02 -4.031277447938919067e-02 7.241837680339813232e-03 1.290093064308166504e-01
2.453293092548847198e-02 1.547046899795532227e-01 9.822024032473564148e-03 -1.613801419734954834e-01
2.762702479958534241e-02 -4.055648669600486755e-02 6.594421342015266418e-03 1.343851238489151001e-01
2.681589499115943909e-02 1.544703841209411621e-01 9.282123297452926636e-03 -1.562100797891616821e-01
2.990530245006084442e-02 -4.078321903944015503e-02 6.157922092825174332e-03 1.393866240978240967e-01
2.908963896334171295e-02 1.542499959468841553e-01 8.945654146373271942e-03 -1.513472348451614380e-01
3.217463940382003784e-02 -4.099890217185020447e-02 5.918709561228752136e-03 1.441443711519241333e-01
3.135466203093528748e-02 1.540377885103225708e-01 8.801597170531749725e-03 -1.466654390096664429e-01
3.443541750311851501e-02 -4.120909050107002258e-02 5.868288222700357437e-03 1.487811654806137085e-01
3.361123427748680115e-02 1.538283377885818481e-01 8.843911811709403992e-03 -1.420446783304214478e-01
3.668780252337455750e-02 -4.141914844512939453e-02 6.003018002957105637e-03 1.534151881933212280e-01
3.585941717028617859e-02 1.536163389682769775e-01 9.071322157979011536e-03 -1.373678892850875854e-01
3.893174603581428528e-02 -4.163436219096183777e-02 6.323963869363069534e-03 1.581630259752273560e-01
3.809905797243118286e-02 1.533964723348617554e-01 9.487224742770195007e-03 -1.325181424617767334e-01
4.116698727011680603e-02 -4.186007753014564514e-02 6.836861837655305862e-03 1.631427109241485596e-01
4.032978415489196777e-02 1.531633436679840088e-01 1.009971555322408676e-02 -1.273755580186843872e-01
4.339305311441421509e-02 -4.210183024406433105e-02 7.552204653620719910e-03 1.684765219688415527e-01
4.255101457238197327e-02 1.529112160205841064e-01 1.092173531651496887e-02 -1.218143701553344727e-01
4.560923948884010315e-02 -4.236549884080886841e-02 8.485447615385055542e-03 1.742941588163375854e-01
4.476192966103553772e-02 1.526339948177337646e-01 1.197133120149374008e-02 -1.156998574733734131e-01
4.781461134552955627e-02 -4.265742748975753784e-02 9.657333604991436005e-03 1.807357668876647949e-01
4.696146026253700256e-02 1.523250043392181396e-01 1.327204890549182892e-02 -1.088850423693656921e-01
5.000796169042587280e-02 -4.298458993434906006e-02 1.109434850513935089e-02 1.879554241895675659e-01
4.914826899766921997e-02 1.519768834114074707e-01 1.485345698893070221e-02 -1.012071296572685242e-01
5.218780785799026489e-02 -4.335474967956542969e-02 1.282931398600339890e-02 1.961247622966766357e-01
5.132071301341056824e-02 1.515813618898391724e-01 1.675180904567241669e-02 -9.248362481594085693e-02
5.435233935713768005e-02 -4.377663508057594299e-02 1.490213721990585327e-02 2.054370641708374023e-01
5.347680673003196716e-02 1.511290818452835083e-01 1.901087723672389984e-02 -8.250798285007476807e-02
5.649938806891441345e-02 -4.426015913486480713e-02 1.736071892082691193e-02 2.161117792129516602e-01
5.561418458819389343e-02 1.506093591451644897e-01 2.168295346200466156e-02 -7.104465365409851074e-02
5.862637236714363098e-02 -4.481663554906845093e-02 2.026206068694591522e-02 2.283997088670730591e-01
5.773004144430160522e-02 1.500099897384643555e-01 2.483005449175834656e-02 -5.782359465956687927e-02
6.073024123907089233e-02 3.447672724723815918e-01 2.367358282208442688e-02 -3.425702154636383057e-01
6.762558221817016602e-02 1.493166685104370117e-01 1.682217977941036224e-02 -4.251704737544059753e-02
7.061191648244857788e-02 -4.604241624474525452e-02 1.597183756530284882e-02 2.554256021976470947e-01
6.969106942415237427e-02 1.488478928804397583e-01 2.108035050332546234e-02 -3.217704966664314270e-02
7.266803085803985596e-02 3.436613082885742188e-01 2.043680846691131592e-02 -3.181350529193878174e-01
7.954125106334686279e-02 1.482543200254440308e-01 1.407410763204097748e-02 -1.907780952751636505e-02
8.250634372234344482e-02 -4.706661030650138855e-02 1.369255222380161285e-02 2.780122160911560059e-01
8.156500756740570068e-02 1.478573530912399292e-01 1.925279572606086731e-02 -1.032082922756671906e-02
8.452215790748596191e-02 3.426979780197143555e-01 1.904637925326824188e-02 -2.968676388263702393e-01
9.137611836194992065e-02 1.473097652196884155e-01 1.310902740806341171e-02 1.760832499712705612e-03
9.432230889797210693e-02 3.422412872314453125e-01 1.314424350857734680e-02 -2.867573797702789307e-01
1.011671349406242371e-01 1.469343751668930054e-01 7.409096229821443558e-03 1.004198100417852402e-02
1.041058227419853210e-01 3.419492840766906738e-01 7.609935943037271500e-03 -2.802941203117370605e-01
1.109448075294494629e-01 1.467196047306060791e-01 2.004053676500916481e-03 1.477922219783067703e-02
1.138792037963867188e-01 -4.843102395534515381e-02 2.299637999385595322e-03 3.080937862396240234e-01
1.129105836153030396e-01 1.466580778360366821e-01 8.461513556540012360e-03 1.613698154687881470e-02
1.158437430858612061e-01 3.416576683521270752e-01 8.784253150224685669e-03 -2.738642692565917969e-01
1.226768940687179565e-01 1.464114934206008911e-01 3.306967671960592270e-03 2.157623320817947388e-02
1.256051212549209595e-01 3.414858579635620117e-01 3.738492494449019432e-03 -2.700614631175994873e-01
1.324348449707031250e-01 1.463107615709304810e-01 -1.662737107835710049e-03 2.379824407398700714e-02
1.353610605001449585e-01 3.414565324783325195e-01 -1.186772249639034271e-03 -2.694088220596313477e-01
1.421901881694793701e-01 1.463515311479568481e-01 -6.574948783963918686e-03 2.289954386651515961e-02
1.451172232627868652e-01 -4.867552220821380615e-02 -6.116957869380712509e-03 3.135007619857788086e-01
1.441437155008316040e-01 1.465330272912979126e-01 1.530573645140975714e-04 1.889504119753837585e-02
1.470743715763092041e-01 3.416527807712554932e-01 5.309581756591796875e-04 -2.737395763397216797e-01
1.539074182510375977e-01 1.465232670307159424e-01 -4.943833686411380768e-03 1.911075413227081299e-02
1.568378955125808716e-01 -4.852743819355964661e-02 -4.561618436127901077e-03 3.102297484874725342e-01
1.558673381805419922e-01 1.466592103242874146e-01 1.642976538278162479e-03 1.611172035336494446e-02
1.588005274534225464e-01 3.417575657367706299e-01 1.965211005881428719e-03 -2.760523855686187744e-01
1.656356751918792725e-01 1.466076225042343140e-01 -3.555836621671915054e-03 1.724973134696483612e-02
1.685678362846374512e-01 3.417803943157196045e-01 -3.210841910913586617e-03 -2.765529751777648926e-01
1.754034310579299927e-01 1.467043906450271606e-01 -8.741901256144046783e-03 1.511552091687917709e-02
1.783375293016433716e-01 -4.829110577702522278e-02 -8.439591154456138611e-03 3.050275146961212158e-01
1.773716956377029419e-01 1.469500958919525146e-01 -2.339041093364357948e-03 9.694927372038364410e-03
1.803107112646102905e-01 3.421055078506469727e-01 -2.145142527297139168e-03 -2.837250828742980957e-01
1.871528178453445435e-01 1.470142155885696411e-01 -7.819644175469875336e-03 8.280512876808643341e-03
1.900931000709533691e-01 -4.799471795558929443e-02 -7.654033601284027100e-03 2.984860241413116455e-01
1.891332119703292847e-01 1.472354978322982788e-01 -1.684313174337148666e-03 3.399017732590436935e-03
1.920779198408126831e-01 3.423815667629241943e-01 -1.616332912817597389e-03 -2.898148596286773682e-01
1.989255398511886597e-01 1.472827047109603882e-01 -7.412630133330821991e-03 2.357860794290900230e-03
2.018712013959884644e-01 -4.773216322064399719e-02 -7.365472614765167236e-03 2.926928400993347168e-01
2.009165585041046143e-01 1.474940180778503418e-01 -1.511616283096373081e-03 -2.303943270817399025e-03
2.038664370775222778e-01 3.426376283168792725e-01 -1.557695097289979458e-03 -2.954634130001068115e-01
2.107191830873489380e-01 1.475379168987274170e-01 -7.466963492333889008e-03 -3.272172529250383377e-03
2.136699408292770386e-01 -4.747616127133369446e-02 -7.532407063990831375e-03 2.870455086231231689e-01
2.127204239368438721e-01 1.477523893117904663e-01 -1.791496644727885723e-03 -8.003519847989082336e-03
2.156754732131958008e-01 3.429000079631805420e-01 -1.951567013747990131e-03 -3.012511432170867920e-01
2.225334793329238892e-01 1.478059142827987671e-01 -7.976589724421501160e-03 -9.184342809021472931e-03
2.254895865917205811e-01 -4.720073938369750977e-02 -8.160277269780635834e-03 2.809712290763854980e-01
2.245455831289291382e-01 1.480366587638854980e-01 -2.540852176025509834e-03 -1.427420042455196381e-02
2.275063097476959229e-01 3.431949615478515625e-01 -2.826336072757840157e-03 -3.077577054500579834e-01
2.343702018260955811e-01 1.481133848428726196e-01 -8.981490507721900940e-03 -1.596747525036334991e-02
2.373324781656265259e-01 -4.687861353158950806e-02 -9.300840087234973907e-03 2.738682031631469727e-01
2.363948971033096313e-01 1.483747959136962891e-01 -3.823475679382681847e-03 -2.173365466296672821e-02
2.393624037504196167e-01 3.435513675212860107e-01 -4.258148837834596634e-03 -3.156204819679260254e-01
2.462334334850311279e-01 1.484903395175933838e-01 -1.057055778801441193e-02 -2.428346127271652222e-02
2.492032349109649658e-01 -4.647843912243843079e-02 -1.105622760951519012e-02 2.650456726551055908e-01
2.482736706733703613e-01 1.487995535135269165e-01 -5.755313672125339508e-03 -3.110387548804283142e-02
2.512496709823608398e-01 -4.623939096927642822e-02 -6.377391517162322998e-03 2.597576379776000977e-01
2.503248751163482666e-01 1.489730179309844971e-01 -1.182238454930484295e-03 -3.492995351552963257e-02
2.533043324947357178e-01 3.441119194030761719e-01 -1.880837604403495789e-03 -3.279856443405151367e-01
2.601865530014038086e-01 1.490167826414108276e-01 -8.440550416707992554e-03 -3.589645400643348694e-02
2.631669044494628906e-01 -4.598312079906463623e-02 -9.158479981124401093e-03 2.541114985942840576e-01
2.622472345829010010e-01 1.492683887481689453e-01 -4.076249897480010986e-03 -4.144605621695518494e-02
2.652326226234436035e-01 -4.579486697912216187e-02 -4.905171226710081100e-03 2.499479949474334717e-01
2.643167078495025635e-01 1.493967920541763306e-01 9.378868708154186606e-05 -4.427808150649070740e-02
2.673046588897705078e-01 3.445173799991607666e-01 -7.917729672044515610e-04 -3.369314074516296387e-01
2.741949856281280518e-01 1.494067162275314331e-01 -7.530401460826396942e-03 -4.449827969074249268e-02
2.771831154823303223e-01 -4.560644552111625671e-02 -8.420366793870925903e-03 2.457992583513259888e-01
2.762709856033325195e-01 1.496347486972808838e-01 -3.504381747916340828e-03 -4.952771589159965515e-02
2.792637050151824951e-01 -4.543677717447280884e-02 -4.494936205446720123e-03 2.420474886894226074e-01
2.783549726009368896e-01 1.497491002082824707e-01 3.460137813817709684e-04 -5.204986035823822021e-02
2.813499271869659424e-01 3.448660671710968018e-01 -6.949834059923887253e-04 -3.446235954761505127e-01
2.882472574710845947e-01 1.497540175914764404e-01 -7.587455213069915771e-03 -5.215990543365478516e-02
2.912423312664031982e-01 -4.525831714272499084e-02 -8.630653843283653259e-03 2.381194978952407837e-01
2.903371751308441162e-01 1.499858647584915161e-01 -3.868263680487871170e-03 -5.727325007319450378e-02
2.933368980884552002e-01 -4.508040845394134521e-02 -5.013728514313697815e-03 2.341867089271545410e-01
2.924352884292602539e-01 1.501128226518630981e-01 -3.299945092294365168e-04 -6.007348746061325073e-02
2.954375445842742920e-01 3.452394902706146240e-01 -1.531464280560612679e-03 -3.528605103492736816e-01
3.023423254489898682e-01 1.501393616199493408e-01 -8.588674478232860565e-03 -6.066089123487472534e-02
3.053451180458068848e-01 -4.485840350389480591e-02 -9.801892563700675964e-03 2.292999178171157837e-01
3.044479489326477051e-01 1.504022330045700073e-01 -5.215893965214490891e-03 -6.645867973566055298e-02
3.074559867382049561e-01 -4.464454576373100281e-02 -6.545067299157381058e-03 2.245740443468093872e-01
3.065631091594696045e-01 1.505703330039978027e-01 -2.053586300462484360e-03 -7.016623765230178833e-02
3.095745146274566650e-01 -4.452211409807205200e-02 -3.456911072134971619e-03 2.218680679798126221e-01
3.086840808391571045e-01 1.506490707397460938e-01 9.804503060877323151e-04 -7.190329581499099731e-02
3.116970658302307129e-01 3.457569479942321777e-01 -4.576156497932970524e-04 -3.642767369747161865e-01
3.186121881008148193e-01 1.506415158510208130e-01 -7.743149995803833008e-03 -7.173813134431838989e-02
3.216250240802764893e-01 -4.436857998371124268e-02 -9.177912957966327667e-03 2.184917777776718140e-01
3.207376599311828613e-01 1.508833616971969604e-01 -4.808077123016119003e-03 -7.707206904888153076e-02
3.237553238868713379e-01 -4.416933655738830566e-02 -6.349518429487943649e-03 2.140900194644927979e-01
3.228719234466552734e-01 1.510428190231323242e-01 -2.067718189209699631e-03 -8.058904111385345459e-02
3.258927762508392334e-01 -4.404943436384201050e-02 -3.679499030113220215e-03 2.114408016204833984e-01
3.250117897987365723e-01 1.511249244213104248e-01 5.493169301189482212e-04 -8.240053802728652954e-02
3.280342817306518555e-01 3.462390005588531494e-01 -1.098693930543959141e-03 -3.749101161956787109e-01
3.349590897560119629e-01 1.511326730251312256e-01 -8.596896193921566010e-03 -8.257380872964859009e-02
3.379817306995391846e-01 -4.386499151587486267e-02 -1.024837233126163483e-02 2.073844224214553833e-01
3.371044397354125977e-01 1.514019966125488281e-01 -6.100683473050594330e-03 -8.851363509893417358e-02
3.401324748992919922e-01 -4.363198205828666687e-02 -7.870956324040889740e-03 2.022382915019989014e-01
3.392598330974578857e-01 1.516016423702239990e-01 -3.826190484687685966e-03 -9.291711449623107910e-02
3.422918617725372314e-01 -4.346525296568870544e-02 -5.684532690793275833e-03 1.985561996698379517e-01
3.414225578308105469e-01 1.517375409603118896e-01 -1.713408972136676311e-03 -9.591450542211532593e-02
3.444572985172271729e-01 -4.335981234908103943e-02 -3.631699131801724434e-03 1.962273567914962769e-01
3.435901105403900146e-01 1.518138945102691650e-01 2.928479225374758244e-04 -9.759899973869323730e-02
3.466264009475708008e-01 -4.331225156784057617e-02 -1.659132074564695358e-03 1.951763033866882324e-01
3.457601368427276611e-01 1.518334001302719116e-01 2.244394039735198021e-03 -9.802954643964767456e-02
3.487968146800994873e-01 3.469231128692626953e-01 2.838030632119625807e-04 -3.900035321712493896e-01
3.557352721691131592e-01 1.517971307039260864e-01 -7.516267243772745132e-03 -9.723113477230072021e-02
3.587712049484252930e-01 -4.321629554033279419e-02 -9.460889734327793121e-03 1.930709779262542725e-01
3.579068779945373535e-01 1.520397067070007324e-01 -5.599470343440771103e-03 -1.025813743472099304e-01
3.609476983547210693e-01 -4.300155118107795715e-02 -7.651098072528839111e-03 1.883296817541122437e-01
3.600876629352569580e-01 1.522290259599685669e-01 -3.884504316374659538e-03 -1.067570000886917114e-01
3.631322383880615234e-01 -4.283704608678817749e-02 -6.019644439220428467e-03 1.846978515386581421e-01
3.622754812240600586e-01 1.523705124855041504e-01 -2.325687324628233910e-03 -1.098779514431953430e-01
3.653229176998138428e-01 -4.271803423762321472e-02 -4.523246083408594131e-03 1.820703297853469849e-01
3.644685447216033936e-01 1.524683535099029541e-01 -8.818396599963307381e-04 -1.120360791683197021e-01
3.675179183483123779e-01 -4.264095425605773926e-02 -3.122561145573854446e-03 1.803684979677200317e-01
3.666650950908660889e-01 1.525255441665649414e-01 4.848088428843766451e-04 -1.132978424429893494e-01
3.697156012058258057e-01 -4.260335490107536316e-02 -1.781148021109402180e-03 1.795379966497421265e-01
3.688635230064392090e-01 1.525440365076065063e-01 1.809612032957375050e-03 -1.137062832713127136e-01
3.719144165515899658e-01 3.476400077342987061e-01 -4.645137232728302479e-04 -4.058177471160888672e-01
3.788672089576721191e-01 1.525246500968933105e-01 -8.580868132412433624e-03 -1.132813021540641785e-01
3.819177150726318359e-01 -4.247329756617546082e-02 -1.084649469703435898e-02 1.766821146011352539e-01
3.810682296752929688e-01 1.528021842241287231e-01 -7.312852423638105392e-03 -1.194026842713356018e-01
3.841242790222167969e-01 -4.221423342823982239e-02 -9.700905531644821167e-03 1.709641516208648682e-01
3.832800090312957764e-01 1.530452072620391846e-01 -6.281622685492038727e-03 -1.247632503509521484e-01
3.863409161567687988e-01 -4.198618605732917786e-02 -8.776888251304626465e-03 1.659312844276428223e-01
3.855011761188507080e-01 1.532602906227111816e-01 -5.458261817693710327e-03 -1.295075267553329468e-01
3.885663747787475586e-01 -4.178303852677345276e-02 -8.048412390053272247e-03 1.614484041929244995e-01
3.877307176589965820e-01 1.534532010555267334e-01 -4.819444380700588226e-03 -1.337626874446868896e-01
3.907997906208038330e-01 -4.159938544034957886e-02 -7.494698278605937958e-03 1.573958843946456909e-01
3.899677991867065430e-01 1.536290645599365234e-01 -4.346780478954315186e-03 -1.376419812440872192e-01
3.930403888225555420e-01 -4.143036156892776489e-02 -7.099620066583156586e-03 1.536664366722106934e-01
3.922117650508880615e-01 1.537925302982330322e-01 -4.026291426271200180e-03 -1.412477791309356689e-01
3.952876329421997070e-01 -4.127153381705284119e-02 -6.851246580481529236e-03 1.501622051000595093e-01
3.944621980190277100e-01 1.539478451013565063e-01 -3.848002525046467781e-03 -1.446742415428161621e-01
3.975411653518676758e-01 -4.111878201365470886e-02 -6.741487421095371246e-03 1.467922329902648926e-01
3.967187702655792236e-01 1.540990620851516724e-01 -3.805642947554588318e-03 -1.480098664760589600e-01
3.998007476329803467e-01 -4.096819087862968445e-02 -6.765840109437704086e-03 1.434700340032577515e-01
3.989813923835754395e-01 1.542499959468841553e-01 -3.896439215168356895e-03 -1.513396948575973511e-01
4.020664095878601074e-01 -4.081594198942184448e-02 -6.923233158886432648e-03 1.401114463806152344e-01
4.012500643730163574e-01 1.544044762849807739e-01 -4.121004138141870499e-03 -1.547475755214691162e-01
4.043381810188293457e-01 -4.065822437405586243e-02 -7.215955294668674469e-03 1.366324275732040405e-01
4.035249948501586914e-01 1.545663326978683472e-01 -4.483306780457496643e-03 -1.583182662725448608e-01
4.066163301467895508e-01 -4.049114137887954712e-02 -7.649672217667102814e-03 1.329469233751296997e-01
4.058065116405487061e-01 1.547395437955856323e-01 -4.990733694285154343e-03 -1.621395200490951538e-01
4.089013040065765381e-01 -4.031060636043548584e-02 -8.233523927628993988e-03 1.289647966623306274e-01
4.080950915813446045e-01 1.549283117055892944e-01 -5.654227919876575470e-03 -1.663042902946472168e-01
4.111936390399932861e-01 -4.011224210262298584e-02 -8.980314247310161591e-03 1.245895326137542725e-01
4.103914201259613037e-01 1.551372110843658447e-01 -6.488522980362176895e-03 -1.709129959344863892e-01
4.134941399097442627e-01 -3.989127650856971741e-02 -9.906782768666744232e-03 1.197159513831138611e-01
4.126963317394256592e-01 1.553712040185928345e-01 -7.512464188039302826e-03 -1.760759353637695312e-01
4.158037602901458740e-01 -3.964243456721305847e-02 -1.103398296982049942e-02 1.142276152968406677e-01
4.150108993053436279e-01 1.556358635425567627e-01 -8.749430999159812927e-03 -1.819159239530563354e-01
4.181236326694488525e-01 -3.935980051755905151e-02 -1.238774880766868591e-02 1.079940795898437500e-01
4.173364341259002686e-01 1.559374630451202393e-01 -1.022786740213632584e-02 -1.885712444782257080e-01
4.204551577568054199e-01 -3.903668746352195740e-02 -1.399929262697696686e-02 1.008677333593368530e-01
4.196744263172149658e-01 1.562830656766891479e-01 -1.198193803429603577e-02 -1.961988508701324463e-01
4.228000938892364502e-01 -3.866546228528022766e-02 -1.590591482818126678e-02 9.268035739660263062e-02
4.220267832279205322e-01 -2.335558682680130005e-01 -1.405230723321437836e-02 3.803028464317321777e-01
4.173556864261627197e-01 -3.823721036314964294e-02 -6.446250714361667633e-03 8.322254568338394165e-02
4.165909290313720703e-01 1.569765508174896240e-01 -4.781799856573343277e-03 -2.114872038364410400e-01
4.197304546833038330e-01 -3.807670995593070984e-02 -9.011544287204742432e-03 7.968349754810333252e-02
4.189689159393310547e-01 -2.330683320760726929e-01 -7.417873945087194443e-03 3.695096969604492188e-01
4.143075644969940186e-01 -3.784176707267761230e-02 -2.768005288089625537e-05 7.449707388877868652e-02
4.135507345199584961e-01 1.572805792093276978e-01 1.462261541746556759e-03 -2.181945890188217163e-01
4.166963398456573486e-01 -3.786224499344825745e-02 -2.901630243286490440e-03 7.494924217462539673e-02
4.159390926361083984e-01 1.573011875152587891e-01 -1.402645255438983440e-03 -2.186477482318878174e-01
4.190851151943206787e-01 -3.780068829655647278e-02 -5.775600206106901169e-03 7.359240204095840454e-02
4.183290898799896240e-01 1.574035882949829102e-01 -4.303751979023218155e-03 -2.209071367979049683e-01
4.214771687984466553e-01 -3.765658661723136902e-02 -8.721894584596157074e-03 7.041510194540023804e-02
4.207240343093872070e-01 -2.326524108648300171e-01 -7.313592825084924698e-03 3.603335320949554443e-01
4.160709977149963379e-01 -3.742727264761924744e-02 -1.069225545506924391e-04 6.535345315933227539e-02
4.153224527835845947e-01 1.576962172985076904e-01 1.200146623887121677e-03 -2.273631989955902100e-01
4.184763729572296143e-01 -3.744287043809890747e-02 -3.347117453813552856e-03 6.569804996252059937e-02
4.177275002002716064e-01 1.577269136905670166e-01 -2.033156575635075569e-03 -2.280390262603759766e-01
4.208820462226867676e-01 -3.736592829227447510e-02 -6.593937054276466370e-03 6.400187313556671143e-02
4.201347231864929199e-01 -2.323927134275436401e-01 -5.313899368047714233e-03 3.545970916748046875e-01
4.154868721961975098e-01 -3.719561547040939331e-02 1.778042525984346867e-03 6.024330109357833862e-02
4.147429764270782471e-01 1.579007953405380249e-01 2.982908394187688828e-03 -2.318781167268753052e-01
4.179009795188903809e-01 -3.726365044713020325e-02 -1.654653693549335003e-03 6.174422800540924072e-02
4.171557128429412842e-01 1.578819900751113892e-01 -4.197691450826823711e-04 -2.314602881669998169e-01
4.203133583068847656e-01 -3.723396360874176025e-02 -5.048974882811307907e-03 6.109019741415977478e-02
4.195686578750610352e-01 -2.322831600904464722e-01 -3.827170934528112411e-03 3.521758615970611572e-01
4.149230122566223145e-01 -3.710699453949928284e-02 3.216346260160207748e-03 5.828858166933059692e-02
4.141808748245239258e-01 1.579686850309371948e-01 4.382118117064237595e-03 -2.333778291940689087e-01
4.173402488231658936e-01 -3.721559792757034302e-02 -2.854386693798005581e-04 6.068412959575653076e-02
4.165959358215332031e-01 1.579104512929916382e-01 9.282439132221043110e-04 -2.320888489484786987e-01
4.197541475296020508e-01 -3.722475841641426086e-02 -3.713532816618680954e-03 6.088674068450927734e-02
4.190096557140350342e-01 -2.322932630777359009e-01 -2.495798049494624138e-03 3.523957133293151855e-01
4.143637716770172119e-01 -3.713591396808624268e-02 4.552116151899099350e-03 5.892682820558547974e-02
4.136210680007934570e-01 1.579204648733139038e-01 5.730652716010808945e-03 -2.323164045810699463e-01
4.167794585227966309e-01 -3.728289157152175903e-02 1.084324670955538750e-03 6.216863915324211121e-02
4.160338044166564941e-01 1.578234881162643433e-01 2.327697351574897766e-03 -2.301719784736633301e-01
4.191902875900268555e-01 -3.733164072036743164e-02 -2.275742124766111374e-03 6.324427574872970581e-02
4.184436500072479248e-01 1.578228622674942017e-01 -1.010856707580387592e-03 -2.301557958126068115e-01
4.216001033782958984e-01 -3.728462755680084229e-02 -5.613972432911396027e-03 6.220810115337371826e-02
4.208544194698333740e-01 -2.323256433010101318e-01 -4.369810689240694046e-03 3.531145155429840088e-01
4.162079095840454102e-01 -3.714182227849960327e-02 2.692479640245437622e-03 5.905686318874359131e-02
4.154650568962097168e-01 1.579414159059524536e-01 3.873616922646760941e-03 -2.327753603458404541e-01
4.186238944530487061e-01 -3.723566606640815735e-02 -7.818902377039194107e-04 6.112691760063171387e-02
4.178791642189025879e-01 1.578974872827529907e-01 4.406481457408517599e-04 -2.318025976419448853e-01
4.210371375083923340e-01 -3.723075613379478455e-02 -4.195403773337602615e-03 6.101929023861885071e-02
4.202925264835357666e-01 -2.322923094034194946e-01 -2.975017996504902840e-03 3.523755967617034912e-01
4.156466722488403320e-01 -3.712817281484603882e-02 4.072493873536586761e-03 5.875603854656219482e-02
4.149041175842285156e-01 1.579351425170898438e-01 5.247614812105894089e-03 -2.326392084360122681e-01
4.180628061294555664e-01 -3.726138919591903687e-02 5.948303733021020889e-04 6.169435754418373108e-02
4.173175692558288574e-01 1.578520238399505615e-01 1.828717533499002457e-03 -2.308008372783660889e-01
4.204746186733245850e-01 -3.729600459337234497e-02 -2.787299221381545067e-03 6.245836615562438965e-02
4.197286963462829590e-01 1.578657925128936768e-01 -1.538131851702928543e-03 -2.311026602983474731e-01
4.228860139846801758e-01 -3.723414242267608643e-02 -6.160185206681489944e-03 6.109468638896942139e-02
4.221413433551788330e-01 -2.322672307491302490e-01 -4.938291385769844055e-03 3.518276810646057129e-01
4.174959957599639893e-01 -3.707540035247802734e-02 2.098262310028076172e-03 5.759166181087493896e-02
4.167544841766357422e-01 1.580163985490798950e-01 3.250095527619123459e-03 -2.344285100698471069e-01
4.199148118495941162e-01 -3.715183585882186890e-02 -1.438474748283624649e-03 5.927782505750656128e-02
4.191717803478240967e-01 1.579907089471817017e-01 -2.529182529542595148e-04 -2.338586002588272095e-01
4.223315715789794922e-01 -3.712762519717216492e-02 -4.930090159177780151e-03 5.874453485012054443e-02
4.215890467166900635e-01 -2.321785390377044678e-01 -3.755199722945690155e-03 3.498679101467132568e-01
4.169454574584960938e-01 -3.700338676571846008e-02 3.242158563807606697e-03 5.600321665406227112e-02
4.162054061889648438e-01 1.580719202756881714e-01 4.362223204225301743e-03 -2.356550246477127075e-01
4.193668365478515625e-01 -3.711207583546638489e-02 -3.508774389047175646e-04 5.840068683028221130e-02
4.186245799064636230e-01 1.580149084329605103e-01 8.171363151632249355e-04 -2.343929260969161987e-01
4.217848777770996094e-01 -3.711871057748794556e-02 -3.870722139254212379e-03 5.854764208197593689e-02
4.210425019264221191e-01 -2.321849465370178223e-01 -2.699769334867596626e-03 3.500068187713623047e-01
4.163988232612609863e-01 -3.702470660209655762e-02 4.300367087125778198e-03 5.647378787398338318e-02
4.156583249568939209e-01 1.580353230237960815e-01 5.429842974990606308e-03 -2.348492443561553955e-01
4.188190400600433350e-01 -3.716379031538963318e-02 7.328579085879027843e-04 5.954146757721900940e-02
4.180757403373718262e-01 1.579476445913314819e-01 1.923687290400266647e-03 -2.329101413488388062e-01
4.212346971035003662e-01 -3.720173612236976624e-02 -2.734515583142638206e-03 6.037895381450653076e-02
4.204906821250915527e-01 1.579593122005462646e-01 -1.526936539448797703e-03 -2.331654727458953857e-01
4.236498475074768066e-01 -3.714078664779663086e-02 -6.190245971083641052e-03 5.903541669249534607e-02
4.229070544242858887e-01 -2.321734428405761719e-01 -5.009537562727928162e-03 3.497588634490966797e-01
4.182635843753814697e-01 -3.698059916496276855e-02 1.985639566555619240e-03 5.550048500299453735e-02
4.175239503383636475e-01 1.581128239631652832e-01 3.095649182796478271e-03 -2.365552932024002075e-01
4.206862151622772217e-01 -3.705321624875068665e-02 -1.635456690564751625e-03 5.710248276591300964e-02
4.199451506137847900e-01 1.580921411514282227e-01 -4.934070748277008533e-04 -2.360959947109222412e-01
4.231069982051849365e-01 -3.702275082468986511e-02 -5.215326789766550064e-03 5.643125623464584351e-02
4.223665297031402588e-01 -2.320695370435714722e-01 -4.086701665073633194e-03 3.474641442298889160e-01
4.177251458168029785e-01 -3.688969835638999939e-02 2.862581284716725349e-03 5.349535122513771057e-02
4.169873595237731934e-01 1.581910848617553711e-01 3.932488150894641876e-03 -2.382830381393432617e-01
4.201511740684509277e-01 -3.698681667447090149e-02 -8.331724093295633793e-04 5.563771352171897888e-02
4.194114506244659424e-01 1.581470668315887451e-01 2.795819018501788378e-04 -2.373079657554626465e-01
4.225743710994720459e-01 -3.697887435555458069e-02 -4.466577433049678802e-03 5.546313524246215820e-02
4.218347966670989990e-01 -2.320365011692047119e-01 -3.357314737513661385e-03 3.467334806919097900e-01
4.171940684318542480e-01 -3.686695173382759094e-02 3.577354829758405685e-03 5.299376696348190308e-02
4.164567291736602783e-01 1.582035273313522339e-01 4.637230187654495239e-03 -2.385583370923995972e-01
4.196208119392395020e-01 -3.698436915874481201e-02 -1.339364680461585522e-04 5.558369681239128113e-02
4.188811182975769043e-01 1.581394970417022705e-01 9.777374798431992531e-04 -2.371414899826049805e-01
4.220439195632934570e-01 -3.699640557169914246e-02 -3.765092231333255768e-03 5.584968626499176025e-02
4.213039875030517578e-01 -2.320641726255416870e-01 -2.648098627105355263e-03 3.473423123359680176e-01
4.166626930236816406e-01 -3.690465167164802551e-02 4.298747982829809189e-03 5.382553488016128540e-02
4.159246087074279785e-01 1.581553965806961060e-01 5.375258624553680420e-03 -2.374980151653289795e-01
4.190877079963684082e-01 -3.704293072223663330e-02 6.252984749153256416e-04 5.687557533383369446e-02
4.183468520641326904e-01 1.580700427293777466e-01 1.762810046784579754e-03 -2.356099933385848999e-01
4.215082526206970215e-01 -3.707704320549964905e-02 -2.949389861896634102e-03 5.762845277786254883e-02
4.207667112350463867e-01 1.580870747566223145e-01 -1.796820899471640587e-03 -2.359835654497146606e-01
4.239284694194793701e-01 -3.700916096568107605e-02 -6.516492459923028946e-03 5.613204464316368103e-02
4.231882691383361816e-01 -2.320370674133300781e-01 -5.393851548433303833e-03 3.467518687248229980e-01
4.185475409030914307e-01 -3.683881834149360657e-02 1.541185891255736351e-03 5.237295478582382202e-02
4.178107678890228271e-01 1.582610011100769043e-01 2.588645089417695999e-03 -2.398233115673065186e-01
4.209759831428527832e-01 -3.689783439040184021e-02 -2.207821467891335487e-03 5.367501452565193176e-02
4.202380180358886719e-01 -2.319880574941635132e-01 -1.134321093559265137e-03 3.456605374813079834e-01
4.155982434749603271e-01 -3.684999048709869385e-02 5.778889637440443039e-03 5.262013524770736694e-02
4.148612618446350098e-01 1.581886261701583862e-01 6.831292528659105301e-03 -2.382339239120483398e-01
4.180250167846679688e-01 -3.703024983406066895e-02 2.066614106297492981e-03 5.659594759345054626e-02
4.172844290733337402e-01 1.580620110034942627e-01 3.198533086106181145e-03 -2.354342341423034668e-01
4.204456508159637451e-01 -3.710549324750900269e-02 -1.510151661932468414e-03 5.825589224696159363e-02
4.197035431861877441e-01 1.580380797386169434e-01 -3.450337972026318312e-04 -2.349031120538711548e-01
4.228643178939819336e-01 -3.707894310355186462e-02 -5.043095909059047699e-03 5.767095834016799927e-02
4.221227467060089111e-01 -2.321282178163528442e-01 -3.889676881954073906e-03 3.487584888935089111e-01
4.174801707267761230e-01 -3.695116564631462097e-02 3.085492877289652824e-03 5.485156178474426270e-02
4.167411625385284424e-01 1.581264138221740723e-01 4.182524047791957855e-03 -2.368562817573547363e-01
4.199036657810211182e-01 -3.705504909157752991e-02 -5.546014290302991867e-04 5.714300647377967834e-02
4.191625714302062988e-01 1.580748558044433594e-01 5.882587283849716187e-04 -2.357148528099060059e-01
4.223240613937377930e-01 -3.705549985170364380e-02 -4.126038402318954468e-03 5.715357512235641479e-02
4.215829670429229736e-01 -2.321180552244186401e-01 -2.982966834679245949e-03 3.485318422317504883e-01
4.169405996799468994e-01 -3.695379942655563354e-02 3.987670410424470901e-03 5.490979179739952087e-02
4.162015318870544434e-01 1.581107527017593384e-01 5.085865966975688934e-03 -2.365123331546783447e-01
4.193637371063232422e-01 -3.708349168300628662e-02 3.556194133125245571e-04 5.777047947049140930e-02
4.186220765113830566e-01 1.580333560705184937e-01 1.511029084213078022e-03 -2.348002195358276367e-01
4.217827320098876953e-01 -3.711014986038208008e-02 -3.184975357726216316e-03 5.835894495248794556e-02
4.210405349731445312e-01 1.580573171377182007e-01 -2.017796505242586136e-03 -2.353271543979644775e-01
4.242016971111297607e-01 -3.703574091196060181e-02 -6.724339909851551056e-03 5.671861022710800171e-02
4.234609603881835938e-01 -2.320606410503387451e-01 -5.589967593550682068e-03 3.472723960876464844e-01
4.188197553157806396e-01 -3.685962036252021790e-02 1.355480286292731762e-03 5.283200740814208984e-02
4.180825650691986084e-01 1.582428663969039917e-01 2.412120345979928970e-03 -2.394229471683502197e-01
4.212474226951599121e-01 -3.691345825791358948e-02 -2.376338467001914978e-03 5.401985347270965576e-02
4.205091595649719238e-01 -2.320012599229812622e-01 -1.295941416174173355e-03 3.459520936012268066e-01
4.158691167831420898e-01 -3.686089441180229187e-02 5.623100325465202332e-03 5.286077782511711121e-02
4.151318967342376709e-01 1.581799834966659546e-01 6.680315826088190079e-03 -2.380427271127700806e-01
4.182955026626586914e-01 -3.703676536679267883e-02 1.919461181387305260e-03 5.673985928297042847e-02
4.175547659397125244e-01 1.580576151609420776e-01 3.054258413612842560e-03 -2.353368401527404785e-01
4.207159280776977539e-01 -3.710784390568733215e-02 -1.652478589676320553e-03 5.830792337656021118e-02
4.199737608432769775e-01 1.580377668142318726e-01 -4.863201465923339128e-04 -2.348959147930145264e-01
4.231345355510711670e-01 -3.707723692059516907e-02 -5.184238310903310776e-03 5.763357132673263550e-02
4.223929643630981445e-01 -2.321244776248931885e-01 -4.031566902995109558e-03 3.486763238906860352e-01
4.177504777908325195e-01 -3.694541752338409424e-02 2.941959770396351814e-03 5.472484976053237915e-02
4.170115888118743896e-01 1.581342220306396484e-01 4.036456812173128128e-03 -2.370284199714660645e-01
4.201742708683013916e-01 -3.704515844583511353e-02 -7.041117059998214245e-04 5.692499130964279175e-02
4.194333553314208984e-01 1.580868810415267944e-01 4.343881155364215374e-04 -2.359800040721893311e-01
4.225951135158538818e-01 -3.704127296805381775e-02 -4.285212140530347824e-03 5.683990940451622009e-02
4.218542873859405518e-01 -2.321015149354934692e-01 -3.148413728922605515e-03 3.481677472591400146e-01
4.172122478485107422e-01 -3.693492710590362549e-02 3.814941039308905602e-03 5.449368059635162354e-02
4.164735376834869385e-01 1.581321209669113159e-01 4.904814530164003372e-03 -2.369831651449203491e-01
4.196361899375915527e-01 -3.705956414341926575e-02 1.651513448450714350e-04 5.724284052848815918e-02
4.188950061798095703e-01 1.580600142478942871e-01 1.310008228756487370e-03 -2.353879809379577637e-01
4.220561981201171875e-01 -3.708062693476676941e-02 -3.397751366719603539e-03 5.770788341760635376e-02
4.213145971298217773e-01 -2.321536988019943237e-01 -2.243593800812959671e-03 3.493168652057647705e-01
4.166715145111083984e-01 -3.699990734457969666e-02 4.742743447422981262e-03 5.592729896306991577e-02
4.159315228462219238e-01 1.580537259578704834e-01 5.861289333552122116e-03 -2.352554947137832642e-01
4.190925955772399902e-01 -3.715148195624351501e-02 1.156179583631455898e-03 5.927048996090888977e-02
4.183495640754699707e-01 1.579538732767105103e-01 2.341589424759149551e-03 -2.330474257469177246e-01
4.215086400508880615e-01 -3.720145672559738159e-02 -2.319359220564365387e-03 6.037319079041481018e-02
4.207645952701568604e-01 1.579536795616149902e-01 -1.111895428039133549e-03 -2.330406010150909424e-01
4.239236712455749512e-01 -3.715237230062484741e-02 -5.772707518190145493e-03 5.929138511419296265e-02
4.231806397438049316e-01 -2.321910858154296875e-01 -4.586880095303058624e-03 3.501473963260650635e-01
4.185368120670318604e-01 -3.700419887900352478e-02 2.416068222373723984e-03 5.602161958813667297e-02
4.177967309951782227e-01 1.580830216407775879e-01 3.536500502377748489e-03 -2.358980327844619751e-01
4.209583997726440430e-01 -3.708926960825920105e-02 -1.181460218504071236e-03 5.789830535650253296e-02
4.202165901660919189e-01 1.580495983362197876e-01 -2.349406349821947515e-05 -2.351571470499038696e-01
4.233776032924652100e-01 -3.707201406359672546e-02 -4.726637154817581177e-03 5.751837044954299927e-02
4.226361513137817383e-01 -2.321258783340454102e-01 -3.576269606128334999e-03 3.487062752246856689e-01
4.179936349391937256e-01 -3.695324435830116272e-02 3.397855907678604126e-03 5.489777028560638428e-02
4.172545671463012695e-01 1.581198275089263916e-01 4.495811183005571365e-03 -2.367111742496490479e-01
4.204169809818267822e-01 -3.706606850028038025e-02 -2.384121762588620186e-04 5.738647282123565674e-02
4.196756482124328613e-01 1.580592989921569824e-01 9.093172848224639893e-04 -2.353716641664505005e-01
4.228368401527404785e-01 -3.707563132047653198e-02 -3.798115998506546021e-03 5.759795010089874268e-02
4.220953285694122314e-01 -2.321429252624511719e-01 -2.646157052367925644e-03 3.490801155567169189e-01
4.174524545669555664e-01 -3.698343411087989807e-02 4.335445351898670197e-03 5.556395277380943298e-02
4.167127907276153564e-01 1.580760926008224487e-01 5.446724593639373779e-03 -2.357479631900787354e-01
4.198743104934692383e-01 -3.712325915694236755e-02 7.317652925848960876e-04 5.864804238080978394e-02
4.191318452358245850e-01 1.579881906509399414e-01 1.904726144857704639e-03 -2.338039129972457886e-01
4.222916066646575928e-01 -3.716092184185981750e-02 -2.771352184936404228e-03 5.947921052575111389e-02
4.215483963489532471e-01 1.580006629228591919e-01 -1.581768039613962173e-03 -2.340768128633499146e-01
4.247083961963653564e-01 -3.709866106510162354e-02 -6.263304036110639572e-03 5.810676142573356628e-02
4.239664375782012939e-01 -2.321302443742752075e-01 -5.101168993860483170e-03 3.488070070743560791e-01
4.193238317966461182e-01 -3.693611919879913330e-02 1.874971203505992889e-03 5.451988428831100464e-02
4.185850918292999268e-01 1.581588983535766602e-01 2.965368796139955521e-03 -2.375708818435668945e-01
4.217482805252075195e-01 -3.700529038906097412e-02 -1.786048873327672482e-03 5.604592710733413696e-02
4.210081696510314941e-01 1.581422239542007446e-01 -6.651302683167159557e-04 -2.371999770402908325e-01
4.241710305213928223e-01 -3.697022050619125366e-02 -5.409129895269870758e-03 5.527307465672492981e-02
4.234316051006317139e-01 -2.320141941308975220e-01 -4.303668159991502762e-03 3.462444841861724854e-01
4.187913239002227783e-01 -3.683129325509071350e-02 2.621221356093883514e-03 5.220756679773330688e-02
4.180546998977661133e-01 1.582529693841934204e-01 3.665372729301452637e-03 -2.396471947431564331e-01
4.212197661399841309e-01 -3.692114353179931641e-02 -1.127571100369095802e-03 5.418963730335235596e-02
4.204813539981842041e-01 1.582169532775878906e-01 -4.377829463919624686e-05 -2.388488352298736572e-01
4.236456751823425293e-01 -3.690436854958534241e-02 -4.820754751563072205e-03 5.382028594613075256e-02
4.229075908660888672e-01 -2.319568693637847900e-01 -3.744349349290132523e-03 3.449783325195312500e-01
4.182684719562530518e-01 -3.678185120224952698e-02 3.155217505991458893e-03 5.111702904105186462e-02
4.175328314304351807e-01 1.582947224378585815e-01 4.177558235824108124e-03 -2.405687272548675537e-01
4.206987023353576660e-01 -3.688666224479675293e-02 -6.338166422210633755e-04 5.342897772789001465e-02
4.199609756469726562e-01 1.582443714141845703e-01 4.347629146650433540e-04 -2.394538521766662598e-01
4.231258630752563477e-01 -3.688378632068634033e-02 -4.354314412921667099e-03 5.336617678403854370e-02
4.223881959915161133e-01 -2.319430410861968994e-01 -3.286990802735090256e-03 3.446721136569976807e-01
4.177493453025817871e-01 -3.677447885274887085e-02 3.606451442465186119e-03 5.095447972416877747e-02
4.170138537883758545e-01 1.582955718040466309e-01 4.625541158020496368e-03 -2.405883967876434326e-01
4.201797544956207275e-01 -3.689214587211608887e-02 -1.862270146375522017e-04 5.354994907975196838e-02
4.194419085979461670e-01 1.582324802875518799e-01 8.847719873301684856e-04 -2.391917258501052856e-01
4.226065576076507568e-01 -3.690210357308387756e-02 -3.899062518030405045e-03 5.377015098929405212e-02
4.218685328960418701e-01 -2.319679260253906250e-01 -2.823659451678395271e-03 3.452203571796417236e-01
4.172291755676269531e-01 -3.680592775344848633e-02 4.080747254192829132e-03 5.164835229516029358e-02
4.164930582046508789e-01 1.582572758197784424e-01 5.113714374601840973e-03 -2.397442758083343506e-01
4.196581840515136719e-01 -3.693735599517822266e-02 3.188289992976933718e-04 5.454726144671440125e-02
4.189194440841674805e-01 1.581800282001495361e-01 1.409774296917021275e-03 -2.380350530147552490e-01
4.220830500125885010e-01 -3.696203976869583130e-02 -3.350926795974373817e-03 5.509222298860549927e-02
4.213438034057617188e-01 -2.320357859134674072e-01 -2.249082317575812340e-03 3.467160165309906006e-01
4.167030751705169678e-01 -3.688191249966621399e-02 4.685238003730773926e-03 5.332473292946815491e-02
4.159654378890991211e-01 1.581725478172302246e-01 5.751732736825942993e-03 -2.378762960433959961e-01
4.191288948059082031e-01 -3.703110292553901672e-02 9.942069882526993752e-04 5.661533772945404053e-02
4.183882772922515869e-01 1.580765843391418457e-01 2.126513747498393059e-03 -2.357537448406219482e-01
4.215497970581054688e-01 -3.707568719983100891e-02 -2.588561037555336952e-03 5.759919062256813049e-02
4.208082854747772217e-01 1.580832749605178833e-01 -1.436577178537845612e-03 -2.358993142843246460e-01
4.239699542522430420e-01 -3.701811656355857849e-02 -6.154563743621110916e-03 5.633012205362319946e-02
4.232296049594879150e-01 -2.320512831211090088e-01 -5.027960985898971558e-03 3.470649123191833496e-01
4.185885787010192871e-01 -3.685817494988441467e-02 1.913336804136633873e-03 5.280072614550590515e-02
4.178514182567596436e-01 1.582362949848175049e-01 2.969351364299654961e-03 -2.392779141664505005e-01
4.210161268711090088e-01 -3.692795336246490479e-02 -1.816206960938870907e-03 5.434015020728111267e-02
4.202775657176971436e-01 1.582199931144714355e-01 -7.294039241969585419e-04 -2.389152497053146362e-01
4.234419763088226318e-01 -3.689153119921684265e-02 -5.507708992809057236e-03 5.353751406073570251e-02
4.227041304111480713e-01 -2.319340854883193970e-01 -4.436958581209182739e-03 3.444776237010955811e-01
4.180654585361480713e-01 -3.674929216504096985e-02 2.452593995258212090e-03 5.039887502789497375e-02
4.173304736614227295e-01 1.583373993635177612e-01 3.460571635514497757e-03 -2.415092289447784424e-01
4.204972386360168457e-01 -3.683380410075187683e-02 -1.369612989947199821e-03 5.226324126124382019e-02
4.197605550289154053e-01 1.583077609539031982e-01 -3.243481623940169811e-04 -2.408514916896820068e-01
4.229266941547393799e-01 -3.680955991148948669e-02 -5.141377914696931839e-03 5.172910913825035095e-02
4.221905171871185303e-01 -2.318574190139770508e-01 -4.106795880943536758e-03 3.427854478359222412e-01
4.175533652305603027e-01 -3.667727857828140259e-02 2.748913364484906197e-03 4.881033301353454590e-02
4.168198108673095703e-01 1.584051549434661865e-01 3.725120099261403084e-03 -2.430040240287780762e-01
4.199879169464111328e-01 -3.676981106400489807e-02 -1.134960446506738663e-03 5.085157230496406555e-02
4.192525148391723633e-01 -2.318754643201828003e-01 -1.179289902211166918e-04 3.431761860847473145e-01
4.146150052547454834e-01 -3.675184026360511780e-02 6.745595019310712814e-03 5.045608058571815491e-02
4.138799905776977539e-01 1.582727432250976562e-01 7.754716556519269943e-03 -2.400909364223480225e-01
4.170454442501068115e-01 -3.695912659168243408e-02 2.952897688373923302e-03 5.502791330218315125e-02
4.163062572479248047e-01 1.581203639507293701e-01 4.053455777466297150e-03 -2.367218881845474243e-01
4.194686710834503174e-01 -3.705926612019538879e-02 -6.809819606132805347e-04 5.723685771226882935e-02
4.187274873256683350e-01 1.580724418163299561e-01 4.637552192434668541e-04 -2.356608510017395020e-01
4.218889176845550537e-01 -3.705613315105438232e-02 -4.249461926519870758e-03 5.716832727193832397e-02
4.211477935314178467e-01 -2.321168929338455200e-01 -3.106095129624009132e-03 3.485074937343597412e-01
4.165054559707641602e-01 -3.695090487599372864e-02 3.864054800942540169e-03 5.484673008322715759e-02
4.157664477825164795e-01 1.581154316663742065e-01 4.960989113897085190e-03 -2.366145551204681396e-01
4.189287424087524414e-01 -3.707704693078994751e-02 2.286981034558266401e-04 5.762907490134239197e-02
4.181872010231018066e-01 1.580416262149810791e-01 1.381279667839407921e-03 -2.349816858768463135e-01
4.213480353355407715e-01 -3.710003569722175598e-02 -3.318354021757841110e-03 5.813661962747573853e-02
4.206060469150543213e-01 -2.321742475032806396e-01 -2.155621768906712532e-03 3.497707247734069824e-01
4.159625470638275146e-01 -3.702170774340629578e-02 4.839792847633361816e-03 5.640885233879089355e-02
4.152221381664276123e-01 1.580305099487304688e-01 5.967970006167888641e-03 -2.347431629896163940e-01
4.183827340602874756e-01 -3.717619553208351135e-02 1.273106900043785572e-03 5.981625989079475403e-02
4.176391959190368652e-01 1.579274833202362061e-01 2.469432074576616287e-03 -2.324647158384323120e-01
4.207977652549743652e-01 -3.722966834902763367e-02 -2.179862465709447861e-03 6.099612265825271606e-02
4.200531542301177979e-01 1.579234749078750610e-01 -9.599399636499583721e-04 -2.323737740516662598e-01
