-1.418407820165157318e-02 -3.051191940903663635e-02 2.562834508717060089e-02 7.835246622562408447e-03
-1.479431614279747009e-02 1.642332822084426880e-01 2.578504942357540131e-02 -2.766527235507965088e-01
-1.150965038686990738e-02 -3.124686144292354584e-02 2.025199495255947113e-02 2.404998801648616791e-02
-1.213458739221096039e-02 1.635788977146148682e-01 2.073299512267112732e-02 -2.621750235557556152e-01
-8.863009512424468994e-03 -3.183278068900108337e-02 1.548949349671602249e-02 3.697454184293746948e-02
-9.499665349721908569e-03 1.630636602640151978e-01 1.622898504137992859e-02 -2.507813274860382080e-01
-6.238392088562250137e-03 -3.228623420000076294e-02 1.121335756033658981e-02 4.697604477405548096e-02
-6.884116679430007935e-03 1.626731455326080322e-01 1.215287856757640839e-02 -2.421479821205139160e-01
-3.630653955042362213e-03 -3.262027353048324585e-02 7.309919223189353943e-03 5.434337258338928223e-02
-4.283059388399124146e-03 1.623961031436920166e-01 8.396786637604236603e-03 -2.360242754220962524e-01
-1.035137218423187733e-03 -3.284480050206184387e-02 3.676301101222634315e-03 5.929537490010261536e-02
-1.692033256404101849e-03 1.622242480516433716e-01 4.862208385020494461e-03 -2.322253882884979248e-01
1.552451751194894314e-03 -3.296683728694915771e-02 2.177007700083777308e-04 6.198726594448089600e-02
8.931149495765566826e-04 -2.280919104814529419e-01 1.457446138374507427e-03 3.547388613224029541e-01
-3.668723162263631821e-03 -3.299071267247200012e-02 8.552223443984985352e-03 6.251587718725204468e-02
-4.328537732362747192e-03 1.620075851678848267e-01 9.802540764212608337e-03 -2.274565547704696655e-01
-1.088385819457471371e-03 -3.325307369232177734e-02 5.253409966826438904e-03 6.830226629972457886e-02
-1.753447344526648521e-03 1.617931723594665527e-01 6.619455292820930481e-03 -2.227185666561126709e-01
1.482415944337844849e-03 -3.342276811599731445e-02 2.165084006264805794e-03 7.204502820968627930e-02
8.139605633914470673e-04 1.616680771112442017e-01 3.605984617024660110e-03 -2.199540138244628906e-01
4.047322086989879608e-03 -3.350523486733436584e-02 -7.930956780910491943e-04 7.386419922113418579e-02
3.377217333763837814e-03 -2.286158055067062378e-01 6.841883878223598003e-04 3.662967979907989502e-01
-1.195098739117383957e-03 -3.350358456373214722e-02 8.010124787688255310e-03 7.382968813180923462e-02
-1.865170430392026901e-03 1.615026146173477173e-01 9.486718103289604187e-03 -2.163152843713760376e-01
1.364881987683475018e-03 -3.375365585088729858e-02 5.160412285476922989e-03 7.934500277042388916e-02
6.898088613525032997e-04 1.612939387559890747e-01 6.747312378138303757e-03 -2.117053419351577759e-01
3.915687557309865952e-03 -3.392383083701133728e-02 2.513205399736762047e-03 8.309833705425262451e-02
3.237211145460605621e-03 1.611620038747787476e-01 4.175172187387943268e-03 -2.087906002998352051e-01
6.460451055318117142e-03 -3.401939570903778076e-02 -6.399436074389086571e-07 8.520644158124923706e-02
5.780063103884458542e-03 1.611025631427764893e-01 1.703488873317837715e-03 -2.074766904115676880e-01
9.002114646136760712e-03 -3.404370322823524475e-02 -2.446044934913516045e-03 8.574311435222625732e-02
8.321240544319152832e-03 -2.291305065155029297e-01 -7.311825174838304520e-04 3.776533007621765137e-01
3.738630330190062523e-03 -3.399818018078804016e-02 6.821883842349052429e-03 8.473993092775344849e-02
3.058666829019784927e-03 1.610253155231475830e-01 8.516682311892509460e-03 -2.057829052209854126e-01
6.279173307120800018e-03 -3.421737626194953918e-02 4.401024430990219116e-03 8.957440406084060669e-02
5.594825837761163712e-03 1.608412116765975952e-01 6.192512344568967819e-03 -2.017167508602142334e-01
8.811649866402149200e-03 -3.436874970793724060e-02 2.158177085220813751e-03 9.291316568851470947e-02
8.124275133013725281e-03 1.607221961021423340e-01 4.016440361738204956e-03 -1.990880817174911499e-01
1.133871916681528091e-02 -3.445696458220481873e-02 3.467882925178855658e-05 9.485913813114166260e-02
1.064957957714796066e-02 1.606644839048385620e-01 1.931861625052988529e-03 -1.978128403425216675e-01
1.386286970227956772e-02 -3.448503836989402771e-02 -2.024395391345024109e-03 9.547886997461318970e-02
1.317316852509975433e-02 -2.295779138803482056e-01 -1.148178926086984575e-04 3.875224292278289795e-01
8.581610396504402161e-03 -3.445433825254440308e-02 7.635630201548337936e-03 9.480328857898712158e-02
7.892523892223834991e-03 1.605573445558547974e-01 9.531696327030658722e-03 -1.954608559608459473e-01
1.110367104411125183e-02 -3.469964116811752319e-02 5.622479133307933807e-03 1.002135947346687317e-01
1.040967740118503571e-02 1.603412777185440063e-01 7.626750972121953964e-03 -1.906901597976684570e-01
1.361650321632623672e-02 -3.488894179463386536e-02 3.812947776168584824e-03 1.043889001011848450e-01
1.291872467845678329e-02 1.601781547069549561e-01 5.900725722312927246e-03 -1.870886236429214478e-01
1.612228713929653168e-02 -3.502771630883216858e-02 2.158953342586755753e-03 1.074498966336250305e-01
1.542173326015472412e-02 1.600632369518280029e-01 4.307951312512159348e-03 -1.845511049032211304e-01
1.862299814820289612e-02 -3.512009605765342712e-02 6.169292028062045574e-04 1.094876974821090698e-01
1.792059652507305145e-02 1.599930077791213989e-01 2.806683070957660675e-03 -1.830005347728729248e-01
2.112045697867870331e-02 -3.516898676753044128e-02 -8.533273939974606037e-04 1.105664819478988647e-01
2.041707746684551239e-02 1.599651873111724854e-01 1.358002191409468651e-03 -1.823855489492416382e-01
2.361638098955154419e-02 -3.517617657780647278e-02 -2.289708703756332397e-03 1.107254698872566223e-01
2.291285619139671326e-02 -2.302652448415756226e-01 -7.519923383370041847e-05 4.026851356029510498e-01
1.830755174160003662e-02 -3.514222428202629089e-02 7.978503592312335968e-03 1.099784970283508301e-01
1.760470680892467499e-02 1.598645001649856567e-01 1.017807330936193466e-02 -1.801766157150268555e-01
2.080199681222438812e-02 -3.540161252021789551e-02 6.574540864676237106e-03 1.156996786594390869e-01
2.009396441280841827e-02 1.596255153417587280e-01 8.888534270226955414e-03 -1.749017983675003052e-01
2.328647486865520477e-02 -3.562250360846519470e-02 5.390498321503400803e-03 1.205718591809272766e-01
2.257402613759040833e-02 1.594218015670776367e-01 7.801935542374849319e-03 -1.704055517911911011e-01
2.576246112585067749e-02 -3.581094369292259216e-02 4.393824841827154160e-03 1.247284039855003357e-01
2.504624240100383759e-02 1.592477858066558838e-01 6.888392847031354904e-03 -1.665650904178619385e-01
2.823119796812534332e-02 -3.597208857536315918e-02 3.557091113179922104e-03 1.282829493284225464e-01
2.751175686717033386e-02 1.590987294912338257e-01 6.122750230133533478e-03 -1.632756441831588745e-01
3.069373033940792084e-02 -3.611033782362937927e-02 2.857237355783581734e-03 1.313325464725494385e-01
2.997152507305145264e-02 1.589705646038055420e-01 5.483888089656829834e-03 -1.604475975036621094e-01
3.315093740820884705e-02 -3.622946143150329590e-02 2.274936530739068985e-03 1.339603066444396973e-01
3.242634609341621399e-02 1.588598340749740601e-01 4.954142495989799500e-03 -1.580040454864501953e-01
3.560354188084602356e-02 -3.633269667625427246e-02 1.794061623513698578e-03 1.362376660108566284e-01
3.487689048051834106e-02 1.587635129690170288e-01 4.518814850598573685e-03 -1.558787226676940918e-01
3.805216029286384583e-02 -3.642284870147705078e-02 1.401240588165819645e-03 1.382263600826263428e-01
3.732370212674140930e-02 1.586790084838867188e-01 4.165767692029476166e-03 -1.540141701698303223e-01
4.049728438258171082e-02 -3.650234267115592957e-02 1.085484167560935020e-03 1.399800479412078857e-01
3.976723551750183105e-02 1.586040407419204712e-01 3.885084995999932289e-03 -1.523602306842803955e-01
4.293931648135185242e-02 -3.657332062721252441e-02 8.378802449442446232e-04 1.415458172559738159e-01
4.220785200595855713e-02 1.585366129875183105e-01 3.668796503916382790e-03 -1.508726626634597778e-01
4.537858441472053528e-02 -3.663767129182815552e-02 6.513434345833957195e-04 1.429654359817504883e-01
4.464582726359367371e-02 1.584749370813369751e-01 3.510652109980583191e-03 -1.495119333267211914e-01
4.781532660126686096e-02 -3.669710084795951843e-02 5.204134504310786724e-04 1.442764550447463989e-01
4.708138480782508850e-02 1.584173887968063354e-01 3.405942814424633980e-03 -1.482422351837158203e-01
5.024973303079605103e-02 -3.675316646695137024e-02 4.410979454405605793e-04 1.455132514238357544e-01
4.951466992497444153e-02 1.583624631166458130e-01 3.351362887769937515e-03 -1.470304876565933228e-01
5.268191918730735779e-02 -3.680731728672981262e-02 4.107530694454908371e-04 1.467078328132629395e-01
5.194577202200889587e-02 1.583087444305419922e-01 3.344909753650426865e-03 -1.458454728126525879e-01
5.511194840073585510e-02 -3.686094284057617188e-02 4.280003777239471674e-04 1.478908360004425049e-01
5.437472835183143616e-02 1.582548767328262329e-01 3.385816933587193489e-03 -1.446570456027984619e-01
5.753982812166213989e-02 -3.691539913415908813e-02 4.926761030219495296e-04 1.490921229124069214e-01
5.680152028799057007e-02 1.581994891166687012e-01 3.474518656730651855e-03 -1.434353291988372803e-01
5.996550992131233215e-02 -3.697204589843750000e-02 6.058118306100368500e-04 1.503417044878005981e-01
5.922606959939002991e-02 1.581412255764007568e-01 3.612646134570240974e-03 -1.421500295400619507e-01
6.238889321684837341e-02 -3.703227639198303223e-02 7.696454413235187531e-04 1.516704261302947998e-01
6.164824590086936951e-02 1.580786406993865967e-01 3.803054103627800941e-03 -1.407695859670639038e-01
6.480982154607772827e-02 -3.709756582975387573e-02 9.876621188595890999e-04 1.531106978654861450e-01
6.406787037849426270e-02 1.580102294683456421e-01 4.049876239150762558e-03 -1.392604708671569824e-01
6.722807139158248901e-02 -3.716949373483657837e-02 1.264666672796010971e-03 1.546973735094070435e-01
6.648468226194381714e-02 1.579343229532241821e-01 4.358613863587379456e-03 -1.375863254070281982e-01
6.964337080717086792e-02 -3.724978119134902954e-02 1.606887672096490860e-03 1.564684957265853882e-01
6.889837235212326050e-02 1.578491330146789551e-01 4.736257717013359070e-03 -1.357070654630661011e-01
7.205535471439361572e-02 -3.734034299850463867e-02 2.022116212174296379e-03 1.584663093090057373e-01
7.130855321884155273e-02 1.577526032924652100e-01 5.191442091017961502e-03 -1.335780024528503418e-01
7.446359843015670776e-02 -3.744332492351531982e-02 2.519882051274180412e-03 1.607382148504257202e-01
7.371473312377929688e-02 1.576424539089202881e-01 5.734646227210760117e-03 -1.311486959457397461e-01
7.686758786439895630e-02 -3.756116703152656555e-02 3.111672587692737579e-03 1.633379161357879639e-01
7.611636072397232056e-02 1.575161069631576538e-01 6.378430873155593872e-03 -1.283617466688156128e-01
7.926668226718902588e-02 -3.769664093852043152e-02 3.811195958405733109e-03 1.663266569375991821e-01
7.851275056600570679e-02 1.573705524206161499e-01 7.137729320675134659e-03 -1.251515150070190430e-01
8.166015893220901489e-02 -3.785292804241180420e-02 4.634698852896690369e-03 1.697747111320495605e-01
8.090310543775558472e-02 1.572023779153823853e-01 8.030192926526069641e-03 -1.214425042271614075e-01
8.404715359210968018e-02 -3.803369402885437012e-02 5.601343233138322830e-03 1.737630218267440796e-01
8.328647911548614502e-02 1.570076495409011841e-01 9.076603688299655914e-03 -1.171476170420646667e-01
8.642663061618804932e-02 -3.824317455291748047e-02 6.733651272952556610e-03 1.783850342035293579e-01
8.566176891326904297e-02 1.567817777395248413e-01 1.030135154724121094e-02 -1.121660768985748291e-01
8.879739791154861450e-02 -3.848626092076301575e-02 8.058030158281326294e-03 1.837489753961563110e-01
8.802767843008041382e-02 1.565194725990295410e-01 1.173301041126251221e-02 -1.063810884952545166e-01
9.115806221961975098e-02 -3.876863792538642883e-02 9.605388157069683075e-03 1.899803429841995239e-01
9.038269519805908203e-02 1.562145948410034180e-01 1.340499520301818848e-02 -9.965706616640090942e-02
9.350698441267013550e-02 -3.909689188003540039e-02 1.141185406595468521e-02 1.972247809171676636e-01
9.272504597902297974e-02 1.558599919080734253e-01 1.535634882748126984e-02 -9.183648973703384399e-02
9.584224969148635864e-02 -3.947866335511207581e-02 1.351961959153413773e-02 2.056515365839004517e-01
9.505267441272735596e-02 1.554473638534545898e-01 1.763265021145343781e-02 -8.273614943027496338e-02
9.816162288188934326e-02 -3.992284461855888367e-02 1.597792655229568481e-02 2.154573500156402588e-01
9.736316651105880737e-02 1.549670845270156860e-01 2.028707414865493774e-02 -7.214291393756866455e-02
1.004625037312507629e-01 -4.043974727392196655e-02 1.884421519935131073e-02 2.268709987401962280e-01
9.965371340513229370e-02 1.544079035520553589e-01 2.338163554668426514e-02 -5.980870127677917480e-02
1.027418673038482666e-01 -4.104135930538177490e-02 2.218546159565448761e-02 2.401586174964904785e-01
1.019210442900657654e-01 1.537567526102066040e-01 2.698863483965396881e-02 -4.544465616345405579e-02
1.049961745738983154e-01 3.484815061092376709e-01 2.607974037528038025e-02 -3.294917345046997070e-01
1.119658052921295166e-01 1.529982089996337891e-01 1.948990672826766968e-02 -2.869989909231662750e-02
1.150257736444473267e-01 3.478353023529052734e-01 1.891590841114521027e-02 -3.151703774929046631e-01
1.219824776053428650e-01 1.524490863084793091e-01 1.261250115931034088e-02 -1.658254303038120270e-02
1.250314563512802124e-01 3.473879098892211914e-01 1.228084973990917206e-02 -3.052595555782318115e-01
1.319792121648788452e-01 1.520931273698806763e-01 6.175659131258726120e-03 -8.728973567485809326e-03
1.350210756063461304e-01 3.471259772777557373e-01 6.001079455018043518e-03 -2.994570136070251465e-01
1.419636011123657227e-01 1.519189924001693726e-01 1.193912976305000484e-05 -4.887529648840427399e-03
1.450019776821136475e-01 -4.320312663912773132e-02 -8.581145812058821321e-05 2.877991497516632080e-01
1.441379189491271973e-01 1.519200503826141357e-01 5.670171696692705154e-03 -4.910825751721858978e-03
1.471763104200363159e-01 3.469602167606353760e-01 5.571955349296331406e-03 -2.957993745803833008e-01
1.541155278682708740e-01 1.517592817544937134e-01 -3.440319851506501436e-04 -1.364352647215127945e-03
1.571507006883621216e-01 -4.335773363709449768e-02 -3.713190380949527025e-04 2.912099957466125488e-01
1.562835574150085449e-01 1.517695188522338867e-01 5.452881101518869400e-03 -1.590005238540470600e-03
1.593189388513565063e-01 3.468128442764282227e-01 5.421081092208623886e-03 -2.925474941730499268e-01
1.662552058696746826e-01 1.516140103340148926e-01 -4.298691055737435818e-04 1.840217155404388905e-03
1.692874729633331299e-01 3.467421233654022217e-01 -3.930647508241236210e-04 -2.909783124923706055e-01
1.762223243713378906e-01 1.516257822513580322e-01 -6.212630774825811386e-03 1.580625306814908981e-03
1.792548447847366333e-01 -4.340652003884315491e-02 -6.181018427014350891e-03 2.922969460487365723e-01
1.783867031335830688e-01 1.518030166625976562e-01 -3.350797051098197699e-04 -2.328979084268212318e-03
1.814227700233459473e-01 3.469297587871551514e-01 -3.816592798102647066e-04 -2.951176166534423828e-01
1.883613616228103638e-01 1.518132537603378296e-01 -6.284011527895927429e-03 -2.555076032876968384e-03
1.913976222276687622e-01 -4.321800917387008667e-02 -6.335113197565078735e-03 2.881385684013366699e-01
1.905332654714584351e-01 1.519937068223953247e-01 -5.723417270928621292e-04 -6.535647902637720108e-03
1.935731470584869385e-01 3.471238613128662109e-01 -7.030546548776328564e-04 -2.993991076946258545e-01
2.005156129598617554e-01 1.520119458436965942e-01 -6.691036745905876160e-03 -6.937986705452203751e-03
2.035558521747589111e-01 -4.301341623067855835e-02 -6.829796358942985535e-03 2.836263477802276611e-01
2.026955932378768921e-01 1.522052735090255737e-01 -1.157269463874399662e-03 -1.120280846953392029e-02
2.057396918535232544e-01 3.473438024520874023e-01 -1.381325535476207733e-03 -3.042506575584411621e-01
2.126865684986114502e-01 1.522415727376937866e-01 -7.466338574886322021e-03 -1.200367324054241180e-02
2.157313972711563110e-01 -4.277251288294792175e-02 -7.706412114202976227e-03 2.783142030239105225e-01
2.148759514093399048e-01 1.524585187435150146e-01 -2.140127588063478470e-03 -1.678930968046188354e-02
2.179251164197921753e-01 3.476110994815826416e-01 -2.475913846865296364e-03 -3.101466894149780273e-01
2.248773425817489624e-01 1.525245159864425659e-01 -8.678847923874855042e-03 -1.824563555419445038e-02
2.279278337955474854e-01 -4.247190430760383606e-02 -9.043760597705841064e-03 2.716864347457885742e-01
2.270783931016921997e-01 1.527779251337051392e-01 -3.610032144933938980e-03 -2.383516356348991394e-02
2.301339507102966309e-01 3.479514420032501221e-01 -4.086735192686319351e-03 -3.176549077033996582e-01
2.370929867029190063e-01 1.528879553079605103e-01 -1.043983362615108490e-02 -2.626358717679977417e-02
2.401507496833801270e-01 -4.208274185657501221e-02 -1.096510514616966248e-02 2.631072700023651123e-01
2.393090873956680298e-01 1.531939953565597534e-01 -5.702959839254617691e-03 -3.301391378045082092e-02
2.423729747533798218e-01 -4.184571281075477600e-02 -6.363238207995891571e-03 2.578642368316650391e-01
2.415360510349273682e-01 1.533665060997009277e-01 -1.205953769385814667e-03 -3.681894764304161072e-02
2.446033805608749390e-01 3.485057353973388672e-01 -1.942332717590034008e-03 -3.298821151256561279e-01
2.515735030174255371e-01 1.534114778041839600e-01 -8.539974689483642578e-03 -3.781234845519065857e-02
2.546417415142059326e-01 -4.158697277307510376e-02 -9.296221658587455750e-03 2.521639466285705566e-01
2.538099884986877441e-01 1.536664813756942749e-01 -4.252943210303783417e-03 -4.343663156032562256e-02
2.568833231925964355e-01 -4.139422625303268433e-02 -5.121675785630941391e-03 2.479014247655868530e-01
2.560554444789886475e-01 1.538004875183105469e-01 -1.636473170947283506e-04 -4.639258235692977905e-02
2.591314315795898438e-01 3.489247858524322510e-01 -1.091498997993767262e-03 -3.391271233558654785e-01
2.661099433898925781e-01 1.538183838129043579e-01 -7.874041795730590820e-03 -4.678860679268836975e-02
2.691863179206848145e-01 -4.118977487087249756e-02 -8.809814229607582092e-03 2.433996200561523438e-01
2.683625221252441406e-01 1.540568917989730835e-01 -3.941821400076150894e-03 -5.204907059669494629e-02
2.714436650276184082e-01 -4.100831225514411926e-02 -4.982803016901016235e-03 2.393875718116760254e-01
2.706234753131866455e-01 1.541844606399536133e-01 -1.950513251358643174e-04 -5.486289411783218384e-02
2.737071812152862549e-01 3.493092060089111328e-01 -1.292309141717851162e-03 -3.476073443889617920e-01
2.806933522224426270e-01 1.542056649923324585e-01 -8.244456723332405090e-03 -5.533221736550331116e-02
2.837774753570556641e-01 -4.079710692167282104e-02 -9.351100772619247437e-03 2.347381561994552612e-01
2.829615175724029541e-01 1.544571965932846069e-01 -4.656337201595306396e-03 -6.087967008352279663e-02
2.860506772994995117e-01 -4.059768840670585632e-02 -5.873930640518665314e-03 2.303305268287658691e-01
2.852387130260467529e-01 1.546076983213424683e-01 -1.267320360057055950e-03 -6.419944018125534058e-02
2.883308827877044678e-01 3.497478067874908447e-01 -2.551309298723936081e-03 -3.572819530963897705e-01
2.953258156776428223e-01 1.546622216701507568e-01 -9.696948342025279999e-03 -6.540460139513015747e-02
2.984190881252288818e-01 -4.031937196850776672e-02 -1.100504025816917419e-02 2.242031693458557129e-01
2.976126968860626221e-01 1.549581289291381836e-01 -6.520976778119802475e-03 -7.193075120449066162e-02
3.007118403911590576e-01 -4.006973654031753540e-02 -7.959592156112194061e-03 2.186876684427261353e-01
2.999104559421539307e-01 1.551650911569595337e-01 -3.585838479921221733e-03 -7.649538666009902954e-02
3.030137419700622559e-01 -3.990527614951133728e-02 -5.115746054798364639e-03 2.150540351867675781e-01
3.022156655788421631e-01 1.552894413471221924e-01 -8.146652253344655037e-04 -7.923822104930877686e-02
3.053214251995086670e-01 -3.982082754373550415e-02 -2.399429678916931152e-03 2.131875753402709961e-01
3.045250177383422852e-01 1.553353518247604370e-01 1.864321762695908546e-03 -8.025128394365310669e-02
3.076317310333251953e-01 3.504305183887481689e-01 2.592961536720395088e-04 -3.723454177379608154e-01
3.146403431892395020e-01 1.553048938512802124e-01 -7.187612354755401611e-03 -7.958075404167175293e-02
3.177464306354522705e-01 -3.971329331398010254e-02 -8.779227733612060547e-03 2.108258157968521118e-01
3.169521689414978027e-01 1.555330753326416016e-01 -4.562710877507925034e-03 -8.461350202560424805e-02
3.200628459453582764e-01 -3.952317312359809875e-02 -6.254981271922588348e-03 2.066264003515243530e-01
3.192723691463470459e-01 1.556876599788665771e-01 -2.122453181073069572e-03 -8.802308142185211182e-02
3.223861157894134521e-01 -3.940379992127418518e-02 -3.882915014401078224e-03 2.039894461631774902e-01
3.215980529785156250e-01 1.557734608650207520e-01 1.968741125892847776e-04 -8.991581201553344727e-02
3.247135281562805176e-01 -3.935131058096885681e-02 -1.601442112587392330e-03 2.028292268514633179e-01
3.239264786243438721e-01 1.557935029268264771e-01 2.455142326653003693e-03 -9.035845100879669189e-02
3.270423710346221924e-01 3.508801758289337158e-01 6.479732692241668701e-04 -3.822657763957977295e-01
3.340599536895751953e-01 1.557490378618240356e-01 -6.997342221438884735e-03 -8.937861025333404541e-02
3.371749520301818848e-01 -3.927192091941833496e-02 -8.784914389252662659e-03 2.010884582996368408e-01
3.363895118236541748e-01 1.559745669364929199e-01 -4.763144999742507935e-03 -9.435269236564636230e-02
3.395090103149414062e-01 -3.907879814505577087e-02 -6.650198716670274734e-03 1.968236714601516724e-01
3.387274146080017090e-01 1.561376452445983887e-01 -2.713725436478853226e-03 -9.794966131448745728e-02
3.418501615524291992e-01 -3.894530981779098511e-02 -4.672718700021505356e-03 1.938758641481399536e-01
3.410712778568267822e-01 1.562431752681732178e-01 -7.952014566399157047e-04 -1.002774387598037720e-01
3.441961407661437988e-01 -3.886737674474716187e-02 -2.800750313326716423e-03 1.921544969081878662e-01
3.434187769889831543e-01 1.562945246696472168e-01 1.042339601553976536e-03 -1.014106348156929016e-01
3.465446829795837402e-01 3.514015376567840576e-01 -9.858730481937527657e-04 -3.937645256519317627e-01
3.535726964473724365e-01 1.562935858964920044e-01 -8.861163631081581116e-03 -1.013925895094871521e-01
3.566985726356506348e-01 -3.870026394724845886e-02 -1.088901516050100327e-02 1.884815394878387451e-01
3.559245765209197998e-01 1.565757691860198975e-01 -7.119384128600358963e-03 -1.076164394617080688e-01
3.590560853481292725e-01 -3.844344243407249451e-02 -9.271712973713874817e-03 1.828118711709976196e-01
3.582872152328491211e-01 1.568099409341812134e-01 -5.615475587546825409e-03 -1.127814576029777527e-01
3.614234030246734619e-01 -3.823109716176986694e-02 -7.871104404330253601e-03 1.781245470046997070e-01
3.606587946414947510e-01 1.570025980472564697e-01 -4.308613948523998260e-03 -1.170310080051422119e-01
3.637988567352294922e-01 -3.805734962224960327e-02 -6.649233866482973099e-03 1.742894798517227173e-01
3.630377054214477539e-01 1.571591347455978394e-01 -3.163444576784968376e-03 -1.204836368560791016e-01
3.661808967590332031e-01 -3.791735693812370300e-02 -5.573117174208164215e-03 1.711995750665664673e-01
3.654225468635559082e-01 1.572839170694351196e-01 -2.149125561118125916e-03 -1.232362687587738037e-01
3.685682117938995361e-01 -3.780717775225639343e-02 -4.613851197063922882e-03 1.687678545713424683e-01
3.678120672702789307e-01 1.573805063962936401e-01 -1.238493947312235832e-03 -1.253670305013656616e-01
3.709596693515777588e-01 -3.772367909550666809e-02 -3.745834575966000557e-03 1.669249087572097778e-01
3.702051937580108643e-01 1.574516892433166504e-01 -4.073363088537007570e-04 -1.269373595714569092e-01
3.733542263507843018e-01 -3.766442090272903442e-02 -2.946083666756749153e-03 1.656170189380645752e-01
3.726009428501129150e-01 1.574995815753936768e-01 3.662569215521216393e-04 -1.279938519001007080e-01
3.757509589195251465e-01 -3.762761875987052917e-02 -2.193619962781667709e-03 1.648046076297760010e-01
3.749983906745910645e-01 1.575256586074829102e-01 1.102471956983208656e-03 -1.285695433616638184e-01
3.781489133834838867e-01 -3.761206194758415222e-02 -1.468918868340551853e-03 1.644610017538070679e-01
3.773966729640960693e-01 1.575308889150619507e-01 1.820301171392202377e-03 -1.286849677562713623e-01
3.805472850799560547e-01 -3.761709481477737427e-02 -7.533982861787080765e-04 1.645716875791549683e-01
3.797949254512786865e-01 1.575156301259994507e-01 2.538035390898585320e-03 -1.283488273620605469e-01
3.829452395439147949e-01 -3.764258325099945068e-02 -2.894108729378785938e-05 1.651337444782257080e-01
3.821924030780792236e-01 1.574797779321670532e-01 3.273733658716082573e-03 -1.275583207607269287e-01
3.853420019149780273e-01 3.525546789169311523e-01 7.225673762150108814e-04 -4.192066192626953125e-01
3.923930823802947998e-01 1.574224978685379028e-01 -7.661565206944942474e-03 -1.262959837913513184e-01
3.955415487289428711e-01 -3.758885711431503296e-02 -1.018748525530099869e-02 1.639599800109863281e-01
3.947897553443908691e-01 1.576774418354034424e-01 -6.908285431563854218e-03 -1.319193243980407715e-01
3.979433178901672363e-01 -3.734488040208816528e-02 -9.546671994030475616e-03 1.585761457681655884e-01
3.971964120864868164e-01 1.579124331474304199e-01 -6.375148892402648926e-03 -1.371031701564788818e-01
4.003546535968780518e-01 -3.711762279272079468e-02 -9.117212146520614624e-03 1.535616964101791382e-01
3.996123075485229492e-01 1.581336855888366699e-01 -6.045978050678968430e-03 -1.419834941625595093e-01
4.027749896049499512e-01 -3.690116479992866516e-02 -8.885648101568222046e-03 1.487859040498733521e-01
4.020369648933410645e-01 1.583468914031982422e-01 -5.909929983317852020e-03 -1.466869562864303589e-01
4.052039086818695068e-01 -3.668992593884468079e-02 -8.843669667840003967e-03 1.441256552934646606e-01
4.044700860977172852e-01 1.585575491189956665e-01 -5.961155984550714493e-03 -1.513341218233108521e-01
4.076412618160247803e-01 -3.647853434085845947e-02 -8.987838402390480042e-03 1.394622474908828735e-01
4.069116711616516113e-01 1.587709784507751465e-01 -6.198593880981206894e-03 -1.560425907373428345e-01
4.100871086120605469e-01 -3.626167401671409607e-02 -9.319445118308067322e-03 1.346783936023712158e-01
4.093618690967559814e-01 1.589925140142440796e-01 -6.625877693295478821e-03 -1.609300523996353149e-01
4.125417172908782959e-01 -3.603395074605941772e-02 -9.844478219747543335e-03 1.296552419662475586e-01
4.118210375308990479e-01 1.592276245355606079e-01 -7.251373957842588425e-03 -1.661171764135360718e-01
4.150055944919586182e-01 -3.578977659344673157e-02 -1.057371776551008224e-02 1.242693588137626648e-01
4.142898023128509521e-01 1.594820469617843628e-01 -8.088329806923866272e-03 -1.717306226491928101e-01
4.174794256687164307e-01 -3.552320599555969238e-02 -1.152294222265481949e-02 1.183897554874420166e-01
4.167689681053161621e-01 1.597619354724884033e-01 -9.155147708952426910e-03 -1.779061704874038696e-01
4.199642241001129150e-01 -3.522781655192375183e-02 -1.271327119320631027e-02 1.118746101856231689e-01
4.192596673965454102e-01 1.600739806890487671e-01 -1.047577895224094391e-02 -1.847919970750808716e-01
4.224611222743988037e-01 -3.489653021097183228e-02 -1.417161896824836731e-02 1.045678853988647461e-01
4.217632114887237549e-01 1.604256182909011841e-01 -1.208026055246591568e-02 -1.925522238016128540e-01
4.249717295169830322e-01 -3.452146053314208984e-02 -1.593130454421043396e-02 9.629554301500320435e-02
4.242812991142272949e-01 -2.294114977121353149e-01 -1.400539465248584747e-02 3.839098811149597168e-01
4.196930527687072754e-01 -3.409353271126747131e-02 -6.327196490019559860e-03 8.684422820806503296e-02
4.190111756324768066e-01 1.611185371875762939e-01 -4.590312018990516663e-03 -2.078282088041305542e-01
4.222335517406463623e-01 -3.393747285008430481e-02 -8.746876381337642670e-03 8.340318500995635986e-02
4.215548038482666016e-01 1.613087654113769531e-01 -7.078812457621097565e-03 -2.120265066623687744e-01
4.247809946537017822e-01 -3.371126577258110046e-02 -1.131934300065040588e-02 7.841505110263824463e-02
4.241067469120025635e-01 -2.286691367626190186e-01 -9.751041419804096222e-03 3.675053119659423828e-01
4.195333719253540039e-01 -3.340999409556388855e-02 -2.400935860350728035e-03 7.176375389099121094e-02
4.188651740550994873e-01 1.617462933063507080e-01 -9.656607289798557758e-04 -2.216757088899612427e-01
4.221000969409942627e-01 -3.336183726787567139e-02 -5.399174988269805908e-03 7.070244848728179932e-02
4.214328527450561523e-01 1.618371009826660156e-01 -3.985126037150621414e-03 -2.236790359020233154e-01
4.246695935726165771e-01 -3.322766721248626709e-02 -8.458706550300121307e-03 6.774415820837020874e-02
4.240050613880157471e-01 -2.282273322343826294e-01 -7.103823591023683548e-03 3.577463626861572266e-01
4.194405078887939453e-01 -3.300511091947555542e-02 5.110355414217337966e-05 6.283191591501235962e-02
4.187804162502288818e-01 1.621161103248596191e-01 1.307741855271160603e-03 -2.298348844051361084e-01
4.220227301120758057e-01 -3.302450478076934814e-02 -3.288955893367528915e-03 6.326025724411010742e-02
4.213622212409973145e-01 1.621444523334503174e-01 -2.023750683292746544e-03 -2.304585427045822144e-01
4.246051311492919922e-01 -3.294852748513221741e-02 -6.632921285927295685e-03 6.158534437417984009e-02
4.239461421966552734e-01 -2.279747575521469116e-01 -5.401214584708213806e-03 3.521681725978851318e-01
4.193866550922393799e-01 -3.277641162276268005e-02 1.642149058170616627e-03 5.778698995709419250e-02
4.187311232089996338e-01 1.623219549655914307e-01 2.797888824716210365e-03 -2.343773692846298218e-01
4.219775795936584473e-01 -3.283986076712608337e-02 -1.889658509753644466e-03 5.918678268790245056e-02
4.213207662105560303e-01 1.623091399669647217e-01 -7.059228955768048763e-04 -2.340917438268661499e-01
4.245669543743133545e-01 -3.280272334814071655e-02 -5.387757904827594757e-03 5.836842581629753113e-02
4.239108860492706299e-01 -2.278470098972320557e-01 -4.220389295369386673e-03 3.493466079235076904e-01
4.193539619445800781e-01 -3.266529366374015808e-02 2.766543067991733551e-03 5.533585697412490845e-02
4.187006652355194092e-01 1.624168753623962402e-01 3.873260226100683212e-03 -2.364729195833206177e-01
4.219489991664886475e-01 -3.276019170880317688e-02 -8.561982540413737297e-04 5.742922797799110413e-02
4.212937951087951660e-01 1.623740196228027344e-01 2.923862775787711143e-04 -2.355237156152725220e-01
4.245412647724151611e-01 -3.275210037827491760e-02 -4.418088123202323914e-03 5.725142732262611389e-02
4.238862395286560059e-01 1.624329239130020142e-01 -3.273059381172060966e-03 -2.368221580982208252e-01
4.271348714828491211e-01 -3.264211863279342651e-02 -8.009502664208412170e-03 5.482655018568038940e-02
4.264820516109466553e-01 -2.276483178138732910e-01 -6.912971846759319305e-03 3.449716866016387939e-01
4.219290912151336670e-01 -3.242871165275573730e-02 -1.353774769086157903e-05 5.011688545346260071e-02
4.212805032730102539e-01 1.626934409141540527e-01 9.887999622151255608e-04 -2.425703108310699463e-01
4.245343804359436035e-01 -3.244262561202049255e-02 -3.862606128677725792e-03 5.042434483766555786e-02
4.238855242729187012e-01 -2.275089770555496216e-01 -2.854119287803769112e-03 3.418860733509063721e-01
4.193353354930877686e-01 -3.234653919935226440e-02 3.983602393418550491e-03 4.830450937151908875e-02
4.186884164810180664e-01 1.627180725336074829e-01 4.949692636728286743e-03 -2.431188970804214478e-01
4.219427704811096191e-01 -3.247423470020294189e-02 8.731460548005998135e-05 5.112116783857345581e-02
4.212932884693145752e-01 1.626464575529098511e-01 1.109738019295036793e-03 -2.415342032909393311e-01
4.245462119579315186e-01 -3.249132260680198669e-02 -3.720946144312620163e-03 5.149855092167854309e-02
4.238964021205902100e-01 -2.275597155094146729e-01 -2.690975088626146317e-03 3.430051803588867188e-01
4.193452000617980957e-01 -3.239959105849266052e-02 4.169128369539976120e-03 4.947488754987716675e-02
4.186972081661224365e-01 1.626623272895812988e-01 5.158626008778810501e-03 -2.418897300958633423e-01
4.219504594802856445e-01 -3.253292664885520935e-02 3.208314010407775640e-04 5.241588875651359558e-02
4.212997853755950928e-01 1.625844240188598633e-01 1.369149191305041313e-03 -2.401657998561859131e-01
4.245514869689941406e-01 -3.255705907940864563e-02 -3.434166777878999710e-03 5.294868350028991699e-02
4.239003360271453857e-01 -2.276296019554138184e-01 -2.375193173065781593e-03 3.445461392402648926e-01
4.193477332592010498e-01 -3.247394040226936340e-02 4.515729378908872604e-03 5.111515894532203674e-02
4.186982512474060059e-01 1.625829637050628662e-01 5.538032390177249908e-03 -2.401396036148071289e-01
4.219499230384826660e-01 -3.261765465140342712e-02 7.352405227720737457e-04 5.428501218557357788e-02
4.212975800037384033e-01 1.624937504529953003e-01 1.820940757170319557e-03 -2.381658554077148438e-01
4.245474338531494141e-01 -3.265416994690895081e-02 -2.942376071587204933e-03 5.509090051054954529e-02
4.238943755626678467e-01 1.625098437070846558e-01 -1.840558135882019997e-03 -2.385189086198806763e-01
4.271445572376251221e-01 -3.258576244115829468e-02 -6.610936485230922699e-03 5.358287692070007324e-02
4.264928400516510010e-01 -2.276123017072677612e-01 -5.539278965443372726e-03 3.441726863384246826e-01
4.219405949115753174e-01 -3.241198882460594177e-02 1.344174961559474468e-03 4.974817484617233276e-02
4.212923645973205566e-01 1.626906692981719971e-01 2.339138416573405266e-03 -2.425103485584259033e-01
4.245461821556091309e-01 -3.246462345123291016e-02 -2.511068480089306831e-03 5.090948566794395447e-02
4.238968789577484131e-01 1.626932471990585327e-01 -1.492878887802362442e-03 -2.425646483898162842e-01
4.271507561206817627e-01 -3.240735083818435669e-02 -6.344171706587076187e-03 4.964701458811759949e-02
4.265025854110717773e-01 -2.274377644062042236e-01 -5.351231433451175690e-03 3.403215706348419189e-01
4.219538569450378418e-01 -3.224008157849311829e-02 1.455199788324534893e-03 4.595598205924034119e-02
4.213090538978576660e-01 1.628609746694564819e-01 2.374319359660148621e-03 -2.462674528360366821e-01
4.245662689208984375e-01 -3.229480609297752380e-02 -2.551029669120907784e-03 4.716343805193901062e-02
4.239203631877899170e-01 -2.273800820112228394e-01 -1.607761019840836525e-03 3.390403985977172852e-01
4.193727672100067139e-01 -3.223529458045959473e-02 5.173047073185443878e-03 4.585091024637222290e-02
4.187280535697937012e-01 1.628120988607406616e-01 6.090064998716115952e-03 -2.451953887939453125e-01
4.219842851161956787e-01 -3.239630535244941711e-02 1.186157227493822575e-03 4.940224811434745789e-02
4.213363826274871826e-01 1.627086102962493896e-01 2.174202119931578636e-03 -2.429061979055404663e-01
4.245905578136444092e-01 -3.244432061910629272e-02 -2.683921717107295990e-03 5.046173185110092163e-02
4.239416718482971191e-01 1.627160161733627319e-01 -1.674687257036566734e-03 -2.430667877197265625e-01
4.271959662437438965e-01 -3.238197788596153259e-02 -6.536022759974002838e-03 4.908743128180503845e-02
4.265483319759368896e-01 -2.274096012115478516e-01 -5.554274190217256546e-03 3.397010266780853271e-01
4.220001399517059326e-01 -3.220906108617782593e-02 1.239746576175093651e-03 4.527179896831512451e-02
4.213559627532958984e-01 1.628950834274291992e-01 2.145182574167847633e-03 -2.470197230577468872e-01
4.246138632297515869e-01 -3.225743398070335388e-02 -2.795211737975478172e-03 4.633907601237297058e-02
4.239687323570251465e-01 -2.273391932249069214e-01 -1.868430292233824730e-03 3.381387889385223389e-01
4.194219410419464111e-01 -3.219070285558700562e-02 4.894345067441463470e-03 4.486723616719245911e-02
4.187781214714050293e-01 1.628607213497161865e-01 5.791690200567245483e-03 -2.462674677371978760e-01
4.220353364944458008e-01 -3.234346210956573486e-02 8.663406479172408581e-04 4.823665320873260498e-02
4.213884770870208740e-01 1.627660542726516724e-01 1.831073663197457790e-03 -2.441728115081787109e-01
4.246437847614288330e-01 -3.238200396299362183e-02 -3.052382497116923332e-03 4.908711835741996765e-02
4.239961504936218262e-01 -2.274600565433502197e-01 -2.070640213787555695e-03 3.408054411411285400e-01
4.194469451904296875e-01 -3.230870142579078674e-02 4.745468497276306152e-03 4.747026413679122925e-02
4.188007712364196777e-01 1.627448797225952148e-01 5.694873631000518799e-03 -2.437116503715515137e-01
4.220556616783142090e-01 -3.245794773101806641e-02 8.206406491808593273e-04 5.076212435960769653e-02
4.214065074920654297e-01 1.626522243022918701e-01 1.835883129388093948e-03 -2.416617721319198608e-01
4.246595501899719238e-01 -3.249590098857879639e-02 -2.997352275997400284e-03 5.159967765212059021e-02
4.240096509456634521e-01 1.626688987016677856e-01 -1.965358853340148926e-03 -2.420274317264556885e-01
4.272630214691162109e-01 -3.242491930723190308e-02 -6.805907469242811203e-03 5.003492161631584167e-02
4.266145229339599609e-01 -2.274486273527145386e-01 -5.805208813399076462e-03 3.405627906322479248e-01
4.220655560493469238e-01 -3.224455937743186951e-02 1.006046775728464127e-03 4.605489224195480347e-02
4.214206635951995850e-01 1.628629565238952637e-01 1.927144592627882957e-03 -2.463104426860809326e-01
4.246779084205627441e-01 -3.228646889328956604e-02 -2.999064279720187187e-03 4.697972536087036133e-02
4.240321815013885498e-01 -2.273652851581573486e-01 -2.059469930827617645e-03 3.387148976325988770e-01
4.194848835468292236e-01 -3.221409022808074951e-02 4.714828450232744217e-03 4.538325592875480652e-02
4.188405871391296387e-01 1.628399342298507690e-01 5.622493568807840347e-03 -2.458083778619766235e-01
4.220973849296569824e-01 -3.236186504364013672e-02 7.063259254209697247e-04 4.864269867539405823e-02
4.214501678943634033e-01 1.627499461174011230e-01 1.679179957136511803e-03 -2.438172847032546997e-01
4.247051477432250977e-01 -3.239594399929046631e-02 -3.197165904566645622e-03 4.939481616020202637e-02
4.240572452545166016e-01 -2.274719029664993286e-01 -2.209269441664218903e-03 3.410672843456268311e-01
4.195078015327453613e-01 -3.231859207153320312e-02 4.612076561897993088e-03 4.768851771950721741e-02
4.188614189624786377e-01 1.627369225025177002e-01 5.565846804529428482e-03 -2.435356974601745605e-01
4.221161603927612305e-01 -3.246408328413963318e-02 6.951327668502926826e-04 5.089762806892395020e-02
4.214668869972229004e-01 1.626478880643844604e-01 1.713085337541997433e-03 -2.415658980607986450e-01
4.247198402881622314e-01 -3.249848634004592896e-02 -3.118232591077685356e-03 5.165689066052436829e-02
4.240698814392089844e-01 -2.275755852460861206e-01 -2.085094805806875229e-03 3.433543443679809570e-01
4.195183515548706055e-01 -3.242403641343116760e-02 4.781992174685001373e-03 5.001464858651161194e-02
4.188698828220367432e-01 1.626290231943130493e-01 5.782285239547491074e-03 -2.411556839942932129e-01
4.221224486827850342e-01 -3.257504850625991821e-02 9.591715061105787754e-04 5.334550142288208008e-02
4.214709699153900146e-01 1.625331342220306396e-01 2.026081550866365433e-03 -2.390346378087997437e-01
4.247216284275054932e-01 -3.261769935488700867e-02 -2.754611428827047348e-03 5.428667739033699036e-02
4.240692555904388428e-01 1.625436395406723022e-01 -1.668877783231437206e-03 -2.392640709877014160e-01
4.273201525211334229e-01 -3.255443274974822998e-02 -6.454159505665302277e-03 5.289197340607643127e-02
4.266690611839294434e-01 -2.275832444429397583e-01 -5.396320018917322159e-03 3.435315787792205811e-01
4.221173822879791260e-01 -3.238494321703910828e-02 1.474311924539506435e-03 4.915188997983932495e-02
4.214696884155273438e-01 1.627158373594284058e-01 2.457349793985486031e-03 -2.430655211210250854e-01
4.247240126132965088e-01 -3.244112804532051086e-02 -2.403960563242435455e-03 5.039151012897491455e-02
4.240751862525939941e-01 1.627152115106582642e-01 -1.396130421198904514e-03 -2.430489212274551392e-01
4.273294806480407715e-01 -3.238677233457565308e-02 -6.257108878344297409e-03 4.919330775737762451e-02
4.266817569732666016e-01 -2.274184376001358032e-01 -5.273242481052875519e-03 3.398955166339874268e-01
4.221333861351013184e-01 -3.222186118364334106e-02 1.524667604826390743e-03 4.555438086390495300e-02
4.214889407157897949e-01 1.628782004117965698e-01 2.435755217447876930e-03 -2.466471046209335327e-01
4.247465133666992188e-01 -3.227845951914787292e-02 -2.497186884284019470e-03 4.680311307311058044e-02
4.241009354591369629e-01 -2.273645102977752686e-01 -1.561124692671000957e-03 3.386971056461334229e-01
4.195536375045776367e-01 -3.222038224339485168e-02 5.212817341089248657e-03 4.552230238914489746e-02
4.189092516899108887e-01 1.628264337778091431e-01 6.123263388872146606e-03 -2.455113828182220459e-01
4.221657812595367432e-01 -3.238243609666824341e-02 1.213035895489156246e-03 4.909665882587432861e-02
4.215181171894073486e-01 1.627220958471298218e-01 2.194968983530998230e-03 -2.432032972574234009e-01
4.247725605964660645e-01 -3.243113681674003601e-02 -2.669096924364566803e-03 5.017117038369178772e-02
4.241239428520202637e-01 -2.275147140026092529e-01 -1.665673567913472652e-03 3.420107662677764893e-01
4.195736348628997803e-01 -3.236910328269004822e-02 5.174541845917701721e-03 4.880306124687194824e-02
4.189262688159942627e-01 1.626782715320587158e-01 6.150603294372558594e-03 -2.422427684068679810e-01
4.221798181533813477e-01 -3.253099694848060608e-02 1.305747893638908863e-03 5.237385630607604980e-02
4.215292036533355713e-01 1.625722050666809082e-01 2.353224903345108032e-03 -2.398968040943145752e-01
4.247806668281555176e-01 -3.258328139781951904e-02 -2.444711280986666679e-03 5.352745950222015381e-02
4.241289794445037842e-01 1.625736355781555176e-01 -1.374162035062909126e-03 -2.399257868528366089e-01
4.273804724216461182e-01 -3.252865374088287354e-02 -6.172677967697381973e-03 5.232337117195129395e-02
4.267298877239227295e-01 -2.275615632534027100e-01 -5.126210395246744156e-03 3.430523872375488281e-01
4.221786558628082275e-01 -3.236705437302589417e-02 1.734837424010038376e-03 4.875738546252250671e-02
4.215313196182250977e-01 1.627299785614013672e-01 2.709985245019197464e-03 -2.433776855468750000e-01
4.247859120368957520e-01 -3.243057429790496826e-02 -2.157568465918302536e-03 5.015880987048149109e-02
4.241372942924499512e-01 1.627222448587417603e-01 -1.154392259195446968e-03 -2.432040721178054810e-01
4.273917376995086670e-01 -3.238319605588912964e-02 -6.018473766744136810e-03 4.911451414227485657e-02
4.267440736293792725e-01 -2.274183332920074463e-01 -5.036183167248964310e-03 3.398925065994262695e-01
4.221957325935363770e-01 -3.222508728504180908e-02 1.761666731908917427e-03 4.562571272253990173e-02
4.215512275695800781e-01 1.628715544939041138e-01 2.674181014299392700e-03 -2.465008795261383057e-01
4.248086512088775635e-01 -3.228848427534103394e-02 -2.255836501717567444e-03 4.702435061335563660e-02
4.241628646850585938e-01 -2.273780107498168945e-01 -1.315349480137228966e-03 3.389946818351745605e-01
4.196153283119201660e-01 -3.223737329244613647e-02 5.464544519782066345e-03 4.589726403355598450e-02
4.189705848693847656e-01 1.628057956695556641e-01 6.382489576935768127e-03 -2.450565546751022339e-01
4.222266972064971924e-01 -3.240672871470451355e-02 1.481358660385012627e-03 4.963271319866180420e-02
4.215785562992095947e-01 1.626939475536346436e-01 2.474013017490506172e-03 -2.425824701786041260e-01
4.248324334621429443e-01 -3.246325626969337463e-02 -2.377636265009641647e-03 5.087980255484580994e-02
4.241831600666046143e-01 1.626927107572555542e-01 -1.360040274448692799e-03 -2.425523400306701660e-01
4.274370074272155762e-01 -3.240979090332984924e-02 -6.211087107658386230e-03 4.970128834247589111e-02
4.267888367176055908e-01 -2.274421304464340210e-01 -5.217061378061771393e-03 3.404181003570556641e-01
4.222399890422821045e-01 -3.224634006619453430e-02 1.591300941072404385e-03 4.609459638595581055e-02
4.215950667858123779e-01 1.628527641296386719e-01 2.513192826882004738e-03 -2.460858374834060669e-01
4.248521029949188232e-01 -3.230499848723411560e-02 -2.408523811027407646e-03 4.738875105977058411e-02
4.242060184478759766e-01 -2.273923307657241821e-01 -1.460748841054737568e-03 3.393107950687408447e-01
4.196581542491912842e-01 -3.224962577223777771e-02 5.325466860085725784e-03 4.616758972406387329e-02
4.190131723880767822e-01 1.627955585718154907e-01 6.248818710446357727e-03 -2.448303550481796265e-01
4.222690761089324951e-01 -3.241508454084396362e-02 1.352211693301796913e-03 4.981702938675880432e-02
4.216207861900329590e-01 1.626874506473541260e-01 2.348552225157618523e-03 -2.424389570951461792e-01
4.248745441436767578e-01 -3.246796503663063049e-02 -2.500226953998208046e-03 5.098383873701095581e-02
4.242251813411712646e-01 1.626897454261779785e-01 -1.480550155974924564e-03 -2.424868792295455933e-01
4.274789690971374512e-01 -3.241102769970893860e-02 -6.330287549644708633e-03 4.972867295145988464e-02
4.268307387828826904e-01 -2.274416387081146240e-01 -5.335714202374219894e-03 3.404076397418975830e-01
4.222819209098815918e-01 -3.224417567253112793e-02 1.472438569180667400e-03 4.604692012071609497e-02
4.216370284557342529e-01 1.628566235303878784e-01 2.393377013504505157e-03 -2.461710721254348755e-01
4.248941540718078613e-01 -3.229942172765731812e-02 -2.530044643208384514e-03 4.726581647992134094e-02
4.242481589317321777e-01 -2.273849993944168091e-01 -1.584728248417377472e-03 3.391494154930114746e-01
4.197004735469818115e-01 -3.224053606390953064e-02 5.198260303586721420e-03 4.596718028187751770e-02
4.190556704998016357e-01 1.628064960241317749e-01 6.117603741586208344e-03 -2.450711280107498169e-01
4.223117828369140625e-01 -3.240230306982994080e-02 1.216181321069598198e-03 4.953514784574508667e-02
4.216637313365936279e-01 1.627021878957748413e-01 2.206884324550628662e-03 -2.427638173103332520e-01
4.249177873134613037e-01 -3.245121613144874573e-02 -2.648392226547002792e-03 5.061440169811248779e-02
4.242687523365020752e-01 1.627086102962493896e-01 -1.636104076169431210e-03 -2.429029345512390137e-01
4.275229275226593018e-01 -3.238993138074874878e-02 -6.494163069874048233e-03 4.926346987485885620e-02
4.268751442432403564e-01 -2.274181693792343140e-01 -5.508893635123968124e-03 3.398903906345367432e-01
4.223267734050750732e-01 -3.221826255321502686e-02 1.288914121687412262e-03 4.547536373138427734e-02
4.216824173927307129e-01 1.628851890563964844e-01 2.198421396315097809e-03 -2.468006163835525513e-01
4.249401092529296875e-01 -3.226809948682785034e-02 -2.737591043114662170e-03 4.657492786645889282e-02
4.242947399616241455e-01 -2.273506820201873779e-01 -1.806092448532581329e-03 3.383928537368774414e-01
4.197477400302886963e-01 -3.220308199524879456e-02 4.961764905601739883e-03 4.514094442129135132e-02
4.191036820411682129e-01 1.628473699092864990e-01 5.864583887159824371e-03 -2.459723800420761108e-01
4.223606288433074951e-01 -3.235784918069839478e-02 9.451361256651580334e-04 4.855459183454513550e-02
4.217134714126586914e-01 1.627505421638488770e-01 1.916227862238883972e-03 -2.438299953937530518e-01
4.249684810638427734e-01 -3.239873051643371582e-02 -2.960371784865856171e-03 4.945674911141395569e-02
4.243204891681671143e-01 -2.274781167507171631e-01 -1.971236895769834518e-03 3.412041962146759033e-01
4.197709262371063232e-01 -3.232816606760025024e-02 4.852846730500459671e-03 4.790029674768447876e-02
4.191243648529052734e-01 1.627238690853118896e-01 5.810852628201246262e-03 -2.432475686073303223e-01
4.223788678646087646e-01 -3.248060494661331177e-02 9.459013235755264759e-04 5.126256868243217468e-02
4.217292368412017822e-01 1.626277714967727661e-01 1.971152611076831818e-03 -2.411217689514160156e-01
4.249818027019500732e-01 -3.252228349447250366e-02 -2.851282712072134018e-03 5.218226090073585510e-02
4.243313372135162354e-01 1.626404374837875366e-01 -1.807637512683868408e-03 -2.413989007472991943e-01
4.275841712951660156e-01 -3.245564550161361694e-02 -6.635615602135658264e-03 5.071329697966575623e-02
4.269350469112396240e-01 -2.274818271398544312e-01 -5.621349904686212540e-03 3.412952721118927002e-01
4.223854243755340576e-01 -3.228034824132919312e-02 1.204555621370673180e-03 4.684500768780708313e-02
4.217398166656494141e-01 1.628243178129196167e-01 2.141455886885523796e-03 -2.454576343297958374e-01
4.249962866306304932e-01 -3.232816234230995178e-02 -2.767696743831038475e-03 4.789999499917030334e-02
4.243497252464294434e-01 -2.274103164672851562e-01 -1.809696783311665058e-03 3.397084176540374756e-01
4.198015332221984863e-01 -3.226266056299209595e-02 4.984471481293439865e-03 4.645535349845886230e-02
4.191562533378601074e-01 1.627874672412872314e-01 5.913578439503908157e-03 -2.446507662534713745e-01
4.224120080471038818e-01 -3.241845220327377319e-02 1.020562951453030109e-03 4.989156499505043030e-02
4.217636585235595703e-01 1.626888513565063477e-01 2.018394181504845619e-03 -2.424691915512084961e-01
4.250174164772033691e-01 -3.246187418699264526e-02 -2.830989658832550049e-03 5.084970593452453613e-02
4.243681728839874268e-01 1.627005636692047119e-01 -1.813995419070124626e-03 -2.427250742912292480e-01
4.276221990585327148e-01 -3.239543735980987549e-02 -6.668496876955032349e-03 4.938511922955513000e-02
4.269742965698242188e-01 -2.274211347103118896e-01 -5.680794827640056610e-03 3.399566411972045898e-01
4.224258661270141602e-01 -3.221881762146949768e-02 1.118338201195001602e-03 4.548773914575576782e-02
4.217814803123474121e-01 1.628870815038681030e-01 2.028092974796891212e-03 -2.468421310186386108e-01
4.250392317771911621e-01 -3.226377815008163452e-02 -2.908749738708138466e-03 4.647981375455856323e-02
4.243939518928527832e-01 -2.273439019918441772e-01 -1.979153370484709740e-03 3.382435739040374756e-01
4.198470711708068848e-01 -3.219383955001831055e-02 4.785718396306037903e-03 4.493720084428787231e-02
4.192031919956207275e-01 1.628591567277908325e-01 5.684462375938892365e-03 -2.462319582700729370e-01
4.224603772163391113e-01 -3.234351426362991333e-02 7.598232477903366089e-04 4.823854938149452209e-02
4.218135178089141846e-01 1.627675294876098633e-01 1.724594272673130035e-03 -2.442045509815216064e-01
4.250688552856445312e-01 -3.237900882959365845e-02 -3.159496700391173363e-03 4.902185872197151184e-02
4.244212806224822998e-01 -2.274555116891860962e-01 -2.179059432819485664e-03 3.407062590122222900e-01
4.198721647262573242e-01 -3.230262547731399536e-02 4.635065793991088867e-03 4.733698442578315735e-02
4.192261099815368652e-01 1.627525538206100464e-01 5.581805482506752014e-03 -2.438799440860748291e-01
4.224811792373657227e-01 -3.244867548346519470e-02 7.042067009024322033e-04 5.055838823318481445e-02
4.218322038650512695e-01 1.626631766557693481e-01 1.715374528430402279e-03 -2.419022768735885620e-01
4.250854551792144775e-01 -3.248324245214462280e-02 -3.122671041637659073e-03 5.132123455405235291e-02
4.244357943534851074e-01 -2.275602817535400391e-01 -2.096246229484677315e-03 3.430173099040985107e-01
