-3.326229378581047058e-02 6.965409964323043823e-03 1.340109016746282578e-02 5.038194940425455570e-04
-3.312298655509948730e-02 2.018926292657852173e-01 1.341116614639759064e-02 -2.879209518432617188e-01
-2.908513322472572327e-02 6.582022644579410553e-03 7.652747444808483124e-03 8.961376734077930450e-03
-2.895349264144897461e-02 2.015933841466903687e-01 7.831974886357784271e-03 -2.812972366809844971e-01
-2.492162585258483887e-02 6.360603496432304382e-03 2.206030534580349922e-03 1.384555175900459290e-02
-2.479441277682781219e-02 2.014508545398712158e-01 2.482941607013344765e-03 -2.781405448913574219e-01
-2.076539583504199982e-02 6.293563637882471085e-03 -3.079869085922837257e-03 1.532447803765535355e-02
-2.063952572643756866e-02 -1.887840777635574341e-01 -2.773379441350698471e-03 3.070340752601623535e-01
-2.441520616412162781e-02 6.377276964485645294e-03 3.367302007973194122e-03 1.347779389470815659e-02
-2.428766153752803802e-02 2.014507800340652466e-01 3.636857960373163223e-03 -2.781408131122589111e-01
-2.025864645838737488e-02 6.277129985392093658e-03 -1.925958204083144665e-03 1.568695530295372009e-02
-2.013310231268405914e-02 -1.888171434402465820e-01 -1.612219144590198994e-03 3.077616095542907715e-01
-2.390944585204124451e-02 6.327738985419273376e-03 4.543012939393520355e-03 1.457065623253583908e-02
-2.378289215266704559e-02 2.013842463493347168e-01 4.834426101297140121e-03 -2.766754329204559326e-01
-1.975520700216293335e-02 6.193656008690595627e-03 -6.990829133428633213e-04 1.752833463251590729e-02
-1.963133364915847778e-02 -1.889182627201080322e-01 -3.485161869321018457e-04 3.099906146526336670e-01
-2.340969815850257874e-02 6.208652630448341370e-03 5.851296242326498032e-03 1.719779334962368011e-02
-2.328552491962909698e-02 2.012462019920349121e-01 6.195251829922199249e-03 -2.736332416534423828e-01
-1.926060207188129425e-02 6.036405451595783234e-03 7.225868757814168930e-04 2.099721692502498627e-02
-1.913987286388874054e-02 2.011479884386062622e-01 1.142531167715787888e-03 -2.714576423168182373e-01
-1.511691324412822723e-02 6.009750533849000931e-03 -4.286621697247028351e-03 2.158542908728122711e-02
-1.499671861529350281e-02 -1.890504658222198486e-01 -3.854912938550114632e-03 3.129127919673919678e-01
-1.877772808074951172e-02 6.126190535724163055e-03 2.403342863544821739e-03 1.901665143668651581e-02
-1.865520328283309937e-02 2.012135982513427734e-01 2.783675910905003548e-03 -2.729070186614990234e-01
-1.463093236088752747e-02 6.052033044397830963e-03 -2.674464602023363113e-03 2.065258100628852844e-02
-1.450989115983247757e-02 -1.890314668416976929e-01 -2.261413028463721275e-03 3.124904930591583252e-01
-1.829052157700061798e-02 6.122632883489131927e-03 3.988396842032670975e-03 1.909523643553256989e-02
-1.816806755959987640e-02 2.011871635913848877e-01 4.370301496237516403e-03 -2.723266482353210449e-01
-1.414432469755411148e-02 6.003121379762887955e-03 -1.076231361366808414e-03 2.173148468136787415e-02
-1.402426231652498245e-02 -1.891033798456192017e-01 -6.416016840375959873e-04 3.140746653079986572e-01
-1.780633069574832916e-02 6.027706433087587357e-03 5.639891605824232101e-03 2.118945494294166565e-02
-1.768577657639980316e-02 2.010683268308639526e-01 6.063680630177259445e-03 -2.697086930274963379e-01
-1.366440951824188232e-02 5.860367789864540100e-03 6.695064948871731758e-04 2.488056384027004242e-02
-1.354720257222652435e-02 -1.892711818218231201e-01 1.167117734439671040e-03 3.177746534347534180e-01
-1.733262650668621063e-02 5.834130104631185532e-03 7.522610947489738464e-03 2.546001970767974854e-02
-1.721594296395778656e-02 2.008474022150039673e-01 8.031811565160751343e-03 -2.648399770259857178e-01
-1.319899503141641617e-02 5.611734464764595032e-03 2.735011745244264603e-03 3.036539815366268158e-02
-1.308676041662693024e-02 2.006943523883819580e-01 3.342319745570421219e-03 -2.614533603191375732e-01
-9.072873741388320923e-03 5.524855572730302811e-03 -1.886747311800718307e-03 3.228190913796424866e-02
-8.962376043200492859e-03 -1.895699948072433472e-01 -1.241109101101756096e-03 3.243689537048339844e-01
-1.275377627462148666e-02 5.569612607359886169e-03 5.246269982308149338e-03 3.129488974809646606e-02
-1.264238357543945312e-02 2.006159424781799316e-01 5.872167646884918213e-03 -2.597281634807586670e-01
-8.630065247416496277e-03 5.410652607679367065e-03 6.776040536351501942e-04 3.480111062526702881e-02
-8.521852083504199982e-03 -1.897210031747817993e-01 1.373626291751861572e-03 3.276977539062500000e-01
-1.231627166271209717e-02 5.381359253078699112e-03 7.927581667900085449e-03 3.544832020998001099e-02
-1.220864523202180862e-02 2.003887295722961426e-01 8.636547252535820007e-03 -2.547228634357452393e-01
-8.200869895517826080e-03 5.144541617482900620e-03 3.542090300470590591e-03 4.067161306738853455e-02
-8.097979240119457245e-03 2.002155184745788574e-01 4.355522803962230682e-03 -2.508916556835174561e-01
-4.093668889254331589e-03 5.031644832342863083e-03 -6.623103399761021137e-04 4.316191002726554871e-02
-3.993036225438117981e-03 -1.900808066129684448e-01 2.009278832701966166e-04 3.356358110904693604e-01
-7.794652134180068970e-03 5.038287956267595291e-03 6.913643795996904373e-03 4.301624000072479248e-02
-7.693886291235685349e-03 2.000604271888732910e-01 7.773968856781721115e-03 -2.474773675203323364e-01
-3.692677943035960197e-03 4.828311968594789505e-03 2.824421273544430733e-03 4.764746502041816711e-02
-3.596111666411161423e-03 1.999096423387527466e-01 3.777370555326342583e-03 -2.441429942846298218e-01
4.020813503302633762e-04 4.733949434012174606e-03 -1.105489442124962807e-03 4.972901195287704468e-02
4.967603017576038837e-04 -1.903721392154693604e-01 -1.109091681428253651e-04 3.420629501342773438e-01
-3.310682252049446106e-03 4.751396365463733673e-03 6.730349734425544739e-03 4.934504255652427673e-02
-3.215654520317912102e-03 1.997762024402618408e-01 7.717250380665063858e-03 -2.412068247795104980e-01
7.798695005476474762e-04 4.544862080365419388e-03 2.893113996833562851e-03 5.390030518174171448e-02
8.707667584531009197e-04 1.996252089738845825e-01 3.971120342612266541e-03 -2.378684133291244507e-01
4.863271024078130722e-03 4.446752835065126419e-03 -7.862482452765107155e-04 5.606446787714958191e-02
4.952206276357173920e-03 -1.906639188528060913e-01 3.350411134306341410e-04 3.484992086887359619e-01
1.138927764259278774e-03 4.453268367797136307e-03 7.305025588721036911e-03 5.592196434736251831e-02
1.227993052452802658e-03 1.994697153568267822e-01 8.423465304076671600e-03 -2.344472557306289673e-01
5.217387340962886810e-03 4.228434525430202484e-03 3.734519938006997108e-03 6.088075786828994751e-02
5.301956087350845337e-03 1.992966383695602417e-01 4.952135030180215836e-03 -2.306215614080429077e-01
9.287889115512371063e-03 4.104278516024351120e-03 3.397036925889551640e-04 6.361930817365646362e-02
9.369974955916404724e-03 1.992213577032089233e-01 1.612089923582971096e-03 -2.289564162492752075e-01
1.335440203547477722e-02 4.076406359672546387e-03 -2.967038424685597420e-03 6.423458456993103027e-02
1.343593001365661621e-02 -1.910028755664825439e-01 -1.682346803136169910e-03 3.559799194335937500e-01
9.615872055292129517e-03 4.142950288951396942e-03 5.437251646071672440e-03 6.276697665452957153e-02
9.698730893433094025e-03 1.991865187883377075e-01 6.692591123282909393e-03 -2.281955182552337646e-01
1.368246134370565414e-02 3.969573415815830231e-03 2.128680702298879623e-03 6.659095734357833862e-02
1.376185286790132523e-02 1.990609467029571533e-01 3.460499923676252365e-03 -2.254195958375930786e-01
1.774307154119014740e-02 3.889704123139381409e-03 -1.047892146743834019e-03 6.835288554430007935e-02
1.782086677849292755e-02 -1.912172138690948486e-01 3.191656433045864105e-04 3.607050180435180664e-01
1.399652194231748581e-02 3.900205250829458237e-03 7.533265743404626846e-03 6.812274456024169922e-02
1.407452579587697983e-02 1.989133507013320923e-01 8.895721286535263062e-03 -2.221739143133163452e-01
1.805279217660427094e-02 3.665383439511060715e-03 4.452242515981197357e-03 7.330175489187240601e-02
1.812610030174255371e-02 1.987232267856597900e-01 5.918277893215417862e-03 -2.179731428623199463e-01
2.210056595504283905e-02 3.517172997817397118e-03 1.558814896270632744e-03 7.657076418399810791e-02
2.217090874910354614e-02 1.986167430877685547e-01 3.090230282396078110e-03 -2.156199365854263306e-01
2.614324353635311127e-02 3.450749907642602921e-03 -1.222168677486479282e-03 7.803617417812347412e-02
2.621225826442241669e-02 -1.916536539793014526e-01 3.385547606740146875e-04 3.703332543373107910e-01
2.237918600440025330e-02 3.463479923084378242e-03 7.745219860225915909e-03 7.775709778070449829e-02
2.244845405220985413e-02 1.984735429286956787e-01 9.300361387431621552e-03 -2.124721556901931763e-01
2.641792595386505127e-02 3.219868522137403488e-03 5.050918553024530411e-03 8.312995731830596924e-02
2.648232318460941315e-02 1.982690542936325073e-01 6.713517475873231888e-03 -2.079551219940185547e-01
3.044770471751689911e-02 3.051750361919403076e-03 2.554415026679635048e-03 8.683799207210540771e-02
3.050873987376689911e-02 1.981370002031326294e-01 4.291174933314323425e-03 -2.050379216670989990e-01
3.447147831320762634e-02 2.953940303996205330e-03 1.904165110317990184e-04 8.899556100368499756e-02
3.453055769205093384e-02 -1.921707391738891602e-01 1.970327692106366158e-03 3.817385733127593994e-01
3.068714402616024017e-02 2.923178719356656075e-03 9.605099447071552277e-03 8.967752754688262939e-02
3.074560686945915222e-02 1.979061514139175415e-01 1.139864977449178696e-02 -1.999595761299133301e-01
3.470372781157493591e-02 2.623037202283740044e-03 7.399457972496747971e-03 9.629718959331512451e-02
3.475619107484817505e-02 1.976381540298461914e-01 9.325401857495307922e-03 -1.940420717000961304e-01
3.870895504951477051e-02 2.384060528129339218e-03 5.444560665637254715e-03 1.015679761767387390e-01
3.875663504004478455e-02 1.974275559186935425e-01 7.475920021533966064e-03 -1.893922537565231323e-01
4.270518571138381958e-02 2.199459122493863106e-03 3.688075114041566849e-03 1.056396216154098511e-01
4.274917393922805786e-02 1.972683668136596680e-01 5.800867453217506409e-03 -1.858774572610855103e-01
4.669454321265220642e-02 2.063898369669914246e-03 2.083318307995796204e-03 1.086297631263732910e-01
4.673581942915916443e-02 1.971559375524520874e-01 4.255913663655519485e-03 -1.833951622247695923e-01
5.067893862724304199e-02 1.973345642909407616e-03 5.880105309188365936e-04 1.106273084878921509e-01
5.071840435266494751e-02 -1.931570321321487427e-01 2.800556598231196404e-03 4.034956991672515869e-01
4.685526713728904724e-02 1.925093587487936020e-03 1.087047066539525986e-02 1.116970181465148926e-01
4.689376801252365112e-02 1.968896090984344482e-01 1.310441084206104279e-02 -1.775366067886352539e-01
5.083156004548072815e-02 1.582596101798117161e-03 9.553678333759307861e-03 1.192513331770896912e-01
5.086321011185646057e-02 1.965663731098175049e-01 1.193870510905981064e-02 -1.704022437334060669e-01
5.479453876614570618e-02 1.275593647733330727e-03 8.530660532414913177e-03 1.260229349136352539e-01
5.482004955410957336e-02 1.962742954492568970e-01 1.105111930519342422e-02 -1.639564931392669678e-01
5.874553695321083069e-02 9.959097951650619507e-04 7.771989330649375916e-03 1.321921646595001221e-01
5.876545608043670654e-02 1.960056722164154053e-01 1.041583251208066940e-02 -1.580287069082260132e-01
6.268557161092758179e-02 7.361595635302364826e-04 7.255258969962596893e-03 1.379218846559524536e-01
6.270029395818710327e-02 1.957534402608871460e-01 1.001369673758745193e-02 -1.524633169174194336e-01
6.661535799503326416e-02 4.895539605058729649e-04 6.964430212974548340e-03 1.433618068695068359e-01
6.662514805793762207e-02 1.955110728740692139e-01 9.831666015088558197e-03 -1.471158564090728760e-01
7.053537666797637939e-02 2.497217792551964521e-04 6.889349315315485001e-03 1.486524939537048340e-01
7.054036855697631836e-02 1.952723413705825806e-01 9.862398728728294373e-03 -1.418490558862686157e-01
7.444581389427185059e-02 1.054398035194026306e-05 7.025417871773242950e-03 1.539289057254791260e-01
7.444602251052856445e-02 1.950311958789825439e-01 1.010399591177701950e-02 -1.365294158458709717e-01
7.834664732217788696e-02 -2.340032660868018866e-04 7.373407948762178421e-03 1.593239754438400269e-01
7.834196835756301880e-02 1.947816163301467896e-01 1.055988762527704239e-02 -1.310237348079681396e-01
8.223760128021240234e-02 -4.900009371340274811e-04 7.939412258565425873e-03 1.649719029664993286e-01
8.222780376672744751e-02 1.945174038410186768e-01 1.123885065317153931e-02 -1.251958310604095459e-01
8.611814677715301514e-02 -7.637389353476464748e-04 8.734934031963348389e-03 1.710115373134613037e-01
8.610287308692932129e-02 1.942321062088012695e-01 1.215516496449708939e-02 -1.189030334353446960e-01
8.998751640319824219e-02 -1.061870483681559563e-03 9.777104482054710388e-03 1.775898337364196777e-01
8.996628224849700928e-02 1.939188092947006226e-01 1.332890056073665619e-02 -1.119927912950515747e-01
9.384465217590332031e-02 -1.391573925502598286e-03 1.108904462307691574e-02 1.848653405904769897e-01
9.381682425737380981e-02 1.935699731111526489e-01 1.478635147213935852e-02 -1.042988896369934082e-01
9.768822044134140015e-02 -1.760723884217441082e-03 1.270037423819303513e-02 1.930121630430221558e-01
9.765300899744033813e-02 1.931772679090499878e-01 1.656061783432960510e-02 -9.563743323087692261e-02
1.015165522694587708e-01 -2.178077585995197296e-03 1.464786846190690994e-02 2.022240012884140015e-01
1.014729961752891541e-01 1.927313506603240967e-01 1.869234815239906311e-02 -8.580247312784194946e-02
1.053276211023330688e-01 -2.653479110449552536e-03 1.697629876434803009e-02 2.127188146114349365e-01
1.052745506167411804e-01 1.922217011451721191e-01 2.123067528009414673e-02 -7.456102967262268066e-02
1.091189831495285034e-01 3.870329558849334717e-01 1.973945461213588715e-02 -3.604707121849060059e-01
1.168596446514129639e-01 1.916360557079315186e-01 1.253004092723131180e-02 -6.162944063544273376e-02
1.206923648715019226e-01 3.865761160850524902e-01 1.129745133221149445e-02 -3.503328561782836914e-01
1.284238845109939575e-01 1.912953406572341919e-01 4.290794488042593002e-03 -5.410900712013244629e-02
1.322497874498367310e-01 -3.887865459546446800e-03 3.208614187315106392e-03 2.399246096611022949e-01
1.321720331907272339e-01 1.911880970001220703e-01 8.007106371223926544e-03 -5.174450948834419250e-02
1.359958052635192871e-01 3.861943185329437256e-01 6.972216069698333740e-03 -3.418904244899749756e-01
1.437196880578994751e-01 1.909738779067993164e-01 1.344079646514728665e-04 -4.701703786849975586e-02
1.475391685962677002e-01 -4.149997141212224960e-03 -8.059327956289052963e-04 2.457082867622375488e-01
1.474561691284179688e-01 1.909834593534469604e-01 4.108232911676168442e-03 -4.722873494029045105e-02
1.512758284807205200e-01 3.860462605953216553e-01 3.163658315315842628e-03 -3.386126458644866943e-01
1.589967608451843262e-01 1.908794343471527100e-01 -3.608594881370663643e-03 -4.493376612663269043e-02
1.628143489360809326e-01 -4.190588369965553284e-03 -4.507270175963640213e-03 2.466084361076354980e-01
1.627305299043655396e-01 1.909954398870468140e-01 4.248986078891903162e-04 -4.749277606606483459e-02
1.665504425764083862e-01 -4.132596310228109360e-03 -5.249568494036793709e-04 2.453241795301437378e-01
1.664677858352661133e-01 1.909968554973602295e-01 4.381526727229356766e-03 -4.752428457140922546e-02
1.702877283096313477e-01 3.860557079315185547e-01 3.431041026487946510e-03 -3.388215899467468262e-01
1.780088394880294800e-01 1.908850967884063721e-01 -3.345390548929572105e-03 -4.505867883563041687e-02
1.818265467882156372e-01 -4.188726190477609634e-03 -4.246564116328954697e-03 2.465668767690658569e-01
1.817427724599838257e-01 1.909936219453811646e-01 6.847733166068792343e-04 -4.745248705148696899e-02
1.855626404285430908e-01 3.861057460308074951e-01 -2.642764302436262369e-04 -3.399192690849304199e-01
1.932847499847412109e-01 1.909875571727752686e-01 -7.062661927193403244e-03 -4.731970652937889099e-02
1.971045136451721191e-01 -4.032416734844446182e-03 -8.009056560695171356e-03 2.431265413761138916e-01
1.970238536596298218e-01 1.912030130624771118e-01 -3.146525239571928978e-03 -5.207184329628944397e-02
2.008479237556457520e-01 -3.873680019751191139e-03 -4.187962040305137634e-03 2.396166771650314331e-01
2.007704526185989380e-01 1.913078427314758301e-01 6.043712492100894451e-04 -5.438430979847908020e-02
2.045966088771820068e-01 3.864211142063140869e-01 -4.833149141632020473e-04 -3.468765020370483398e-01
2.123250216245651245e-01 1.913060545921325684e-01 -7.420844864100217819e-03 -5.434601008892059326e-02
2.161511480808258057e-01 -3.708710893988609314e-03 -8.507764898240566254e-03 2.359863817691802979e-01
2.160769701004028320e-01 1.915337592363357544e-01 -3.788037458434700966e-03 -5.936797335743904114e-02
2.199076414108276367e-01 -3.533682087436318398e-03 -4.975397139787673950e-03 2.321173995733261108e-01
2.198369801044464111e-01 1.916590034961700439e-01 -3.330489562358707190e-04 -6.213077157735824585e-02
2.236701548099517822e-01 3.867857456207275391e-01 -1.575664384290575981e-03 -3.549187481403350830e-01
2.314058691263198853e-01 1.916862130165100098e-01 -8.674039505422115326e-03 -6.273309886455535889e-02
2.352395951747894287e-01 -3.310298779979348183e-03 -9.928701445460319519e-03 2.272005379199981689e-01
2.351733893156051636e-01 1.919521242380142212e-01 -5.384691059589385986e-03 -6.859765201807022095e-02
2.390124350786209106e-01 -3.092212602496147156e-03 -6.756643764674663544e-03 2.223815172910690308e-01
2.389505803585052490e-01 1.921256631612777710e-01 -2.309013390913605690e-03 -7.242503762245178223e-02
2.427930980920791626e-01 3.872806429862976074e-01 -3.757514292374253273e-03 -3.658355772495269775e-01
2.505387067794799805e-01 1.922122836112976074e-01 -1.107422541826963425e-02 -7.433981448411941528e-02
2.543829679489135742e-01 -2.749170875176787376e-03 -1.256102230399847031e-02 2.148286700248718262e-01
2.543279826641082764e-01 1.925500780344009399e-01 -8.264448493719100952e-03 -8.178994059562683105e-02
2.581789791584014893e-01 -2.452427055686712265e-03 -9.900247678160667419e-03 2.082741111516952515e-01
2.581299245357513428e-01 1.928096860647201538e-01 -5.734764970839023590e-03 -8.751530945301055908e-02
2.619861066341400146e-01 -2.229601843282580376e-03 -7.485071197152137756e-03 2.033527940511703491e-01
2.619415223598480225e-01 1.929985880851745605e-01 -3.418015316128730774e-03 -9.168189018964767456e-02
2.658014893531799316e-01 -2.074203686788678169e-03 -5.251653026789426804e-03 1.999206990003585815e-01
2.657600045204162598e-01 1.931224614381790161e-01 -1.253239228390157223e-03 -9.441424161195755005e-02
2.696224749088287354e-01 -1.981502631679177284e-03 -3.141524037346243858e-03 1.978730261325836182e-01
2.695828378200531006e-01 1.931852400302886963e-01 8.159364224411547184e-04 -9.579925239086151123e-02
2.734465301036834717e-01 3.882955014705657959e-01 -1.100048655644059181e-03 -3.882246315479278564e-01
2.812124490737915039e-01 1.931891739368438721e-01 -8.864541538059711456e-03 -9.588875621557235718e-02
2.850762307643890381e-01 -1.804616418667137623e-03 -1.078231632709503174e-02 1.939842849969863892e-01
2.850401401519775391e-01 1.934698969125747681e-01 -6.902630906552076340e-03 -1.020803973078727722e-01
2.889095246791839600e-01 -1.552450703456997871e-03 -8.944238536059856415e-03 1.884168088436126709e-01
2.888785004615783691e-01 1.936963200569152832e-01 -5.175902508199214935e-03 -1.070742011070251465e-01
2.927524149417877197e-01 -1.351083628833293915e-03 -7.317386567592620850e-03 1.839712709188461304e-01
2.927253842353820801e-01 1.938748061656951904e-01 -3.637961344793438911e-03 -1.110110059380531311e-01
2.966029047966003418e-01 -1.194833428598940372e-03 -5.858181510120630264e-03 1.805219501256942749e-01
2.965790033340454102e-01 1.940104514360427856e-01 -2.247742610052227974e-03 -1.140032559633255005e-01
3.004592061042785645e-01 -1.079217414371669292e-03 -4.527807701379060745e-03 1.779696792364120483e-01
3.004376292228698730e-01 1.941072344779968262e-01 -9.684141841717064381e-04 -1.161381751298904419e-01
3.043197691440582275e-01 -1.000826479867100716e-03 -3.291177563369274139e-03 1.762390732765197754e-01
3.042997419834136963e-01 1.941680759191513062e-01 2.336037287022918463e-04 -1.174802929162979126e-01
3.081831037998199463e-01 -9.572272538207471371e-04 -2.116002142429351807e-03 1.752763241529464722e-01
3.081639707088470459e-01 1.941949427127838135e-01 1.389524317346513271e-03 -1.180733814835548401e-01
3.120478689670562744e-01 3.892969489097595215e-01 -9.719433728605508804e-04 -4.103175997734069824e-01
3.198338150978088379e-01 1.941888034343719482e-01 -9.178295731544494629e-03 -1.179412528872489929e-01
3.237175643444061279e-01 -8.004514966160058975e-04 -1.153712067753076553e-02 1.718319207429885864e-01
3.237015604972839355e-01 1.944847106933593750e-01 -8.100481703877449036e-03 -1.244681626558303833e-01
3.275912702083587646e-01 -5.202597239986062050e-04 -1.058984547853469849e-02 1.656481772661209106e-01
3.275808691978454590e-01 1.947516649961471558e-01 -7.276881486177444458e-03 -1.303566396236419678e-01
3.314758837223052979e-01 -2.652905532158911228e-04 -9.884014725685119629e-03 1.600216627120971680e-01
3.314705789089202881e-01 1.949967592954635620e-01 -6.683581508696079254e-03 -1.357629597187042236e-01
3.353705108165740967e-01 -2.882447915908414871e-05 -9.398840367794036865e-03 1.548039317131042480e-01
3.353699445724487305e-01 1.952264308929443359e-01 -6.302761845290660858e-03 -1.408292353153228760e-01
3.392744660377502441e-01 1.953122991835698485e-04 -9.119346737861633301e-03 1.498586237430572510e-01
3.392783701419830322e-01 1.954466551542282104e-01 -6.122174207121133804e-03 -1.456872522830963135e-01
3.431873023509979248e-01 4.129087901674211025e-04 -9.035918861627578735e-03 1.450579762458801270e-01
3.431955575942993164e-01 1.956630945205688477e-01 -6.134759634733200073e-03 -1.504618674516677856e-01
3.471088409423828125e-01 6.295189377851784229e-04 -9.143996983766555786e-03 1.402793675661087036e-01
3.471214175224304199e-01 1.958812326192855835e-01 -6.338409613817930222e-03 -1.552742421627044678e-01
3.510390520095825195e-01 8.506036829203367233e-04 -9.443894959986209869e-03 1.354023367166519165e-01
3.510560691356658936e-01 1.961065381765365601e-01 -6.735847797244787216e-03 -1.602449715137481689e-01
3.549782037734985352e-01 1.081669470295310020e-03 -9.940747171640396118e-03 1.303053796291351318e-01
3.549998104572296143e-01 1.963445991277694702e-01 -7.334639783948659897e-03 -1.654970794916152954e-01
3.589267134666442871e-01 1.328405807726085186e-03 -1.064458116888999939e-02 1.248629763722419739e-01
3.589532971382141113e-01 1.966012269258499146e-01 -8.147321641445159912e-03 -1.711591035127639771e-01
3.628852963447570801e-01 1.596826012246310711e-03 -1.157050393521785736e-02 1.189424991607666016e-01
3.629172444343566895e-01 1.968826204538345337e-01 -9.191653691232204437e-03 -1.773682534694671631e-01
3.668549060821533203e-01 1.893414184451103210e-03 -1.273901946842670441e-02 1.124009117484092712e-01
3.668927550315856934e-01 1.971955597400665283e-01 -1.049100141972303391e-02 -1.842737197875976562e-01
3.708366751670837402e-01 2.225282369181513786e-03 -1.417647581547498703e-02 1.050813123583793640e-01
3.708811700344085693e-01 1.975474953651428223e-01 -1.207484863698482513e-02 -1.920403093099594116e-01
3.748321235179901123e-01 2.600341103971004486e-03 -1.591565459966659546e-02 9.680918604135513306e-02
3.748841285705566406e-01 1.979467421770095825e-01 -1.397947128862142563e-02 -2.008523046970367432e-01
3.788430690765380859e-01 3.027487313374876976e-03 -1.799651794135570526e-02 8.738817274570465088e-02
3.789036273956298828e-01 -1.918319463729858398e-01 -1.624875329434871674e-02 3.743392825126647949e-01
3.750669956207275391e-01 3.517006291076540947e-03 -8.761968463659286499e-03 7.657763361930847168e-02
3.751373291015625000e-01 1.987634599208831787e-01 -7.230415940284729004e-03 -2.188567966222763062e-01
3.791126012802124023e-01 3.745611757040023804e-03 -1.160755194723606110e-02 7.153660804033279419e-02
3.791874945163726807e-01 1.990320384502410889e-01 -1.017681974917650223e-02 -2.247858345508575439e-01
3.831681609153747559e-01 4.056998994201421738e-03 -1.467253640294075012e-02 6.466963887214660645e-02
3.832492828369140625e-01 -1.908515393733978271e-01 -1.337914355099201202e-02 3.526874184608459473e-01
3.794322609901428223e-01 4.458076786249876022e-03 -6.325395312160253525e-03 5.581585317850112915e-02
3.795214295387268066e-01 1.996701508760452271e-01 -5.209078080952167511e-03 -2.388560473918914795e-01
3.835148215293884277e-01 4.623000975698232651e-03 -9.986199438571929932e-03 5.217923969030380249e-02
3.836072683334350586e-01 -1.903543472290039062e-01 -8.942614309489727020e-03 3.416947722434997559e-01
3.798002004623413086e-01 4.893686622381210327e-03 -2.108718734234571457e-03 4.620534926652908325e-02
3.798980712890625000e-01 2.000458091497421265e-01 -1.184611814096570015e-03 -2.471421509981155396e-01
3.838989734649658203e-01 4.940798971801996231e-03 -6.127454806119203568e-03 4.516688734292984009e-02
3.839977979660034180e-01 -1.900927573442459106e-01 -5.224117077887058258e-03 3.359102606773376465e-01
3.801959455013275146e-01 5.103152245283126831e-03 1.494088326580822468e-03 4.158451780676841736e-02
3.802980184555053711e-01 2.002036422491073608e-01 2.325778594240546227e-03 -2.506266236305236816e-01
3.843020796775817871e-01 5.048560444265604019e-03 -2.686754101887345314e-03 4.278897866606712341e-02
3.844030499458312988e-01 2.002089321613311768e-01 -1.830974477343261242e-03 -2.507404386997222900e-01
3.884072303771972656e-01 5.113178864121437073e-03 -6.845782976597547531e-03 4.136440902948379517e-02
3.885094821453094482e-01 -1.899099349975585938e-01 -6.018494721502065659e-03 3.318795859813690186e-01
3.847112953662872314e-01 5.297159310430288315e-03 6.190968560986220837e-04 3.730481490492820740e-02
3.848172426223754883e-01 2.004102319478988647e-01 1.365193165838718414e-03 -2.551827132701873779e-01
3.888254463672637939e-01 5.268810316920280457e-03 -3.738461295142769814e-03 3.793050348758697510e-02
3.889308273792266846e-01 2.004441767930984497e-01 -2.979851095005869865e-03 -2.559295892715454102e-01
3.929397165775299072e-01 5.364891607314348221e-03 -8.098443038761615753e-03 3.581194579601287842e-02
3.930470049381256104e-01 -1.896400004625320435e-01 -7.382204290479421616e-03 3.259287774562835693e-01
3.892542123794555664e-01 5.586280021816492081e-03 -8.636288112029433250e-04 3.092698752880096436e-02
3.893659114837646484e-01 2.007206082344055176e-01 -2.450890897307544947e-04 -2.620283067226409912e-01
3.933803439140319824e-01 5.602153483778238297e-03 -5.485655274242162704e-03 3.057731501758098602e-02
3.934923708438873291e-01 -1.894406974315643311e-01 -4.874108824878931046e-03 3.215244114398956299e-01
3.897035717964172363e-01 5.750318523496389389e-03 1.556379720568656921e-03 2.730838581919670105e-02
3.898185789585113525e-01 2.008499205112457275e-01 2.102547325193881989e-03 -2.648830711841583252e-01
3.938355743885040283e-01 5.698018241673707962e-03 -3.195114200934767723e-03 2.846226841211318970e-02
3.939495384693145752e-01 -1.893779635429382324e-01 -2.625868888571858406e-03 3.201353847980499268e-01
3.901619613170623779e-01 5.781281273812055588e-03 3.776839002966880798e-03 2.662552148103713989e-02
3.902775943279266357e-01 2.008488625288009644e-01 4.309349227696657181e-03 -2.648633718490600586e-01
3.942945897579193115e-01 5.665673874318599701e-03 -9.879182325676083565e-04 2.917563542723655701e-02
3.944078981876373291e-01 2.008017748594284058e-01 -4.044055240228772163e-04 -2.638188302516937256e-01
3.984239101409912109e-01 5.685601849108934402e-03 -5.680782254785299301e-03 2.873651869595050812e-02
3.985376358032226562e-01 -1.893544197082519531e-01 -5.106051918119192123e-03 3.196216821670532227e-01
3.947505354881286621e-01 5.839872639626264572e-03 1.286382204852998257e-03 2.533289417624473572e-02
3.948673307895660400e-01 2.009433507919311523e-01 1.793040079064667225e-03 -2.669438719749450684e-01
3.988862037658691406e-01 5.795856937766075134e-03 -3.545837709680199623e-03 2.630404010415077209e-02
3.990021347999572754e-01 -1.892750710248947144e-01 -3.019756870344281197e-03 3.178661167621612549e-01
3.952166140079498291e-01 5.889765918254852295e-03 3.337565343827009201e-03 2.423239126801490784e-02
3.953344225883483887e-01 2.009636908769607544e-01 3.822213271632790565e-03 -2.673956453800201416e-01
3.993536829948425293e-01 5.787402857095003128e-03 -1.525699393823742867e-03 2.649039588868618011e-02
3.994694352149963379e-01 2.009312063455581665e-01 -9.958915179595351219e-04 -2.666735053062438965e-01
4.034880697727203369e-01 5.823477171361446381e-03 -6.329361815005540848e-03 2.569513395428657532e-02
4.036045372486114502e-01 -1.892071366310119629e-01 -5.815458949655294418e-03 3.163743615150451660e-01
3.998203873634338379e-01 5.997164174914360046e-03 5.120283458381891251e-04 2.186313830316066742e-02
3.999403417110443115e-01 2.011117637157440186e-01 9.492911049164831638e-04 -2.706581950187683105e-01
4.039625823497772217e-01 5.976283922791481018e-03 -4.463872872292995453e-03 2.232399396598339081e-02
4.040820896625518799e-01 -1.890813708305358887e-01 -4.017393104732036591e-03 3.135951757431030273e-01
4.003004729747772217e-01 6.097582168877124786e-03 2.254510764032602310e-03 1.964800804853439331e-02
4.004224240779876709e-01 2.011871337890625000e-01 2.647470915690064430e-03 -2.723227441310882568e-01
4.044461548328399658e-01 6.027501076459884644e-03 -2.798983827233314514e-03 2.119402959942817688e-02
4.045667052268981934e-01 -1.890541911125183105e-01 -2.375103300437331200e-03 3.129925429821014404e-01
4.007856249809265137e-01 6.101507693529129028e-03 3.884747391566634178e-03 1.956151984632015228e-02
4.009076654911041260e-01 2.011675387620925903e-01 4.275977611541748047e-03 -2.718932032585144043e-01
4.049310088157653809e-01 5.984827876091003418e-03 -1.161886262707412243e-03 2.213531732559204102e-02
4.050507247447967529e-01 2.011234164237976074e-01 -7.191799231804907322e-04 -2.709139585494995117e-01
4.090731739997863770e-01 6.011741235852241516e-03 -6.137459538877010345e-03 2.154203504323959351e-02
4.091934263706207275e-01 -1.890216618776321411e-01 -5.706618539988994598e-03 3.122822344303131104e-01
4.054129719734191895e-01 6.181125063449144363e-03 5.390258156694471836e-04 1.780507899820804596e-02
4.055365920066833496e-01 2.012953460216522217e-01 8.951273630373179913e-04 -2.747077345848083496e-01
4.095624983310699463e-01 6.160630844533443451e-03 -4.599027335643768311e-03 1.825738698244094849e-02
4.096857309341430664e-01 -1.888950616121292114e-01 -4.233879502862691879e-03 3.094857335090637207e-01
4.059078097343444824e-01 6.286954507231712341e-03 1.955834915861487389e-03 1.547056436538696289e-02
4.060335755348205566e-01 2.013808041810989380e-01 2.265246352180838585e-03 -2.765946388244628906e-01
4.100611805915832520e-01 6.226606667041778564e-03 -3.266646293923258781e-03 1.680189184844493866e-02
4.101856946945190430e-01 -1.888483464717864990e-01 -2.930608578026294708e-03 3.084523677825927734e-01
4.064087569713592529e-01 6.315240170806646347e-03 3.238438861444592476e-03 1.484664715826511383e-02
4.065350592136383057e-01 2.013905942440032959e-01 3.535371739417314529e-03 -2.768127620220184326e-01
4.105628728866577148e-01 6.218388676643371582e-03 -2.000883454456925392e-03 1.698312535881996155e-02
4.106872379779815674e-01 -1.888748109340667725e-01 -1.661220914684236050e-03 3.090340793132781982e-01
4.069097340106964111e-01 6.270770914852619171e-03 4.519460722804069519e-03 1.582771353423595428e-02
4.070351421833038330e-01 2.013276219367980957e-01 4.836014937609434128e-03 -2.754258513450622559e-01
4.110617041587829590e-01 6.137003190815448761e-03 -6.725020357407629490e-04 1.877842843532562256e-02
4.111844301223754883e-01 2.012685984373092651e-01 -2.969334600493311882e-04 -2.741166055202484131e-01
4.152098000049591064e-01 6.150878965854644775e-03 -5.779265426099300385e-03 1.847265474498271942e-02
4.153328239917755127e-01 -1.888877153396606445e-01 -5.409812554717063904e-03 3.093265593051910400e-01
4.115550816059112549e-01 6.310895085334777832e-03 7.767188362777233124e-04 1.494245696812868118e-02
4.116812944412231445e-01 2.014216929674148560e-01 1.075568026863038540e-03 -2.774952948093414307e-01
4.157097339630126953e-01 6.284419447183609009e-03 -4.474338144063949585e-03 1.552666164934635162e-02
4.158354103565216064e-01 -1.887730807065963745e-01 -4.163804929703474045e-03 3.067945241928100586e-01
4.120599627494812012e-01 6.407956127077341080e-03 1.972085796296596527e-03 1.280135940760374069e-02
4.121881127357482910e-01 2.015015631914138794e-01 2.228112891316413879e-03 -2.792586982250213623e-01
4.162181317806243896e-01 6.347904447466135025e-03 -3.357060952112078667e-03 1.412613689899444580e-02
4.163450896739959717e-01 -1.887257397174835205e-01 -3.074538195505738258e-03 3.057479858398437500e-01
4.125705957412719727e-01 6.439887452870607376e-03 3.040421288460493088e-03 1.209701038897037506e-02
4.126993715763092041e-01 2.015181034803390503e-01 3.282361663877964020e-03 -2.796250879764556885e-01
4.167297482490539551e-01 6.349482573568820953e-03 -2.310140058398246765e-03 1.409128773957490921e-02
4.168567359447479248e-01 -1.887392550706863403e-01 -2.028314163908362389e-03 3.060444295406341553e-01
4.130819439888000488e-01 6.411533802747726440e-03 4.092574585229158401e-03 1.272252853959798813e-02
4.132101833820343018e-01 2.014745473861694336e-01 4.347025416791439056e-03 -2.786663472652435303e-01
4.172396659851074219e-01 6.290860008448362350e-03 -1.226301537826657295e-03 1.538445800542831421e-02
4.173654913902282715e-01 2.014303803443908691e-01 -9.186123497784137726e-04 -2.776851356029510498e-01
4.213941097259521484e-01 6.321542430669069290e-03 -6.472315173596143723e-03 1.470792666077613831e-02
4.215205311775207520e-01 -1.887069940567016602e-01 -6.178156472742557526e-03 3.053417503833770752e-01
4.177463948726654053e-01 6.502453237771987915e-03 -7.132132304832339287e-05 1.071680802851915359e-02
4.178764224052429199e-01 2.016254216432571411e-01 1.430148404324427247e-04 -2.819886207580566406e-01
4.219089448451995850e-01 6.501436233520507812e-03 -5.496757570654153824e-03 1.073940843343734741e-02
4.220389723777770996e-01 -1.885412484407424927e-01 -5.281969439238309860e-03 3.016829788684844971e-01
4.182681441307067871e-01 6.655578967183828354e-03 7.516902987845242023e-04 7.338928524404764175e-03
4.184012711048126221e-01 2.017667442560195923e-01 8.984688902273774147e-04 -2.851067483425140381e-01
4.224365949630737305e-01 6.631988100707530975e-03 -4.803665913641452789e-03 7.859426550567150116e-03
4.225692451000213623e-01 -1.884207427501678467e-01 -4.646477289497852325e-03 2.990228831768035889e-01
4.188008308410644531e-01 6.767130456864833832e-03 1.333980238996446133e-03 4.878166131675243378e-03
4.189361631870269775e-01 2.018699198961257935e-01 1.431543496437370777e-03 -2.873835861682891846e-01
4.229735732078552246e-01 6.727587897330522537e-03 -4.316127859055995941e-03 5.750503856688737869e-03
4.231081008911132812e-01 -1.883322000503540039e-01 -4.201117902994155884e-03 2.970685064792633057e-01
4.193414747714996338e-01 6.849388126283884048e-03 1.740252482704818249e-03 3.063599113374948502e-03
4.194784462451934814e-01 2.019463330507278442e-01 1.801524544134736061e-03 -2.890697419643402100e-01
4.235173761844635010e-01 6.798744201660156250e-03 -3.979870583862066269e-03 4.180815536528825760e-03
4.236533641815185547e-01 -1.882659047842025757e-01 -3.896254114806652069e-03 2.956053912639617920e-01
4.198880493640899658e-01 6.911375094205141068e-03 2.015853766351938248e-03 1.696199178695678711e-03
4.200262725353240967e-01 2.020043581724166870e-01 2.049777656793594360e-03 -2.903500199317932129e-01
4.240663647651672363e-01 6.853238679468631744e-03 -3.757222788408398628e-03 2.978678094223141670e-03
4.242034256458282471e-01 -1.882146298885345459e-01 -3.697649110108613968e-03 2.944737970829010010e-01
4.204391241073608398e-01 6.959844846278429031e-03 2.191826701164245605e-03 6.269777659326791763e-04
4.205783307552337646e-01 2.020502984523773193e-01 2.204366261139512062e-03 -2.913635969161987305e-01
4.246193170547485352e-01 6.896980572491884232e-03 -3.622905816882848740e-03 2.013745484873652458e-03
4.247572720050811768e-01 -1.881728321313858032e-01 -3.582630772143602371e-03 2.935514152050018311e-01
4.209938049316406250e-01 7.000020239502191544e-03 2.288397168740630150e-03 -2.592789242044091225e-04
4.211338162422180176e-01 2.020890712738037109e-01 2.283211797475814819e-03 -2.922193109989166260e-01
4.251756072044372559e-01 6.934646982699632645e-03 -3.561174497008323669e-03 1.182836364023387432e-03
4.253142774105072021e-01 -1.881360560655593872e-01 -3.537517739459872246e-03 2.927400469779968262e-01
4.215515553951263428e-01 7.036158349364995956e-03 2.317283069714903831e-03 -1.056465436704456806e-03
4.216922819614410400e-01 2.021248042583465576e-01 2.296153688803315163e-03 -2.930073738098144531e-01
4.257347881793975830e-01 6.970186252146959305e-03 -3.563993377611041069e-03 3.988561802543699741e-04
4.258742034435272217e-01 -1.881004720926284790e-01 -3.556016366928815842e-03 2.919551730155944824e-01
4.221121668815612793e-01 7.072001695632934570e-03 2.283087233081459999e-03 -1.847152831032872200e-03
4.222536087036132812e-01 2.021611332893371582e-01 2.246143994852900505e-03 -2.938088774681091309e-01
4.262968301773071289e-01 7.007232867181301117e-03 -3.630033228546380997e-03 -4.183826385997235775e-04
4.264369904994964600e-01 -1.880624741315841675e-01 -3.638400929048657417e-03 2.911170125007629395e-01
4.226757287979125977e-01 7.111169863492250443e-03 2.183939563110470772e-03 -2.711193403229117393e-03
4.228179752826690674e-01 2.022017389535903931e-01 2.129715634509921074e-03 -2.947042584419250488e-01
4.268620014190673828e-01 7.049483247101306915e-03 -3.764369525015354156e-03 -1.350415754131972790e-03
4.270029962062835693e-01 -1.880182772874832153e-01 -3.791377879679203033e-03 2.901424467563629150e-01
4.232426285743713379e-01 7.157528307288885117e-03 2.011470729485154152e-03 -3.733836812898516655e-03
4.233857691287994385e-01 -1.879932135343551636e-01 1.936794025823473930e-03 2.895830571651458740e-01
4.196259081363677979e-01 7.101067341864109039e-03 7.728455122560262680e-03 -2.488399390131235123e-03
4.197679162025451660e-01 2.021113336086273193e-01 7.678687106817960739e-03 -2.927229106426239014e-01
4.238101541996002197e-01 6.880747154355049133e-03 1.824228675104677677e-03 2.371838316321372986e-03
4.239477813243865967e-01 2.019764930009841919e-01 1.871665474027395248e-03 -2.897349596023559570e-01
4.279873073101043701e-01 6.827898323535919189e-03 -3.923033829778432846e-03 3.537677694112062454e-03
4.281238615512847900e-01 -1.882375776767730713e-01 -3.852280322462320328e-03 2.949802577495574951e-01
4.243591129779815674e-01 6.939087528735399246e-03 2.047325018793344498e-03 1.084878575056791306e-03
4.244979023933410645e-01 2.020316123962402344e-01 2.069022506475448608e-03 -2.909514009952545166e-01
4.285385310649871826e-01 6.880225148051977158e-03 -3.750005271285772324e-03 2.383363898843526840e-03
4.286761283874511719e-01 -1.881877481937408447e-01 -3.702337853610515594e-03 2.938807606697082520e-01
4.249123632907867432e-01 6.986794527620077133e-03 2.175277331843972206e-03 3.247489075874909759e-05
4.250521063804626465e-01 2.020774781703948975e-01 2.175926929339766502e-03 -2.919633388519287109e-01
4.290936589241027832e-01 6.924573332071304321e-03 -3.663339884951710701e-03 1.405059359967708588e-03
4.292321503162384033e-01 -1.881446540355682373e-01 -3.635238623246550560e-03 2.929299175739288330e-01
4.254692494869232178e-01 7.028943393379449844e-03 2.223359653726220131e-03 -8.973016520030796528e-04
4.256098270416259766e-01 2.021189332008361816e-01 2.205413533374667168e-03 -2.928779125213623047e-01
4.296522140502929688e-01 6.965611595660448074e-03 -3.652144456282258034e-03 4.997650976292788982e-04
4.297915101051330566e-01 -1.881037652492523193e-01 -3.642149269580841064e-03 2.920281589031219482e-01
4.260294437408447266e-01 7.069919724017381668e-03 2.198413945734500885e-03 -1.801223843358457088e-03
4.261708557605743408e-01 2.021602690219879150e-01 2.162389457225799561e-03 -2.937897145748138428e-01
4.302140474319458008e-01 7.007559295743703842e-03 -3.713404759764671326e-03 -4.255855455994606018e-04
4.303542077541351318e-01 -1.880609393119812012e-01 -3.721916349604725838e-03 2.910833954811096191e-01
4.265929758548736572e-01 7.113883271813392639e-03 2.099751727655529976e-03 -2.771040191873908043e-03
4.267352521419525146e-01 2.022056579589843750e-01 2.044330816715955734e-03 -2.947907447814941406e-01
4.307793676853179932e-01 7.054621353745460510e-03 -3.851483808830380440e-03 -1.463754451833665371e-03
4.309204816818237305e-01 -1.880118846893310547e-01 -3.880758769810199738e-03 2.900015115737915039e-01
4.271602332592010498e-01 7.165189832448959351e-03 1.919271191582083702e-03 -3.902846947312355042e-03
4.273035228252410889e-01 2.022595703601837158e-01 1.841214252635836601e-03 -2.959795892238616943e-01
4.313487112522125244e-01 7.111412473022937775e-03 -4.078377969563007355e-03 -2.716555725783109665e-03
4.314909577369689941e-01 -1.879518181085586548e-01 -4.132709000259637833e-03 2.886767983436584473e-01
4.277319312095642090e-01 7.228827569633722305e-03 1.640827162191271782e-03 -5.306664388626813889e-03
4.278765022754669189e-01 -1.879166215658187866e-01 1.534693874418735504e-03 2.878935039043426514e-01
4.241181612014770508e-01 7.183414883911609650e-03 7.292564027011394501e-03 -4.304992035031318665e-03
4.242618381977081299e-01 2.022000253200531006e-01 7.206464186310768127e-03 -2.946781218051910400e-01
4.283058345317840576e-01 6.976078730076551437e-03 1.312901615165174007e-03 2.688639215193688869e-04
4.284453392028808594e-01 2.020791769027709961e-01 1.318278838880360126e-03 -2.919995486736297607e-01
4.324869215488433838e-01 6.938453298062086105e-03 -4.521711729466915131e-03 1.098866225220263004e-03
4.326257109642028809e-01 -1.881183534860610962e-01 -4.499734379351139069e-03 2.923517227172851562e-01
4.288633465766906738e-01 7.067460101097822189e-03 1.347299781627953053e-03 -1.746966619975864887e-03
4.290046989917755127e-01 2.021700590848922729e-01 1.312360400334000587e-03 -2.940044999122619629e-01
4.330480992794036865e-01 7.029425818473100662e-03 -4.567729774862527847e-03 -9.079622104763984680e-04
4.331886768341064453e-01 -1.880267262458801270e-01 -4.585888702422380447e-03 2.903302907943725586e-01
4.294281303882598877e-01 7.160320878028869629e-03 1.220717094838619232e-03 -3.795432392507791519e-03
4.295713603496551514e-01 -1.879791170358657837e-01 1.144808484241366386e-03 2.892723977565765381e-01
4.258117675781250000e-01 7.126491516828536987e-03 6.930256262421607971e-03 -3.049250692129135132e-03
4.259542822837829590e-01 2.021483778953552246e-01 6.869271397590637207e-03 -2.935375571250915527e-01
4.299972653388977051e-01 6.929158698767423630e-03 9.985200595110654831e-04 1.303893746808171272e-03
4.301358461380004883e-01 2.020367681980133057e-01 1.024597906507551670e-03 -2.910638153553009033e-01
4.341765940189361572e-01 6.900229491293430328e-03 -4.796678666025400162e-03 1.942076138220727444e-03
4.343145787715911865e-01 -1.881525963544845581e-01 -4.757836926728487015e-03 2.931077480316162109e-01
4.305515289306640625e-01 7.036859635263681412e-03 1.104317838326096535e-03 -1.071937615051865578e-03
4.306922852993011475e-01 2.021429538726806641e-01 1.082879141904413700e-03 -2.934062480926513672e-01
4.347351193428039551e-01 7.005582097917795181e-03 -4.785245750099420547e-03 -3.819790144916623831e-04
4.348752498626708984e-01 -1.880474090576171875e-01 -4.792884923517704010e-03 2.907873094081878662e-01
4.311142861843109131e-01 7.142547983676195145e-03 1.022861106321215630e-03 -3.403373993933200836e-03
4.312571585178375244e-01 2.022498100996017456e-01 9.547935915179550648e-04 -2.957634031772613525e-01
4.353021383285522461e-01 7.114265114068984985e-03 -4.960474558174610138e-03 -2.779499627649784088e-03
4.354444146156311035e-01 -1.879362016916275024e-01 -5.016064271330833435e-03 2.883342206478118896e-01
4.316857159137725830e-01 7.256925571709871292e-03 7.506199763156473637e-04 -5.926497280597686768e-03
4.318308532238006592e-01 -1.878757774829864502e-01 6.320900283753871918e-04 2.869931757450103760e-01
4.280733168125152588e-01 7.237148936837911606e-03 6.371953524649143219e-03 -5.490339361131191254e-03
4.282180666923522949e-01 2.022671401500701904e-01 6.262146402150392532e-03 -2.961560487747192383e-01
4.322634041309356689e-01 7.056478876620531082e-03 3.390256315469741821e-04 -1.504736021161079407e-03
4.324045479297637939e-01 2.021735608577728271e-01 3.089309029746800661e-04 -2.940806746482849121e-01
4.364480078220367432e-01 7.047212217003107071e-03 -5.572682712227106094e-03 -1.300333649851381779e-03
4.365889430046081543e-01 -1.879943758249282837e-01 -5.598689429461956024e-03 2.896191477775573730e-01
4.328290820121765137e-01 7.206960115581750870e-03 1.936936459969729185e-04 -4.824275616556406021e-03
4.329732060432434082e-01 -1.879177689552307129e-01 9.720813250169157982e-05 2.879197597503662109e-01
4.292148649692535400e-01 7.202796172350645065e-03 5.855603143572807312e-03 -4.732508677989244461e-03
4.293588995933532715e-01 2.022402882575988770e-01 5.760953295975923538e-03 -2.955621778964996338e-01
4.334037005901336670e-01 7.036677561700344086e-03 -1.502905797678977251e-04 -1.067925477400422096e-03
4.335444569587707520e-01 -1.880831122398376465e-01 -1.716490951366722584e-04 2.915675938129425049e-01
4.297827780246734619e-01 7.041280157864093781e-03 5.659702699631452560e-03 -1.169478869996964931e-03
4.299236238002777100e-01 2.020816057920455933e-01 5.636312998831272125e-03 -2.920613288879394531e-01
4.339652359485626221e-01 6.879747845232486725e-03 -2.049139002338051796e-04 2.393865259364247322e-03
4.341028332710266113e-01 2.020046412944793701e-01 -1.570366002852097154e-04 -2.903537154197692871e-01
4.381429255008697510e-01 6.884925533086061478e-03 -5.964110605418682098e-03 2.279687672853469849e-03
4.382806420326232910e-01 -1.881509870290756226e-01 -5.918516777455806732e-03 2.930749058723449707e-01
4.345176219940185547e-01 7.054847199469804764e-03 -5.701871850760653615e-05 -1.468741451390087605e-03
4.346587061882019043e-01 2.021776139736175537e-01 -8.639354928163811564e-05 -2.941696643829345703e-01
4.387022554874420166e-01 7.056896574795246124e-03 -5.969786550849676132e-03 -1.513979514129459858e-03
4.388433992862701416e-01 -1.879789382219314575e-01 -6.000066176056861877e-03 2.892794311046600342e-01
4.350838065147399902e-01 7.228062488138675690e-03 -2.144774043699726462e-04 -5.289786029607057571e-03
4.352283775806427002e-01 -1.878908127546310425e-01 -3.202731313649564981e-04 2.873254716396331787e-01
4.314705729484558105e-01 7.235704921185970306e-03 5.426235962659120560e-03 -5.458458326756954193e-03
4.316152632236480713e-01 2.022794187068939209e-01 5.317066796123981476e-03 -2.964244186878204346e-01
4.356608688831329346e-01 7.082072552293539047e-03 -6.114213028922677040e-04 -2.069325651973485947e-03
4.358025193214416504e-01 -1.880311071872711182e-01 -6.528078229166567326e-04 2.904206216335296631e-01
4.320418834686279297e-01 7.100149057805538177e-03 5.155604798346757889e-03 -2.468116115778684616e-03
4.321838915348052979e-01 2.021477818489074707e-01 5.106242373585700989e-03 -2.935199439525604248e-01
4.362268447875976562e-01 6.953403819352388382e-03 -7.641563424840569496e-04 7.690425845794379711e-04
4.363659024238586426e-01 2.020862996578216553e-01 -7.487754919566214085e-04 -2.921548783779144287e-01
4.404076337814331055e-01 6.975038908421993256e-03 -6.591873243451118469e-03 2.917916281148791313e-04
4.405471384525299072e-01 -1.880517601966857910e-01 -6.586037576198577881e-03 2.908876240253448486e-01
4.367861151695251465e-01 7.163480855524539948e-03 -7.682847208343446255e-04 -3.865153994411230087e-03
4.369293749332427979e-01 -1.879474371671676636e-01 -8.455878123641014099e-04 2.885752618312835693e-01
4.331704378128051758e-01 7.186555769294500351e-03 4.925917368382215500e-03 -4.374226555228233337e-03
4.333141446113586426e-01 2.022375166416168213e-01 4.838433116674423218e-03 -2.954989075660705566e-01
4.373589158058166504e-01 7.046923041343688965e-03 -1.071545062586665154e-03 -1.293947454541921616e-03
4.374998509883880615e-01 -1.880596429109573364e-01 -1.097423955798149109e-03 2.910507023334503174e-01
4.337386488914489746e-01 7.077937945723533630e-03 4.723589867353439331e-03 -1.978137996047735214e-03
4.338802099227905273e-01 2.021318227052688599e-01 4.684027284383773804e-03 -2.931669652462005615e-01
4.379228353500366211e-01 6.943408399820327759e-03 -1.179312239401042461e-03 9.895375696942210197e-04
4.380617141723632812e-01 2.020822465419769287e-01 -1.159521518275141716e-03 -2.920652329921722412e-01
4.421033561229705811e-01 6.976853590458631516e-03 -7.000826299190521240e-03 2.517597749829292297e-04
4.422428905963897705e-01 -1.880439966917037964e-01 -6.995791103690862656e-03 2.907176315784454346e-01
4.384820163249969482e-01 7.177002262324094772e-03 -1.181438332423567772e-03 -4.163438454270362854e-03
4.386255443096160889e-01 -1.879279911518096924e-01 -1.264707068912684917e-03 2.881464958190917969e-01
4.348669946193695068e-01 7.211978081613779068e-03 4.498222842812538147e-03 -4.935039207339286804e-03
4.350112378597259521e-01 2.022691369056701660e-01 4.399522207677364349e-03 -2.961953282356262207e-01
4.390566051006317139e-01 7.084737531840801239e-03 -1.524384599179029465e-03 -2.128123072907328606e-03
4.391983151435852051e-01 -1.880153119564056396e-01 -1.566947088576853275e-03 2.900734543800354004e-01
4.354380071163177490e-01 7.128941360861063004e-03 4.234522115439176559e-03 -3.103260416537523270e-03
4.355805814266204834e-01 2.021899074316024780e-01 4.172456916421651840e-03 -2.944471538066864014e-01
4.396243989467620850e-01 7.008719723671674728e-03 -1.716486061923205853e-03 -4.512091691140085459e-04
4.397645592689514160e-01 -1.880885660648345947e-01 -1.725510228425264359e-03 2.916896641254425049e-01
4.360027909278869629e-01 7.057939190417528152e-03 4.108282737433910370e-03 -1.536980154924094677e-03
4.361439347267150879e-01 2.021207362413406372e-01 4.077543038874864578e-03 -2.929208576679229736e-01
4.401863515377044678e-01 6.940881721675395966e-03 -1.780874212272465229e-03 1.045267563313245773e-03
4.403251707553863525e-01 -1.881554871797561646e-01 -1.759968814440071583e-03 2.931657731533050537e-01
4.365620613098144531e-01 6.991516333073377609e-03 4.103346727788448334e-03 -7.170181197579950094e-05
4.367018938064575195e-01 2.020543813705444336e-01 4.101912491023540497e-03 -2.914571464061737061e-01
4.407429993152618408e-01 6.874181795865297318e-03 -1.727230497635900974e-03 2.516639186069369316e-03
4.408804774284362793e-01 2.020208686590194702e-01 -1.676897634752094746e-03 -2.907107472419738770e-01
