4.165829718112945557e-02 -4.394217580556869507e-02 4.721358045935630798e-02 3.307095170021057129e-02
4.077945649623870850e-02 1.504720300436019897e-01 4.787499830126762390e-02 -2.443497478961944580e-01
4.378889501094818115e-02 -4.529986903071403503e-02 4.298800230026245117e-02 6.304150819778442383e-02
4.288289695978164673e-02 1.491802185773849487e-01 4.424883425235748291e-02 -2.157745361328125000e-01
4.586650431156158447e-02 -4.654546827077865601e-02 3.993334248661994934e-02 9.053152799606323242e-02
4.493559151887893677e-02 1.479820162057876587e-01 4.174397513270378113e-02 -1.892897933721542358e-01
4.789523407816886902e-02 -4.771151021122932434e-02 3.795817866921424866e-02 1.162639409303665161e-01
4.694100469350814819e-02 1.468465924263000488e-01 4.028345644474029541e-02 -1.642059534788131714e-01
4.987793415784835815e-02 -4.882818087935447693e-02 3.699933737516403198e-02 1.409082114696502686e-01
4.890137165784835815e-02 1.457448601722717285e-01 3.981750085949897766e-02 -1.398762911558151245e-01
5.181626975536346436e-02 -4.992407560348510742e-02 3.701997548341751099e-02 1.650977432727813721e-01
5.081778764724731445e-02 1.446489244699478149e-01 4.032193124294281006e-02 -1.156803965568542480e-01
5.371076613664627075e-02 3.391706347465515137e-01 3.800832480192184448e-02 -3.953743278980255127e-01
6.049417704343795776e-02 1.435305625200271606e-01 3.010083548724651337e-02 -9.095444530248641968e-02
6.336478888988494873e-02 -5.200961232185363770e-02 2.828174829483032227e-02 2.110712677240371704e-01
6.232459843158721924e-02 1.426967829465866089e-01 3.250317275524139404e-02 -7.255782186985015869e-02
6.517853587865829468e-02 3.373380601406097412e-01 3.105201572179794312e-02 -3.548112511634826660e-01
7.192529737949371338e-02 1.417886614799499512e-01 2.395579032599925995e-02 -5.250074714422225952e-02
7.476107031106948853e-02 -5.366845056414604187e-02 2.290577627718448639e-02 2.476431280374526978e-01
7.368769496679306030e-02 1.411190032958984375e-01 2.785863913595676422e-02 -3.772770613431930542e-02
7.651007920503616333e-02 3.358306288719177246e-01 2.710408531129360199e-02 -3.214924037456512451e-01
8.322668820619583130e-02 1.403333842754364014e-01 2.067423611879348755e-02 -2.038663811981678009e-02
8.603335916996002197e-02 3.351528346538543701e-01 2.026650309562683105e-02 -3.064755797386169434e-01
9.273641556501388550e-02 1.397480368614196777e-01 1.413699239492416382e-02 -7.470631971955299377e-03
9.553137421607971191e-02 -5.557377263903617859e-02 1.398757938295602798e-02 2.896389365196228027e-01
9.441990405321121216e-02 1.393459588289260864e-01 1.978035829961299896e-02 1.400169683620333672e-03
9.720681607723236084e-02 3.341787159442901611e-01 1.980836130678653717e-02 -2.849767804145812988e-01
1.038903966546058655e-01 1.387799531221389771e-01 1.410882640630006790e-02 1.388718094676733017e-02
1.066659912467002869e-01 3.336967527866363525e-01 1.438657008111476898e-02 -2.743110656738281250e-01
1.133399307727813721e-01 1.383725106716156006e-01 8.900349028408527374e-03 2.287447266280651093e-02
1.161073818802833557e-01 3.333657085895538330e-01 9.357837960124015808e-03 -2.669870555400848389e-01
1.227746903896331787e-01 1.381114572286605835e-01 4.018097184598445892e-03 2.863265387713909149e-02
1.255369186401367188e-01 3.331755697727203369e-01 4.590750206261873245e-03 -2.627798020839691162e-01
1.322004348039627075e-01 1.379883736371994019e-01 -6.648460403084754944e-04 3.134754300117492676e-02
1.349602043628692627e-01 3.331198692321777344e-01 -3.789518086705356836e-05 -2.615450620651245117e-01
1.416226029396057129e-01 1.379984468221664429e-01 -5.268796812742948532e-03 3.112589754164218903e-02
1.443825662136077881e-01 -5.704755336046218872e-02 -4.646278917789459229e-03 3.221418261528015137e-01
1.432416141033172607e-01 1.381402462720870972e-01 1.796557568013668060e-03 2.799726650118827820e-02
1.460044234991073608e-01 3.332363963127136230e-01 2.356502925977110863e-03 -2.641182839870452881e-01
1.526691466569900513e-01 1.380808800458908081e-01 -2.925862791016697884e-03 2.930697426199913025e-02
1.554307639598846436e-01 3.332446813583374023e-01 -2.339723287150263786e-03 -2.642976641654968262e-01
1.620956659317016602e-01 1.381561905145645142e-01 -7.625676691532135010e-03 2.764637954533100128e-02
1.648587882518768311e-01 -5.685557052493095398e-02 -7.072749081999063492e-03 3.179135918617248535e-01
1.637216657400131226e-01 1.383664011955261230e-01 -7.144769188016653061e-04 2.300859987735748291e-02
1.664890050888061523e-01 3.334985971450805664e-01 -2.543049049563705921e-04 -2.698996663093566895e-01
1.731589734554290771e-01 1.383802741765975952e-01 -5.652298219501972198e-03 2.270303852856159210e-02
1.759265810251235962e-01 3.335828185081481934e-01 -5.198237486183643341e-03 -2.717578709125518799e-01
1.825982332229614258e-01 1.385354250669479370e-01 -1.063339505344629288e-02 1.928097940981388092e-02
1.853689402341842651e-01 -5.643242597579956055e-02 -1.024777535349130630e-02 3.085900843143463135e-01
1.842402964830398560e-01 1.388340294361114502e-01 -4.075974225997924805e-03 1.269297115504741669e-02
1.870169788599014282e-01 3.340142071247100830e-01 -3.822114551439881325e-03 -2.812731862068176270e-01
1.936972588300704956e-01 1.389469802379608154e-01 -9.447578340768814087e-03 1.020181737840175629e-02
1.964761912822723389e-01 -5.603821948170661926e-02 -9.243542328476905823e-03 2.998889982700347900e-01
1.953554302453994751e-01 1.392142623662948608e-01 -3.245761850848793983e-03 4.305242560803890228e-03
1.981397122144699097e-01 3.343825936317443848e-01 -3.159656887874007225e-03 -2.893999814987182617e-01
2.048273682594299316e-01 1.393058598041534424e-01 -8.947656489908695221e-03 2.284739632159471512e-03
2.076134830713272095e-01 -5.568663775920867920e-02 -8.901962079107761383e-03 2.921311855316162109e-01
2.064997553825378418e-01 1.395611017942428589e-01 -3.059338079765439034e-03 -3.345950040966272354e-03
2.092909812927246094e-01 3.347267806529998779e-01 -3.126257099211215973e-03 -2.969925701618194580e-01
2.159855067729949951e-01 1.396495401859283447e-01 -9.066108614206314087e-03 -5.297242198139429092e-03
2.187785059213638306e-01 -5.534121766686439514e-02 -9.172053076326847076e-03 2.845114767551422119e-01
2.176716774702072144e-01 1.399103403091430664e-01 -3.481823485344648361e-03 -1.105007901787757874e-02
2.204698920249938965e-01 -5.516150593757629395e-02 -3.702824935317039490e-03 2.805322706699371338e-01
2.193666547536849976e-01 1.400130689144134521e-01 1.907820231281220913e-03 -1.331622246652841568e-02
2.221669107675552368e-01 3.351075947284698486e-01 1.641495735384523869e-03 -3.053965866565704346e-01
2.288690656423568726e-01 1.399623006582260132e-01 -4.466436337679624557e-03 -1.219643652439117432e-02
2.316683083772659302e-01 -5.509531125426292419e-02 -4.710365086793899536e-03 2.790739238262176514e-01
2.305664122104644775e-01 1.400935202836990356e-01 8.711137343198060989e-04 -1.509090140461921692e-02
2.333682775497436523e-01 3.352029621601104736e-01 5.692957201972603798e-04 -3.074988424777984619e-01
2.400723397731781006e-01 1.400729119777679443e-01 -5.580681376159191132e-03 -1.463644113391637802e-02
2.428738027811050415e-01 -5.496856570243835449e-02 -5.873410031199455261e-03 2.762804925441741943e-01
2.417744249105453491e-01 1.402366906404495239e-01 -3.478001162875443697e-04 -1.824909821152687073e-02
2.445791661739349365e-01 3.353636264801025391e-01 -7.127820863388478756e-04 -3.110417425632476807e-01
2.512864172458648682e-01 1.402518302202224731e-01 -6.933616939932107925e-03 -1.858368888497352600e-02
2.540914714336395264e-01 -5.476999655365943909e-02 -7.305290549993515015e-03 2.719035744667053223e-01
2.529960572719573975e-01 1.404554247856140137e-01 -1.867219340056180954e-03 -2.307450026273727417e-02
2.558051645755767822e-01 3.356041014194488525e-01 -2.328709466382861137e-03 -3.163459599018096924e-01
2.625172734260559082e-01 1.405154019594192505e-01 -8.655629120767116547e-03 -2.439834922552108765e-02
2.653275728225708008e-01 -5.448135361075401306e-02 -9.143595583736896515e-03 2.655411064624786377e-01
2.642379403114318848e-01 1.407698988914489746e-01 -3.832773538306355476e-03 -3.001170605421066284e-02
2.670533359050750732e-01 3.359465897083282471e-01 -4.433007910847663879e-03 -3.239014446735382080e-01
2.737722694873809814e-01 1.408880501985549927e-01 -1.091103628277778625e-02 -3.261979669332504272e-02
2.765900194644927979e-01 -5.407574400305747986e-02 -1.156343240290880203e-02 2.566007077693939209e-01
2.755085229873657227e-01 1.412093788385391235e-01 -6.431418471038341522e-03 -3.970696032047271729e-02
2.783327102661132812e-01 -5.381976068019866943e-02 -7.225557696074247360e-03 2.509398758411407471e-01
2.772563099861145020e-01 1.414046287536621094e-01 -2.206760225817561150e-03 -4.401335492730140686e-02
2.800844013690948486e-01 3.365581333637237549e-01 -3.087027231231331825e-03 -3.373917043209075928e-01
2.868155539035797119e-01 1.414802670478820801e-01 -9.834861382842063904e-03 -4.568386450409889221e-02
2.896451652050018311e-01 -5.349929258227348328e-02 -1.074853911995887756e-02 2.438799142837524414e-01
2.885751724243164062e-01 1.417745202779769897e-01 -5.870940629392862320e-03 -5.217389389872550964e-02
2.914106845855712891e-01 -5.326275527477264404e-02 -6.914418190717697144e-03 2.386509329080581665e-01
2.903454303741455078e-01 1.419572830200195312e-01 -2.141399541869759560e-03 -5.620495229959487915e-02
2.931845784187316895e-01 -5.313389375805854797e-02 -3.265498671680688858e-03 2.358015775680541992e-01
2.921218872070312500e-01 1.420345604419708252e-01 1.450532930903136730e-03 -5.790959671139717102e-02
2.949625849723815918e-01 3.371356725692749023e-01 2.923410211224108934e-04 -3.501345217227935791e-01
3.017053008079528809e-01 1.420095711946487427e-01 -6.710349116474390030e-03 -5.735941976308822632e-02
3.045454919338226318e-01 -5.301552265882492065e-02 -7.857537828385829926e-03 2.331988066434860229e-01
3.034851849079132080e-01 1.422178149223327637e-01 -3.193561453372240067e-03 -6.195224449038505554e-02
3.063295185565948486e-01 -5.285820364952087402e-02 -4.432606510818004608e-03 2.297213822603225708e-01
3.052723705768585205e-01 1.423268020153045654e-01 1.618213427718728781e-04 -6.435643881559371948e-02
3.081189095973968506e-01 3.374464511871337891e-01 -1.125307404436171055e-03 -3.569883108139038086e-01
3.148678243160247803e-01 1.423405110836029053e-01 -8.265073411166667938e-03 -6.466042995452880859e-02
3.177146315574645996e-01 -5.266197770833969116e-02 -9.558281861245632172e-03 2.254033982753753662e-01
3.166613876819610596e-01 1.425952613353729248e-01 -5.050214007496833801e-03 -7.027918100357055664e-02
3.195132911205291748e-01 -5.245392024517059326e-02 -6.455797702074050903e-03 2.208061069250106812e-01
3.184642195701599121e-01 1.427597105503082275e-01 -2.039675600826740265e-03 -7.390622794628143311e-02
3.213194310665130615e-01 -5.233293771743774414e-02 -3.517800010740756989e-03 2.181324809789657593e-01
3.202727735042572021e-01 1.428391188383102417e-01 8.448495646007359028e-04 -7.565803080797195435e-02
3.231295347213745117e-01 3.379489481449127197e-01 -6.683111423626542091e-04 -3.680742979049682617e-01
3.298885226249694824e-01 1.428364962339401245e-01 -8.029797114431858063e-03 -7.560216635465621948e-02
3.327452540397644043e-01 -5.216941982507705688e-02 -9.541840292513370514e-03 2.145365476608276367e-01
3.317018747329711914e-01 1.430876404047012329e-01 -5.251109134405851364e-03 -8.114095777273178101e-02
3.345636129379272461e-01 -5.195864662528038025e-02 -6.873928010463714600e-03 2.098806202411651611e-01
3.335244357585906982e-01 1.432609111070632935e-01 -2.676315838471055031e-03 -8.496272563934326172e-02
3.363896608352661133e-01 -5.182256922125816345e-02 -4.375570453703403473e-03 2.068746238946914673e-01
3.353532254695892334e-01 1.433616727590560913e-01 -2.380780060775578022e-04 -8.718536049127578735e-02
3.382204473018646240e-01 -5.175686255097389221e-02 -1.981785288080573082e-03 2.054224461317062378e-01
3.371853232383728027e-01 1.433933675289154053e-01 2.126663690432906151e-03 -8.788497745990753174e-02
3.400531709194183350e-01 3.384847640991210938e-01 3.689640434458851814e-04 -3.798961937427520752e-01
3.468228578567504883e-01 1.433575898408889771e-01 -7.228959817439317703e-03 -8.709694445133209229e-02
3.496900200843811035e-01 -5.166000127792358398e-02 -8.970898576080799103e-03 2.032964974641799927e-01
3.486568331718444824e-01 1.435890942811965942e-01 -4.904968664050102234e-03 -9.220276027917861938e-02
3.515286147594451904e-01 -5.146221816539764404e-02 -6.749023683369159698e-03 1.989286243915557861e-01
3.504993617534637451e-01 1.437556147575378418e-01 -2.770451130345463753e-03 -9.587564319372177124e-02
3.533744812011718750e-01 -5.132652446627616882e-02 -4.687963984906673431e-03 1.959319263696670532e-01
3.523479402065277100e-01 1.438621729612350464e-01 -7.693257066421210766e-04 -9.822615981101989746e-02
3.552251756191253662e-01 -5.124874785542488098e-02 -2.733848756179213524e-03 1.942139565944671631e-01
3.542002141475677490e-01 1.439121961593627930e-01 1.150430180132389069e-03 -9.933013468980789185e-02
3.570784628391265869e-01 -5.122621729969978333e-02 -8.361725485883653164e-04 1.937155276536941528e-01
3.560539186000823975e-01 1.439076811075210571e-01 3.038138151168823242e-03 -9.923105686902999878e-02
3.589320778846740723e-01 3.389859497547149658e-01 1.053516869433224201e-03 -3.909538984298706055e-01
3.657118082046508789e-01 1.438490748405456543e-01 -6.765561178326606750e-03 -9.793900698423385620e-02
3.685887753963470459e-01 -5.117525905370712280e-02 -8.724341168999671936e-03 1.926017403602600098e-01
3.675652742385864258e-01 1.440704017877578735e-01 -4.872306715697050095e-03 -1.028205305337905884e-01
3.704466819763183594e-01 -5.098138749599456787e-02 -6.928717251867055893e-03 1.883212327957153320e-01
3.694270551204681396e-01 1.442390084266662598e-01 -3.162292763590812683e-03 -1.065393611788749695e-01
3.723118305206298828e-01 -5.083748698234558105e-02 -5.293080117553472519e-03 1.851442009210586548e-01
3.712950944900512695e-01 1.443597972393035889e-01 -1.590195926837623119e-03 -1.092037782073020935e-01
3.741822838783264160e-01 -5.073933303356170654e-02 -3.774271579459309578e-03 1.829770207405090332e-01
3.731675148010253906e-01 1.444364190101623535e-01 -1.147309230873361230e-04 -1.108941510319709778e-01
3.760562241077423096e-01 -5.068388581275939941e-02 -2.332613803446292877e-03 1.817525774240493774e-01
3.750425577163696289e-01 1.444713622331619263e-01 1.302437623962759972e-03 -1.116652935743331909e-01
3.779319822788238525e-01 -5.066922679543495178e-02 -9.308681474067270756e-04 1.814282685518264771e-01
3.769185841083526611e-01 1.444660276174545288e-01 2.697697142139077187e-03 -1.115481704473495483e-01
3.798079192638397217e-01 3.395492136478424072e-01 4.667336179409176111e-04 -4.033787846565246582e-01
3.865988850593566895e-01 1.444206535816192627e-01 -7.600842043757438660e-03 -1.105487346649169922e-01
3.894873261451721191e-01 -5.059155821800231934e-02 -9.811816737055778503e-03 1.797265112400054932e-01
3.884754776954650879e-01 1.446694135665893555e-01 -6.217286456376314163e-03 -1.160354763269424438e-01
3.913688659667968750e-01 -5.036290362477302551e-02 -8.537995629012584686e-03 1.746794730424880981e-01
3.903616070747375488e-01 1.448801904916763306e-01 -5.044406279921531677e-03 -1.206846386194229126e-01
3.932592272758483887e-01 -5.016912147402763367e-02 -7.458099164068698883e-03 1.704025715589523315e-01
3.922558426856994629e-01 1.450587809085845947e-01 -4.050047602504491806e-03 -1.246237978339195251e-01
3.951570093631744385e-01 -5.000491812825202942e-02 -6.542523857206106186e-03 1.667786240577697754e-01
3.941569030284881592e-01 1.452100723981857300e-01 -3.206951078027486801e-03 -1.279610693454742432e-01
3.970611095428466797e-01 -4.986578971147537231e-02 -5.766172427684068680e-03 1.637083739042282104e-01
3.960638046264648438e-01 1.453382223844528198e-01 -2.492005005478858948e-03 -1.307880282402038574e-01
3.989705741405487061e-01 -4.974793642759323120e-02 -5.107765551656484604e-03 1.611076593399047852e-01
3.979755938053131104e-01 1.454467624425888062e-01 -1.885612495243549347e-03 -1.331822425127029419e-01
4.008845388889312744e-01 -4.964812844991683960e-02 -4.549257457256317139e-03 1.589051932096481323e-01
3.998915851116180420e-01 1.455386579036712646e-01 -1.371153513900935650e-03 -1.352094262838363647e-01
4.028023481369018555e-01 -4.956362769007682800e-02 -4.075342323631048203e-03 1.570406109094619751e-01
4.018110632896423340e-01 1.456164419651031494e-01 -9.345300495624542236e-04 -1.369252055883407593e-01
4.047234058380126953e-01 -4.949211701750755310e-02 -3.673034021630883217e-03 1.554627418518066406e-01
4.037335515022277832e-01 1.456822305917739868e-01 -5.637792055495083332e-04 -1.383766680955886841e-01
4.066472053527832031e-01 -4.943164065480232239e-02 -3.331312676891684532e-03 1.541283428668975830e-01
4.056585729122161865e-01 1.457378566265106201e-01 -2.487458405084908009e-04 -1.396036744117736816e-01
4.085733294486999512e-01 -4.938053712248802185e-02 -3.040819428861141205e-03 1.530007570981979370e-01
4.075857102870941162e-01 1.457848250865936279e-01 1.919589885801542550e-05 -1.406399160623550415e-01
4.105014204978942871e-01 -4.933740571141242981e-02 -2.793602412566542625e-03 1.520490646362304688e-01
4.095146656036376953e-01 1.458244323730468750e-01 2.473787171766161919e-04 -1.415138691663742065e-01
4.124311506748199463e-01 -4.930105805397033691e-02 -2.582898829132318497e-03 1.512470841407775879e-01
4.114451408386230469e-01 1.458577811717987061e-01 4.420429177116602659e-04 -1.422495692968368530e-01
4.143622815608978271e-01 -4.927049577236175537e-02 -2.402948448434472084e-03 1.505727767944335938e-01
4.133768677711486816e-01 1.458857804536819458e-01 6.085070781409740448e-04 -1.428672522306442261e-01
4.162946045398712158e-01 -4.924488067626953125e-02 -2.248838078230619431e-03 1.500075757503509521e-01
4.153096973896026611e-01 1.459092050790786743e-01 7.513135788030922413e-04 -1.433839648962020874e-01
4.182278811931610107e-01 -4.922350123524665833e-02 -2.116365591064095497e-03 1.495358943939208984e-01
4.172434210777282715e-01 1.459286957979202271e-01 8.743524085730314255e-04 -1.438139379024505615e-01
4.201619923114776611e-01 -4.920576885342597961e-02 -2.001926535740494728e-03 1.491446942090988159e-01
4.191778600215911865e-01 1.459447890520095825e-01 9.809674229472875595e-04 -1.441691219806671143e-01
4.220967590808868408e-01 -4.919119551777839661e-02 -1.902415067888796329e-03 1.488231122493743896e-01
4.211129546165466309e-01 1.459579467773437500e-01 1.074047293514013290e-03 -1.444593816995620728e-01
4.240320920944213867e-01 -4.917937144637107849e-02 -1.815140247344970703e-03 1.485621929168701172e-01
4.230485260486602783e-01 1.459685266017913818e-01 1.156103797256946564e-03 -1.446928083896636963e-01
4.259678721427917480e-01 -4.916996136307716370e-02 -1.737752463668584824e-03 1.483546197414398193e-01
4.249844849109649658e-01 1.459768265485763550e-01 1.229339861311018467e-03 -1.448760330677032471e-01
4.279040098190307617e-01 -4.916270449757575989e-02 -1.668180688284337521e-03 1.481944769620895386e-01
4.269207715988159180e-01 1.459830999374389648e-01 1.295708934776484966e-03 -1.450142562389373779e-01
4.298404157161712646e-01 -4.915738850831985474e-02 -1.604576245881617069e-03 1.480771601200103760e-01
4.288572967052459717e-01 1.459875106811523438e-01 1.356966909952461720e-03 -1.451115459203720093e-01
4.317770302295684814e-01 -4.915385320782661438e-02 -1.545264036394655704e-03 1.479991674423217773e-01
4.307939410209655762e-01 1.459901928901672363e-01 1.414719386957585812e-03 -1.451708525419235229e-01
4.337137639522552490e-01 -4.915199056267738342e-02 -1.488697831518948078e-03 1.479580551385879517e-01
4.327307343482971191e-01 1.459912508726119995e-01 1.470463233999907970e-03 -1.451941579580307007e-01
4.356505572795867920e-01 -4.915172979235649109e-02 -1.433419995009899139e-03 1.479523032903671265e-01
4.346674978733062744e-01 1.459907144308090210e-01 1.525626168586313725e-03 -1.451824903488159180e-01
4.375873208045959473e-01 -4.915304854512214661e-02 -1.378023531287908554e-03 1.479813605546951294e-01
4.366042613983154297e-01 1.459886133670806885e-01 1.581603544764220715e-03 -1.451359987258911133e-01
4.395240247249603271e-01 3.410878777503967285e-01 -1.321116345934569836e-03 -4.373195469379425049e-01
4.463458061218261719e-01 1.459846496582031250e-01 -1.006750669330358505e-02 -1.450533568859100342e-01
4.492654800415039062e-01 -4.899169132113456726e-02 -1.296857465058565140e-02 1.444365382194519043e-01
4.482856392860412598e-01 1.463135629892349243e-01 -1.007984392344951630e-02 -1.523093581199645996e-01
4.512119293212890625e-01 -4.866261780261993408e-02 -1.312603056430816650e-02 1.371766179800033569e-01
4.502386748790740967e-01 1.466448605060577393e-01 -1.038249861449003220e-02 -1.596182882785797119e-01
4.531715810298919678e-01 -4.832692816853523254e-02 -1.357486378401517868e-02 1.297712177038192749e-01
4.522050321102142334e-01 1.469868272542953491e-01 -1.097944006323814392e-02 -1.671633124351501465e-01
4.551447629928588867e-01 -4.797625541687011719e-02 -1.432270556688308716e-02 1.220358014106750488e-01
4.541852474212646484e-01 1.473479419946670532e-01 -1.188199035823345184e-02 -1.751311719417572021e-01
4.571321904659271240e-01 -4.760196805000305176e-02 -1.538461353629827499e-02 1.137798205018043518e-01
4.561801552772521973e-01 1.477370113134384155e-01 -1.310901716351509094e-02 -1.837168633937835693e-01
4.591349065303802490e-01 -4.719494283199310303e-02 -1.678335480391979218e-02 1.048019975423812866e-01
4.581910073757171631e-01 1.481634527444839478e-01 -1.468731462955474854e-02 -1.931284070014953613e-01
4.611542820930480957e-01 -4.674534499645233154e-02 -1.854988187551498413e-02 9.488534927368164062e-02
4.602193534374237061e-01 -2.415965795516967773e-01 -1.665217615664005280e-02 3.816585838794708252e-01
4.553874433040618896e-01 -4.624218866229057312e-02 -9.019004181027412415e-03 8.377209305763244629e-02
4.544625878334045410e-01 1.490078717470169067e-01 -7.343561854213476181e-03 -2.117426395416259766e-01
4.574427604675292969e-01 -4.600831121206283569e-02 -1.157841458916664124e-02 7.861476391553878784e-02
4.565225839614868164e-01 1.492776870727539062e-01 -1.000611949712038040e-02 -2.176985889673233032e-01
4.595081210136413574e-01 -4.569980129599571228e-02 -1.436009164899587631e-02 7.181126624345779419e-02
4.585941433906555176e-01 -2.406129688024520874e-01 -1.292386651039123535e-02 3.599291443824768066e-01
4.537818729877471924e-01 -4.530971124768257141e-02 -5.725283175706863403e-03 6.319921463727951050e-02
4.528756737709045410e-01 1.498938500881195068e-01 -4.461299162358045578e-03 -2.312845587730407715e-01
4.558735489845275879e-01 -4.516406357288360596e-02 -9.086989797651767731e-03 5.998778715729713440e-02
4.549702703952789307e-01 -2.401545494794845581e-01 -7.887234911322593689e-03 3.497899174690246582e-01
4.501671791076660156e-01 -4.492132365703582764e-02 -8.914362406358122826e-04 5.463035032153129578e-02
4.492687582969665527e-01 1.502134054899215698e-01 2.011707256315276027e-04 -2.383337020874023438e-01
4.522730410099029541e-01 -4.491142556071281433e-02 -4.565503448247909546e-03 5.441267788410186768e-02
4.513747990131378174e-01 -2.399676144123077393e-01 -3.477249760180711746e-03 3.456516563892364502e-01
4.465754628181457520e-01 -4.479637742042541504e-02 3.435783553868532181e-03 5.187425762414932251e-02
4.456795156002044678e-01 1.502761393785476685e-01 4.473268520087003708e-03 -2.397226691246032715e-01
4.486850500106811523e-01 -4.490942507982254028e-02 -3.211847506463527679e-04 5.436788499355316162e-02
4.477868676185607910e-01 1.502171307802200317e-01 7.661729468964040279e-04 -2.384163588285446167e-01
4.507912099361419678e-01 -4.491575807332992554e-02 -4.002154339104890823e-03 5.450814217329025269e-02
4.498928785324096680e-01 1.502633541822433472e-01 -2.911991439759731293e-03 -2.394348084926605225e-01
4.528981447219848633e-01 -4.481688141822814941e-02 -7.700687739998102188e-03 5.232817679643630981e-02
4.520018100738525391e-01 -2.398275732994079590e-01 -6.654123775660991669e-03 3.425715565681457520e-01
4.472052752971649170e-01 -4.461158812046051025e-02 1.973072212422266603e-04 4.779776930809020996e-02
4.463130235671997070e-01 1.505075246095657349e-01 1.153262564912438393e-03 -2.448229044675827026e-01
4.493231773376464844e-01 -4.463087394833564758e-02 -3.743195440620183945e-03 4.822356998920440674e-02
4.484305679798126221e-01 -2.396989464759826660e-01 -2.778723835945129395e-03 3.397231400012969971e-01
4.436365962028503418e-01 -4.453757032752037048e-02 4.015739075839519501e-03 4.616525769233703613e-02
4.427458345890045166e-01 1.505265682935714722e-01 4.939043894410133362e-03 -2.452479600906372070e-01
4.457563757896423340e-01 -4.466557875275611877e-02 3.408474367461167276e-05 4.898875579237937927e-02
4.448630511760711670e-01 1.504558920860290527e-01 1.013859873637557030e-03 -2.436834126710891724e-01
4.478721618652343750e-01 -4.468053206801414490e-02 -3.859808435663580894e-03 4.931913316249847412e-02
4.469785690307617188e-01 -2.397469282150268555e-01 -2.873425837606191635e-03 3.407817482948303223e-01
4.421836137771606445e-01 -4.458421096205711365e-02 3.942209295928478241e-03 4.719410836696624756e-02
4.412919282913208008e-01 1.504809856414794922e-01 4.886091686785221100e-03 -2.442424148321151733e-01
4.443015456199645996e-01 -4.471040517091751099e-02 1.243272208739654161e-06 4.997769370675086975e-02
4.434073567390441895e-01 1.504115313291549683e-01 1.000797143206000328e-03 -2.427048385143280029e-01
4.464155733585357666e-01 -4.472470656037330627e-02 -3.853299655020236969e-03 5.029359832406044006e-02
4.455210864543914795e-01 -2.397911995649337769e-01 -2.847427735105156898e-03 3.417582809925079346e-01
4.407252669334411621e-01 -4.462884739041328430e-02 3.987737931311130524e-03 4.817881062626838684e-02
4.398326873779296875e-01 1.504357010126113892e-01 4.951314534991979599e-03 -2.432432919740676880e-01
4.428414106369018555e-01 -4.475662484765052795e-02 8.644860645290464163e-05 5.099729076027870178e-02
4.419462680816650391e-01 1.503640860319137573e-01 1.106394454836845398e-03 -2.416583597660064697e-01
4.449535608291625977e-01 -4.477365314960479736e-02 -3.726772731170058250e-03 5.137334764003753662e-02
4.440580606460571289e-01 -2.398419678211212158e-01 -2.699305769056081772e-03 3.428781330585479736e-01
4.392612278461456299e-01 -4.468171671032905579e-02 4.158256575465202332e-03 4.934521764516830444e-02
4.383676052093505859e-01 1.503803580999374390e-01 5.145160946995019913e-03 -2.420228421688079834e-01
4.413751959800720215e-01 -4.481470584869384766e-02 3.047040372621268034e-04 5.227854847908020020e-02
4.404789209365844727e-01 1.503028720617294312e-01 1.350275008007884026e-03 -2.403082251548767090e-01
4.434849619865417480e-01 -4.483833909034729004e-02 -3.455889411270618439e-03 5.280030891299247742e-02
4.425882101058959961e-01 -2.399105727672576904e-01 -2.399883233010768890e-03 3.443908691406250000e-01
4.377900063991546631e-01 -4.475455731153488159e-02 4.487934056669473648e-03 5.095213651657104492e-02
4.368948936462402344e-01 1.503027528524398804e-01 5.506976973265409470e-03 -2.403114289045333862e-01
4.399009644985198975e-01 -4.489742964506149292e-02 7.007481763139367104e-04 5.410344526171684265e-02
4.390030205249786377e-01 1.502144634723663330e-01 1.782817067578434944e-03 -2.383583039045333862e-01
4.420073032379150391e-01 -4.493290930986404419e-02 -2.984349150210618973e-03 5.488643795251846313e-02
4.411086440086364746e-01 1.502317041158676147e-01 -1.886620419099926949e-03 -2.387365847826004028e-01
4.441132843494415283e-01 -4.486324265599250793e-02 -6.661351770162582397e-03 5.335065722465515137e-02
4.432159960269927979e-01 -2.398890405893325806e-01 -5.594338756054639816e-03 3.439244627952575684e-01
4.384182393550872803e-01 -4.468796029686927795e-02 1.284150173887610435e-03 4.948267340660095215e-02
4.375244677066802979e-01 1.504155546426773071e-01 2.273803809657692909e-03 -2.427948117256164551e-01
4.405327737331390381e-01 -4.473880305886268616e-02 -2.582092536613345146e-03 5.060445889830589294e-02
4.396379888057708740e-01 -2.398236393928527832e-01 -1.570003456436097622e-03 3.424715995788574219e-01
4.348415434360504150e-01 -4.467938095331192017e-02 5.279428325593471527e-03 4.929399862885475159e-02
4.339479506015777588e-01 1.503664702177047729e-01 6.265308707952499390e-03 -2.417185604572296143e-01
4.369552731513977051e-01 -4.484441131353378296e-02 1.430937321856617928e-03 5.293400958180427551e-02
4.360583722591400146e-01 1.502569913864135742e-01 2.489617560058832169e-03 -2.392971068620681763e-01
4.390635192394256592e-01 -4.490043595433235168e-02 -2.296324353665113449e-03 5.417007952928543091e-02
4.381655156612396240e-01 1.502543687820434570e-01 -1.212922856211662292e-03 -2.392364740371704102e-01
4.411706030368804932e-01 -4.485023766756057739e-02 -5.997652187943458557e-03 5.306361988186836243e-02
4.402735829353332520e-01 -2.398856729269027710e-01 -4.936379846185445786e-03 3.438482284545898438e-01
4.354758858680725098e-01 -4.469384998083114624e-02 1.940584741532802582e-03 4.961275681853294373e-02
4.345819950103759766e-01 1.504002213478088379e-01 2.932839794084429741e-03 -2.424572706222534180e-01
4.375900030136108398e-01 -4.476350173354148865e-02 -1.916305511258542538e-03 5.114930868148803711e-02
4.366947412490844727e-01 -2.398579269647598267e-01 -8.933192584663629532e-04 3.432269990444183350e-01
4.318975806236267090e-01 -4.472327232360839844e-02 5.971220787614583969e-03 5.026251822710037231e-02
4.310031235218048096e-01 1.503125429153442383e-01 6.976471282541751862e-03 -2.405304759740829468e-01
4.340093731880187988e-01 -4.490836337208747864e-02 2.165861893445253372e-03 5.434483662247657776e-02
4.331111907958984375e-01 1.501824706792831421e-01 3.252758644521236420e-03 -2.376539558172225952e-01
4.361148476600646973e-01 -4.498580470681190491e-02 -1.500320504419505596e-03 5.605320632457733154e-02
4.352151453495025635e-01 1.501576304435729980e-01 -3.792563511524349451e-04 -2.371027022600173950e-01
4.382182955741882324e-01 -4.495890438556671143e-02 -5.121310241520404816e-03 5.546056851744651794e-02
4.373190999031066895e-01 -2.400070428848266602e-01 -4.012099001556634903e-03 3.465232849121093750e-01
4.325189590454101562e-01 -4.482825845479965210e-02 2.918366808444261551e-03 5.257791280746459961e-02
4.316224157810211182e-01 1.502517312765121460e-01 3.969924990087747574e-03 -2.391828149557113647e-01
4.346274435520172119e-01 -4.492671415209770203e-02 -8.137313416227698326e-04 5.474968627095222473e-02
4.337289035320281982e-01 1.502068936824798584e-01 2.812623861245810986e-04 -2.381898760795593262e-01
4.367330372333526611e-01 -4.491907358169555664e-02 -4.482535179704427719e-03 5.458176508545875549e-02
4.358346462249755859e-01 -2.399764657020568848e-01 -3.390899626538157463e-03 3.458470404148101807e-01
4.310351312160491943e-01 -4.480644315481185913e-02 3.526041284203529358e-03 5.209678038954734802e-02
4.301390051841735840e-01 1.502647697925567627e-01 4.567977041006088257e-03 -2.394715696573257446e-01
4.331443011760711670e-01 -4.492213577032089233e-02 -2.214545093011111021e-04 5.464871972799301147e-02
4.322458505630493164e-01 1.502029895782470703e-01 8.715198491699993610e-04 -2.381040751934051514e-01
4.352499246597290039e-01 -4.493140056729316711e-02 -3.890561638399958611e-03 5.485363304615020752e-02
4.343512952327728271e-01 -2.399973571300506592e-01 -2.793489024043083191e-03 3.463065326213836670e-01
4.295513331890106201e-01 -4.483577609062194824e-02 4.132641479372978210e-03 5.274401605129241943e-02
4.286546111106872559e-01 1.502266675233840942e-01 5.187521688640117645e-03 -2.386321723461151123e-01
4.316591620445251465e-01 -4.496899992227554321e-02 4.148783918935805559e-04 5.568252503871917725e-02
4.307597875595092773e-01 1.501470059156417847e-01 1.528528868220746517e-03 -2.368694692850112915e-01
4.337627291679382324e-01 -4.499675706028938293e-02 -3.208860522136092186e-03 5.629520490765571594e-02
4.328627884387969971e-01 -2.400725483894348145e-01 -2.082956489175558090e-03 3.479639887809753418e-01
4.280613362789154053e-01 -4.492103308439254761e-02 4.876323044300079346e-03 5.462495982646942139e-02
4.271629154682159424e-01 1.501306593418121338e-01 5.968822631984949112e-03 -2.365154623985290527e-01
4.301655292510986328e-01 -4.507605731487274170e-02 1.238513039425015450e-03 5.804421380162239075e-02
4.292640089988708496e-01 1.500281095504760742e-01 2.399397315457463264e-03 -2.342476993799209595e-01
4.322645664215087891e-01 -4.512803629040718079e-02 -2.285556634888052940e-03 5.919110774993896484e-02
4.313620030879974365e-01 1.500266045331954956e-01 -1.101734465919435024e-03 -2.342120558023452759e-01
4.343625307083129883e-01 -4.507958143949508667e-02 -5.785975605249404907e-03 5.812315270304679871e-02
4.334609508514404297e-01 -2.401181012392044067e-01 -4.623512271791696548e-03 3.489749729633331299e-01
4.286585748195648193e-01 -4.493069276213645935e-02 2.355986740440130234e-03 5.483767390251159668e-02
4.277599751949310303e-01 1.501573920249938965e-01 3.452740143984556198e-03 -2.371009886264801025e-01
4.307631254196166992e-01 -4.501371085643768311e-02 -1.289279549382627010e-03 5.666903406381607056e-02
4.298628270626068115e-01 1.501266956329345703e-01 -1.558989461045712233e-04 -2.364203929901123047e-01
4.328653812408447266e-01 -4.499302059412002563e-02 -4.884306807070970535e-03 5.621335282921791077e-02
4.319655299186706543e-01 -2.400445938110351562e-01 -3.760039806365966797e-03 3.473512530326843262e-01
4.271646142005920410e-01 -4.486937075853347778e-02 3.186985384672880173e-03 5.348502844572067261e-02
4.262672364711761475e-01 1.502067446708679199e-01 4.256685730069875717e-03 -2.381906807422637939e-01
4.292713701725006104e-01 -4.497576504945755005e-02 -5.071277264505624771e-04 5.583188682794570923e-02
4.283718466758728027e-01 1.501534581184387207e-01 6.095099961385130882e-04 -2.370110005140304565e-01
4.313749372959136963e-01 -4.497719928622245789e-02 -4.130709916353225708e-03 5.586412176489830017e-02
4.304753839969635010e-01 -2.400396764278411865e-01 -3.013427602127194405e-03 3.472409248352050781e-01
4.256745874881744385e-01 -4.487499594688415527e-02 3.931390587240457535e-03 5.360927805304527283e-02
4.247770905494689941e-01 1.501903682947158813e-01 5.003576166927814484e-03 -2.378306686878204346e-01
4.277808964252471924e-01 -4.500271007418632507e-02 2.469628234393894672e-04 5.642631649971008301e-02
4.268808364868164062e-01 1.501156985759735107e-01 1.375489169731736183e-03 -2.361786812543869019e-01
4.298831522464752197e-01 -4.502587765455245972e-02 -3.348084399476647377e-03 5.693779885768890381e-02
4.289826452732086182e-01 -2.400996685028076172e-01 -2.209328580647706985e-03 3.485625088214874268e-01
4.241806566715240479e-01 -4.494635760784149170e-02 4.761921707540750504e-03 5.518371984362602234e-02
4.232817292213439941e-01 1.501069962978363037e-01 5.865595769137144089e-03 -2.359929829835891724e-01
4.262838661670684814e-01 -4.509826749563217163e-02 1.145736081525683403e-03 5.853433907032012939e-02
4.253818988800048828e-01 1.500072330236434937e-01 2.316422993317246437e-03 -2.337868809700012207e-01
4.283820390701293945e-01 -4.514773562550544739e-02 -2.359314588829874992e-03 5.962581932544708252e-02
4.274790883064270020e-01 1.500079631805419922e-01 -1.166798290796577930e-03 -2.338005453348159790e-01
4.304792284965515137e-01 -4.509729519486427307e-02 -5.842809099704027176e-03 5.851409956812858582e-02
4.295772910118103027e-01 -2.401349842548370361e-01 -4.672527313232421875e-03 3.493478596210479736e-01
4.247745871543884277e-01 -4.494689404964447021e-02 2.314430195838212967e-03 5.519520491361618042e-02
4.238756597042083740e-01 1.501417905092239380e-01 3.418334294110536575e-03 -2.367566078901290894e-01
4.268784821033477783e-01 -4.502882435917854309e-02 -1.316797803156077862e-03 5.700260773301124573e-02
4.259779155254364014e-01 1.501119881868362427e-01 -1.767456706147640944e-04 -2.360954880714416504e-01
4.289801418781280518e-01 -4.500744491815567017e-02 -4.898655228316783905e-03 5.653168261051177979e-02
4.280799925327301025e-01 -2.400588095188140869e-01 -3.768021706491708755e-03 3.476650416851043701e-01
4.232788383960723877e-01 -4.488347470760345459e-02 3.185278736054897308e-03 5.379629880189895630e-02
4.223811626434326172e-01 1.501926630735397339e-01 4.261204972863197327e-03 -2.378799468278884888e-01
4.253850281238555908e-01 -4.498990625143051147e-02 -4.963941755704581738e-04 5.614403635263442993e-02
4.244852066040039062e-01 1.501391530036926270e-01 6.264865514822304249e-04 -2.366954684257507324e-01
4.274879992008209229e-01 -4.499173909425735474e-02 -4.107422661036252975e-03 5.618500709533691406e-02
4.265881776809692383e-01 -2.400545477867126465e-01 -2.983722602948546410e-03 3.475691974163055420e-01
4.217870831489562988e-01 -4.489029198884963989e-02 3.967660944908857346e-03 5.394688248634338379e-02
4.208892583847045898e-01 1.501745432615280151e-01 5.046598613262176514e-03 -2.374815791845321655e-01
4.238927662372589111e-01 -4.501913860440254211e-02 2.969672495964914560e-04 5.678891390562057495e-02
4.229923784732818604e-01 1.500985473394393921e-01 1.432745484635233879e-03 -2.358003109693527222e-01
4.259943366050720215e-01 -4.504384100437164307e-02 -3.283260622993111610e-03 5.733421072363853455e-02
4.250934720039367676e-01 -2.401185631752014160e-01 -2.136576455086469650e-03 3.489794433116912842e-01
4.202910959720611572e-01 -4.496628791093826294e-02 4.843012429773807526e-03 5.562354251742362976e-02
4.193917810916900635e-01 1.500858962535858154e-01 5.955483298748731613e-03 -2.355274558067321777e-01
4.223935008049011230e-01 -4.512064158916473389e-02 1.244934159331023693e-03 5.902805551886558533e-02
4.214910864830017090e-01 1.499834358692169189e-01 2.425495302304625511e-03 -2.332618236541748047e-01
4.244907498359680176e-01 -4.517308622598648071e-02 -2.239741152152419090e-03 6.018519029021263123e-02
4.235872924327850342e-01 -2.402628511190414429e-01 -1.036037458106875420e-03 3.521606326103210449e-01
4.187820255756378174e-01 -4.512618482112884521e-02 6.007174961268901825e-03 5.915118381381034851e-02
4.178794920444488525e-01 1.499091237783432007e-01 7.190198637545108795e-03 -2.316303998231887817e-01
4.208776950836181641e-01 -4.531482607126235962e-02 2.557590836659073830e-03 6.331185996532440186e-02
4.199713766574859619e-01 1.497703641653060913e-01 3.823827952146530151e-03 -2.285630404949188232e-01
4.229668080806732178e-01 -4.540602490305900574e-02 -7.474328740499913692e-04 6.532360613346099854e-02
4.220586717128753662e-01 1.497266292572021484e-01 5.590391810983419418e-04 -2.275950461626052856e-01
4.250532090663909912e-01 -4.540330171585083008e-02 -3.992861602455377579e-03 6.526416540145874023e-02
4.241451323032379150e-01 -2.404677718877792358e-01 -2.687578322365880013e-03 3.566846549510955811e-01
4.193357825279235840e-01 -4.530772194266319275e-02 4.446114413440227509e-03 6.315547227859497070e-02
4.184296429157257080e-01 1.497502028942108154e-01 5.709223914891481400e-03 -2.281213700771331787e-01
4.214246273040771484e-01 -4.545287042856216431e-02 1.146796857938170433e-03 6.635697185993194580e-02
4.205155670642852783e-01 1.496526151895523071e-01 2.473936416208744049e-03 -2.259639054536819458e-01
4.235086441040039062e-01 -4.550459980964660645e-02 -2.045341767370700836e-03 6.749836355447769165e-02
4.225985407829284668e-01 1.496466100215911865e-01 -6.953746196813881397e-04 -2.258291840553283691e-01
4.255914688110351562e-01 -4.546539112925529480e-02 -5.211958196014165878e-03 6.663431972265243530e-02
4.246821701526641846e-01 -2.405122369527816772e-01 -3.879271913319826126e-03 3.576683104038238525e-01
4.198719263076782227e-01 -4.533534497022628784e-02 3.274094080552458763e-03 6.376466900110244751e-02
4.189652204513549805e-01 1.497395187616348267e-01 4.549387376755475998e-03 -2.278834730386734009e-01
4.219599962234497070e-01 -4.544715955853462219e-02 -8.281937880383338779e-06 6.623101979494094849e-02
4.210510551929473877e-01 1.496749073266983032e-01 1.316338544711470604e-03 -2.264545112848281860e-01
4.240445494651794434e-01 -4.546582698822021484e-02 -3.212751820683479309e-03 6.664334237575531006e-02
4.231352508068084717e-01 1.497020423412322998e-01 -1.879884977824985981e-03 -2.270514965057373047e-01
4.261292815208435059e-01 -4.539299756288528442e-02 -6.420915015041828156e-03 6.503785401582717896e-02
4.252214133739471436e-01 -2.404223084449768066e-01 -5.120157729834318161e-03 3.556880354881286621e-01
4.204129874706268311e-01 -4.522792994976043701e-02 1.993603305891156197e-03 6.139500439167022705e-02
4.195084273815155029e-01 1.498653888702392578e-01 3.221503226086497307e-03 -2.306582629680633545e-01
4.225057363510131836e-01 -4.530245438218116760e-02 -1.391661819070577621e-03 6.303909420967102051e-02
4.215996861457824707e-01 1.498394161462783813e-01 -1.308799255639314651e-04 -2.300825864076614380e-01
4.245964586734771729e-01 -4.528065770864486694e-02 -4.732531495392322540e-03 6.255905330181121826e-02
4.236908555030822754e-01 -2.403344362974166870e-01 -3.481350373476743698e-03 3.537451028823852539e-01
4.188841581344604492e-01 -4.516315832734107971e-02 3.593551460653543472e-03 5.996643006801605225e-02
4.179809093475341797e-01 1.499070823192596436e-01 4.792879801243543625e-03 -2.315805405378341675e-01
4.209790527820587158e-01 -4.528302326798439026e-02 1.612690102774649858e-04 6.261035799980163574e-02
4.200733900070190430e-01 1.498366147279739380e-01 1.413476071320474148e-03 -2.300216853618621826e-01
4.230701029300689697e-01 -4.530550539493560791e-02 -3.186957677826285362e-03 6.310676783323287964e-02
4.221639931201934814e-01 -2.403816133737564087e-01 -1.924822223372757435e-03 3.547824919223785400e-01
4.173563718795776367e-01 -4.523235186934471130e-02 5.170827265828847885e-03 6.149322912096977234e-02
4.164517223834991455e-01 1.498150825500488281e-01 6.400692276656627655e-03 -2.295537889003753662e-01
4.194480180740356445e-01 -4.539774730801582336e-02 1.809616223908960819e-03 6.514124572277069092e-02
4.185400605201721191e-01 1.496982127428054810e-01 3.112441161647439003e-03 -2.269701808691024780e-01
4.215340316295623779e-01 -4.546808078885078430e-02 -1.426962553523480892e-03 6.669288873672485352e-02
4.206246733665466309e-01 1.496742963790893555e-01 -9.310476161772385240e-05 -2.264399081468582153e-01
4.236181676387786865e-01 -4.544632136821746826e-02 -4.621902946382761002e-03 6.621364504098892212e-02
4.227092266082763672e-01 -2.405017018318176270e-01 -3.297629998996853828e-03 3.574347496032714844e-01
4.178991913795471191e-01 -4.533302783966064453e-02 3.851065179333090782e-03 6.371383368968963623e-02
4.169925451278686523e-01 1.497334986925125122e-01 5.125341936945915222e-03 -2.277515679597854614e-01
4.199872016906738281e-01 -4.546132311224937439e-02 5.703105125576257706e-04 6.654365360736846924e-02
4.190779924392700195e-01 1.496524512767791748e-01 1.901183626614511013e-03 -2.259592860937118530e-01
4.220710396766662598e-01 -4.549662396311759949e-02 -2.618002006784081459e-03 6.732274591922760010e-02
4.211610853672027588e-01 1.496627628803253174e-01 -1.271547051146626472e-03 -2.261850237846374512e-01
4.241543412208557129e-01 -4.544099047780036926e-02 -5.795247387140989304e-03 6.609653681516647339e-02
4.232455193996429443e-01 -2.404793798923492432e-01 -4.473316948860883713e-03 3.569454252719879150e-01
4.184359610080718994e-01 -4.529411345720291138e-02 2.665591426193714142e-03 6.285529583692550659e-02
4.175300598144531250e-01 1.497895121574401855e-01 3.922697156667709351e-03 -2.289854288101196289e-01
4.205258488655090332e-01 -4.538827016949653625e-02 -6.570113473571836948e-04 6.493227183818817139e-02
4.196180999279022217e-01 1.497430950403213501e-01 6.416340474970638752e-04 -2.279578745365142822e-01
4.226129651069641113e-01 -4.538802057504653931e-02 -3.917523659765720367e-03 6.492737680673599243e-02
4.217051863670349121e-01 -2.404535859823226929e-01 -2.618975937366485596e-03 3.563717305660247803e-01
4.168961048126220703e-01 -4.529449716210365295e-02 4.508458543568849564e-03 6.286412477493286133e-02
4.159902334213256836e-01 1.497625261545181274e-01 5.765741225332021713e-03 -2.283929586410522461e-01
4.189854860305786133e-01 -4.544134810566902161e-02 1.197882113046944141e-03 6.610310077667236328e-02
4.180766642093658447e-01 1.496634036302566528e-01 2.519944217056035995e-03 -2.262016385793685913e-01
4.210699200630187988e-01 -4.549446329474449158e-02 -2.004088833928108215e-03 6.727509945631027222e-02
4.201600253582000732e-01 1.496561616659164429e-01 -6.585866794921457767e-04 -2.260394543409347534e-01
4.231531620025634766e-01 -4.545637220144271851e-02 -5.179375875741243362e-03 6.643565744161605835e-02
4.222440123558044434e-01 -2.405036836862564087e-01 -3.850662615150213242e-03 3.574799597263336182e-01
4.174339473247528076e-01 -4.532719776034355164e-02 3.298936877399682999e-03 6.358532607555389404e-02
4.165274202823638916e-01 1.497472971677780151e-01 4.570643417537212372e-03 -2.280549407005310059e-01
4.195223450660705566e-01 -4.543967172503471375e-02 9.544630302116274834e-06 6.606622040271759033e-02
4.186135530471801758e-01 1.496821492910385132e-01 1.330869039520621300e-03 -2.266137003898620605e-01
4.216071963310241699e-01 -4.545880481600761414e-02 -3.201404819265007973e-03 6.648874282836914062e-02
4.206980168819427490e-01 1.497088968753814697e-01 -1.871630083769559860e-03 -2.272025346755981445e-01
4.236921966075897217e-01 -4.538625478744506836e-02 -6.415680516511201859e-03 6.488943099975585938e-02
4.227844774723052979e-01 -2.404156327247619629e-01 -5.117891822010278702e-03 3.555412888526916504e-01
4.179761707782745361e-01 -4.522129148244857788e-02 1.992933684960007668e-03 6.124895438551902771e-02
4.170717298984527588e-01 1.498720198869705200e-01 3.217912744730710983e-03 -2.308045178651809692e-01
4.200691878795623779e-01 -4.529575631022453308e-02 -1.398177701048552990e-03 6.289170682430267334e-02
4.191632568836212158e-01 1.498462110757827759e-01 -1.403435599058866501e-04 -2.302320301532745361e-01
4.221601784229278564e-01 -4.527373239398002625e-02 -4.744984209537506104e-03 6.240662559866905212e-02
4.212547242641448975e-01 -2.403273284435272217e-01 -3.496851539239287376e-03 3.535887002944946289e-01
4.164481759071350098e-01 -4.515583440661430359e-02 3.574922680854797363e-03 5.980517715215682983e-02
4.155450463294982910e-01 1.499146819114685059e-01 4.771026317030191422e-03 -2.317477017641067505e-01
4.185433387756347656e-01 -4.527511820197105408e-02 1.360722526442259550e-04 6.243634596467018127e-02
4.176378548145294189e-01 1.498448848724365234e-01 1.384799135848879814e-03 -2.302036434412002563e-01
4.206347465515136719e-01 -4.529683291912078857e-02 -3.219273639842867851e-03 6.291577219963073730e-02
4.197288155555725098e-01 -2.403724789619445801e-01 -1.960958121344447136e-03 3.545812666416168213e-01
4.149213433265686035e-01 -4.522269964218139648e-02 5.130667239427566528e-03 6.128063797950744629e-02
4.140169024467468262e-01 1.498253196477890015e-01 6.356279831379652023e-03 -2.297791242599487305e-01
4.170134067535400391e-01 -4.538688808679580688e-02 1.760697225108742714e-03 6.490200012922286987e-02
4.161056578159332275e-01 1.497097760438919067e-01 3.058737143874168396e-03 -2.272249013185501099e-01
4.190998673439025879e-01 -4.545575380325317383e-02 -1.485760789364576340e-03 6.642129272222518921e-02
4.181907474994659424e-01 1.496874690055847168e-01 -1.573349145473912358e-04 -2.267300337553024292e-01
4.211845099925994873e-01 -4.543223604559898376e-02 -4.691935610026121140e-03 6.590326130390167236e-02
4.202758669853210449e-01 -2.404866069555282593e-01 -3.373870160430669785e-03 3.571021854877471924e-01
4.154661297798156738e-01 -4.531684890389442444e-02 3.768173279240727425e-03 6.335729360580444336e-02
4.145597815513610840e-01 1.497508734464645386e-01 5.035318899899721146e-03 -2.281343787908554077e-01
4.175547957420349121e-01 -4.544267430901527405e-02 4.726315964944660664e-04 6.613261252641677856e-02
4.166459441184997559e-01 1.496724933385848999e-01 1.795283751562237740e-03 -2.264011651277542114e-01
4.196394085884094238e-01 -4.547506570816040039e-02 -2.732739318162202835e-03 6.684752553701400757e-02
4.187299013137817383e-01 1.496859639883041382e-01 -1.395788975059986115e-03 -2.266963422298431396e-01
4.217236340045928955e-01 -4.541601613163948059e-02 -5.929715931415557861e-03 6.554597616195678711e-02
4.208152890205383301e-01 -2.404524534940719604e-01 -4.618796519935131073e-03 3.563521504402160645e-01
4.160062372684478760e-01 -4.526513814926147461e-02 2.508246805518865585e-03 6.221638619899749756e-02
4.151009619235992432e-01 1.498207598924636841e-01 3.752574557438492775e-03 -2.296741157770156860e-01
4.180973768234252930e-01 -4.535461217164993286e-02 -8.409078000113368034e-04 6.419013440608978271e-02
4.171902835369110107e-01 1.497793793678283691e-01 4.428949323482811451e-04 -2.287579774856567383e-01
4.201858639717102051e-01 -4.534889385104179382e-02 -4.132264759391546249e-03 6.406461447477340698e-02
4.192788898944854736e-01 -2.404113560914993286e-01 -2.850972348824143410e-03 3.554409146308898926e-01
4.144706428050994873e-01 -4.524898529052734375e-02 4.257846157997846603e-03 6.186037883162498474e-02
4.135656654834747314e-01 1.498116552829742432e-01 5.495053716003894806e-03 -2.294761389493942261e-01
4.165619015693664551e-01 -4.538838192820549011e-02 9.055310511030256748e-04 6.493504345417022705e-02
4.156541526317596436e-01 1.497205793857574463e-01 2.204231917858123779e-03 -2.274620383977890015e-01
4.186485409736633301e-01 -4.543280601501464844e-02 -2.345008775591850281e-03 6.591536104679107666e-02
4.177398979663848877e-01 1.497226804494857788e-01 -1.026701531372964382e-03 -2.275065034627914429e-01
4.207343459129333496e-01 -4.538457840681076050e-02 -5.576831754297018051e-03 6.485238671302795410e-02
4.198266565799713135e-01 -2.404261231422424316e-01 -4.279783926904201508e-03 3.557705879211425781e-01
4.150181412696838379e-01 -4.524359107017517090e-02 2.835627878084778786e-03 6.174120679497718811e-02
4.141132533550262451e-01 1.498375833034515381e-01 4.070451948791742325e-03 -2.300457209348678589e-01
4.171100258827209473e-01 -4.534228891134262085e-02 -5.304623045958578587e-04 6.391838937997817993e-02
4.162031710147857666e-01 1.497872620820999146e-01 7.479055202566087246e-04 -2.289318591356277466e-01
4.191989004611968994e-01 -4.534536972641944885e-02 -3.830731613561511040e-03 6.398689746856689453e-02
4.182920157909393311e-01 -2.404121905565261841e-01 -2.550993580371141434e-03 3.554587364196777344e-01
4.134837687015533447e-01 -4.525405913591384888e-02 4.558181390166282654e-03 6.197251379489898682e-02
4.125786721706390381e-01 1.498022377490997314e-01 5.797631572932004929e-03 -2.292688041925430298e-01
4.155747294425964355e-01 -4.540207609534263611e-02 1.212255563586950302e-03 6.523725390434265137e-02
4.146666824817657471e-01 1.497024744749069214e-01 2.517000539228320122e-03 -2.270629554986953735e-01
4.176607429981231689e-01 -4.545535892248153687e-02 -2.024258486926555634e-03 6.641286611557006836e-02
4.167516231536865234e-01 1.496955603361129761e-01 -6.960011669434607029e-04 -2.269080430269241333e-01
