4.256971180438995361e-02 -4.388315230607986450e-02 -2.002116665244102478e-02 -1.540948636829853058e-02
4.169204831123352051e-02 -2.387123405933380127e-01 -2.032935619354248047e-02 2.708898782730102539e-01
3.691780194640159607e-02 -4.335383772850036621e-01 -1.491155754774808884e-02 5.570921301841735840e-01
2.824703231453895569e-02 -2.382103055715560913e-01 -3.769714850932359695e-03 2.597487568855285645e-01
2.348282746970653534e-02 -4.303473979234695435e-02 1.425260677933692932e-03 -3.412078693509101868e-02
2.262213267385959625e-02 -2.381771057844161987e-01 7.428448880091309547e-04 2.590114772319793701e-01
1.785859093070030212e-02 -4.306576400995254517e-02 5.923074670135974884e-03 -3.343704715371131897e-02
1.699727587401866913e-02 -2.382721453905105591e-01 5.254333373159170151e-03 2.611087560653686523e-01
1.223183237016201019e-02 -4.322559759020805359e-02 1.047650910913944244e-02 -2.991225384175777435e-02
1.136732008308172226e-02 -2.384962141513824463e-01 9.878263808786869049e-03 2.660576403141021729e-01
6.597395986318588257e-03 -4.351662471890449524e-02 1.519941631704568863e-02 -2.349331416189670563e-02
5.727063398808240891e-03 -2.388532161712646484e-01 1.472955010831356049e-02 2.739461958408355713e-01
9.499990264885127544e-04 -4.394449293613433838e-02 2.020847424864768982e-02 -1.405485719442367554e-02
7.110918522812426090e-05 -2.393503487110137939e-01 1.992737688124179840e-02 2.849349677562713623e-01
-4.715897608548402786e-03 -4.451818391680717468e-02 2.562607638537883759e-02 -1.396994804963469505e-03
-5.606261547654867172e-03 1.502270549535751343e-01 2.559813670814037323e-02 -2.858856916427612305e-01
-2.601720159873366356e-03 -4.525043815374374390e-02 1.988042145967483521e-02 1.475950609892606735e-02
-3.506728913635015488e-03 1.495808511972427368e-01 2.017561160027980804e-02 -2.715851962566375732e-01
-5.151121295057237148e-04 -4.582310467958450317e-02 1.474390737712383270e-02 2.739229053258895874e-02
-1.431574230082333088e-03 1.490843445062637329e-01 1.529175322502851486e-02 -2.606025338172912598e-01
1.550112501718103886e-03 -4.625253006815910339e-02 1.007970236241817474e-02 3.686409816145896912e-02
6.250619771890342236e-04 -2.415175586938858032e-01 1.081698480993509293e-02 3.327101469039916992e-01
-4.205289296805858612e-03 -4.655123129487037659e-02 1.747118681669235229e-02 4.345789924263954163e-02
-5.136313848197460175e-03 1.483158916234970093e-01 1.834034547209739685e-02 -2.436619102954864502e-01
-2.169996267184615135e-03 -4.706316068768501282e-02 1.346710789948701859e-02 5.474913865327835083e-02
-3.111259546130895615e-03 1.478631347417831421e-01 1.456208992749452591e-02 -2.336545735597610474e-01
-1.539969234727323055e-04 -4.746383056044578552e-02 9.888999164104461670e-03 6.358590722084045410e-02
-1.103273476473987103e-03 1.475149542093276978e-01 1.116071734577417374e-02 -2.259606420993804932e-01
1.847025472670793533e-03 -4.776471108198165894e-02 6.641503889113664627e-03 7.022178918123245239e-02
8.917312952689826488e-04 1.472613960504531860e-01 8.045939728617668152e-03 -2.203583419322967529e-01
3.836959134787321091e-03 -4.797463491559028625e-02 3.638772992417216301e-03 7.485171407461166382e-02
2.877466613426804543e-03 1.470949649810791016e-01 5.135807208716869354e-03 -2.166809439659118652e-01
5.819365847855806351e-03 -4.810003191232681274e-02 8.021882968023419380e-04 7.761760056018829346e-02
4.857365041971206665e-03 -2.432334721088409424e-01 2.354540163651108742e-03 3.705535233020782471e-01
-7.304302016564179212e-06 -4.814505204558372498e-02 9.765610098838806152e-03 7.861392945051193237e-02
-9.702053503133356571e-04 1.468355506658554077e-01 1.133788935840129852e-02 -2.109719961881637573e-01
1.966505777090787888e-03 -4.844665527343750000e-02 7.118449080735445023e-03 8.526576310396194458e-02
9.975725552067160606e-04 1.465725302696228027e-01 8.823764510452747345e-03 -2.051628082990646362e-01
3.929023165255784988e-03 -4.867447912693023682e-02 4.720508120954036713e-03 9.029046446084976196e-02
2.955533796921372414e-03 1.463794857263565063e-01 6.526317447423934937e-03 -2.008994072675704956e-01
5.883123725652694702e-03 -4.883518815040588379e-02 2.508329460397362709e-03 9.383510053157806396e-02
4.906419664621353149e-03 1.462507247924804688e-01 4.385031294077634811e-03 -1.980554014444351196e-01
7.831434719264507294e-03 -4.893367365002632141e-02 4.239235422573983669e-04 9.600757807493209839e-02
6.852760910987854004e-03 1.461821943521499634e-01 2.344075124710798264e-03 -1.965415775775909424e-01
9.776405058801174164e-03 -4.897320270538330078e-02 -1.586756319738924503e-03 9.687988460063934326e-02
8.796940557658672333e-03 -2.440723776817321777e-01 3.508413792587816715e-04 3.890617787837982178e-01
3.915493376553058624e-03 -4.895540699362754822e-02 8.132076822221279144e-03 9.648948162794113159e-02
2.936385106295347214e-03 1.460490524768829346e-01 1.006186660379171371e-02 -1.936167329549789429e-01
5.857366137206554413e-03 -4.921537265181541443e-02 6.189531646668910980e-03 1.022232249379158020e-01
4.873058758676052094e-03 1.458173245191574097e-01 8.233996108174324036e-03 -1.885005235671997070e-01
7.789405528455972672e-03 -4.942145198583602905e-02 4.463985562324523926e-03 1.067684888839721680e-01
6.800976581871509552e-03 1.456362456083297729e-01 6.599355489015579224e-03 -1.845027357339859009e-01
9.713700972497463226e-03 -4.957950487732887268e-02 2.909300848841667175e-03 1.102547124028205872e-01
8.722111582756042480e-03 1.455006301403045654e-01 5.114395171403884888e-03 -1.815089285373687744e-01
1.163212396204471588e-02 -4.969412460923194885e-02 1.484216772951185703e-03 1.127830073237419128e-01
1.063824165612459183e-02 1.454065293073654175e-01 3.739876905456185341e-03 -1.794312894344329834e-01
1.354637183248996735e-02 -4.976873844861984253e-02 1.512512098997831345e-04 1.144290938973426819e-01
1.255099754780530930e-02 1.453510373830795288e-01 2.439833013340830803e-03 -1.782061159610748291e-01
1.545801851898431778e-02 -4.980573803186416626e-02 -1.124289236031472683e-03 1.152454987168312073e-01
1.446190383285284042e-02 1.453323066234588623e-01 1.180620747618377209e-03 -1.777919232845306396e-01
1.736854948103427887e-02 -4.980652034282684326e-02 -2.375217853114008904e-03 1.152632161974906921e-01
1.637241989374160767e-02 1.453493833541870117e-01 -6.995342118898406625e-05 -1.781681329011917114e-01
1.927940733730792999e-02 -4.977156594395637512e-02 -3.633315907791256905e-03 1.144927293062210083e-01
1.828397624194622040e-02 -2.448412775993347168e-01 -1.343461335636675358e-03 4.060271680355072021e-01
1.338715013116598129e-02 -4.970029368996620178e-02 6.777082104235887527e-03 1.129209846258163452e-01
1.239314395934343338e-02 1.453239023685455322e-01 9.035501629114151001e-03 -1.776161342859268188e-01
1.529962196946144104e-02 -4.992618411779403687e-02 5.483178887516260147e-03 1.179034337401390076e-01
1.430109795182943344e-02 1.451167762279510498e-01 7.841247133910655975e-03 -1.730445623397827148e-01
1.720343343913555145e-02 -5.011652037501335144e-02 4.380356054753065109e-03 1.221016794443130493e-01
1.620110310614109039e-02 1.449424028396606445e-01 6.822389550507068634e-03 -1.691960841417312622e-01
1.909995079040527344e-02 -5.027653276920318604e-02 3.438468091189861298e-03 1.256312727928161621e-01
1.809442043304443359e-02 1.447959840297698975e-01 5.951093509793281555e-03 -1.659648716449737549e-01
2.099034003913402557e-02 -5.041063949465751648e-02 2.631796291097998619e-03 1.285894960165023804e-01
1.998212747275829315e-02 1.446735113859176636e-01 5.203586071729660034e-03 -1.632619649171829224e-01
2.287559770047664642e-02 -5.052254348993301392e-02 1.938347006216645241e-03 1.310580074787139893e-01
2.186514623463153839e-02 1.445715874433517456e-01 4.559507127851247787e-03 -1.610127687454223633e-01
2.475657872855663300e-02 -5.061534047126770020e-02 1.339251641184091568e-03 1.331050693988800049e-01
2.374427206814289093e-02 1.444873958826065063e-01 4.001352936029434204e-03 -1.591550409793853760e-01
2.663402073085308075e-02 -5.069160833954811096e-02 8.182521560229361057e-04 1.347875148057937622e-01
2.562018856406211853e-02 1.444186121225357056e-01 3.514002542942762375e-03 -1.576371490955352783e-01
2.850856073200702667e-02 -5.075347051024436951e-02 3.612596774473786354e-04 1.361522823572158813e-01
2.749348990619182587e-02 1.443632990121841431e-01 3.084305441007018089e-03 -1.564166396856307983e-01
3.038075752556324005e-02 -5.080267041921615601e-02 -4.402746344567276537e-05 1.372377127408981323e-01
2.936470322310924530e-02 1.443199068307876587e-01 2.700726734474301338e-03 -1.554591059684753418e-01
3.225110098719596863e-02 -5.084060505032539368e-02 -4.084554093424230814e-04 1.380746066570281982e-01
3.123428858816623688e-02 1.442871987819671631e-01 2.353036776185035706e-03 -1.547371447086334229e-01
3.412003442645072937e-02 -5.086836963891983032e-02 -7.417061715386807919e-04 1.386871784925460815e-01
3.310266509652137756e-02 1.442641913890838623e-01 2.032037358731031418e-03 -1.542296558618545532e-01
3.598795086145401001e-02 -5.088679119944572449e-02 -1.052555628120899200e-03 1.390936374664306641e-01
3.497021272778511047e-02 1.442502140998840332e-01 1.729317125864326954e-03 -1.539211571216583252e-01
3.785521909594535828e-02 -5.089645087718963623e-02 -1.349106081761419773e-03 1.393068283796310425e-01
3.683729097247123718e-02 1.442448049783706665e-01 1.437030383385717869e-03 -1.538014262914657593e-01
3.972218558192253113e-02 -5.089769884943962097e-02 -1.638998044654726982e-03 1.393345147371292114e-01
3.870423138141632080e-02 -2.459961324930191040e-01 1.147692208178341389e-03 4.314998984336853027e-01
3.378430753946304321e-02 -5.089045688509941101e-02 9.777690283954143524e-03 1.391790062189102173e-01
3.276649862527847290e-02 1.440901011228561401e-01 1.256127003580331802e-02 -1.504032611846923828e-01
3.564830124378204346e-02 -5.120944976806640625e-02 9.553205221891403198e-03 1.462158709764480591e-01
3.462411090731620789e-02 1.437744051218032837e-01 1.247752271592617035e-02 -1.434379518032073975e-01
3.749959915876388550e-02 -5.152400210499763489e-02 9.608763270080089569e-03 1.531551480293273926e-01
3.646912053227424622e-02 1.434590518474578857e-01 1.267186645418405533e-02 -1.364810168743133545e-01
3.933830186724662781e-02 -5.184208229184150696e-02 9.942246600985527039e-03 1.601726114749908447e-01
3.830146044492721558e-02 1.431361287832260132e-01 1.314569823443889618e-02 -1.293572783470153809e-01
4.116418212652206421e-02 -5.217164382338523865e-02 1.055855304002761841e-02 1.674437820911407471e-01
4.012075066566467285e-02 1.427975893020629883e-01 1.390742883086204529e-02 -1.218896061182022095e-01
4.297669976949691772e-02 -5.252082273364067078e-02 1.146963611245155334e-02 1.751483231782913208e-01
4.192628338932991028e-02 1.424351185560226440e-01 1.497260294854640961e-02 -1.138943508267402649e-01
4.477498680353164673e-02 -5.289813503623008728e-02 1.269471552222967148e-02 1.834744662046432495e-01
4.371702298521995544e-02 1.420398950576782227e-01 1.636420562863349915e-02 -1.051768586039543152e-01
4.655782133340835571e-02 -5.331270024180412292e-02 1.426066830754280090e-02 1.926236599683761597e-01
4.549156874418258667e-02 1.416023820638656616e-01 1.811314187943935394e-02 -9.552673995494842529e-02
4.832361638545989990e-02 -5.377443507313728333e-02 1.620260626077651978e-02 2.028153836727142334e-01
4.724812880158424377e-02 1.411120891571044922e-01 2.025891467928886414e-02 -8.471268415451049805e-02
5.007036775350570679e-02 -5.429431051015853882e-02 1.856466010212898254e-02 2.142924815416336060e-01
4.898448288440704346e-02 1.405573785305023193e-01 2.285050973296165466e-02 -7.247698307037353516e-02
5.179563164710998535e-02 -5.488458648324012756e-02 2.140097133815288544e-02 2.273268997669219971e-01
5.069793760776519775e-02 1.399250924587249756e-01 2.594750747084617615e-02 -5.852929502725601196e-02
5.349643900990486145e-02 3.346655666828155518e-01 2.477692253887653351e-02 -3.429139852523803711e-01
6.018975377082824707e-02 1.392000466585159302e-01 1.791864261031150818e-02 -4.252202436327934265e-02
6.297375261783599854e-02 -5.617420375347137451e-02 1.706820167601108551e-02 2.557601034641265869e-01
6.185026839375495911e-02 1.386999487876892090e-01 2.218340523540973663e-02 -3.149073198437690735e-02
6.462426483631134033e-02 3.334968686103820801e-01 2.155358903110027313e-02 -3.170928359031677246e-01
7.129420340061187744e-02 1.380746662616729736e-01 1.521173305809497833e-02 -1.769134216010570526e-02
7.405570149421691895e-02 3.329751789569854736e-01 1.485790591686964035e-02 -3.055362403392791748e-01
8.071520179510116577e-02 1.376446932554244995e-01 8.747181855142116547e-03 -8.204771205782890320e-03
8.346809446811676025e-02 -5.760160088539123535e-02 8.583085611462593079e-03 2.872250974178314209e-01
8.231606334447860718e-02 1.373969018459320068e-01 1.432758849114179611e-02 -2.738473005592823029e-03
8.506400138139724731e-02 3.323104679584503174e-01 1.427281834185123444e-02 -2.908666431903839111e-01
9.171020984649658203e-02 1.369879394769668579e-01 8.455486036837100983e-03 6.283357273787260056e-03
9.444996714591979980e-02 -5.825424194335937500e-02 8.581153117120265961e-03 3.016220629215240479e-01
9.328488260507583618e-02 1.367443650960922241e-01 1.461359392851591110e-02 1.165774744004011154e-02
9.601977467536926270e-02 3.316537141799926758e-01 1.484674867242574692e-02 -2.763788402080535889e-01
1.026528477668762207e-01 1.363231241703033447e-01 9.319172240793704987e-03 2.094954624772071838e-02
1.053793132305145264e-01 3.313102126121520996e-01 9.738163091242313385e-03 -2.687785625457763672e-01
1.120055168867111206e-01 1.360506415367126465e-01 4.362592007964849472e-03 2.695986256003379822e-02
1.147265285253524780e-01 3.311097621917724609e-01 4.901789128780364990e-03 -2.643434405326843262e-01
1.213487237691879272e-01 1.359181851148605347e-01 -3.850795619655400515e-04 2.988152764737606049e-02
1.240670830011367798e-01 -5.919823795557022095e-02 2.125510072801262140e-04 3.224429190158843994e-01
1.228831186890602112e-01 1.359206885099411011e-01 6.661409512162208557e-03 2.982704341411590576e-02
1.256015300750732422e-01 3.309464752674102783e-01 7.257950492203235626e-03 -2.607467174530029297e-01
1.322204619646072388e-01 1.357216686010360718e-01 2.043016254901885986e-03 3.421659767627716064e-02
1.349349021911621094e-01 3.308142721652984619e-01 2.727348124608397484e-03 -2.578210234642028809e-01
1.415511816740036011e-01 1.356534808874130249e-01 -2.429072512313723564e-03 3.572088479995727539e-02
1.442642509937286377e-01 3.308101892471313477e-01 -1.714654732495546341e-03 -2.577274441719055176e-01
1.508804559707641602e-01 1.357127577066421509e-01 -6.869203876703977585e-03 3.441416099667549133e-02
1.535947173833847046e-01 -5.931001529097557068e-02 -6.180920638144016266e-03 3.249218761920928955e-01
1.524085104465484619e-01 1.358993947505950928e-01 3.175172605551779270e-04 3.029618784785270691e-02
1.551264971494674683e-01 3.310167789459228516e-01 9.234410244971513748e-04 -2.622865438461303711e-01
1.617468297481536865e-01 1.358816623687744141e-01 -4.322289954870939255e-03 3.068750724196434021e-02
1.644644737243652344e-01 3.310653269290924072e-01 -3.708539763465523720e-03 -2.633560001850128174e-01
1.710857748985290527e-01 1.359965205192565918e-01 -8.975659497082233429e-03 2.815490029752254486e-02
1.738056987524032593e-01 -5.899557471275329590e-02 -8.412561379373073578e-03 3.179924488067626953e-01
1.726257950067520142e-01 1.362451761960983276e-01 -2.052712952718138695e-03 2.266841754317283630e-02
1.753506958484649658e-01 3.313965201377868652e-01 -1.599344541318714619e-03 -2.706614434719085693e-01
1.819786280393600464e-01 1.362974196672439575e-01 -7.012573536485433578e-03 2.151660062372684479e-02
1.847045719623565674e-01 -5.872327089309692383e-02 -6.582241505384445190e-03 3.119787573814392090e-01
1.835301071405410767e-01 1.364918351173400879e-01 -3.426665207371115685e-04 1.722727902233600616e-02
1.862599551677703857e-01 3.316186964511871338e-01 1.879057094811287243e-06 -2.755637466907501221e-01
1.928923279047012329e-01 1.364967226982116699e-01 -5.509395617991685867e-03 1.711977645754814148e-02
1.956222504377365112e-01 3.316972553730010986e-01 -5.167000461369752884e-03 -2.772963345050811768e-01
2.022562026977539062e-01 1.366493850946426392e-01 -1.071292720735073090e-02 1.375246327370405197e-02
2.049891948699951172e-01 -5.831729993224143982e-02 -1.043787784874439240e-02 3.030361831188201904e-01
2.038228362798690796e-01 1.369518488645553589e-01 -4.377154167741537094e-03 7.079734932631254196e-03
2.065618783235549927e-01 3.321363031864166260e-01 -4.235559143126010895e-03 -2.869810163974761963e-01
2.132046073675155640e-01 1.370750069618225098e-01 -9.975180029869079590e-03 4.363046493381261826e-03
2.159461081027984619e-01 -5.790248140692710876e-02 -9.887918829917907715e-03 2.938820719718933105e-01
2.147880494594573975e-01 1.373590379953384399e-01 -4.010277334600687027e-03 -1.902895979583263397e-03
2.175352424383163452e-01 3.325382769107818604e-01 -4.048335365951061249e-03 -2.958483994007110596e-01
2.241860032081604004e-01 1.374742686748504639e-01 -9.965303353965282440e-03 -4.445009399205446243e-03
2.269354909658432007e-01 -5.750335752964019775e-02 -1.005420368164777756e-02 2.850771546363830566e-01
2.257854193449020386e-01 1.377605348825454712e-01 -4.352660384029150009e-03 -1.075976155698299408e-02
2.285406291484832764e-01 -5.729872360825538635e-02 -4.567855969071388245e-03 2.805466651916503906e-01
2.273946553468704224e-01 1.378880888223648071e-01 1.043077674694359303e-03 -1.357343140989542007e-02
2.301524132490158081e-01 3.329950571060180664e-01 7.716090185567736626e-04 -3.059270679950714111e-01
2.368123233318328857e-01 1.378621309995651245e-01 -5.346932448446750641e-03 -1.300089899450540543e-02
2.395695596933364868e-01 -5.718273669481277466e-02 -5.606950260698795319e-03 2.779902219772338867e-01
2.384259104728698730e-01 1.380187571048736572e-01 -4.714593887911178172e-05 -1.645584404468536377e-02
2.411862760782241821e-01 3.331413865089416504e-01 -3.762628184631466866e-04 -3.091536462306976318e-01
2.478491067886352539e-01 1.380247920751571655e-01 -6.559335626661777496e-03 -1.658940501511096954e-02
2.506096065044403076e-01 -5.700248107314109802e-02 -6.891123950481414795e-03 2.740167677402496338e-01
2.494695633649826050e-01 1.382171064615249634e-01 -1.410788274370133877e-03 -2.083163522183895111e-02
2.522338926792144775e-01 3.333592712879180908e-01 -1.827421016059815884e-03 -3.139593601226806641e-01
2.589010894298553467e-01 1.382634043693542480e-01 -8.106607943773269653e-03 -2.185329049825668335e-02
2.616663575172424316e-01 -5.674136430025100708e-02 -8.543673902750015259e-03 2.682609260082244873e-01
2.605315148830413818e-01 1.385014653205871582e-01 -3.178455401211977005e-03 -2.710444480180740356e-02
2.633015513420104980e-01 3.336688578128814697e-01 -3.720544278621673584e-03 -3.207885026931762695e-01
2.699749171733856201e-01 1.386000812053680420e-01 -1.013631466776132584e-02 -2.928121946752071381e-02
2.727469205856323242e-01 -5.637504905462265015e-02 -1.072193868458271027e-02 2.601864337921142578e-01
2.716194391250610352e-01 1.388983130455017090e-01 -5.518210120499134064e-03 -3.585895895957946777e-02
2.743974030017852783e-01 -5.614407733082771301e-02 -6.235389504581689835e-03 2.550778090953826904e-01
2.732745110988616943e-01 1.390663385391235352e-01 -1.133832964114844799e-03 -3.956531360745429993e-02
2.760558426380157471e-01 3.342045247554779053e-01 -1.925139222294092178e-03 -3.326057493686676025e-01
2.827399373054504395e-01 1.391100436449050903e-01 -8.577254600822925568e-03 -4.053054749965667725e-02
2.855221331119537354e-01 -5.588787049055099487e-02 -9.387865662574768066e-03 2.494338750839233398e-01
2.844043672084808350e-01 1.393668800592422485e-01 -4.399187862873077393e-03 -4.619533196091651917e-02
2.871917188167572021e-01 -5.569171532988548279e-02 -5.323094315826892853e-03 2.450963705778121948e-01
2.860778868198394775e-01 1.395058631896972656e-01 -4.211669729556888342e-04 -4.926082491874694824e-02
2.888680100440979004e-01 3.346338570117950439e-01 -1.406383467838168144e-03 -3.420765995979309082e-01
2.955606877803802490e-01 1.395319253206253052e-01 -8.247915655374526978e-03 -4.983749985694885254e-02
2.983513176441192627e-01 -5.547078698873519897e-02 -9.244665503501892090e-03 2.402317672967910767e-01
2.972418963909149170e-01 1.397819966077804565e-01 -4.440030083060264587e-03 -5.535278469324111938e-02
3.000375330448150635e-01 -5.527601018548011780e-02 -5.547085776925086975e-03 2.359259724617004395e-01
2.989320158958435059e-01 1.399247497320175171e-01 -8.285661460831761360e-04 -5.850149318575859070e-02
3.017305135726928711e-01 3.350585699081420898e-01 -1.998596126213669777e-03 -3.514457345008850098e-01
3.084316849708557129e-01 1.399651020765304565e-01 -9.027510881423950195e-03 -5.939368531107902527e-02
3.112309873104095459e-01 -5.502625554800033569e-02 -1.021538395434617996e-02 2.304273843765258789e-01
3.101304471492767334e-01 1.402401626110076904e-01 -5.606836639344692230e-03 -6.546024233102798462e-02
3.129352629184722900e-01 -5.480094999074935913e-02 -6.916041485965251923e-03 2.254484295845031738e-01
3.118392527103424072e-01 1.404191553592681885e-01 -2.407072810456156731e-03 -6.940802931785583496e-02
3.146476149559020996e-01 -5.466819927096366882e-02 -3.795233322307467461e-03 2.225144803524017334e-01
3.135542571544647217e-01 1.405077874660491943e-01 6.550563266500830650e-04 -7.136318832635879517e-02
3.163644075393676758e-01 3.356203436851501465e-01 -7.722074515186250210e-04 -3.638393580913543701e-01
3.230768144130706787e-01 1.405093818902969360e-01 -8.048994466662406921e-03 -7.140003144741058350e-02
3.258870244026184082e-01 -5.449626222252845764e-02 -9.476995095610618591e-03 2.187325656414031982e-01
3.247970938682556152e-01 1.407598704099655151e-01 -5.102344322949647903e-03 -7.692467421293258667e-02
3.276122808456420898e-01 -5.428856611251831055e-02 -6.640837527811527252e-03 2.141440957784652710e-01
3.265265226364135742e-01 1.409277021884918213e-01 -2.357955789193511009e-03 -8.062623441219329834e-02
3.293450772762298584e-01 -5.416037514805793762e-02 -3.970480524003505707e-03 2.113118171691894531e-01
3.282618522644042969e-01 1.410181224346160889e-01 2.557558182161301374e-04 -8.262093365192413330e-02
3.310822248458862305e-01 -5.410749465227127075e-02 -1.396662904880940914e-03 2.101426720619201660e-01
3.300000727176666260e-01 1.410343945026397705e-01 2.806190634146332741e-03 -8.298049867153167725e-02
3.328207731246948242e-01 3.361160159111022949e-01 1.146580558270215988e-03 -3.747767508029937744e-01
3.395430743694305420e-01 1.409777849912643433e-01 -6.348954513669013977e-03 -8.173251897096633911e-02
3.423626422882080078e-01 -5.405257642269134521e-02 -7.983604446053504944e-03 2.089405506849288940e-01
3.412815928459167480e-01 1.411826163530349731e-01 -3.804793814197182655e-03 -8.625005930662155151e-02
3.441052436828613281e-01 -5.388458818197250366e-02 -5.529794842004776001e-03 2.052300274372100830e-01
3.430275619029998779e-01 1.413159966468811035e-01 -1.425194321200251579e-03 -8.919212967157363892e-02
3.458538651466369629e-01 -5.378549173474311829e-02 -3.209037007763981819e-03 2.030408084392547607e-01
3.447781503200531006e-01 1.413822025060653687e-01 8.517790702171623707e-04 -9.065268933773040771e-02
3.476057946681976318e-01 -5.375194549560546875e-02 -9.612746653147041798e-04 2.022988498210906982e-01
3.465307652950286865e-01 1.413837373256683350e-01 3.084702417254447937e-03 -9.068715572357177734e-02
3.493584394454956055e-01 3.364613354206085205e-01 1.270959270186722279e-03 -3.823952674865722656e-01
3.560876548290252686e-01 1.413213610649108887e-01 -6.376945879310369492e-03 -8.931187540292739868e-02
3.589140772819519043e-01 -5.370860174298286438e-02 -8.163183927536010742e-03 2.013523131608963013e-01
3.578399121761322021e-01 1.415291428565979004e-01 -4.136137198656797409e-03 -9.389448910951614380e-02
3.606705069541931152e-01 -5.353328213095664978e-02 -6.014027167111635208e-03 1.974806189537048340e-01
3.595998287200927734e-01 1.416741758584976196e-01 -2.064414555206894875e-03 -9.709337353706359863e-02
3.624333143234252930e-01 -5.341813340783119202e-02 -4.006281960755586624e-03 1.949375122785568237e-01
3.613649606704711914e-01 1.417609006166458130e-01 -1.075316467904485762e-04 -9.900651872158050537e-02
3.642001748085021973e-01 -5.335951223969459534e-02 -2.087661996483802795e-03 1.936424821615219116e-01
3.631329834461212158e-01 1.417922377586364746e-01 1.785187632776796818e-03 -9.969828277826309204e-02
3.659688234329223633e-01 3.368885517120361328e-01 -2.087780594592913985e-04 -3.918174505233764648e-01
3.727065920829772949e-01 1.417695730924606323e-01 -8.045126684010028839e-03 -9.920036047697067261e-02
3.755419850349426270e-01 -5.323615670204162598e-02 -1.002913434058427811e-02 1.909335255622863770e-01
3.744772672653198242e-01 1.420278251171112061e-01 -6.210463587194681168e-03 -1.048962250351905823e-01
3.773178160190582275e-01 -5.300458148121833801e-02 -8.308388292789459229e-03 1.858208775520324707e-01
3.762577474117279053e-01 1.422352492809295654e-01 -4.591970704495906830e-03 -1.094714105129241943e-01
3.791024386882781982e-01 -5.282059684395790100e-02 -6.781398784369230270e-03 1.817592382431030273e-01
3.780460357666015625e-01 1.423977315425872803e-01 -3.146214177832007408e-03 -1.130552291870117188e-01
3.808939754962921143e-01 -5.267899483442306519e-02 -5.407318938523530960e-03 1.786334216594696045e-01
3.798404037952423096e-01 1.425199210643768311e-01 -1.834650174714624882e-03 -1.157504022121429443e-01
3.826907873153686523e-01 -5.257569998502731323e-02 -4.149658139795064926e-03 1.763531416654586792e-01
3.816392719745635986e-01 1.426053941249847412e-01 -6.225954275578260422e-04 -1.176359727978706360e-01
3.844913840293884277e-01 -5.250763148069381714e-02 -2.975314855575561523e-03 1.748504638671875000e-01
3.834412395954132080e-01 1.426567733287811279e-01 5.216944264248013496e-04 -1.187695860862731934e-01
3.862943649291992188e-01 -5.247264727950096130e-02 -1.853697351180016994e-03 1.740778833627700806e-01
3.852449357509613037e-01 1.426757872104644775e-01 1.627860357984900475e-03 -1.191892474889755249e-01
3.880984485149383545e-01 -5.246945470571517944e-02 -7.559246150776743889e-04 1.740068048238754272e-01
3.870490491390228271e-01 1.426633149385452271e-01 2.724211430177092552e-03 -1.189144924283027649e-01
3.899023234844207764e-01 -5.249756947159767151e-02 3.459216968622058630e-04 1.746266484260559082e-01
3.888523578643798828e-01 1.426194310188293457e-01 3.838454838842153549e-03 -1.179471239447593689e-01
3.917047679424285889e-01 3.376861810684204102e-01 1.479512313380837440e-03 -4.094165861606597900e-01
3.984584808349609375e-01 1.425432860851287842e-01 -6.708819419145584106e-03 -1.162675842642784119e-01
4.013093411922454834e-01 -5.248190835118293762e-02 -9.034170769155025482e-03 1.742912381887435913e-01
4.002597033977508545e-01 1.427681595087051392e-01 -5.548346322029829025e-03 -1.212279349565505981e-01
4.031150639057159424e-01 -5.227385461330413818e-02 -7.972905412316322327e-03 1.696993857622146606e-01
4.020695984363555908e-01 1.429613083600997925e-01 -4.578917287290096283e-03 -1.254880428314208984e-01
4.049288034439086914e-01 -5.209475383162498474e-02 -7.088678423315286636e-03 1.657467633485794067e-01
4.038869142532348633e-01 1.431279480457305908e-01 -3.773742821067571640e-03 -1.291639804840087891e-01
4.067494869232177734e-01 -5.193974077701568604e-02 -6.357022561132907867e-03 1.623259931802749634e-01
4.057106971740722656e-01 1.432726383209228516e-01 -3.110502613708376884e-03 -1.323556154966354370e-01
4.085761308670043945e-01 -5.180462077260017395e-02 -5.757614970207214355e-03 1.593443751335144043e-01
4.075400531291961670e-01 1.433992832899093628e-01 -2.570727374404668808e-03 -1.351493597030639648e-01
4.104080200195312500e-01 -5.168575048446655273e-02 -5.273714661598205566e-03 1.567214280366897583e-01
4.093743264675140381e-01 1.435113102197647095e-01 -2.139285905286669731e-03 -1.376205533742904663e-01
4.122445583343505859e-01 -5.157993361353874207e-02 -4.891696851700544357e-03 1.543866991996765137e-01
4.112129509449005127e-01 1.436117142438888550e-01 -1.803962863050401211e-03 -1.398354172706604004e-01
4.140851795673370361e-01 -5.148435384035110474e-02 -4.600671585649251938e-03 1.522778421640396118e-01
4.130554795265197754e-01 1.437031775712966919e-01 -1.555114635266363621e-03 -1.418529450893402100e-01
4.159295558929443359e-01 -5.139647424221038818e-02 -4.392173606902360916e-03 1.503389626741409302e-01
4.149016141891479492e-01 1.437880992889404297e-01 -1.385394134558737278e-03 -1.437263637781143188e-01
4.177773892879486084e-01 -5.131398886442184448e-02 -4.259921144694089890e-03 1.485191732645034790e-01
4.167511165142059326e-01 1.438686996698379517e-01 -1.289537758566439152e-03 -1.455046087503433228e-01
4.196284711360931396e-01 -5.123475566506385803e-02 -4.199630115181207657e-03 1.467712074518203735e-01
4.186037778854370117e-01 1.439470797777175903e-01 -1.264205900952219963e-03 -1.472336500883102417e-01
4.214827418327331543e-01 -5.115674063563346863e-02 -4.208879079669713974e-03 1.450501680374145508e-01
4.204595983028411865e-01 1.440252363681793213e-01 -1.307875616475939751e-03 -1.489576101303100586e-01
4.233401119709014893e-01 -5.107796564698219299e-02 -4.287027753889560699e-03 1.433124244213104248e-01
4.223185479640960693e-01 1.441051214933395386e-01 -1.420779153704643250e-03 -1.507198959589004517e-01
4.252006411552429199e-01 -5.099646002054214478e-02 -4.435176961123943329e-03 1.415144801139831543e-01
4.241807162761688232e-01 1.441887319087982178e-01 -1.604887424036860466e-03 -1.525643765926361084e-01
4.270644783973693848e-01 -5.091020464897155762e-02 -4.656174685806035995e-03 1.396118253469467163e-01
4.260462820529937744e-01 1.442781239748001099e-01 -1.863938523456454277e-03 -1.545364111661911011e-01
4.289318323135375977e-01 -5.081709101796150208e-02 -4.954666830599308014e-03 1.375579088926315308e-01
4.279155135154724121e-01 1.443754732608795166e-01 -2.203508745878934860e-03 -1.566840112209320068e-01
4.308030009269714355e-01 -5.071485787630081177e-02 -5.337188951671123505e-03 1.353029459714889526e-01
4.297887086868286133e-01 1.444831341505050659e-01 -2.631130162626504898e-03 -1.590590029954910278e-01
4.326783716678619385e-01 -5.060105025768280029e-02 -5.812310148030519485e-03 1.327927112579345703e-01
4.316663444042205811e-01 1.446036696434020996e-01 -3.156455932185053825e-03 -1.617182344198226929e-01
4.345584213733673096e-01 -5.047294870018959045e-02 -6.390820723026990891e-03 1.299672424793243408e-01
4.335489869117736816e-01 1.447399705648422241e-01 -3.791475901380181313e-03 -1.647250354290008545e-01
4.364437758922576904e-01 -5.032750591635704041e-02 -7.085976656526327133e-03 1.267593652009963989e-01
4.354372322559356689e-01 1.448952406644821167e-01 -4.550789482891559601e-03 -1.681506484746932983e-01
4.383351206779479980e-01 -5.016127973794937134e-02 -7.913802750408649445e-03 1.230931654572486877e-01
4.373319149017333984e-01 1.450731456279754639e-01 -5.451939068734645844e-03 -1.720759421586990356e-01
4.402333498001098633e-01 -4.997034743428230286e-02 -8.893458172678947449e-03 1.188820973038673401e-01
4.392339587211608887e-01 1.452778875827789307e-01 -6.515815854072570801e-03 -1.765933185815811157e-01
4.421395063400268555e-01 -4.975021257996559143e-02 -1.004768256098031998e-02 1.140269860625267029e-01
4.411444962024688721e-01 1.455142647027969360e-01 -7.767142727971076965e-03 -1.818089038133621216e-01
4.440547823905944824e-01 -4.949569329619407654e-02 -1.140332035720348358e-02 1.084136813879013062e-01
4.430648684501647949e-01 1.457877904176712036e-01 -9.235046803951263428e-03 -1.878450065851211548e-01
4.459806382656097412e-01 -4.920082166790962219e-02 -1.299194712191820145e-02 1.019103750586509705e-01
4.449966251850128174e-01 1.461048871278762817e-01 -1.095373928546905518e-02 -1.948429942131042480e-01
4.479187130928039551e-01 -4.885867610573768616e-02 -1.485059969127178192e-02 9.436447918415069580e-02
4.469415545463562012e-01 -2.437646687030792236e-01 -1.296330988407135010e-02 3.823253214359283447e-01
4.420662522315979004e-01 -4.846107214689254761e-02 -5.316803697496652603e-03 8.558342605829238892e-02
4.410970211029052734e-01 1.467366814613342285e-01 -3.605135018005967140e-03 -2.087722122669219971e-01
4.440317749977111816e-01 -4.833352938294410706e-02 -7.780579384416341782e-03 8.277130872011184692e-02
4.430651068687438965e-01 1.468990892171859741e-01 -6.125153042376041412e-03 -2.123562097549438477e-01
4.460030794143676758e-01 -4.813475534319877625e-02 -1.037227734923362732e-02 7.838828116655349731e-02
4.450403749942779541e-01 -2.431064993143081665e-01 -8.804511278867721558e-03 3.677807450294494629e-01
4.401782453060150146e-01 -4.786054790019989014e-02 -1.448896597139537334e-03 7.233469933271408081e-02
4.392210245132446289e-01 1.472821384668350220e-01 -2.202664518335950561e-06 -2.208050042390823364e-01
4.421666860580444336e-01 -4.783977568149566650e-02 -4.418302793055772781e-03 7.187721878290176392e-02
4.412098824977874756e-01 1.473452448844909668e-01 -2.980758436024188995e-03 -2.221964150667190552e-01
4.441567957401275635e-01 -4.773398116230964661e-02 -7.424687035381793976e-03 6.954476982355117798e-02
4.432021081447601318e-01 -2.427487075328826904e-01 -6.033791694790124893e-03 3.598759472370147705e-01
4.383471310138702393e-01 -4.754150286316871643e-02 1.163727487437427044e-03 6.529656052589416504e-02
4.373963177204132080e-01 1.475637406110763550e-01 2.469658618792891502e-03 -2.270189821720123291e-01
4.403475821018218994e-01 -4.759341478347778320e-02 -2.070721006020903587e-03 6.644194573163986206e-02
4.393957257270812988e-01 1.475581675767898560e-01 -7.418820168823003769e-04 -2.268935889005661011e-01
4.423468708992004395e-01 -4.755317792296409607e-02 -5.279753822833299637e-03 6.555522978305816650e-02
4.413958191871643066e-01 1.476440727710723877e-01 -3.968649078160524368e-03 -2.287888079881668091e-01
4.443486928939819336e-01 -4.742094129323959351e-02 -8.544425480067729950e-03 6.263963133096694946e-02
4.434002637863159180e-01 -2.424193471670150757e-01 -7.291632238775491714e-03 3.526145517826080322e-01
4.385519027709960938e-01 -4.719447344541549683e-02 -2.393416652921587229e-04 5.764129012823104858e-02
4.376080036163330078e-01 1.479309052228927612e-01 9.134841384366154671e-04 -2.351171374320983887e-01
4.405666291713714600e-01 -4.720408096909523010e-02 -3.788858652114868164e-03 5.785378441214561462e-02
4.396225512027740479e-01 -2.422714978456497192e-01 -2.631783019751310349e-03 3.493388891220092773e-01
4.347771108150482178e-01 -4.711222276091575623e-02 4.354994744062423706e-03 5.582724139094352722e-02
4.338348507881164551e-01 1.479470133781433105e-01 5.471539683640003204e-03 -2.354784756898880005e-01
4.367938041687011719e-01 -4.725268110632896423e-02 7.619702955707907677e-04 5.892531201243400574e-02
4.358487427234649658e-01 1.478583365678787231e-01 1.940476591698825359e-03 -2.335171103477478027e-01
4.388059079647064209e-01 -4.729128628969192505e-02 -2.729865722358226776e-03 5.977727472782135010e-02
4.378601014614105225e-01 1.478697061538696289e-01 -1.534320181235671043e-03 -2.337656915187835693e-01
4.408174753189086914e-01 -4.723029583692550659e-02 -6.209634244441986084e-03 5.843286588788032532e-02
4.398728907108306885e-01 -2.422626614570617676e-01 -5.040976684540510178e-03 3.491501510143280029e-01
4.350276291370391846e-01 -4.706938192248344421e-02 1.942026312462985516e-03 5.488191172480583191e-02
4.340862333774566650e-01 1.480246633291244507e-01 3.039664588868618011e-03 -2.371876537799835205e-01
4.370467364788055420e-01 -4.714057594537734985e-02 -1.704088645055890083e-03 5.645251646637916565e-02
4.361039102077484131e-01 1.480057686567306519e-01 -5.750382551923394203e-04 -2.367675751447677612e-01
4.390640258789062500e-01 -4.710796102881431580e-02 -5.310389678925275803e-03 5.573391169309616089e-02
4.381218850612640381e-01 -2.421533763408660889e-01 -4.195711575448513031e-03 3.467366397380828857e-01
4.332787990570068359e-01 -4.697199165821075439e-02 2.739021554589271545e-03 5.273362249135971069e-02
4.323393702507019043e-01 1.481105834245681763e-01 3.793694078922271729e-03 -2.390838563442230225e-01
4.353015720844268799e-01 -4.706536233425140381e-02 -9.879833087325096130e-04 5.479328334331512451e-02
4.343602657318115234e-01 1.480707377195358276e-01 1.078824134310707450e-04 -2.382012009620666504e-01
4.373216927051544189e-01 -4.705274850130081177e-02 -4.656141623854637146e-03 5.451576039195060730e-02
4.363806247711181641e-01 -2.421076297760009766e-01 -3.565826220437884331e-03 3.457260131835937500e-01
4.315384924411773682e-01 -4.693513736128807068e-02 3.348693950101733208e-03 5.192077904939651489e-02
4.305997788906097412e-01 1.481386423110961914e-01 4.387109540402889252e-03 -2.397037297487258911e-01
4.335625469684600830e-01 -4.704570770263671875e-02 -4.069651477038860321e-04 5.435978248715400696e-02
4.326216280460357666e-01 1.480820775032043457e-01 6.802304997108876705e-04 -2.384515255689620972e-01
4.355832636356353760e-01 -4.704958945512771606e-02 -4.088799934834241867e-03 5.444589629769325256e-02
4.346422851085662842e-01 -2.421126663684844971e-01 -2.999881980940699577e-03 3.458359837532043457e-01
4.298000335693359375e-01 -4.694817960262298584e-02 3.916837275028228760e-03 5.220858380198478699e-02
4.288610816001892090e-01 1.481173932552337646e-01 4.961009137332439423e-03 -2.392359822988510132e-01
4.318234026432037354e-01 -4.707507789134979248e-02 1.762895408319309354e-04 5.500765144824981689e-02
4.308819174766540527e-01 1.480443477630615234e-01 1.276442548260092735e-03 -2.376196533441543579e-01
4.338428080081939697e-01 -4.709582030773162842e-02 -3.475950332358479500e-03 5.546563118696212769e-02
4.329008758068084717e-01 -2.421677559614181519e-01 -2.366637811064720154e-03 3.470498323440551758e-01
4.280575215816497803e-01 -4.701222479343414307e-02 4.574359394609928131e-03 5.362157523632049561e-02
4.271172881126403809e-01 1.480438411235809326e-01 5.646790843456983566e-03 -2.376146018505096436e-01
4.300781488418579102e-01 -4.715832695364952087e-02 8.944987202994525433e-04 5.684412643313407898e-02
4.291349947452545166e-01 1.479507833719253540e-01 2.031381241977214813e-03 -2.355564385652542114e-01
4.320940077304840088e-01 -4.720012843608856201e-02 -2.679747762158513069e-03 5.776654928922653198e-02
4.311500191688537598e-01 -2.422835528850555420e-01 -1.524416613392531872e-03 3.496027886867523193e-01
4.263043403625488281e-01 -4.713995382189750671e-02 5.467639304697513580e-03 5.643955618143081665e-02
4.253615438938140869e-01 1.479031741619110107e-01 6.596430204808712006e-03 -2.345132827758789062e-01
4.283196032047271729e-01 -4.731240123510360718e-02 1.906164688989520073e-03 6.024304404854774475e-02
4.273733496665954590e-01 1.477821618318557739e-01 3.111025551334023476e-03 -2.318378686904907227e-01
4.303289949893951416e-01 -4.738409817218780518e-02 -1.525731757283210754e-03 6.182475760579109192e-02
4.293813109397888184e-01 1.477596908807754517e-01 -2.892366901505738497e-04 -2.313391566276550293e-01
4.323365092277526855e-01 -4.735812172293663025e-02 -4.916019737720489502e-03 6.125251948833465576e-02
4.313893616199493408e-01 -2.424092441797256470e-01 -3.690969431772828102e-03 3.523803651332855225e-01
4.265411496162414551e-01 -4.723500087857246399e-02 3.356637898832559586e-03 5.853585153818130493e-02
4.255964756011962891e-01 1.478386670351028442e-01 4.527355078607797623e-03 -2.330861389636993408e-01
4.285532236099243164e-01 -4.734768718481063843e-02 -1.343680487480014563e-04 6.102141365408897400e-02
4.276062846183776855e-01 1.477761864662170410e-01 1.086060190573334694e-03 -2.317039072513580322e-01
4.305618107318878174e-01 -4.736126214265823364e-02 -3.548017935827374458e-03 6.132140383124351501e-02
4.296145737171173096e-01 -2.424321621656417847e-01 -2.321589970961213112e-03 3.528828024864196777e-01
4.247659444808959961e-01 -4.727727547287940979e-02 4.736065864562988281e-03 5.946870893239974976e-02
4.238204061985015869e-01 1.477764546871185303e-01 5.925440229475498199e-03 -2.317162007093429565e-01
4.267759323120117188e-01 -4.742966592311859131e-02 1.291116233915090561e-03 6.282990425825119019e-02
4.258273243904113770e-01 1.476737558841705322e-01 2.547714393585920334e-03 -2.294453829526901245e-01
4.287807941436767578e-01 -4.748451709747314453e-02 -2.041193423792719841e-03 6.404008716344833374e-02
4.278311133384704590e-01 1.476666480302810669e-01 -7.603917038068175316e-04 -2.292861491441726685e-01
4.307844340801239014e-01 -4.744443669915199280e-02 -5.346114747226238251e-03 6.315682828426361084e-02
4.298355579376220703e-01 -2.424893230199813843e-01 -4.082978237420320511e-03 3.541482388973236084e-01
4.249857664108276367e-01 -4.730956256389617920e-02 2.999986521899700165e-03 6.018063053488731384e-02
4.240395724773406982e-01 1.477692425251007080e-01 4.203599411994218826e-03 -2.315542697906494141e-01
4.269949495792388916e-01 -4.741251468658447266e-02 -4.274861712474375963e-04 6.245164200663566589e-02
4.260466992855072021e-01 1.477155685424804688e-01 8.215466514229774475e-04 -2.303661257028579712e-01
4.290010333061218262e-01 -4.741811752319335938e-02 -3.785775974392890930e-03 6.257583200931549072e-02
4.280526638031005859e-01 -2.424855828285217285e-01 -2.534259343519806862e-03 3.540619313716888428e-01
4.232029616832733154e-01 -4.732769355177879333e-02 4.546978976577520370e-03 6.058094650506973267e-02
4.222564101219177246e-01 1.477287709712982178e-01 5.758597981184720993e-03 -2.306639105081558228e-01
4.252109825611114502e-01 -4.747499153017997742e-02 1.145319780334830284e-03 6.382989138364791870e-02
4.242614805698394775e-01 1.476305127143859863e-01 2.421917626634240150e-03 -2.284914553165435791e-01
4.272140860557556152e-01 -4.752596095204353333e-02 -2.147911582142114639e-03 6.495444476604461670e-02
4.262635707855224609e-01 1.476267278194427490e-01 -8.488227031193673611e-04 -2.284053862094879150e-01
4.292160868644714355e-01 -4.748309031128883362e-02 -5.416930653154850006e-03 6.400966644287109375e-02
4.282664358615875244e-01 -2.425269633531570435e-01 -4.136736970394849777e-03 3.549786210060119629e-01
4.234158992767333984e-01 -4.734643548727035522e-02 2.962835133075714111e-03 6.099412962794303894e-02
4.224689602851867676e-01 1.477329134941101074e-01 4.182717762887477875e-03 -2.307525277137756348e-01
4.254236221313476562e-01 -4.744855687022209167e-02 -4.323328903410583735e-04 6.324683129787445068e-02
4.244746565818786621e-01 1.476795822381973267e-01 8.326036622747778893e-04 -2.295724749565124512e-01
4.274282455444335938e-01 -4.745424911379814148e-02 -3.758845850825309753e-03 6.337296962738037109e-02
4.264791607856750488e-01 -2.425221055746078491e-01 -2.491386374458670616e-03 3.548676073551177979e-01
4.216287136077880859e-01 -4.736481979489326477e-02 4.605965688824653625e-03 6.140010431408882141e-02
4.206814169883728027e-01 1.476907879114151001e-01 5.833967588841915131e-03 -2.298260629177093506e-01
4.236352443695068359e-01 -4.751404002308845520e-02 1.237446558661758900e-03 6.469137966632843018e-02
4.226849675178527832e-01 1.475901454687118530e-01 2.531274221837520599e-03 -2.276008725166320801e-01
4.256367683410644531e-01 -4.756788909435272217e-02 -2.020743209868669510e-03 6.587944179773330688e-02
4.246853888034820557e-01 1.475829780101776123e-01 -7.031543646007776260e-04 -2.274403572082519531e-01
4.276370704174041748e-01 -4.752891883254051208e-02 -5.251961294561624527e-03 6.502068787813186646e-02
4.266864955425262451e-01 -2.425751835107803345e-01 -3.951547667384147644e-03 3.560419678688049316e-01
4.218349754810333252e-01 -4.739726707339286804e-02 3.169291652739048004e-03 6.211563944816589355e-02
4.208870232105255127e-01 1.476791054010391235e-01 4.411604255437850952e-03 -2.295656651258468628e-01
4.238406121730804443e-01 -4.750561341643333435e-02 -1.797090080799534917e-04 6.450555473566055298e-02
4.228905141353607178e-01 1.476189196109771729e-01 1.110402168706059456e-03 -2.282340675592422485e-01
4.258428812026977539e-01 -4.751889035105705261e-02 -3.454279154539108276e-03 6.479892134666442871e-02
4.248925149440765381e-01 -2.425911426544189453e-01 -2.158300718292593956e-03 3.563899993896484375e-01
4.200406968593597412e-01 -4.743857681751251221e-02 4.969499073922634125e-03 6.302728503942489624e-02
4.190919101238250732e-01 1.476117670536041260e-01 6.230045109987258911e-03 -2.280835956335067749e-01
4.220441579818725586e-01 -4.759865254163742065e-02 1.668373122811317444e-03 6.655798107385635376e-02
4.210921823978424072e-01 1.474993377923965454e-01 2.999532734975218773e-03 -2.255980968475341797e-01
4.240421652793884277e-01 -4.766535013914108276e-02 -1.512429327704012394e-03 6.802948564291000366e-02
4.230888485908508301e-01 1.474782526493072510e-01 -1.518396165920421481e-04 -2.251302450895309448e-01
4.260384142398834229e-01 -4.764153063297271729e-02 -4.654444288462400436e-03 6.750478595495223999e-02
4.250855743885040283e-01 -2.426964491605758667e-01 -3.304348560050129890e-03 3.587155938148498535e-01
4.202316701412200928e-01 -4.752767458558082581e-02 3.869963111355900764e-03 6.499255448579788208e-02
4.192810952663421631e-01 1.475385725498199463e-01 5.169813986867666245e-03 -2.264668643474578857e-01
4.222318828105926514e-01 -4.765687137842178345e-02 6.404767045751214027e-04 6.784231215715408325e-02
4.212787449359893799e-01 1.474558860063552856e-01 1.997323008254170418e-03 -2.246384769678115845e-01
4.242278635501861572e-01 -4.769454896450042725e-02 -2.495446475222706795e-03 6.867381930351257324e-02
4.232739806175231934e-01 1.474630832672119141e-01 -1.121970009990036488e-03 -2.247953861951828003e-01
4.262232184410095215e-01 -4.764280840754508972e-02 -5.617877934128046036e-03 6.753341853618621826e-02
4.252703785896301270e-01 -2.426837682723999023e-01 -4.267209675163030624e-03 3.584385812282562256e-01
4.204166829586029053e-01 -4.750141501426696777e-02 2.901562256738543510e-03 6.441316753625869751e-02
4.194666743278503418e-01 1.475788205862045288e-01 4.189825616776943207e-03 -2.273528873920440674e-01
4.224182367324829102e-01 -4.760276153683662415e-02 -3.572320856619626284e-04 6.664871424436569214e-02
4.214662015438079834e-01 1.475243121385574341e-01 9.757421794347465038e-04 -2.261469066143035889e-01
4.244166612625122070e-01 -4.761157184839248657e-02 -3.547195810824632645e-03 6.684365123510360718e-02
4.234644472599029541e-01 -2.426824867725372314e-01 -2.210322767496109009e-03 3.584053218364715576e-01
4.186107814311981201e-01 -4.752918332815170288e-02 4.957783501595258713e-03 6.502623856067657471e-02
4.176602065563201904e-01 1.475213319063186646e-01 6.258308421820402145e-03 -2.260883599519729614e-01
4.206106364727020264e-01 -4.768949374556541443e-02 1.736540929414331913e-03 6.856207549571990967e-02
4.196568429470062256e-01 1.474075168371200562e-01 3.107782453298568726e-03 -2.235724627971649170e-01
4.226050078868865967e-01 -4.775871336460113525e-02 -1.363666728138923645e-03 7.008916139602661133e-02
4.216498136520385742e-01 1.473827660083770752e-01 3.811654096352867782e-05 -2.230236977338790894e-01
4.245974719524383545e-01 -4.773973673582077026e-02 -4.422357305884361267e-03 6.967125833034515381e-02
4.236426949501037598e-01 -2.427980005741119385e-01 -3.028932260349392891e-03 3.609556257724761963e-01
4.187867343425750732e-01 -4.763313010334968567e-02 4.190180450677871704e-03 6.731915473937988281e-02
4.178340733051300049e-01 1.474284976720809937e-01 5.536563694477081299e-03 -2.240388095378875732e-01
4.207826256752014160e-01 -4.777214676141738892e-02 1.055787433870136738e-03 7.038541138172149658e-02
4.198271930217742920e-01 1.473346501588821411e-01 2.463495824486017227e-03 -2.219642251729965210e-01
4.227738678455352783e-01 -4.782242700457572937e-02 -1.975788734853267670e-03 7.149477303028106689e-02
4.218174219131469727e-01 1.473277956247329712e-01 -5.458931555040180683e-04 -2.218108624219894409e-01
4.247639775276184082e-01 -4.778634756803512573e-02 -4.982110578566789627e-03 7.069981098175048828e-02
4.238082766532897949e-01 -2.428365200757980347e-01 -3.568114247173070908e-03 3.618066906929016113e-01
4.189515411853790283e-01 -4.766403511166572571e-02 3.668019780889153481e-03 6.800081580877304077e-02
4.179982542991638184e-01 1.474051326513290405e-01 5.028035957366228104e-03 -2.235225737094879150e-01
4.209463596343994141e-01 -4.778831824660301208e-02 5.575845716521143913e-04 7.074213773012161255e-02
4.199905991554260254e-01 1.473256349563598633e-01 1.972427358850836754e-03 -2.217648178339004517e-01
4.229370951652526855e-01 -4.782445356249809265e-02 -2.462869044393301010e-03 7.153964042663574219e-02
4.219806194305419922e-01 1.473327279090881348e-01 -1.032076077535748482e-03 -2.219193130731582642e-01
4.249272644519805908e-01 -4.777446389198303223e-02 -5.470462609082460403e-03 7.043787837028503418e-02
4.239717721939086914e-01 -2.428175657987594604e-01 -4.061704967170953751e-03 3.613898456096649170e-01
4.191154241561889648e-01 -4.763811081647872925e-02 3.166091861203312874e-03 6.742893904447555542e-02
4.181626737117767334e-01 1.474383026361465454e-01 4.514670465141534805e-03 -2.242533862590789795e-01
4.211114346981048584e-01 -4.774788022041320801e-02 2.960295569209847599e-05 6.985021382570266724e-02
4.201564788818359375e-01 1.473736464977264404e-01 1.426607253961265087e-03 -2.228233665227890015e-01
4.231039583683013916e-01 -4.776866734027862549e-02 -3.029860090464353561e-03 7.030922174453735352e-02
4.221485853195190430e-01 1.473965942859649658e-01 -1.623675692826509476e-03 -2.233280986547470093e-01
4.250965118408203125e-01 -4.770211502909660339e-02 -6.090237759053707123e-03 6.884221732616424561e-02
4.241424500942230225e-01 -2.427362203598022461e-01 -4.713393282145261765e-03 3.595974445343017578e-01
4.192877411842346191e-01 -4.754758998751640320e-02 2.478555310517549515e-03 6.543200463056564331e-02
4.183367788791656494e-01 1.475387364625930786e-01 3.787195309996604919e-03 -2.264678925275802612e-01
4.212875664234161377e-01 -4.763713106513023376e-02 -7.421625196002423763e-04 6.740724295377731323e-02
4.203348159790039062e-01 1.474954485893249512e-01 6.059823208488523960e-04 -2.255097478628158569e-01
4.232847392559051514e-01 -4.763515666127204895e-02 -3.904212731868028641e-03 6.736426800489425659e-02
4.223320186138153076e-01 -2.427009195089340210e-01 -2.556927269324660301e-03 3.588128387928009033e-01
4.174779951572418213e-01 -4.754270613193511963e-02 4.619329236447811127e-03 6.532475352287292480e-02
4.165271520614624023e-01 1.475127041339874268e-01 5.925824400037527084e-03 -2.258971780538558960e-01
4.194774031639099121e-01 -4.769342765212059021e-02 1.407880918122828007e-03 6.864906847476959229e-02
4.185235202312469482e-01 1.474083065986633301e-01 2.780862385407090187e-03 -2.235893309116363525e-01
4.214717149734497070e-01 -4.775327444076538086e-02 -1.690924284048378468e-03 6.996949017047882080e-02
4.205166399478912354e-01 1.473928838968276978e-01 -2.915344957727938890e-04 -2.232464551925659180e-01
4.234645068645477295e-01 -4.772490635514259338e-02 -4.756463691592216492e-03 6.934449821710586548e-02
4.225099980831146240e-01 -2.427783459424972534e-01 -3.369573503732681274e-03 3.605229556560516357e-01
