3.222910687327384949e-02 -3.215812146663665771e-02 4.542233422398567200e-02 4.772411659359931946e-02
3.158594295382499695e-02 1.622840762138366699e-01 4.637681692838668823e-02 -2.302887737751007080e-01
3.483162447810173035e-02 -3.346885368227958679e-02 4.177104309201240540e-02 7.665479928255081177e-02
3.416224941611289978e-02 1.610301584005355835e-01 4.330413788557052612e-02 -2.025621086359024048e-01
3.738285228610038757e-02 -3.468349203467369080e-02 3.925289586186408997e-02 1.034605801105499268e-01
3.668918088078498840e-02 1.598545759916305542e-01 4.132210835814476013e-02 -1.765843629837036133e-01
3.988627344369888306e-02 -3.583362326025962830e-02 3.779042139649391174e-02 1.288426220417022705e-01
3.916960209608078003e-02 1.587271690368652344e-01 4.036727175116539001e-02 -1.516824662685394287e-01
4.234414547681808472e-02 3.532485365867614746e-01 3.733362257480621338e-02 -4.313620626926422119e-01
4.940911382436752319e-02 1.576183885335922241e-01 2.870638296008110046e-02 -1.271477788686752319e-01
5.256148055195808411e-02 -3.790278732776641846e-02 2.616342715919017792e-02 1.744516640901565552e-01
5.180342495441436768e-02 1.568351387977600098e-01 2.965245954692363739e-02 -1.098640784621238708e-01
5.494013056159019470e-02 -3.869889676570892334e-02 2.745517902076244354e-02 1.920245885848999023e-01
5.416615307331085205e-02 1.560197472572326660e-01 3.129566833376884460e-02 -9.187250584363937378e-02
5.728654563426971436e-02 3.506794869899749756e-01 2.945821918547153473e-02 -3.745197057723999023e-01
6.430013477802276611e-02 1.551517397165298462e-01 2.196782641112804413e-02 -7.269587367773056030e-02
6.740316748619079590e-02 -4.027814045548439026e-02 2.051390893757343292e-02 2.268362492322921753e-01
6.659761071205139160e-02 1.545447260141372681e-01 2.505063265562057495e-02 -5.930590257048606873e-02
6.968850642442703247e-02 3.492987155914306641e-01 2.386451512575149536e-02 -3.439811170101165771e-01
7.667447626590728760e-02 1.538455337285995483e-01 1.698489300906658173e-02 -4.386932030320167542e-02
7.975138723850250244e-02 -4.151580482721328735e-02 1.610750705003738403e-02 2.541237473487854004e-01
7.892107218503952026e-02 1.533724963665008545e-01 2.118998207151889801e-02 -3.343539312481880188e-02
8.198852092027664185e-02 3.481842577457427979e-01 2.052127383649349213e-02 -3.193580508232116699e-01
8.895220607519149780e-02 1.527761518955230713e-01 1.413411181420087814e-02 -2.027477510273456573e-02
9.200772643089294434e-02 -4.254561290144920349e-02 1.372861675918102264e-02 2.768338918685913086e-01
9.115681797266006470e-02 1.523778140544891357e-01 1.926529407501220703e-02 -1.148759759962558746e-02
9.420437365770339966e-02 3.472182452678680420e-01 1.903554238379001617e-02 -2.980303764343261719e-01
1.011487394571304321e-01 1.518301963806152344e-01 1.307493541389703751e-02 5.947193712927401066e-04
1.041853427886962891e-01 3.467622101306915283e-01 1.308682933449745178e-02 -2.879343926906585693e-01
1.111205890774726868e-01 1.514561176300048828e-01 7.328141480684280396e-03 8.847096934914588928e-03
1.141497120261192322e-01 3.464722037315368652e-01 7.505083456635475159e-03 -2.815147340297698975e-01
1.210791543126106262e-01 1.512440145015716553e-01 1.874789013527333736e-03 1.352578680962324142e-02
1.241040304303169250e-01 3.463390171527862549e-01 2.145304810255765915e-03 -2.785650193691253662e-01
1.310308128595352173e-01 1.511865407228469849e-01 -3.425996052101254463e-03 1.479374803602695465e-02
1.340545415878295898e-01 -4.388611763715744019e-02 -3.130120923742651939e-03 3.063937723636627197e-01
1.331768184900283813e-01 1.512802988290786743e-01 2.997754374518990517e-03 1.272532436996698380e-02
1.362024247646331787e-01 3.463591337203979492e-01 3.252260852605104446e-03 -2.790102660655975342e-01
1.431296169757843018e-01 1.511909365653991699e-01 -2.327944617718458176e-03 1.469663716852664948e-02
1.461534351110458374e-01 3.463461995124816895e-01 -2.034011762589216232e-03 -2.787198722362518311e-01
1.530803591012954712e-01 1.512533128261566162e-01 -7.608409505337476730e-03 1.332083530724048615e-02
1.561054140329360962e-01 -4.375869780778884888e-02 -7.341992575675249100e-03 3.035935461521148682e-01
1.552302390336990356e-01 1.514671146869659424e-01 -1.270121778361499310e-03 8.604188449680805206e-03
1.582595854997634888e-01 3.466072678565979004e-01 -1.098038046620786190e-03 -2.844792008399963379e-01
1.651917397975921631e-01 1.515009850263595581e-01 -6.787622347474098206e-03 7.857204414904117584e-03
1.682217568159103394e-01 -4.352296888828277588e-02 -6.630477961152791977e-03 2.983908355236053467e-01
1.673512905836105347e-01 1.516928672790527344e-01 -6.626610993407666683e-04 3.624186385422945023e-03
1.703851521015167236e-01 3.468243181705474854e-01 -5.901773693040013313e-04 -2.892677485942840576e-01
1.773216426372528076e-01 1.517107784748077393e-01 -6.375532131642103195e-03 3.228988032788038254e-03
1.803558468818664551e-01 -4.331915453076362610e-02 -6.310952361673116684e-03 2.938935458660125732e-01
1.794894635677337646e-01 1.518922001123428345e-01 -4.330813244450837374e-04 -7.730535580776631832e-04
1.825273185968399048e-01 3.470203578472137451e-01 -4.485424142330884933e-04 -2.935926020145416260e-01
1.894677281379699707e-01 1.519048064947128296e-01 -6.320394109934568405e-03 -1.051162253133952618e-03
1.925058215856552124e-01 -4.312593117356300354e-02 -6.341417320072650909e-03 2.896309196949005127e-01
1.916432976722717285e-01 1.520858705043792725e-01 -5.487990565598011017e-04 -5.045256577432155609e-03
1.946850121021270752e-01 3.472156822681427002e-01 -6.497041904367506504e-04 -2.979012727737426758e-01
2.016293257474899292e-01 1.521030068397521973e-01 -6.607729941606521606e-03 -5.423334892839193344e-03
2.046713978052139282e-01 -4.292356222867965698e-02 -6.716196425259113312e-03 2.851674556732177734e-01
2.038129121065139771e-01 1.522935330867767334e-01 -1.012847176752984524e-03 -9.626109153032302856e-03
2.068587839603424072e-01 3.474299907684326172e-01 -1.205369364470243454e-03 -3.026284277439117432e-01
2.138073891401290894e-01 1.523252427577972412e-01 -7.257937919348478317e-03 -1.032589375972747803e-02
2.168539017438888550e-01 -4.269187524914741516e-02 -7.464455906301736832e-03 2.800582647323608398e-01
2.160000503063201904e-01 1.525357514619827271e-01 -1.863290672190487385e-03 -1.496956031769514084e-02
2.190507650375366211e-01 3.476843833923339844e-01 -2.162681892514228821e-03 -3.082397878170013428e-01
2.260044664144515991e-01 1.525933146476745605e-01 -8.327477611601352692e-03 -1.623970270156860352e-02
2.290563285350799561e-01 -4.240823164582252502e-02 -8.652271702885627747e-03 2.738042175769805908e-01
2.282081544399261475e-01 1.528360992670059204e-01 -3.176187630742788315e-03 -2.159505151212215424e-02
2.312648892402648926e-01 3.480034470558166504e-01 -3.608088474720716476e-03 -3.152784109115600586e-01
2.382249534130096436e-01 1.529330909252166748e-01 -9.913656860589981079e-03 -2.373553067445755005e-02
2.412836104631423950e-01 -4.204530268907546997e-02 -1.038836687803268433e-02 2.658030986785888672e-01
2.404427081346511841e-01 1.532233655452728271e-01 -5.072304978966712952e-03 -3.013820946216583252e-02
2.435071766376495361e-01 -4.182548075914382935e-02 -5.675069522112607956e-03 2.609400451183319092e-01
2.426706701517105103e-01 1.533770263195037842e-01 -4.562684916891157627e-04 -3.352745622396469116e-02
2.457382082939147949e-01 3.485054969787597656e-01 -1.126817543990910053e-03 -3.263542950153350830e-01
2.527083158493041992e-01 1.533996164798736572e-01 -7.653903681784868240e-03 -3.402693942189216614e-02
2.557763159275054932e-01 -4.161173850297927856e-02 -8.334442041814327240e-03 2.562313079833984375e-01
2.549440860748291016e-01 1.536282151937484741e-01 -3.209816291928291321e-03 -3.906873986124992371e-02
2.580166459083557129e-01 3.487960398197174072e-01 -3.991191275417804718e-03 -3.327626585960388184e-01
2.649925649166107178e-01 1.537311226129531860e-01 -1.064644474536180496e-02 -4.134102910757064819e-02
2.680671811103820801e-01 -4.123655334115028381e-02 -1.147326547652482986e-02 2.479639202356338501e-01
2.672424614429473877e-01 1.540473550558090210e-01 -6.513986736536026001e-03 -4.831573367118835449e-02
2.703233957290649414e-01 -4.098058491945266724e-02 -7.480301428586244583e-03 2.423048764467239380e-01
2.695037722587585449e-01 1.542474180459976196e-01 -2.634203992784023285e-03 -5.272811651229858398e-02
2.725887298583984375e-01 -4.083666950464248657e-02 -3.688766388222575188e-03 2.391225397586822510e-01
2.717719972133636475e-01 1.543377786874771118e-01 1.093684346415102482e-03 -5.472164973616600037e-02
2.748587429523468018e-01 3.494440317153930664e-01 -7.486578397220000625e-07 -3.470593094825744629e-01
2.818476259708404541e-01 1.543221026659011841e-01 -6.941935047507286072e-03 -5.437661707401275635e-02
2.849340736865997314e-01 -4.069963470101356506e-02 -8.029467426240444183e-03 2.361080199480056763e-01
2.841200828552246094e-01 1.545361131429672241e-01 -3.307306906208395958e-03 -5.909679830074310303e-02
2.872108221054077148e-01 -4.053826630115509033e-02 -4.489243030548095703e-03 2.325408160686492920e-01
2.864000499248504639e-01 1.546475440263748169e-01 1.615734654478728771e-04 -6.155477836728096008e-02
2.894929945468902588e-01 3.497671782970428467e-01 -1.069522113539278507e-03 -3.541867136955261230e-01
2.964883446693420410e-01 1.546604484319686890e-01 -8.153256028890609741e-03 -6.184123829007148743e-02
2.995815575122833252e-01 -4.034366086125373840e-02 -9.390081278979778290e-03 2.282581776380538940e-01
2.987746596336364746e-01 1.549112200736999512e-01 -4.824917763471603394e-03 -6.737186759710311890e-02
3.018729090690612793e-01 -4.014123231172561646e-02 -6.172355264425277710e-03 2.237848788499832153e-01
3.010700643062591553e-01 1.550683975219726562e-01 -1.696657738648355007e-03 -7.083864510059356689e-02
3.041714429855346680e-01 3.502146303653717041e-01 -3.113430691882967949e-03 -3.640564084053039551e-01
3.111757338047027588e-01 1.551370620727539062e-01 -1.039455831050872803e-02 -7.235681265592575073e-02
3.142784833908081055e-01 -3.983433917164802551e-02 -1.184169482439756393e-02 2.170285433530807495e-01
3.134817779064178467e-01 1.554548740386962891e-01 -7.501123938709497452e-03 -7.936611771583557129e-02
3.165908753871917725e-01 -3.955874219536781311e-02 -9.088446386158466339e-03 2.109407782554626465e-01
3.157997131347656250e-01 1.556919664144515991e-01 -4.869630560278892517e-03 -8.459515869617462158e-02
3.189135491847991943e-01 -3.935984149575233459e-02 -6.561534013599157333e-03 2.065474241971969604e-01
3.181263506412506104e-01 1.558553129434585571e-01 -2.430585678666830063e-03 -8.819809556007385254e-02
3.212434649467468262e-01 -3.923170641064643860e-02 -4.194547422230243683e-03 2.037169933319091797e-01
3.204588294029235840e-01 1.559499800205230713e-01 -1.202078346977941692e-04 -9.028615802526473999e-02
3.235778212547302246e-01 -3.917025029659271240e-02 -1.925930962897837162e-03 2.023588418960571289e-01
3.227944076061248779e-01 1.559791862964630127e-01 2.121245721355080605e-03 -9.093100577592849731e-02
3.259139955043792725e-01 3.510706722736358643e-01 3.026257036253809929e-04 -3.829439282417297363e-01
3.329354226589202881e-01 1.559444218873977661e-01 -7.356252986937761307e-03 -9.016559273004531860e-02
3.360542953014373779e-01 -3.907131403684616089e-02 -9.159564971923828125e-03 2.001873850822448730e-01
3.352728784084320068e-01 1.561804264783859253e-01 -5.155817139893770218e-03 -9.537082910537719727e-02
3.383964896202087402e-01 -3.886724263429641724e-02 -7.063233293592929840e-03 1.956809908151626587e-01
3.376191556453704834e-01 1.563550233840942383e-01 -3.149613505229353905e-03 -9.922167658805847168e-02
3.407462537288665771e-01 -3.872164338827133179e-02 -5.134047009050846100e-03 1.924658864736557007e-01
3.399718105792999268e-01 1.564733684062957764e-01 -1.284729223698377609e-03 -1.018321737647056580e-01
3.431012928485870361e-01 -3.863014280796051025e-02 -3.321372671052813530e-03 1.904451400041580200e-01
3.423286676406860352e-01 1.565391719341278076e-01 4.875301383435726166e-04 -1.032836884260177612e-01
3.454594612121582031e-01 -3.858976811170578003e-02 -1.578143564984202385e-03 1.895530074834823608e-01
3.446876704692840576e-01 1.565547287464141846e-01 2.212916733697056770e-03 -1.036273315548896790e-01
3.478187620639801025e-01 3.516449034214019775e-01 1.403700152877718210e-04 -3.956112861633300781e-01
3.548516631126403809e-01 1.565209478139877319e-01 -7.771855220198631287e-03 -1.028840914368629456e-01
3.579820692539215088e-01 -3.848876431584358215e-02 -9.829537011682987213e-03 1.873367428779602051e-01
3.572123050689697266e-01 1.567724347114562988e-01 -6.082802545279264450e-03 -1.084307357668876648e-01
3.603477478027343750e-01 -3.826182708144187927e-02 -8.251417428255081177e-03 1.823268979787826538e-01
3.595825135707855225e-01 1.569772213697433472e-01 -4.604879301041364670e-03 -1.129475831985473633e-01
3.627220690250396729e-01 -3.807844966650009155e-02 -6.863830611109733582e-03 1.782789826393127441e-01
3.619605004787445068e-01 1.571410447359085083e-01 -3.298250958323478699e-03 -1.165613159537315369e-01
3.651033043861389160e-01 -3.793348744511604309e-02 -5.629477556794881821e-03 1.750792115926742554e-01
3.643446266651153564e-01 1.572685688734054565e-01 -2.127893036231398582e-03 -1.193742975592613220e-01
3.674900233745574951e-01 -3.782282397150993347e-02 -4.515378735959529877e-03 1.726365387439727783e-01
3.667335510253906250e-01 1.573634594678878784e-01 -1.062648138031363487e-03 -1.214674189686775208e-01
3.698808252811431885e-01 -3.774325177073478699e-02 -3.491996554657816887e-03 1.708800643682479858e-01
3.691259622573852539e-01 1.574285030364990234e-01 -7.439528417307883501e-05 -1.229024305939674377e-01
3.722745180130004883e-01 -3.769237920641899109e-02 -2.532443962991237640e-03 1.697570234537124634e-01
3.715206682682037354e-01 1.574657261371612549e-01 8.626964408904314041e-04 -1.237237378954887390e-01
3.746699988842010498e-01 -3.766857087612152100e-02 -1.611778279766440392e-03 1.692312359809875488e-01
3.739166259765625000e-01 1.574764102697372437e-01 1.772846328094601631e-03 -1.239597275853157043e-01
3.770661652088165283e-01 -3.767089173197746277e-02 -7.063481025397777557e-04 1.692819893360137939e-01
3.763127326965332031e-01 1.574611663818359375e-01 2.679291646927595139e-03 -1.236236840486526489e-01
3.794619441032409668e-01 3.525446355342864990e-01 2.068179746856912971e-04 -4.154601097106933594e-01
3.865128457546234131e-01 1.574197411537170410e-01 -8.102384395897388458e-03 -1.227120012044906616e-01
3.896612524986267090e-01 -3.758519515395164490e-02 -1.055662427097558975e-02 1.674037277698516846e-01
3.889095485210418701e-01 1.576862633228302002e-01 -7.208549883216619492e-03 -1.285907179117202759e-01
3.920632600784301758e-01 -3.733168542385101318e-02 -9.780364111065864563e-03 1.618093103170394897e-01
3.913166224956512451e-01 1.579288989305496216e-01 -6.544177886098623276e-03 -1.339429467916488647e-01
3.944752216339111328e-01 -3.709869831800460815e-02 -9.223037399351596832e-03 1.566682159900665283e-01
3.937332332134246826e-01 1.581540852785110474e-01 -6.089672911912202835e-03 -1.389100253582000732e-01
3.968963027000427246e-01 -3.688012436032295227e-02 -8.867873810231685638e-03 1.518454998731613159e-01
3.961587250232696533e-01 1.583676785230636597e-01 -5.830963607877492905e-03 -1.436218023300170898e-01
3.993260562419891357e-01 -3.667028620839118958e-02 -8.703399449586868286e-03 1.472158730030059814e-01
3.985926508903503418e-01 1.585752069950103760e-01 -5.759082268923521042e-03 -1.482000499963760376e-01
4.017641544342041016e-01 -3.646379709243774414e-02 -8.723083883523941040e-03 1.426604390144348145e-01
4.010348916053771973e-01 1.587819904088973999e-01 -5.869874730706214905e-03 -1.527616530656814575e-01
4.042105376720428467e-01 -3.625542297959327698e-02 -8.925107307732105255e-03 1.380636990070343018e-01
4.034854173660278320e-01 1.589932143688201904e-01 -6.163833662867546082e-03 -1.574215441942214966e-01
4.066652953624725342e-01 -3.603994473814964294e-02 -9.312264621257781982e-03 1.333104819059371948e-01
4.059444963932037354e-01 1.592141538858413696e-01 -6.646054796874523163e-03 -1.622957140207290649e-01
4.091287851333618164e-01 -3.581203147768974304e-02 -9.891969151794910431e-03 1.282831579446792603e-01
4.084125161170959473e-01 1.594502180814743042e-01 -7.326305843889713287e-03 -1.675040721893310547e-01
4.116015434265136719e-01 -3.556609898805618286e-02 -1.067638769745826721e-02 1.228586435317993164e-01
4.108902215957641602e-01 1.597071737051010132e-01 -8.219214156270027161e-03 -1.731733679771423340e-01
4.140843451023101807e-01 -3.529618680477142334e-02 -1.168268173933029175e-02 1.169053688645362854e-01
4.133784174919128418e-01 1.599911898374557495e-01 -9.344574064016342163e-03 -1.794403344392776489e-01
4.165782630443572998e-01 -3.499580174684524536e-02 -1.293338090181350708e-02 1.102801114320755005e-01
4.158783257007598877e-01 1.603090614080429077e-01 -1.072777900844812393e-02 -1.864549964666366577e-01
4.190845191478729248e-01 -3.465776517987251282e-02 -1.445687934756278992e-02 1.028245165944099426e-01
4.183913767337799072e-01 1.606683582067489624e-01 -1.240038871765136719e-02 -1.943842172622680664e-01
4.216047227382659912e-01 -3.427404165267944336e-02 -1.628807373344898224e-02 9.436126798391342163e-02
4.209192395210266113e-01 -2.291588038206100464e-01 -1.440084725618362427e-02 3.818611502647399902e-01
4.163360893726348877e-01 -3.383535519242286682e-02 -6.763624493032693863e-03 8.467265963554382324e-02
4.156593680381774902e-01 1.613828837871551514e-01 -5.070171318948268890e-03 -2.101365029811859131e-01
4.188870191574096680e-01 -3.366620093584060669e-02 -9.272901341319084167e-03 8.094274997711181641e-02
4.182136952877044678e-01 1.615874469280242920e-01 -7.654046639800071716e-03 -2.146513164043426514e-01
4.214454591274261475e-01 -3.342425078153610229e-02 -1.194707304239273071e-02 7.560738921165466309e-02
4.207769632339477539e-01 -2.283729165792465210e-01 -1.043492555618286133e-02 3.644971549510955811e-01
4.162095189094543457e-01 -3.310422599315643311e-02 -3.144982038065791130e-03 6.854225695133209229e-02
4.155474305152893066e-01 1.620626747608184814e-01 -1.774136908352375031e-03 -2.251312583684921265e-01
4.187886714935302734e-01 -3.303387761116027832e-02 -6.276762112975120544e-03 6.699150800704956055e-02
4.181280136108398438e-01 1.621775031089782715e-01 -4.936932120472192764e-03 -2.276651412248611450e-01
4.213715493679046631e-01 -3.287355229258537292e-02 -9.490234777331352234e-03 6.345640867948532104e-02
4.207140803337097168e-01 -2.278581559658050537e-01 -8.221106603741645813e-03 3.531300723552703857e-01
4.161569178104400635e-01 -3.262027725577354431e-02 -1.158505561761558056e-03 5.786615982651710510e-02
4.155045151710510254e-01 1.625182628631591797e-01 -1.182365622298675589e-06 -2.351820617914199829e-01
4.187548756599426270e-01 -3.260366991162300110e-02 -4.704823717474937439e-03 5.750049278140068054e-02
4.181028008460998535e-01 -2.276578396558761597e-01 -3.554813563823699951e-03 3.486953079700469971e-01
4.135496318340301514e-01 -3.248551487922668457e-02 3.419092623516917229e-03 5.489354953169822693e-02
4.128999412059783936e-01 1.625872403383255005e-01 4.516963381320238113e-03 -2.367086708545684814e-01
4.161516726016998291e-01 -3.259894624352455139e-02 -2.172098029404878616e-04 5.739561840891838074e-02
4.154996871948242188e-01 1.625261157751083374e-01 9.307025466114282608e-04 -2.353558391332626343e-01
4.187502264976501465e-01 -3.260912001132965088e-02 -3.776414087042212486e-03 5.762052163481712341e-02
4.180980324745178223e-01 1.625667810440063477e-01 -2.624003682285547256e-03 -2.362515032291412354e-01
4.213493764400482178e-01 -3.251758962869644165e-02 -7.349033840000629425e-03 5.560258775949478149e-02
4.206990301609039307e-01 -2.275334000587463379e-01 -6.236982066184282303e-03 3.459578156471252441e-01
4.161483645439147949e-01 -3.232328593730926514e-02 6.821741699241101742e-04 5.131467059254646301e-02
4.155018925666809082e-01 1.627888828516006470e-01 1.708467607386410236e-03 -2.411529421806335449e-01
4.187576770782470703e-01 -3.235743939876556396e-02 -3.114591352641582489e-03 5.206838995218276978e-02
4.181105196475982666e-01 -2.274345904588699341e-01 -2.073223469778895378e-03 3.437670171260833740e-01
4.135618209838867188e-01 -3.228320926427841187e-02 4.802116658538579941e-03 5.043103545904159546e-02
4.129161536693572998e-01 1.627695560455322266e-01 5.810737609863281250e-03 -2.407329231500625610e-01
4.161715507507324219e-01 -3.243491426110267639e-02 9.960790630429983139e-04 5.377719178795814514e-02
4.155228435993194580e-01 1.626727432012557983e-01 2.071622991934418678e-03 -2.385912984609603882e-01
4.187763035297393799e-01 -3.247874602675437927e-02 -2.700203098356723785e-03 5.474435910582542419e-02
4.181267321109771729e-01 1.626818180084228516e-01 -1.605315832421183586e-03 -2.387892752885818481e-01
4.213803708553314209e-01 -3.241716325283050537e-02 -6.381101440638303757e-03 5.338685214519500732e-02
4.207320213317871094e-01 -2.274470329284667969e-01 -5.313364323228597641e-03 3.440496921539306641e-01
4.161830842494964600e-01 -3.224990516901016235e-02 1.567629282362759113e-03 4.969599097967147827e-02
4.155381023883819580e-01 1.628495305776596069e-01 2.561548957601189613e-03 -2.424919307231903076e-01
4.187950789928436279e-01 -3.230891376733779907e-02 -2.288289368152618408e-03 5.099787935614585876e-02
4.181489050388336182e-01 -2.273979783058166504e-01 -1.268331892788410187e-03 3.429579436779022217e-01
4.136009514331817627e-01 -3.225800767540931702e-02 5.590827204287052155e-03 4.987534135580062866e-02
4.129557907581329346e-01 1.627833396196365356e-01 6.588334217667579651e-03 -2.410383969545364380e-01
4.162114560604095459e-01 -3.243210911750793457e-02 1.767566078342497349e-03 5.371536314487457275e-02
4.155628085136413574e-01 1.626644581556320190e-01 2.841873327270150185e-03 -2.384093552827835083e-01
4.188160896301269531e-01 -3.249797970056533813e-02 -1.926313852891325951e-03 5.516862124204635620e-02
4.181661307811737061e-01 1.626515388488769531e-01 -8.229414233937859535e-04 -2.381214499473571777e-01
4.214191734790802002e-01 -3.245864808559417725e-02 -5.585370585322380066e-03 5.430178344249725342e-02
4.207699894905090332e-01 -2.275000661611557007e-01 -4.499334841966629028e-03 3.452172577381134033e-01
4.162199795246124268e-01 -3.231440111994743347e-02 2.405010396614670753e-03 5.111892893910408020e-02
4.155737161636352539e-01 1.627729833126068115e-01 3.427389077842235565e-03 -2.408042252063751221e-01
4.188291728496551514e-01 -3.239776194095611572e-02 -1.388695556670427322e-03 5.295781791210174561e-02
4.181812107563018799e-01 1.627440750598907471e-01 -3.295392089057713747e-04 -2.401629388332366943e-01
4.214361011981964111e-01 -3.237316757440567017e-02 -5.132797639816999435e-03 5.241603031754493713e-02
4.207886159420013428e-01 -2.274211496114730835e-01 -4.084477201104164124e-03 3.434751033782958984e-01
4.162402153015136719e-01 -3.224132582545280457e-02 2.785024931654334068e-03 4.950698837637901306e-02
4.155953824520111084e-01 1.628405749797821045e-01 3.775164717808365822e-03 -2.422959357500076294e-01
4.188521802425384521e-01 -3.233509510755538940e-02 -1.070754020474851131e-03 5.157537758350372314e-02
4.182054996490478516e-01 1.628021895885467529e-01 -3.924646080122329295e-05 -2.414451837539672852e-01
4.214615225791931152e-01 -3.231919556856155396e-02 -4.868150223046541214e-03 5.122536048293113708e-02
4.208151400089263916e-01 -2.273710072040557861e-01 -3.843643004074692726e-03 3.423683643341064453e-01
4.162677228450775146e-01 -3.219458088278770447e-02 3.003724617883563042e-03 4.847587645053863525e-02
4.156238436698913574e-01 1.628841757774353027e-01 3.973241895437240601e-03 -2.432578355073928833e-01
4.188815057277679443e-01 -3.229430690407752991e-02 -8.919146494008600712e-04 5.067569762468338013e-02
4.182356297969818115e-01 1.628404259681701660e-01 1.215993106598034501e-04 -2.422885000705718994e-01
4.214924275875091553e-01 -3.228326886892318726e-02 -4.724170546978712082e-03 5.043277889490127563e-02
4.208467900753021240e-01 -2.273371666669845581e-01 -3.715515136718750000e-03 3.416214585304260254e-01
4.163000285625457764e-01 -3.216254338622093201e-02 3.116913838312029839e-03 4.776919260621070862e-02
4.156567752361297607e-01 1.629145741462707520e-01 4.072297830134630203e-03 -2.439287006855010986e-01
4.189150631427764893e-01 -3.226530551910400391e-02 -8.062761044129729271e-04 5.003594979643821716e-02
4.182697534561157227e-01 1.628682017326354980e-01 1.944428804563358426e-04 -2.429012507200241089e-01
4.215271174907684326e-01 -3.225653246045112610e-02 -4.663582425564527512e-03 4.984299838542938232e-02
4.208819866180419922e-01 -2.273112982511520386e-01 -3.666722215712070465e-03 3.410508930683135986e-01
4.163357615470886230e-01 -3.213737159967422485e-02 3.154295496642589569e-03 4.721394553780555725e-02
4.156930148601531982e-01 1.629392057657241821e-01 4.098574165254831314e-03 -2.444721013307571411e-01
4.189518094062805176e-01 -3.224104642868041992e-02 -7.908677798695862293e-04 4.950078949332237244e-02
4.183069765567779541e-01 1.628922373056411743e-01 1.991479948628693819e-04 -2.434315532445907593e-01
4.215648472309112549e-01 -3.223255649209022522e-02 -4.669483285397291183e-03 4.931417852640151978e-02
4.209201931953430176e-01 -2.272872477769851685e-01 -3.683199640363454819e-03 3.405202031135559082e-01
4.163744449615478516e-01 -3.211307898163795471e-02 3.127204254269599915e-03 4.667807742953300476e-02
4.157321751117706299e-01 1.629638969898223877e-01 4.060765728354454041e-03 -2.450165450572967529e-01
4.189914464950561523e-01 -3.221582621335983276e-02 -8.395652985200285912e-04 4.894446954131126404e-02
4.183471500873565674e-01 1.629181504249572754e-01 1.393240527249872684e-04 -2.440032362937927246e-01
4.216054975986480713e-01 -3.220578655600547791e-02 -4.740740638226270676e-03 4.872363805770874023e-02
4.209613800048828125e-01 -2.272594422101974487e-01 -3.766267793253064156e-03 3.399070501327514648e-01
4.164161980152130127e-01 -3.208409994840621948e-02 3.031873377040028572e-03 4.603884741663932800e-02
4.157745242118835449e-01 1.629942506551742554e-01 3.952650353312492371e-03 -2.456859499216079712e-01
4.190343916416168213e-01 -3.218393772840499878e-02 -9.610687266103923321e-04 4.824110865592956543e-02
4.183907210826873779e-01 1.629517823457717896e-01 3.753444616449996829e-06 -2.447448968887329102e-01
4.216497540473937988e-01 -3.217022493481636047e-02 -4.891144577413797379e-03 4.793922230601310730e-02
4.210063517093658447e-01 -2.272216975688934326e-01 -3.932360094040632248e-03 3.390749394893646240e-01
4.164619147777557373e-01 -3.204401582479476929e-02 2.849139040336012840e-03 4.515457153320312500e-02
4.158210456371307373e-01 1.630369722843170166e-01 3.752230433747172356e-03 -2.466280609369277954e-01
4.190817773342132568e-01 -3.213837370276451111e-02 -1.180330989882349968e-03 4.723603278398513794e-02
4.184390008449554443e-01 -2.272433787584304810e-01 -2.356103505007922649e-04 3.395463228225708008e-01
4.138941466808319092e-01 -3.211807832121849060e-02 6.555316038429737091e-03 4.678910598158836365e-02
4.132517874240875244e-01 1.629092693328857422e-01 7.491098251193761826e-03 -2.438183724880218506e-01
4.165099561214447021e-01 -3.231887891888618469e-02 2.614730736240744591e-03 5.121799185872077942e-02
4.158636033535003662e-01 1.627654880285263062e-01 3.639090573415160179e-03 -2.406388223171234131e-01
4.191189110279083252e-01 -3.240826353430747986e-02 -1.173685886897146702e-03 5.318975076079368591e-02
4.184707403182983398e-01 1.627305001020431519e-01 -1.098908469430170953e-04 -2.398632466793060303e-01
4.217253327369689941e-01 -3.238988667726516724e-02 -4.907155875116586685e-03 5.278500914573669434e-02
4.210775494575500488e-01 -2.274411320686340332e-01 -3.851455636322498322e-03 3.439156711101531982e-01
4.165287315845489502e-01 -3.226460143923759460e-02 3.026857506483793259e-03 5.002070963382720947e-02
4.158834218978881836e-01 1.628138124942779541e-01 4.027271643280982971e-03 -2.417056858539581299e-01
4.191397130489349365e-01 -3.236543014645576477e-02 -8.068421157076954842e-04 5.224482715129852295e-02
4.184924066066741943e-01 1.627680808305740356e-01 2.380544028710573912e-04 -2.406925559043884277e-01
4.217477738857269287e-01 -3.235726803541183472e-02 -4.575796891003847122e-03 5.206545069813728333e-02
4.211006164550781250e-01 -2.274133116006851196e-01 -3.534487681463360786e-03 3.433011770248413086e-01
4.165523350238800049e-01 -3.224125504493713379e-02 3.331535728648304939e-03 4.950577765703201294e-02
4.159075319766998291e-01 1.628327667713165283e-01 4.321651067584753036e-03 -2.421241551637649536e-01
4.191641807556152344e-01 -3.235064819455146790e-02 -5.208320799283683300e-04 5.191878974437713623e-02
4.185171723365783691e-01 1.627787649631500244e-01 5.175436963327229023e-04 -2.409284263849258423e-01
4.217727482318878174e-01 -3.235057368874549866e-02 -4.301024600863456726e-03 5.191770941019058228e-02
4.211257398128509521e-01 -2.274105846881866455e-01 -3.262670477852225304e-03 3.432405292987823486e-01
4.165775179862976074e-01 -3.224237635731697083e-02 3.602140117436647415e-03 4.953054338693618774e-02
4.159326851367950439e-01 1.628277450799942017e-01 4.592751152813434601e-03 -2.420137077569961548e-01
4.191892147064208984e-01 -3.235951438546180725e-02 -2.475231885910034180e-04 5.211434885859489441e-02
4.185420274734497070e-01 1.627659797668457031e-01 7.947638514451682568e-04 -2.406466603279113770e-01
4.217973649501800537e-01 -3.236730769276618958e-02 -4.018169362097978592e-03 5.228684842586517334e-02
4.211499989032745361e-01 -2.274314165115356445e-01 -2.972432412207126617e-03 3.436993062496185303e-01
4.166013896465301514e-01 -3.226730227470397949e-02 3.901553805917501450e-03 5.008054152131080627e-02
4.159560203552246094e-01 1.627984941005706787e-01 4.903164692223072052e-03 -2.413688600063323975e-01
4.192120134830474854e-01 -3.239316120743751526e-02 7.578726945212110877e-05 5.285660922527313232e-02
4.185641407966613770e-01 1.627276986837387085e-01 1.132919453084468842e-03 -2.398024052381515503e-01
4.218187034130096436e-01 -3.241041302680969238e-02 -3.663128474727272987e-03 5.323766171932220459e-02
4.211704730987548828e-01 -2.274796515703201294e-01 -2.598375314846634865e-03 3.447625935077667236e-01
4.166208803653717041e-01 -3.232083097100257874e-02 4.296876490116119385e-03 5.126143619418144226e-02
4.159744679927825928e-01 1.627392470836639404e-01 5.322105251252651215e-03 -2.400626987218856812e-01
4.192292690277099609e-01 -3.245832771062850952e-02 5.208512884564697742e-04 5.429420620203018188e-02
4.185800850391387939e-01 1.626561582088470459e-01 1.606735400855541229e-03 -2.382243424654006958e-01
4.218332171440124512e-01 -3.248871490359306335e-02 -3.157751401886343956e-03 5.496495962142944336e-02
4.211834371089935303e-01 1.626783758401870728e-01 -2.058452228084206581e-03 -2.387125939130783081e-01
4.244370162487030029e-01 -3.241411596536636353e-02 -6.832703948020935059e-03 5.332033336162567139e-02
4.237887263298034668e-01 -2.274374365806579590e-01 -5.766297224909067154e-03 3.438396751880645752e-01
4.192399680614471436e-01 -3.223392367362976074e-02 1.110496232286095619e-03 4.934400692582130432e-02
4.185953140258789062e-01 1.628720909357070923e-01 2.097376389428973198e-03 -2.429883480072021484e-01
4.218527376651763916e-01 -3.227975964546203613e-02 -2.762390300631523132e-03 5.035541206598281860e-02
4.212071597576141357e-01 -2.273619920015335083e-01 -1.755282166413962841e-03 3.421654999256134033e-01
4.166599214076995850e-01 -3.221511468291282654e-02 5.088028032332658768e-03 4.892958328127861023e-02
4.160155951976776123e-01 1.628335118293762207e-01 6.066619418561458588e-03 -2.421436905860900879e-01
4.192722737789154053e-01 -3.237456828355789185e-02 1.223745639435946941e-03 5.244661122560501099e-02
4.186247885227203369e-01 1.627298146486282349e-01 2.272677840664982796e-03 -2.398499548435211182e-01
4.218793809413909912e-01 -3.242452815175056458e-02 -2.524321200326085091e-03 5.354896560311317444e-02
4.212308824062347412e-01 1.627335250377655029e-01 -1.453342032618820667e-03 -2.399293333292007446e-01
4.244855642318725586e-01 -3.236763179302215576e-02 -6.251928862184286118e-03 5.229481309652328491e-02
4.238381981849670410e-01 -2.273993790149688721e-01 -5.206032656133174896e-03 3.429986536502838135e-01
4.192902147769927979e-01 -3.220375627279281616e-02 1.653940882533788681e-03 4.867862537503242493e-02
4.186461567878723145e-01 1.628944426774978638e-01 2.627513371407985687e-03 -2.434820085763931274e-01
4.219040274620056152e-01 -3.226494416594505310e-02 -2.242126734927296638e-03 5.002854391932487488e-02
4.212587475776672363e-01 -2.273546755313873291e-01 -1.241555903106927872e-03 3.420032262802124023e-01
4.167116284370422363e-01 -3.221508115530014038e-02 5.598508287221193314e-03 4.892903566360473633e-02
4.160673320293426514e-01 1.628261506557464600e-01 6.577088963240385056e-03 -2.419822663068771362e-01
4.193238615989685059e-01 -3.238913044333457947e-02 1.737443730235099792e-03 5.276796966791152954e-02
4.186760783195495605e-01 1.627078652381896973e-01 2.792803104966878891e-03 -2.393662780523300171e-01
4.219302535057067871e-01 -3.245387226343154907e-02 -1.994522521272301674e-03 5.419627204537391663e-02
4.212811589241027832e-01 1.626966148614883423e-01 -9.105969802476465702e-04 -2.391152828931808472e-01
4.245350956916809082e-01 -3.241230919957160950e-02 -5.692902486771345139e-03 5.328028276562690735e-02
4.238868355751037598e-01 -2.274521738290786743e-01 -4.627296701073646545e-03 3.441616296768188477e-01
4.193378090858459473e-01 -3.226470202207565308e-02 2.255935687571763992e-03 5.002313852310180664e-02
4.186924993991851807e-01 1.628248244524002075e-01 3.256398485973477364e-03 -2.419471740722656250e-01
4.219489991664886475e-01 -3.234348446130752563e-02 -1.582544879056513309e-03 5.176113173365592957e-02
4.213021397590637207e-01 1.628011167049407959e-01 -5.473222699947655201e-04 -2.414206862449645996e-01
4.245581626892089844e-01 -3.231300413608551025e-02 -5.375735927373170853e-03 5.108955502510070801e-02
4.239118993282318115e-01 -2.273574620485305786e-01 -4.353944677859544754e-03 3.420715630054473877e-01
4.193647503852844238e-01 -3.217383846640586853e-02 2.487486228346824646e-03 4.801883921027183533e-02
4.187212884426116943e-01 1.629123538732528687e-01 3.447863040491938591e-03 -2.438782304525375366e-01
4.219795167446136475e-01 -3.225867450237274170e-02 -1.429701573215425014e-03 4.989024251699447632e-02
4.213343560695648193e-01 1.628837436437606812e-01 -4.318966530263423920e-04 -2.432434260845184326e-01
4.245920181274414062e-01 -3.223203122615814209e-02 -5.296764895319938660e-03 4.930324107408523560e-02
4.239473938941955566e-01 -2.272776365280151367e-01 -4.310700111091136932e-03 3.403103053569793701e-01
4.194018244743347168e-01 -3.209461271762847900e-02 2.495505614206194878e-03 4.627114534378051758e-02
4.187599420547485352e-01 1.629914641380310059e-01 3.420928493142127991e-03 -2.456233799457550049e-01
4.220197796821594238e-01 -3.217917680740356445e-02 -1.491539063863456249e-03 4.813662171363830566e-02
4.213761687278747559e-01 1.629641354084014893e-01 -5.288066458888351917e-04 -2.450165301561355591e-01
4.246354699134826660e-01 -3.215026482939720154e-02 -5.429137032479047775e-03 4.749955609440803528e-02
4.239924550056457520e-01 -2.271939516067504883e-01 -4.479146096855401993e-03 3.384646177291870117e-01
4.194485843181610107e-01 -3.200854733586311340e-02 2.290146192535758018e-03 4.437258094549179077e-02
4.188084006309509277e-01 1.630804836750030518e-01 3.177597653120756149e-03 -2.475869059562683105e-01
4.220700263977050781e-01 -3.208669647574424744e-02 -1.774140400812029839e-03 4.609661176800727844e-02
4.214282929897308350e-01 -2.271831631660461426e-01 -8.522081770934164524e-04 3.382192552089691162e-01
4.168846309185028076e-01 -3.204909712076187134e-02 5.912176799029111862e-03 4.526770859956741333e-02
4.162436425685882568e-01 1.629875749349594116e-01 6.817530840635299683e-03 -2.455440312623977661e-01
4.195033907890319824e-01 -3.223107382655143738e-02 1.906650490127503872e-03 4.928149282932281494e-02
4.188587665557861328e-01 1.628634780645370483e-01 2.892280463129281998e-03 -2.427992522716522217e-01
4.221160411834716797e-01 -3.229966014623641968e-02 -1.963704824447631836e-03 5.079456418752670288e-02
4.214700460433959961e-01 1.628503948450088501e-01 -9.478135616518557072e-04 -2.425072789192199707e-01
4.247270524501800537e-01 -3.225800767540931702e-02 -5.797959398478269577e-03 4.987652972340583801e-02
4.240818917751312256e-01 -2.272963374853134155e-01 -4.800428636372089386e-03 3.407245278358459473e-01
4.195359647274017334e-01 -3.210642188787460327e-02 2.014061901718378067e-03 4.653169587254524231e-02
4.188938438892364502e-01 1.629865914583206177e-01 2.944695763289928436e-03 -2.455150932073593140e-01
4.221535623073577881e-01 -3.217729181051254272e-02 -1.965606119483709335e-03 4.809520021080970764e-02
4.215100109577178955e-01 -2.272710055112838745e-01 -1.003702171146869659e-03 3.401573002338409424e-01
4.169646203517913818e-01 -3.213478624820709229e-02 5.799443926662206650e-03 4.715804383158683777e-02
4.163219034671783447e-01 1.629035323858261108e-01 6.742605008184909821e-03 -2.436894774436950684e-01
4.195799827575683594e-01 -3.231408074498176575e-02 1.868815510533750057e-03 5.111258849501609802e-02
4.189336895942687988e-01 1.627810299396514893e-01 2.891067182645201683e-03 -2.409801334142684937e-01
4.221893250942230225e-01 -3.238210454583168030e-02 -1.928535290062427521e-03 5.261331796646118164e-02
4.215416908264160156e-01 1.627674400806427002e-01 -8.762688958086073399e-04 -2.406774461269378662e-01
4.247970283031463623e-01 -3.234197571873664856e-02 -5.689817946404218674e-03 5.172894522547721863e-02
4.241501986980438232e-01 -2.273818850517272949e-01 -4.655239172279834747e-03 3.426112830638885498e-01
4.196025431156158447e-01 -3.219401091337203979e-02 2.196986461058259010e-03 4.846400022506713867e-02
4.189586639404296875e-01 1.628963649272918701e-01 3.166266484186053276e-03 -2.435249537229537964e-01
4.222165942192077637e-01 -3.227066621184349060e-02 -1.704232534393668175e-03 5.015501752495765686e-02
4.215711951255798340e-01 1.628756821155548096e-01 -7.011322304606437683e-04 -2.430651187896728516e-01
4.248287081718444824e-01 -3.223624825477600098e-02 -5.562434904277324677e-03 4.939656704664230347e-02
4.241839647293090820e-01 -2.272779941558837891e-01 -4.574503283947706223e-03 3.403193056583404541e-01
4.196384251117706299e-01 -3.209125995635986328e-02 2.231883117929100990e-03 4.619737342000007629e-02
4.189965724945068359e-01 1.629986166954040527e-01 3.155830549076199532e-03 -2.457805424928665161e-01
4.222565591335296631e-01 -3.216826543211936951e-02 -1.759780221618711948e-03 4.789613932371139526e-02
4.216131865978240967e-01 -2.272649407386779785e-01 -8.018575026653707027e-04 3.400233089923858643e-01
4.170678853988647461e-01 -3.213158622384071350e-02 5.998609121888875961e-03 4.708764329552650452e-02
4.164252579212188721e-01 1.629038304090499878e-01 6.940361578017473221e-03 -2.436966449022293091e-01
4.196833372116088867e-01 -3.231655433773994446e-02 2.066428773105144501e-03 5.116733536124229431e-02
4.190370142459869385e-01 1.627757102251052856e-01 3.089775564149022102e-03 -2.408629059791564941e-01
4.222925305366516113e-01 -3.239024803042411804e-02 -1.727482536807656288e-03 5.279302224516868591e-02
4.216447174549102783e-01 1.627564281225204468e-01 -6.716220523230731487e-04 -2.404344379901885986e-01
4.248998463153839111e-01 -3.235591948032379150e-02 -5.480310879647731781e-03 5.203656479716300964e-02
4.242527186870574951e-01 -2.273988574743270874e-01 -4.439579322934150696e-03 3.429853916168212891e-01
4.197047650814056396e-01 -3.221403434872627258e-02 2.420128090307116508e-03 4.890579357743263245e-02
4.190604686737060547e-01 1.628731340169906616e-01 3.398244036361575127e-03 -2.430125772953033447e-01
4.223179221153259277e-01 -3.229719400405883789e-02 -1.462007639929652214e-03 5.074029788374900818e-02
4.216719865798950195e-01 1.628456860780715942e-01 -4.472016298677772284e-04 -2.424035519361495972e-01
4.249289035797119141e-01 -3.226986899971961975e-02 -5.295272450894117355e-03 5.013829097151756287e-02
4.242835044860839844e-01 -2.273155003786087036e-01 -4.292506724596023560e-03 3.411458134651184082e-01
4.197371900081634521e-01 -3.213273361325263977e-02 2.530409721657633781e-03 4.711238294839859009e-02
4.190945327281951904e-01 1.629528403282165527e-01 3.472657408565282822e-03 -2.447711080312728882e-01
4.223535954952239990e-01 -3.221853449940681458e-02 -1.422764733433723450e-03 4.900515824556350708e-02
4.217092394828796387e-01 1.629237830638885498e-01 -4.426616069395095110e-04 -2.441263198852539062e-01
4.249677062034606934e-01 -3.219183906912803650e-02 -5.325187928974628448e-03 4.841694235801696777e-02
4.243238568305969238e-01 -2.272370308637619019e-01 -4.356849007308483124e-03 3.394149839878082275e-01
4.197791218757629395e-01 -3.205335512757301331e-02 2.431450411677360535e-03 4.536134004592895508e-02
4.191380441188812256e-01 1.630336493253707886e-01 3.338677110150456429e-03 -2.465534508228302002e-01
4.223987162113189697e-01 -3.213582932949066162e-02 -1.592391752637922764e-03 4.718070104718208313e-02
4.217560291290283203e-01 -2.272349148988723755e-01 -6.487778155133128166e-04 3.393607735633850098e-01
4.172113239765167236e-01 -3.210373222827911377e-02 6.138437893241643906e-03 4.647334292531013489e-02
4.165692329406738281e-01 1.629296690225601196e-01 7.067904807627201080e-03 -2.442665398120880127e-01
4.198278486728668213e-01 -3.229252621531486511e-02 2.182573778554797173e-03 5.063736438751220703e-02
4.191819727420806885e-01 1.627980619668960571e-01 3.195321187376976013e-03 -2.413561493158340454e-01
4.224379360675811768e-01 -3.236938640475273132e-02 -1.631801715120673180e-03 5.233296006917953491e-02
4.217905700206756592e-01 1.627759188413619995e-01 -5.851424648426473141e-04 -2.408643662929534912e-01
4.250460863113403320e-01 -3.233766183257102966e-02 -5.402429960668087006e-03 5.163393169641494751e-02
4.243993163108825684e-01 -2.273817360401153564e-01 -4.369751084595918655e-03 3.426074683666229248e-01
4.198516905307769775e-01 -3.219788894057273865e-02 2.482398180291056633e-03 4.854978621006011963e-02
4.192077219486236572e-01 1.628883779048919678e-01 3.453393932431936264e-03 -2.433488816022872925e-01
4.224655032157897949e-01 -3.228272870182991028e-02 -1.413583988323807716e-03 5.042132362723350525e-02
4.218198359012603760e-01 1.628594696521759033e-01 -4.051574796903878450e-04 -2.427072674036026001e-01
4.250770211219787598e-01 -3.225669637322425842e-02 -5.259302910417318344e-03 4.984783753752708435e-02
4.244318902492523193e-01 -2.273028492927551270e-01 -4.262346308678388596e-03 3.408667743206024170e-01
4.198858439922332764e-01 -3.212050721049308777e-02 2.554989419877529144e-03 4.684280604124069214e-02
4.192434251308441162e-01 1.629647165536880493e-01 3.491845680400729179e-03 -2.450329065322875977e-01
4.225027263164520264e-01 -3.220693394541740417e-02 -1.408812473528087139e-03 4.874938726425170898e-02
4.218585789203643799e-01 1.629351824522018433e-01 -4.338246653787791729e-04 -2.443777024745941162e-01
4.251172840595245361e-01 -3.218056261539459229e-02 -5.321378819644451141e-03 4.816835746169090271e-02
4.244736731052398682e-01 -2.272258102893829346e-01 -4.358011297881603241e-03 3.391675949096679688e-01
4.199291765689849854e-01 -3.204211592674255371e-02 2.425340702757239342e-03 4.511359706521034241e-02
4.192883074283599854e-01 1.630449742078781128e-01 3.327612532302737236e-03 -2.468031197786331177e-01
4.225492179393768311e-01 -3.212434425950050354e-02 -1.608449965715408325e-03 4.692754521965980530e-02
4.219067394733428955e-01 -2.272232025861740112e-01 -6.698989891447126865e-04 3.391025662422180176e-01
4.173622727394104004e-01 -3.209171816706657410e-02 6.112152244895696640e-03 4.620845988392829895e-02
4.167204499244689941e-01 1.629420518875122070e-01 7.036321330815553665e-03 -2.445397824048995972e-01
4.199792742729187012e-01 -3.227968513965606689e-02 2.145525766536593437e-03 5.035424605011940002e-02
4.193336963653564453e-01 1.628114432096481323e-01 3.152610734105110168e-03 -2.416509836912155151e-01
4.225898981094360352e-01 -3.235540539026260376e-02 -1.680408837273716927e-03 5.202469602227210999e-02
4.219428002834320068e-01 1.627905964851379395e-01 -6.399149424396455288e-04 -2.411879450082778931e-01
4.251986145973205566e-01 -3.232220560312271118e-02 -5.463673733174800873e-03 5.129307135939598083e-02
4.245521724224090576e-01 -2.273653894662857056e-01 -4.437812138348817825e-03 3.422471582889556885e-01
4.200048744678497314e-01 -3.218058124184608459e-02 2.407131018117070198e-03 4.816813021898269653e-02
4.193612635135650635e-01 1.629067659378051758e-01 3.370493650436401367e-03 -2.437543570995330811e-01
4.226194024085998535e-01 -3.226315975189208984e-02 -1.504593412391841412e-03 4.998980090022087097e-02
4.219741225242614746e-01 1.628803312778472900e-01 -5.047973827458918095e-04 -2.431674599647521973e-01
4.252317249774932861e-01 -3.223440423607826233e-02 -5.368146579712629318e-03 4.935619980096817017e-02
4.245870411396026611e-01 -2.272789776325225830e-01 -4.381022416055202484e-03 3.403406143188476562e-01
4.200414717197418213e-01 -3.209495916962623596e-02 2.425789600238204002e-03 4.627938568592071533e-02
4.193995594978332520e-01 1.629921197891235352e-01 3.351377323269844055e-03 -2.456371933221817017e-01
4.226593971252441406e-01 -3.217753395438194275e-02 -1.561366603709757328e-03 4.810094833374023438e-02
4.220158457756042480e-01 1.629667729139328003e-01 -5.993476370349526405e-04 -2.450741976499557495e-01
4.252752065658569336e-01 -3.214661404490470886e-02 -5.500831641256809235e-03 4.741962254047393799e-02
4.246322512626647949e-01 -2.271892577409744263e-01 -4.552439320832490921e-03 3.383619189262390137e-01
4.200884699821472168e-01 -3.200282156467437744e-02 2.214799402281641960e-03 4.424689337611198425e-02
4.194484055042266846e-01 1.630872935056686401e-01 3.099737223237752914e-03 -2.477364242076873779e-01
4.227101504802703857e-01 -3.207878395915031433e-02 -1.854991191066801548e-03 4.592261835932731628e-02
4.220685958862304688e-01 -2.271740883588790894e-01 -9.365387959405779839e-04 3.380196988582611084e-01
4.175251126289367676e-01 -3.203881904482841492e-02 5.823855288326740265e-03 4.504159092903137207e-02
4.168843328952789307e-01 1.629991382360458374e-01 6.724686827510595322e-03 -2.457981854677200317e-01
4.201443195343017578e-01 -3.221821039915084839e-02 1.808723434805870056e-03 4.899826273322105408e-02
4.194999635219573975e-01 1.628777533769607544e-01 2.788688521832227707e-03 -2.431134432554244995e-01
4.227575063705444336e-01 -3.228391334414482117e-02 -2.073580399155616760e-03 5.044779554009437561e-02
4.221118390560150146e-01 1.628677099943161011e-01 -1.064624520950019360e-03 -2.428886443376541138e-01
4.253691732883453369e-01 -3.223901987075805664e-02 -5.922397132962942123e-03 4.945828393101692200e-02
4.247244000434875488e-01 -2.272755503654479980e-01 -4.933231510221958160e-03 3.402667641639709473e-01
4.201788902282714844e-01 -3.208375722169876099e-02 1.872103894129395485e-03 4.603228345513343811e-02
4.195372164249420166e-01 1.630112975835800171e-01 2.792749553918838501e-03 -2.460593879222869873e-01
4.227974414825439453e-01 -3.215042501688003540e-02 -2.128438325598835945e-03 4.750312492251396179e-02
4.221544265747070312e-01 -2.272417992353439331e-01 -1.178375794552266598e-03 3.395137488842010498e-01
4.176096022129058838e-01 -3.210309520363807678e-02 5.611899308860301971e-03 4.645946249365806580e-02
4.169675409793853760e-01 1.629379391670227051e-01 6.541088689118623734e-03 -2.444475889205932617e-01
4.202263057231903076e-01 -3.227682784199714661e-02 1.652136794291436672e-03 5.029135942459106445e-02
4.195807576179504395e-01 1.628213971853256226e-01 2.657963894307613373e-03 -2.418698519468307495e-01
4.228371977806091309e-01 -3.233842179179191589e-02 -2.179432893171906471e-03 5.165028944611549377e-02
4.221904277801513672e-01 1.628147065639495850e-01 -1.146427122876048088e-03 -2.417194694280624390e-01
4.254467189311981201e-01 -3.229084238409996033e-02 -5.980816669762134552e-03 5.060162395238876343e-02
4.248009026050567627e-01 -2.273265272378921509e-01 -4.968784283846616745e-03 3.413915634155273438e-01
4.202543497085571289e-01 -3.213423490524291992e-02 1.859047217294573784e-03 4.714592546224594116e-02
4.196116626262664795e-01 1.629610061645507812e-01 2.801965689286589622e-03 -2.449498772621154785e-01
4.228709042072296143e-01 -3.220085054636001587e-02 -2.097031800076365471e-03 4.861554130911827087e-02
4.222268760204315186e-01 -2.272926717996597290e-01 -1.124721020460128784e-03 3.406361043453216553e-01
4.176810383796691895e-01 -3.215473517775535583e-02 5.688000936061143875e-03 4.759871214628219604e-02
4.170379340648651123e-01 1.628851890563964844e-01 6.639975123107433319e-03 -2.432841807603836060e-01
4.202956259250640869e-01 -3.233096748590469360e-02 1.774291507899761200e-03 5.148573964834213257e-02
4.196490049362182617e-01 1.627655029296875000e-01 2.804006217047572136e-03 -2.406368553638458252e-01
4.229043126106262207e-01 -3.239639475941658020e-02 -2.008730778470635414e-03 5.292921140789985657e-02
4.222564101219177246e-01 1.627542972564697266e-01 -9.501465247012674809e-04 -2.403868138790130615e-01
4.255114793777465820e-01 -3.235406428575515747e-02 -5.757882725447416306e-03 5.199626460671424866e-02
4.248644113540649414e-01 -2.273929864168167114e-01 -4.717957228422164917e-03 3.428569734096527100e-01
4.203165471553802490e-01 -3.220422938466072083e-02 2.139182295650243759e-03 4.869003966450691223e-02
4.196724593639373779e-01 1.628869771957397461e-01 3.112982958555221558e-03 -2.433171868324279785e-01
4.229302108287811279e-01 -3.227929398417472839e-02 -1.753360847942531109e-03 5.034602060914039612e-02
4.222846031188964844e-01 1.628677546977996826e-01 -7.464403752237558365e-04 -2.428895831108093262e-01
4.255419671535491943e-01 -3.224352747201919556e-02 -5.604232195764780045e-03 4.955779761075973511e-02
4.248971045017242432e-01 -2.272846698760986328e-01 -4.613076336681842804e-03 3.404672741889953613e-01
4.203514158725738525e-01 -3.209738805890083313e-02 2.196269575506448746e-03 4.633323848247528076e-02
4.197094440460205078e-01 1.629929989576339722e-01 3.122934373095631599e-03 -2.456559389829635620e-01
4.229693114757537842e-01 -3.217341378331184387e-02 -1.790184411220252514e-03 4.801039770245552063e-02
4.223258495330810547e-01 1.629741638898849487e-01 -8.299764594994485378e-04 -2.452368140220642090e-01
4.255853295326232910e-01 -3.213592618703842163e-02 -5.734712816774845123e-03 4.718420654535293579e-02
4.249426126480102539e-01 -2.271751761436462402e-01 -4.791028331965208054e-03 3.380522727966308594e-01
4.203990995883941650e-01 -3.198537975549697876e-02 1.970017096027731895e-03 4.386238381266593933e-02
4.197593927383422852e-01 1.631082594394683838e-01 2.847264753654599190e-03 -2.481983304023742676e-01
4.230215549468994141e-01 -3.205423057079315186e-02 -2.116702031344175339e-03 4.538132250308990479e-02
4.223804771900177002e-01 -2.271457612514495850e-01 -1.209075562655925751e-03 3.373956680297851562e-01
