-5.335455294698476791e-03 -2.699391730129718781e-02 3.582714591175317764e-03 3.693651035428047180e-02
-5.875333677977323532e-03 -2.221670597791671753e-01 4.321444779634475708e-03 3.307476639747619629e-01
-1.031867507845163345e-02 -2.710689045488834381e-02 1.093639805912971497e-02 3.943063691258430481e-02
-1.086081285029649734e-02 1.678565442562103271e-01 1.172501035034656525e-02 -2.497817873954772949e-01
-7.503681816160678864e-03 -2.743087150156497955e-02 6.729375105351209641e-03 4.657627642154693604e-02
-8.052298799157142639e-03 1.675939410924911499e-01 7.660900708287954330e-03 -2.439758926630020142e-01
-4.700420424342155457e-03 -2.763659134507179260e-02 2.781382761895656586e-03 5.111358687281608582e-02
-5.253151990473270416e-03 1.674453616142272949e-01 3.803654341027140617e-03 -2.406904995441436768e-01
-1.904244767501950264e-03 -2.773071080446243286e-02 -1.010155421681702137e-03 5.318978056311607361e-02
-2.458859002217650414e-03 -2.228381633758544922e-01 5.364018579712137580e-05 3.455538153648376465e-01
-6.915622390806674957e-03 -2.771697565913200378e-02 6.964716594666242599e-03 5.288781225681304932e-02
-7.469961885362863541e-03 1.673044264316558838e-01 8.022473193705081940e-03 -2.375895828008651733e-01
-4.123873542994260788e-03 -2.793121710419654846e-02 3.270681248977780342e-03 5.761303752660751343e-02
-4.682497587054967880e-03 1.671436876058578491e-01 4.422942176461219788e-03 -2.340361773967742920e-01
-1.339623937383294106e-03 -2.804118022322654724e-02 -2.577814157120883465e-04 6.003860384225845337e-02
-1.900447532534599304e-03 -2.231594324111938477e-01 9.429906494915485382e-04 3.526401817798614502e-01
-6.363636348396539688e-03 -2.805090509355068207e-02 7.995794527232646942e-03 6.025476381182670593e-02
-6.924654357135295868e-03 1.669555008411407471e-01 9.200889617204666138e-03 -2.298947572708129883e-01
-3.585544414818286896e-03 -2.829671837389469147e-02 4.602994769811630249e-03 6.567619740962982178e-02
-4.151478875428438187e-03 1.667589396238327026e-01 5.916518624871969223e-03 -2.255509048700332642e-01
-8.163001039065420628e-04 -2.844707109034061432e-02 1.405500341206789017e-03 6.899242103099822998e-02
-1.385241514071822166e-03 1.666547060012817383e-01 2.785348799079656601e-03 -2.232467383146286011e-01
1.947852550074458122e-03 -2.850694768130779266e-02 -1.679585897363722324e-03 7.031349837779998779e-02
1.377713633701205254e-03 -2.236047834157943726e-01 -2.733158471528440714e-04 3.624660372734069824e-01
-3.094382118433713913e-03 -2.847894467413425446e-02 6.976004689931869507e-03 6.969694048166275024e-02
-3.663960844278335571e-03 1.665423065423965454e-01 8.369944058358669281e-03 -2.207768857479095459e-01
-3.331148764118552208e-04 -2.869828231632709503e-02 3.954405896365642548e-03 7.453446835279464722e-02
-9.070804808288812637e-04 1.663667559623718262e-01 5.445095244795084000e-03 -2.168982028961181641e-01
2.420254517346620560e-03 -2.883261069655418396e-02 1.107131247408688068e-03 7.749735563993453979e-02
1.843602396547794342e-03 1.662734448909759521e-01 2.657078439369797707e-03 -2.148360610008239746e-01
5.169071257114410400e-03 -2.888638526201248169e-02 -1.639642985537648201e-03 7.868383824825286865e-02
4.591343924403190613e-03 -2.239847928285598755e-01 -6.596621824428439140e-05 3.708490133285522461e-01
1.116478597396053374e-04 -2.886190451681613922e-02 7.351013831794261932e-03 7.814527302980422974e-02
-4.655902448575943708e-04 1.661538928747177124e-01 8.913919329643249512e-03 -2.122093439102172852e-01
2.857487648725509644e-03 -2.909435704350471497e-02 4.669732414186000824e-03 8.327205479145050049e-02
2.275600563734769821e-03 1.659603416919708252e-01 6.335173267871141434e-03 -2.079339027404785156e-01
5.594807676970958710e-03 -2.925162017345428467e-02 2.176495268940925598e-03 8.674068748950958252e-02
5.009775049984455109e-03 1.658390611410140991e-01 3.911308944225311279e-03 -2.052547484636306763e-01
8.326556533575057983e-03 -2.933860011398792267e-02 -1.937859633471816778e-04 8.865942806005477905e-02
7.739784196019172668e-03 1.657861322164535522e-01 1.579402480274438858e-03 -2.040846347808837891e-01
1.105550676584243774e-02 -2.935837395489215851e-02 -2.502290066331624985e-03 8.909609913825988770e-02
1.046833954751491547e-02 -2.244443744421005249e-01 -7.203682325780391693e-04 3.809885084629058838e-01
5.979452282190322876e-03 -2.931219525635242462e-02 6.899402011185884476e-03 8.807852864265441895e-02
5.393208004534244537e-03 1.657101809978485107e-01 8.660972118377685547e-03 -2.024196684360504150e-01
8.707411587238311768e-03 -2.953455410897731781e-02 4.612579010426998138e-03 9.298274666070938110e-02
8.116721175611019135e-03 1.655209809541702271e-01 6.472234148532152176e-03 -1.982413530349731445e-01
1.142714079469442368e-02 -2.969294041395187378e-02 2.507406985387206078e-03 9.647622704505920410e-02
1.083328202366828918e-02 1.653929799795150757e-01 4.436931572854518890e-03 -1.954145729541778564e-01
1.414114143699407578e-02 -2.979215234518051147e-02 5.286400555633008480e-04 9.866470843553543091e-02
1.354529801756143570e-02 1.653222143650054932e-01 2.501934301108121872e-03 -1.938513815402984619e-01
1.685174182057380676e-02 -2.983543276786804199e-02 -1.375093474052846432e-03 9.961974620819091797e-02
1.625503413379192352e-02 1.653061956167221069e-01 6.173014407977461815e-04 -1.934967041015625000e-01
1.956115849316120148e-02 -2.982457727193832397e-02 -3.252632683143019676e-03 9.938088804483413696e-02
1.896466687321662903e-02 -2.248997688293457031e-01 -1.265014871023595333e-03 3.910358548164367676e-01
1.446667127311229706e-02 -2.975988015532493591e-02 6.555702071636915207e-03 9.795434772968292236e-02
1.387147326022386551e-02 1.652674973011016846e-01 8.514788933098316193e-03 -1.926530748605728149e-01
1.717682369053363800e-02 -2.997521311044692993e-02 4.661727230995893478e-03 1.027036905288696289e-01
1.657732017338275909e-02 1.650796234607696533e-01 6.715801078826189041e-03 -1.885048300027847290e-01
1.987891085445880890e-02 -3.013776428997516632e-02 2.945704385638237000e-03 1.062890663743019104e-01
1.927615702152252197e-02 1.649418473243713379e-01 5.071485880762338638e-03 -1.854630410671234131e-01
2.257499285042285919e-02 -3.025229461491107941e-02 1.362224924378097057e-03 1.088154166936874390e-01
2.196994796395301819e-02 1.648501157760620117e-01 3.538533346727490425e-03 -1.834374219179153442e-01
2.526694908738136292e-02 -3.032229468226432800e-02 -1.302152377320453525e-04 1.103596761822700500e-01
2.466050349175930023e-02 1.648015230894088745e-01 2.076978329569101334e-03 -1.823643296957015991e-01
2.795653417706489563e-02 -3.035008721053600311e-02 -1.570308348163962364e-03 1.109730824828147888e-01
2.734953165054321289e-02 -2.254495024681091309e-01 6.491532549262046814e-04 4.031601846218109131e-01
2.284054271876811981e-02 -3.033676184713840485e-02 8.712356910109519958e-03 1.106819733977317810e-01
2.223380655050277710e-02 1.646592617034912109e-01 1.092599611729383469e-02 -1.792395710945129395e-01
2.552699297666549683e-02 -3.061731718480587006e-02 7.341204676777124405e-03 1.168700084090232849e-01
2.491464652121067047e-02 1.643986850976943970e-01 9.678605012595653534e-03 -1.734878122806549072e-01
2.820261940360069275e-02 -3.086044266819953918e-02 6.208848673850297928e-03 1.222326159477233887e-01
2.758541144430637360e-02 1.641720086336135864e-01 8.653501048684120178e-03 -1.684850305318832397e-01
3.086885064840316772e-02 -3.107273206114768982e-02 5.283800419420003891e-03 1.269152164459228516e-01
3.024739585816860199e-02 1.639731228351593018e-01 7.822104729712009430e-03 -1.640960574150085449e-01
3.352686017751693726e-02 -3.125992044806480408e-02 4.540183581411838531e-03 1.310442239046096802e-01
3.290165960788726807e-02 1.637967079877853394e-01 7.161067798733711243e-03 -1.602028757333755493e-01
3.617759421467781067e-02 -3.142703324556350708e-02 3.957010339945554733e-03 1.347305476665496826e-01
3.554905578494071960e-02 1.636380106210708618e-01 6.651621311902999878e-03 -1.567013710737228394e-01
3.882181271910667419e-02 -3.157853707671165466e-02 3.517593955621123314e-03 1.380725353956222534e-01
3.819024190306663513e-02 1.634928584098815918e-01 6.279044784605503082e-03 -1.534985750913619995e-01
4.146010056138038635e-02 -3.171843662858009338e-02 3.209073096513748169e-03 1.411586254835128784e-01
4.082573205232620239e-02 1.633574068546295166e-01 6.032245699316263199e-03 -1.505101770162582397e-01
4.409287869930267334e-02 -3.185039758682250977e-02 3.022042103111743927e-03 1.440696865320205688e-01
4.345587268471717834e-02 1.632281392812728882e-01 5.903435871005058289e-03 -1.476583182811737061e-01
4.672043398022651672e-02 -3.197784721851348877e-02 2.950269263237714767e-03 1.468811631202697754e-01
4.608087986707687378e-02 1.631017327308654785e-01 5.887892562896013260e-03 -1.448695510625839233e-01
4.934291169047355652e-02 -3.210404142737388611e-02 2.990501699969172478e-03 1.496650725603103638e-01
4.870083183050155640e-02 1.629749536514282227e-01 5.983802955597639084e-03 -1.420729160308837891e-01
5.196033045649528503e-02 -3.223218023777008057e-02 3.142344532534480095e-03 1.524917632341384888e-01
5.131568759679794312e-02 1.628446429967880249e-01 6.192179862409830093e-03 -1.391981691122055054e-01
5.457257851958274841e-02 -3.236545249819755554e-02 3.408216638490557671e-03 1.554318517446517944e-01
5.392527207732200623e-02 1.627075374126434326e-01 6.516853347420692444e-03 -1.361739188432693481e-01
5.717942118644714355e-02 -3.250715136528015137e-02 3.793375100940465927e-03 1.585578322410583496e-01
5.652927979826927185e-02 1.625602841377258301e-01 6.964531727135181427e-03 -1.329259723424911499e-01
5.978048592805862427e-02 -3.266073018312454224e-02 4.306012298911809921e-03 1.619460135698318481e-01
5.912727117538452148e-02 1.623993068933486938e-01 7.544932421296834946e-03 -1.293753832578659058e-01
6.237525492906570435e-02 -3.282990306615829468e-02 4.957424942404031754e-03 1.656782925128936768e-01
6.171865761280059814e-02 1.622207313776016235e-01 8.270991034805774689e-03 -1.254365891218185425e-01
6.496307253837585449e-02 -3.301872313022613525e-02 5.762259010225534439e-03 1.698442250490188599e-01
6.430269777774810791e-02 1.620202809572219849e-01 9.159144014120101929e-03 -1.210153177380561829e-01
6.754310429096221924e-02 -3.323169425129890442e-02 6.738837342709302902e-03 1.745430976152420044e-01
6.687846779823303223e-02 1.617931723594665527e-01 1.022969931364059448e-02 -1.160063445568084717e-01
7.011433690786361694e-02 -3.347385302186012268e-02 7.909572683274745941e-03 1.798863410949707031e-01
6.944485753774642944e-02 1.615340262651443481e-01 1.150729879736900330e-02 -1.102909371256828308e-01
7.267553359270095825e-02 -3.375091403722763062e-02 9.301480837166309357e-03 1.860001534223556519e-01
7.200051844120025635e-02 1.612367331981658936e-01 1.302148308604955673e-02 -1.037340685725212097e-01
7.522525638341903687e-02 -3.406938910484313965e-02 1.094680186361074448e-02 1.930284798145294189e-01
7.454386353492736816e-02 1.608942747116088867e-01 1.480737142264842987e-02 -9.618119150400161743e-02
7.776175439357757568e-02 -3.443674370646476746e-02 1.288374792784452438e-02 2.011364102363586426e-01
7.707301527261734009e-02 1.604986041784286499e-01 1.690647564828395844e-02 -8.745460957288742065e-02
8.028298616409301758e-02 -3.486155718564987183e-02 1.515738386660814285e-02 2.105140089988708496e-01
7.958575338125228882e-02 1.600404232740402222e-01 1.936766318976879120e-02 -7.734928280115127563e-02
8.278656750917434692e-02 -3.535373881459236145e-02 1.782067865133285522e-02 2.213807404041290283e-01
8.207949250936508179e-02 1.595090180635452271e-01 2.224829234182834625e-02 -6.562797725200653076e-02
8.526967465877532959e-02 -3.592473268508911133e-02 2.093573287129402161e-02 2.339905500411987305e-01
8.455117791891098022e-02 1.588919311761856079e-01 2.561554498970508575e-02 -5.201574414968490601e-02
8.772901445627212524e-02 3.536373972892761230e-01 2.457522973418235779e-02 -3.365079760551452637e-01
9.480176120996475220e-02 1.581744849681854248e-01 1.784506998956203461e-02 -3.617775440216064453e-02
9.796525537967681885e-02 -3.719875589013099670e-02 1.712151616811752319e-02 2.620816230773925781e-01
9.722127765417098999e-02 1.576746702194213867e-01 2.236314862966537476e-02 -2.515217848122119904e-02
1.003747731447219849e-01 3.524688780307769775e-01 2.186010405421257019e-02 -3.106962442398071289e-01
1.074241474270820618e-01 1.570424288511276245e-01 1.564618013799190521e-02 -1.120021566748619080e-02
1.105649992823600769e-01 3.519365191459655762e-01 1.542217563837766647e-02 -2.989058196544647217e-01
1.176037266850471497e-01 1.565981805324554443e-01 9.444058872759342194e-03 -1.399189466610550880e-03
1.207356899976730347e-01 3.515834212303161621e-01 9.416075423359870911e-03 -2.910875082015991211e-01
1.277673542499542236e-01 1.563284844160079956e-01 3.594325156882405281e-03 4.550206940621137619e-03
1.308939307928085327e-01 3.513987064361572266e-01 3.685329342260956764e-03 -2.869965136051177979e-01
1.379218995571136475e-01 1.562243998050689697e-01 -2.054600743576884270e-03 6.846464239060878754e-03
1.410463899374008179e-01 -3.886802867054939270e-02 -1.917671412229537964e-03 2.988804280757904053e-01
1.402690261602401733e-01 1.562812030315399170e-01 4.059937316924333572e-03 5.593324545770883560e-03
1.433946490287780762e-01 3.513447046279907227e-01 4.171803593635559082e-03 -2.858058810234069824e-01
1.504215449094772339e-01 1.561634987592697144e-01 -1.544313970953226089e-03 8.189875632524490356e-03
1.535448133945465088e-01 3.513075709342956543e-01 -1.380516448989510536e-03 -2.849799096584320068e-01
1.605709642171859741e-01 1.562053263187408447e-01 -7.080114446580410004e-03 7.267300970852375031e-03
1.636950820684432983e-01 -3.881437331438064575e-02 -6.934768520295619965e-03 2.977079749107360840e-01
1.629187911748886108e-01 1.564057469367980957e-01 -9.806087473407387733e-04 2.846044721081852913e-03
1.660469025373458862e-01 3.515417277812957764e-01 -9.236878831870853901e-04 -2.901461124420166016e-01
1.730777323246002197e-01 1.564329713582992554e-01 -6.726610008627176285e-03 2.245347946882247925e-03
1.762063950300216675e-01 -3.859186545014381409e-02 -6.681703031063079834e-03 2.927983701229095459e-01
1.754345595836639404e-01 1.566247195005416870e-01 -8.257356239482760429e-04 -1.984355505555868149e-03
1.785670518875122070e-01 3.517585098743438721e-01 -8.654227131046354771e-04 -2.949276864528656006e-01
1.856022179126739502e-01 1.566488891839981079e-01 -6.763976532965898514e-03 -2.517837565392255783e-03
1.887352019548416138e-01 -3.837540373206138611e-02 -6.814333610236644745e-03 2.880233228206634521e-01
1.879676878452301025e-01 1.568430513143539429e-01 -1.053867046721279621e-03 -6.800970528274774551e-03
1.911045610904693604e-01 3.519801199436187744e-01 -1.189886359497904778e-03 -2.998162209987640381e-01
1.981441527605056763e-01 1.568751335144042969e-01 -7.186210714280605316e-03 -7.508796639740467072e-03
2.012816667556762695e-01 -3.814302012324333191e-02 -7.336386945098638535e-03 2.828981578350067139e-01
2.005188018083572388e-01 1.570827960968017578e-01 -1.678423490375280380e-03 -1.208956912159919739e-02
2.036604583263397217e-01 3.522287905216217041e-01 -1.920214970596134663e-03 -3.053015768527984619e-01
2.107050269842147827e-01 1.571342498064041138e-01 -8.026246912777423859e-03 -1.322486624121665955e-02
2.138477116823196411e-01 -3.787168487906455994e-02 -8.290744386613368988e-03 2.769149243831634521e-01
2.130902856588363647e-01 1.573675572872161865e-01 -2.752445638179779053e-03 -1.837133802473545074e-02
2.162376344203948975e-01 3.525288701057434082e-01 -3.119872417300939560e-03 -3.119214177131652832e-01
2.232882082462310791e-01 1.574515104293823242e-01 -9.358300827443599701e-03 -2.022403851151466370e-02
2.264372408390045166e-01 -3.753498941659927368e-02 -9.762781672179698944e-03 2.694916129112243652e-01
2.256865501403808594e-01 1.577249169349670410e-01 -4.372949246317148209e-03 -2.625449933111667633e-02
2.288410365581512451e-01 3.529092967510223389e-01 -4.898039624094963074e-03 -3.203139305114746094e-01
2.358992248773574829e-01 1.578574478626251221e-01 -1.130431797355413437e-02 -2.917967177927494049e-02
2.390563786029815674e-01 -3.710058331489562988e-02 -1.188791170716285706e-02 2.599152922630310059e-01
2.383143603801727295e-01 1.581890434026718140e-01 -6.689605768769979477e-03 -3.649340569972991943e-02
2.414781451225280762e-01 -3.683634847402572632e-02 -7.419473957270383835e-03 2.540713846683502197e-01
2.407414168119430542e-01 1.583907455205917358e-01 -2.338045742362737656e-03 -4.094249755144119263e-02
2.439092397689819336e-01 3.535461425781250000e-01 -3.156895749270915985e-03 -3.343621790409088135e-01
2.509801685810089111e-01 1.584692746400833130e-01 -9.844139218330383301e-03 -4.267644882202148438e-02
2.541495561599731445e-01 -3.651014342904090881e-02 -1.069766841828823090e-02 2.468843758106231689e-01
2.534193396568298340e-01 1.587629467248916626e-01 -5.759980995208024979e-03 -4.915355145931243896e-02
2.565945982933044434e-01 -3.627594187855720520e-02 -6.743052043020725250e-03 2.417065054178237915e-01
2.558690905570983887e-01 1.589416712522506714e-01 -1.908921985886991024e-03 -5.309571698307991028e-02
2.590479254722595215e-01 -3.615285083651542664e-02 -2.970836358144879341e-03 2.389843165874481201e-01
2.583248615264892578e-01 1.590114235877990723e-01 1.808850094676017761e-03 -5.463420972228050232e-02
2.615050971508026123e-01 3.541073799133300781e-01 7.161658140830695629e-04 -3.467458784580230713e-01
2.685872316360473633e-01 1.589752584695816040e-01 -6.218751892447471619e-03 -5.383720993995666504e-02
2.717667222023010254e-01 -3.605698049068450928e-02 -7.295495830476284027e-03 2.368771880865097046e-01
2.710455954074859619e-01 1.591684371232986450e-01 -2.557952422648668289e-03 -5.809800699353218079e-02
2.742289602756500244e-01 -3.591674566268920898e-02 -3.719912609085440636e-03 2.337767779827117920e-01
2.735106348991394043e-01 1.592581570148468018e-01 9.556229342706501484e-04 -6.007720902562141418e-02
2.766957879066467285e-01 3.543663918972015381e-01 -2.459212264511734247e-04 -3.524584770202636719e-01
2.837831079959869385e-01 1.592479348182678223e-01 -7.295090705156326294e-03 -5.985310673713684082e-02
2.869680821895599365e-01 -3.576865792274475098e-02 -8.492153137922286987e-03 2.305192649364471436e-01
2.862527072429656982e-01 1.594736129045486450e-01 -3.881767624989151955e-03 -6.483022868633270264e-02
2.894421815872192383e-01 -3.559247404336929321e-02 -5.178372375667095184e-03 2.266254574060440063e-01
2.887303233146667480e-01 1.596031039953231812e-01 -6.458631251007318497e-04 -6.768641620874404907e-02
2.919223904609680176e-01 3.547343015670776367e-01 -1.999591477215290070e-03 -3.605730533599853516e-01
2.990170717239379883e-01 1.596408337354660034e-01 -9.211052209138870239e-03 -6.852130591869354248e-02
3.022098839282989502e-01 -3.534785658121109009e-02 -1.058147847652435303e-02 2.212413102388381958e-01
3.015029430389404297e-01 1.599237322807312012e-01 -6.156652234494686127e-03 -7.476057112216949463e-02
3.047014176845550537e-01 -3.510941937565803528e-02 -7.651863619685173035e-03 2.159735709428787231e-01
3.039992153644561768e-01 1.601210832595825195e-01 -3.332392312586307526e-03 -7.911323755979537964e-02
3.072016537189483643e-01 -3.495294228196144104e-02 -4.914657212793827057e-03 2.125164568424224854e-01
3.065025806427001953e-01 1.602389365434646606e-01 -6.643280503340065479e-04 -8.171272277832031250e-02
3.097073733806610107e-01 3.553704023361206055e-01 -2.298582578077912331e-03 -3.746051788330078125e-01
3.168147802352905273e-01 1.602811664342880249e-01 -9.790685959160327911e-03 -8.264788985252380371e-02
3.200204074382781982e-01 -3.469907119870185852e-02 -1.144364383071660995e-02 2.069300413131713867e-01
3.193264007568359375e-01 1.605846285820007324e-01 -7.305043283849954605e-03 -8.934069424867630005e-02
3.225381076335906982e-01 -3.443184867501258850e-02 -9.091856889426708221e-03 2.010285705327987671e-01
3.218494653701782227e-01 1.608189493417739868e-01 -5.071285646408796310e-03 -9.450849145650863647e-02
3.250658512115478516e-01 -3.422995656728744507e-02 -6.961455568671226501e-03 1.965701431035995483e-01
3.243812620639801025e-01 1.609908789396286011e-01 -3.030052641406655312e-03 -9.830065816640853882e-02
3.276010751724243164e-01 -3.408751636743545532e-02 -4.996065981686115265e-03 1.934247463941574097e-01
3.269193172454833984e-01 1.611055433750152588e-01 -1.127570867538452148e-03 -1.008300259709358215e-01
3.301414251327514648e-01 -3.400022909045219421e-02 -3.144171321764588356e-03 1.914969384670257568e-01
3.294614255428314209e-01 1.611665636301040649e-01 6.857676198706030846e-04 -1.021761745214462280e-01
3.326847553253173828e-01 -3.396521136164665222e-02 -1.357755856588482857e-03 1.907230317592620850e-01
3.320054411888122559e-01 1.611761301755905151e-01 2.456704620271921158e-03 -1.023879051208496094e-01
3.352289795875549316e-01 3.562628030776977539e-01 4.089465946890413761e-04 -3.942947387695312500e-01
3.423542380332946777e-01 1.611350476741790771e-01 -7.476948201656341553e-03 -1.014829054474830627e-01
3.455769419670104980e-01 -3.387895971536636353e-02 -9.506606496870517731e-03 1.888317167758941650e-01
3.448993563652038574e-01 1.613776981830596924e-01 -5.729971919208765030e-03 -1.068349331617355347e-01
3.481269180774688721e-01 -3.366167098283767700e-02 -7.866670377552509308e-03 1.840347200632095337e-01
3.474536836147308350e-01 1.615719497203826904e-01 -4.185975994914770126e-03 -1.111194342374801636e-01
3.506851196289062500e-01 -3.348976746201515198e-02 -6.408364512026309967e-03 1.802399158477783203e-01
3.500153124332427979e-01 1.617233008146286011e-01 -2.803566399961709976e-03 -1.144577190279960632e-01
3.532497882843017578e-01 -3.335837274789810181e-02 -5.092720966786146164e-03 1.773393899202346802e-01
3.525826036930084229e-01 1.618360877037048340e-01 -1.545933191664516926e-03 -1.169457584619522095e-01
3.558193445205688477e-01 -3.326367959380149841e-02 -3.884848440065979958e-03 1.752490401268005371e-01
3.551540672779083252e-01 1.619136482477188110e-01 -3.798677353188395500e-04 -1.186568960547447205e-01
3.583923280239105225e-01 -3.320285305380821228e-02 -2.753005595877766609e-03 1.739061623811721802e-01
3.577282726764678955e-01 1.619583964347839355e-01 7.251175120472908020e-04 -1.196439787745475769e-01
3.609674572944641113e-01 -3.317394107580184937e-02 -1.667762058787047863e-03 1.732676327228546143e-01
3.603039681911468506e-01 1.619718372821807861e-01 1.797590404748916626e-03 -1.199409589171409607e-01
3.635433912277221680e-01 -3.317582234740257263e-02 -6.012287340126931667e-04 1.733085513114929199e-01
3.628799021244049072e-01 1.619547307491302490e-01 2.864942187443375587e-03 -1.195639818906784058e-01
3.661189675331115723e-01 3.570355176925659180e-01 4.736625414807349443e-04 -4.113416671752929688e-01
3.732596933841705322e-01 1.619068533182144165e-01 -7.753171026706695557e-03 -1.185094565153121948e-01
3.764978349208831787e-01 -3.310315683484077454e-02 -1.012335997074842453e-02 1.717173606157302856e-01
3.758357763290405273e-01 1.621622145175933838e-01 -6.689012981951236725e-03 -1.241419017314910889e-01
3.790790140628814697e-01 -3.286327421665191650e-02 -9.171850979328155518e-03 1.664232313632965088e-01
3.784217536449432373e-01 1.623887568712234497e-01 -5.843386054039001465e-03 -1.291389912366867065e-01
3.816695213317871094e-01 -3.264899924397468567e-02 -8.426166139543056488e-03 1.616947054862976074e-01
3.810165524482727051e-01 1.625925600528717041e-01 -5.192271899431943893e-03 -1.336344927549362183e-01
3.842684030532836914e-01 -3.245463594794273376e-02 -7.864961400628089905e-03 1.574058234691619873e-01
3.836193084716796875e-01 1.627790331840515137e-01 -4.716845229268074036e-03 -1.377478837966918945e-01
3.868748843669891357e-01 -3.227504342794418335e-02 -7.471802644431591034e-03 1.534432172775268555e-01
3.862293660640716553e-01 1.629530936479568481e-01 -4.402938298881053925e-03 -1.415874958038330078e-01
3.894884288311004639e-01 -3.210552409291267395e-02 -7.234688382595777512e-03 1.497031301259994507e-01
3.888463377952575684e-01 1.631192713975906372e-01 -4.240625537931919098e-03 -1.452533751726150513e-01
3.921087086200714111e-01 -3.194169327616691589e-02 -7.145693060010671616e-03 1.460887044668197632e-01
3.914698958396911621e-01 1.632818579673767090e-01 -4.223919473588466644e-03 -1.488399654626846313e-01
3.947355151176452637e-01 -3.177935257554054260e-02 -7.200718391686677933e-03 1.425074189901351929e-01
3.940999209880828857e-01 1.634449809789657593e-01 -4.350570496171712875e-03 -1.524384915828704834e-01
3.973688185214996338e-01 -3.161440789699554443e-02 -7.399340160191059113e-03 1.388687640428543091e-01
3.967365324497222900e-01 1.636127382516860962e-01 -4.621964879333972931e-03 -1.561393290758132935e-01
4.000087976455688477e-01 -3.144273534417152405e-02 -7.744751404970884323e-03 1.350819021463394165e-01
3.993799388408660889e-01 1.637892872095108032e-01 -5.043113138526678085e-03 -1.600342839956283569e-01
4.026557207107543945e-01 -3.126010298728942871e-02 -8.243799209594726562e-03 1.310534179210662842e-01
4.020305275917053223e-01 1.639789640903472900e-01 -5.622730590403079987e-03 -1.642188876867294312e-01
4.053100943565368652e-01 -3.106204979121685028e-02 -8.907108567655086517e-03 1.266849339008331299e-01
4.046888649463653564e-01 1.641863584518432617e-01 -6.373409647494554520e-03 -1.687947213649749756e-01
4.079726040363311768e-01 -3.084378316998481750e-02 -9.749303571879863739e-03 1.218707859516143799e-01
4.073557257652282715e-01 1.644164770841598511e-01 -7.311888039112091064e-03 -1.738719344139099121e-01
4.106440544128417969e-01 -3.060006536543369293e-02 -1.078932732343673706e-02 1.164953857660293579e-01
4.100320339202880859e-01 1.646748036146163940e-01 -8.459419012069702148e-03 -1.795718669891357422e-01
4.133255481719970703e-01 -3.032507933676242828e-02 -1.205085683614015579e-02 1.104304492473602295e-01
4.127190411090850830e-01 1.649674624204635620e-01 -9.842247702181339264e-03 -1.860299557447433472e-01
4.160183966159820557e-01 -3.001229465007781982e-02 -1.356284692883491516e-02 1.035319343209266663e-01
4.154181480407714844e-01 1.653013676404953003e-01 -1.149220764636993408e-02 -1.933989673852920532e-01
4.187241792678833008e-01 -2.965431287884712219e-02 -1.536018773913383484e-02 9.563660621643066406e-02
4.181310832500457764e-01 1.656843870878219604e-01 -1.344745513051748276e-02 -2.018525898456573486e-01
4.214447736740112305e-01 -2.924269251525402069e-02 -1.748450659215450287e-02 8.655815571546554565e-02
4.208599030971527100e-01 -2.241097092628479004e-01 -1.575334370136260986e-02 3.736738264560699463e-01
4.163777232170104980e-01 -2.876756340265274048e-02 -8.279867470264434814e-03 7.606566697359085083e-02
4.158023595809936523e-01 1.664721071720123291e-01 -6.758554372936487198e-03 -2.192180454730987549e-01
4.191318154335021973e-01 -2.855258993804454803e-02 -1.114291511476039886e-02 7.132530957460403442e-02
4.185607731342315674e-01 -2.235130369663238525e-01 -9.716409258544445038e-03 3.604718744754791260e-01
4.140905141830444336e-01 -2.825432270765304565e-02 -2.506971359252929688e-03 6.474105268716812134e-02
4.135254025459289551e-01 1.669034808874130249e-01 -1.212150440551340580e-03 -2.287317812442779541e-01
4.168634712696075439e-01 -2.820112742483615875e-02 -5.786785855889320374e-03 6.356853991746902466e-02
4.162994623184204102e-01 1.670033186674118042e-01 -4.515415057539939880e-03 -2.309345155954360962e-01
4.196395277976989746e-01 -2.805382572114467621e-02 -9.134105406701564789e-03 6.032067909836769104e-02
4.190784394741058350e-01 -2.230436354875564575e-01 -7.927692495286464691e-03 3.501077890396118164e-01
4.146175682544708252e-01 -2.780983410775661469e-02 -9.255362092517316341e-04 5.493558570742607117e-02
4.140613973140716553e-01 1.673253774642944336e-01 1.731755182845517993e-04 -2.380392104387283325e-01
4.174079000949859619e-01 -2.779904939234256744e-02 -4.587608855217695236e-03 5.469833314418792725e-02
4.168519079685211182e-01 -2.228549271821975708e-01 -3.493641968816518784e-03 3.459303081035614014e-01
4.123948216438293457e-01 -2.768344990909099579e-02 3.424964146688580513e-03 5.214776098728179932e-02
4.118411540985107422e-01 1.673892289400100708e-01 4.467919468879699707e-03 -2.394526004791259766e-01
4.151889383792877197e-01 -2.779626660048961639e-02 -3.211325092706829309e-04 5.463628098368644714e-02
4.146330058574676514e-01 1.673302948474884033e-01 7.715931278653442860e-04 -2.381479442119598389e-01
4.179795980453491211e-01 -2.780267782509326935e-02 -3.991365898400545120e-03 5.477826297283172607e-02
4.174235463142395020e-01 1.673762798309326172e-01 -2.895800629630684853e-03 -2.391612976789474487e-01
4.207710921764373779e-01 -2.770418860018253326e-02 -7.679026573896408081e-03 5.260680988430976868e-02
4.202170073986053467e-01 -2.227151989936828613e-01 -6.626890040934085846e-03 3.428570926189422607e-01
4.157626926898956299e-01 -2.749959379434585571e-02 2.302515204064548016e-04 4.809182137250900269e-02
4.152126908302307129e-01 1.676190495491027832e-01 1.192088006064295769e-03 -2.445184439420700073e-01
4.185650944709777832e-01 -2.751990221440792084e-02 -3.698281012475490570e-03 4.854025319218635559e-02
4.180146753787994385e-01 -2.225886285305023193e-01 -2.727475948631763458e-03 3.400540351867675781e-01
4.135629236698150635e-01 -2.742797695100307465e-02 4.073604941368103027e-03 4.651227965950965881e-02
4.130143523216247559e-01 1.676353216171264648e-01 5.003850441426038742e-03 -2.448826134204864502e-01
4.163670539855957031e-01 -2.755773626267910004e-02 1.061984658008441329e-04 4.937444627285003662e-02
4.158158898353576660e-01 1.675626933574676514e-01 1.093687373213469982e-03 -2.432749718427658081e-01
4.191671609878540039e-01 -2.757486328482627869e-02 -3.771811956539750099e-03 4.975273087620735168e-02
4.186156690120697021e-01 -2.226425260305404663e-01 -2.776757348328828812e-03 3.412432372570037842e-01
4.141628146171569824e-01 -2.748117968440055847e-02 4.048107191920280457e-03 4.768597707152366638e-02
4.136131703853607178e-01 1.675824970006942749e-01 5.001826677471399307e-03 -2.437169998884201050e-01
4.169648289680480957e-01 -2.761054597795009613e-02 1.274869282497093081e-04 5.053943023085594177e-02
4.164126217365264893e-01 1.675095707178115845e-01 1.138275489211082458e-03 -2.421032637357711792e-01
4.197628200054168701e-01 -2.762861549854278564e-02 -3.703789785504341125e-03 5.093847960233688354e-02
4.192102551460266113e-01 -2.226972579956054688e-01 -2.685020212084054947e-03 3.424505293369293213e-01
4.147562980651855469e-01 -2.753721363842487335e-02 4.163990262895822525e-03 4.892212152481079102e-02
4.142055511474609375e-01 1.675247848033905029e-01 5.142432637512683868e-03 -2.424441277980804443e-01
4.175560474395751953e-01 -2.767024561762809753e-02 2.935503143817186356e-04 5.185640975832939148e-02
4.170026481151580811e-01 1.674474924802780151e-01 1.330678584054112434e-03 -2.407338768243789673e-01
4.203515946865081787e-01 -2.769343927502632141e-02 -3.483999054878950119e-03 5.236847698688507080e-02
4.197977185249328613e-01 1.674782931804656982e-01 -2.436629496514797211e-03 -2.414116412401199341e-01
4.231472909450531006e-01 -2.760876528918743134e-02 -7.264862302690744400e-03 5.050171539187431335e-02
4.225951135158538818e-01 -2.226257920265197754e-01 -6.254828069359064102e-03 3.408837020397186279e-01
4.181425869464874268e-01 -2.741541154682636261e-02 5.628457874990999699e-04 4.623493552207946777e-02
4.175942838191986084e-01 1.676984578371047974e-01 1.487544504925608635e-03 -2.462703585624694824e-01
4.209482669830322266e-01 -2.744470164179801941e-02 -3.437862731516361237e-03 4.688140749931335449e-02
4.203993678092956543e-01 -2.225171923637390137e-01 -2.500234404578804970e-03 3.384776711463928223e-01
4.159490168094635010e-01 -2.735974825918674469e-02 4.269319120794534683e-03 4.500736296176910400e-02
4.154018163681030273e-01 1.677007228136062622e-01 5.169466137886047363e-03 -2.463255077600479126e-01
4.187558293342590332e-01 -2.749467641115188599e-02 2.429563028272241354e-04 4.798350110650062561e-02
4.182059466838836670e-01 1.676237881183624268e-01 1.202626386657357216e-03 -2.446227520704269409e-01
4.215584099292755127e-01 -2.751531824469566345e-02 -3.689828794449567795e-03 4.843926429748535156e-02
4.210081100463867188e-01 -2.225841730833053589e-01 -2.721043536439538002e-03 3.399557471275329590e-01
4.165564477443695068e-01 -2.742360346019268036e-02 4.078071098774671555e-03 4.641599208116531372e-02
4.160079658031463623e-01 1.676396280527114868e-01 5.006391089409589767e-03 -2.449774891138076782e-01
4.193607568740844727e-01 -2.755346335470676422e-02 1.068413184839300811e-04 4.928036779165267944e-02
4.188096821308135986e-01 1.675669550895690918e-01 1.092448714189231396e-03 -2.433688491582870483e-01
4.221610128879547119e-01 -2.757058292627334595e-02 -3.774928394705057144e-03 4.965846613049507141e-02
4.216096103191375732e-01 -2.226382046937942505e-01 -2.781759016215801239e-03 3.411479890346527100e-01
4.171568453311920166e-01 -2.747678384184837341e-02 4.041200503706932068e-03 4.758914932608604431e-02
4.166073203086853027e-01 1.675869822502136230e-01 4.992983769625425339e-03 -2.438160032033920288e-01
4.199590682983398438e-01 -2.760592289268970490e-02 1.166635265690274537e-04 5.043764039874076843e-02
4.194069206714630127e-01 1.675143539905548096e-01 1.125416369177401066e-03 -2.422084808349609375e-01
4.227572083473205566e-01 -2.762365341186523438e-02 -3.718753112480044365e-03 5.082922428846359253e-02
4.222047626972198486e-01 1.675514280796051025e-01 -2.702168654650449753e-03 -2.430246770381927490e-01
4.255557656288146973e-01 -2.753182686865329742e-02 -7.562662009149789810e-03 4.880469292402267456e-02
4.250051379203796387e-01 -2.225445210933685303e-01 -6.586568430066108704e-03 3.390919864177703857e-01
4.205542504787445068e-01 -2.732947468757629395e-02 1.952711900230497122e-04 4.433931037783622742e-02
4.200076758861541748e-01 1.677896827459335327e-01 1.082057366147637367e-03 -2.482820004224777222e-01
4.233634471893310547e-01 -2.734771184623241425e-02 -3.883582539856433868e-03 4.474203661084175110e-02
4.228165149688720703e-01 -2.224137634038925171e-01 -2.988741733133792877e-03 3.361971378326416016e-01
4.183682203292846680e-01 -2.724940143525600433e-02 3.735200734809041023e-03 4.257321357727050781e-02
4.178232252597808838e-01 1.678187847137451172e-01 4.586664959788322449e-03 -2.489288896322250366e-01
4.211796224117279053e-01 -2.736836299300193787e-02 -3.919126465916633606e-04 4.519723728299140930e-02
4.206322431564331055e-01 1.677592098712921143e-01 5.120321293361485004e-04 -2.476093173027038574e-01
4.239874184131622314e-01 -2.737005427479743958e-02 -4.440153948962688446e-03 4.523507505655288696e-02
4.234400391578674316e-01 -2.224280536174774170e-01 -3.535452764481306076e-03 3.365137875080108643e-01
4.189914762973785400e-01 -2.725597098469734192e-02 3.194823162630200386e-03 4.271807149052619934e-02
4.184463620185852051e-01 1.678200215101242065e-01 4.049184732139110565e-03 -2.489551454782485962e-01
4.218027591705322266e-01 -2.735952101647853851e-02 -9.299183147959411144e-04 4.500222206115722656e-02
4.212555587291717529e-01 1.677757501602172852e-01 -2.987384505104273558e-05 -2.479739487171173096e-01
4.246110618114471436e-01 -2.734577096998691559e-02 -4.989353008568286896e-03 4.469954967498779297e-02
4.240641593933105469e-01 -2.223958224058151245e-01 -4.095362033694982529e-03 3.358041346073150635e-01
4.196162521839141846e-01 -2.721582911908626556e-02 2.620720304548740387e-03 4.183255136013031006e-02
4.190719127655029297e-01 1.678684502840042114e-01 3.457371378317475319e-03 -2.500223517417907715e-01
4.224292933940887451e-01 -2.730271033942699432e-02 -1.543075777590274811e-03 4.374908283352851868e-02
4.218832254409790039e-01 1.678413301706314087e-01 -6.680940859951078892e-04 -2.494203001260757446e-01
4.252400696277618408e-01 -2.727106958627700806e-02 -5.656499881297349930e-03 4.305182397365570068e-02
4.246946573257446289e-01 -2.223114520311355591e-01 -4.795463755726814270e-03 3.339447081089019775e-01
4.202484190464019775e-01 -2.712157927453517914e-02 1.883430755697190762e-03 3.975341096520423889e-02
4.197059869766235352e-01 1.679733097553253174e-01 2.678498858585953712e-03 -2.523346841335296631e-01
4.230654537677764893e-01 -2.718678303062915802e-02 -2.368194749578833580e-03 4.119189083576202393e-02
4.225217103958129883e-01 -2.222746908664703369e-01 -1.544356811791658401e-03 3.331266939640045166e-01
4.180762171745300293e-01 -2.713079564273357391e-02 5.118176806718111038e-03 3.995715081691741943e-02
4.175336062908172607e-01 1.679173856973648071e-01 5.917320027947425842e-03 -2.511065602302551270e-01
4.208919405937194824e-01 -2.728855982422828674e-02 8.951888303272426128e-04 4.343692213296890259e-02
4.203461706638336182e-01 1.678205430507659912e-01 1.763927284628152847e-03 -2.489634305238723755e-01
4.237025976181030273e-01 -2.732655405998229980e-02 -3.215341363102197647e-03 4.427535459399223328e-02
4.231560528278350830e-01 -2.224022448062896729e-01 -2.329834271222352982e-03 3.359420895576477051e-01
4.187080264091491699e-01 -2.724722214043140411e-02 4.389007110148668289e-03 4.252535849809646606e-02
4.181630611419677734e-01 1.678115129470825195e-01 5.239514634013175964e-03 -2.487695664167404175e-01
4.215193092823028564e-01 -2.738486602902412415e-02 2.641230239532887936e-04 4.556139558553695679e-02
4.209716022014617920e-01 1.677332967519760132e-01 1.175350975245237350e-03 -2.470381855964660645e-01
4.243262708187103271e-01 -2.740542031824588776e-02 -3.765412839129567146e-03 4.601524025201797485e-02
4.237781763076782227e-01 -2.224731743335723877e-01 -2.845107810571789742e-03 3.375077843666076660e-01
4.193286895751953125e-01 -2.731085382401943207e-02 3.905047429725527763e-03 4.392901435494422913e-02
4.187824726104736328e-01 1.677548885345458984e-01 4.783627577126026154e-03 -2.475192844867706299e-01
4.221375882625579834e-01 -2.743505872786045074e-02 -1.667578180786222219e-04 4.666866362094879150e-02
4.215888679027557373e-01 1.676892787218093872e-01 7.666154415346682072e-04 -2.460668683052062988e-01
4.249426722526550293e-01 -2.744360826909542084e-02 -4.154722206294536591e-03 4.685776308178901672e-02
4.243938028812408447e-01 -2.225057333707809448e-01 -3.217566758394241333e-03 3.382269442081451416e-01
4.199436902999877930e-01 -2.733814902603626251e-02 3.546972293406724930e-03 4.453111812472343445e-02
4.193969070911407471e-01 1.677327603101730347e-01 4.437594674527645111e-03 -2.470306009054183960e-01
4.227515757083892822e-01 -2.745228447020053864e-02 -5.030173924751579762e-04 4.704873636364936829e-02
4.222025275230407715e-01 1.676768809556961060e-01 4.379573219921439886e-04 -2.457928508520126343e-01
4.255560636520385742e-01 -2.745132893323898315e-02 -4.477899987250566483e-03 4.702818393707275391e-02
4.250070452690124512e-01 -2.225087881088256836e-01 -3.537336131557822227e-03 3.382949233055114746e-01
4.205568730831146240e-01 -2.733667567372322083e-02 3.228562651202082634e-03 4.449862986803054810e-02
4.200101196765899658e-01 1.677388250827789307e-01 4.118535201996564865e-03 -2.471639066934585571e-01
4.233649075031280518e-01 -2.744169905781745911e-02 -8.247430087067186832e-04 4.681524634361267090e-02
4.228160679340362549e-01 1.676920652389526367e-01 1.115619525080546737e-04 -2.461277842521667480e-01
4.261699020862579346e-01 -2.743147499859333038e-02 -4.810993559658527374e-03 4.659033566713333130e-02
4.256212711334228516e-01 -2.224841117858886719e-01 -3.879186930134892464e-03 3.377514779567718506e-01
4.211716055870056152e-01 -2.730717323720455170e-02 2.875842619687318802e-03 4.384779185056686401e-02
4.206254482269287109e-01 1.677734255790710449e-01 3.752798307687044144e-03 -2.479263991117477417e-01
4.239809215068817139e-01 -2.740192413330078125e-02 -1.205729437060654163e-03 4.593788459897041321e-02
4.234328866004943848e-01 1.677372902631759644e-01 -2.869717427529394627e-04 -2.471252232789993286e-01
4.267876446247100830e-01 -2.738055586814880371e-02 -5.229475907981395721e-03 4.546717926859855652e-02
4.262400269508361816e-01 -2.224271297454833984e-01 -4.320132546126842499e-03 3.364955782890319824e-01
4.217914640903472900e-01 -2.724396623671054840e-02 2.409779001027345657e-03 4.245345294475555420e-02
4.212465882301330566e-01 1.678433418273925781e-01 3.258848097175359726e-03 -2.494681924581527710e-01
4.246034622192382812e-01 -2.732499130070209503e-02 -1.730515738017857075e-03 4.424085840582847595e-02
4.240569770336151123e-01 1.678217351436614990e-01 -8.456985815428197384e-04 -2.489875555038452148e-01
4.274134039878845215e-01 -2.728813141584396362e-02 -5.825449712574481964e-03 4.342849552631378174e-02
4.268676340579986572e-01 -2.223260700702667236e-01 -4.956879653036594391e-03 3.342677652835845947e-01
4.224211275577545166e-01 -2.713391743600368500e-02 1.728475443087518215e-03 4.002581909298896790e-02
4.218784272670745850e-01 1.679632067680358887e-01 2.528991783037781715e-03 -2.521112561225891113e-01
4.252377152442932129e-01 -2.719476819038391113e-02 -2.513233339414000511e-03 4.136829078197479248e-02
4.246937930583953857e-01 -2.222805917263031006e-01 -1.685867551714181900e-03 3.332571983337402344e-01
4.202481806278228760e-01 -2.713468298316001892e-02 4.979276563972234726e-03 4.004312306642532349e-02
4.197055101394653320e-01 1.679155081510543823e-01 5.780139006674289703e-03 -2.510646581649780273e-01
4.230638146400451660e-01 -2.728850021958351135e-02 7.588461739942431450e-04 4.343583434820175171e-02
4.225180447101593018e-01 1.678225547075271606e-01 1.627562916837632656e-03 -2.490075677633285522e-01
4.258745014667510986e-01 -2.732259593904018402e-02 -3.352588508278131485e-03 4.418827593326568604e-02
4.253280460834503174e-01 -2.223963141441345215e-01 -2.468822989612817764e-03 3.358115553855895996e-01
4.208801090717315674e-01 -2.723931334912776947e-02 4.247407894581556320e-03 4.235110804438591003e-02
4.203353226184844971e-01 1.678214818239212036e-01 5.094429943710565567e-03 -2.489887028932571411e-01
4.236917495727539062e-01 -2.737285755574703217e-02 1.146560825873166323e-04 4.529675468802452087e-02
4.231443107128143311e-01 1.677474528551101685e-01 1.020591240376234055e-03 -2.473499923944473267e-01
4.264992475509643555e-01 -2.738906256854534149e-02 -3.926408477127552032e-03 4.565467685461044312e-02
4.259514808654785156e-01 -2.224544882774353027e-01 -3.013315144926309586e-03 3.370962142944335938e-01
4.215023815631866455e-01 -2.728978917002677917e-02 3.728608833625912666e-03 4.346456378698348999e-02
4.209565818309783936e-01 1.677784919738769531e-01 4.597900435328483582e-03 -2.480396181344985962e-01
4.243121445178985596e-01 -2.740881592035293579e-02 -3.628922277130186558e-04 4.609002918004989624e-02
4.237639605998992920e-01 1.677183359861373901e-01 5.589083884842693806e-04 -2.467073649168014526e-01
4.271183311939239502e-01 -2.741159312427043915e-02 -4.375238902866840363e-03 4.615179821848869324e-02
4.265701174736022949e-01 -2.224705368280410767e-01 -3.452203003689646721e-03 3.374511003494262695e-01
4.221206903457641602e-01 -2.729962579905986786e-02 3.296818817034363747e-03 4.368152841925621033e-02
4.215747117996215820e-01 1.677749007940292358e-01 4.170449450612068176e-03 -2.479594051837921143e-01
4.249302148818969727e-01 -2.740636654198169708e-02 -7.887386600486934185e-04 4.603605717420578003e-02
4.243820905685424805e-01 1.677268892526626587e-01 1.319825096288695931e-04 -2.468956261873245239e-01
4.277366101741790771e-01 -2.739695087075233459e-02 -4.805929958820343018e-03 4.582893475890159607e-02
4.271886646747589111e-01 -2.224496603012084961e-01 -3.889351151883602142e-03 3.369916677474975586e-01
4.227396845817565918e-01 -2.727257646620273590e-02 2.850482473149895668e-03 4.308480396866798401e-02
4.221942424774169922e-01 1.678083837032318115e-01 3.712178440764546394e-03 -2.486974000930786133e-01
4.255504012107849121e-01 -2.736638300120830536e-02 -1.261769677512347698e-03 4.515410587191581726e-02
4.250030815601348877e-01 1.677736341953277588e-01 -3.586875100154429674e-04 -2.479266524314880371e-01
4.283585548400878906e-01 -2.734318934381008148e-02 -5.317220464348793030e-03 4.464311525225639343e-02
4.278116822242736816e-01 -2.223884910345077515e-01 -4.424358252435922623e-03 3.356436789035797119e-01
4.233639240264892578e-01 -2.720385603606700897e-02 2.288515213876962662e-03 4.156883060932159424e-02
4.228198230266571045e-01 1.678851991891860962e-01 3.119891742244362831e-03 -2.503911554813385010e-01
4.261775314807891846e-01 -2.728116139769554138e-02 -1.887931604869663715e-03 4.327419772744178772e-02
4.256319105625152588e-01 1.678678095340728760e-01 -1.022447599098086357e-03 -2.500037848949432373e-01
4.289892613887786865e-01 -2.723952382802963257e-02 -6.022523157298564911e-03 4.235646128654479980e-02
4.284444749355316162e-01 -2.222746014595031738e-01 -5.175394006073474884e-03 3.331331610679626465e-01
4.239989817142486572e-01 -2.707936801016330719e-02 1.487268949858844280e-03 3.882267326116561890e-02
4.234574139118194580e-01 1.680212169885635376e-01 2.263722475618124008e-03 -2.533906400203704834e-01
4.268178343772888184e-01 -2.713297680020332336e-02 -2.804090268909931183e-03 4.000545293092727661e-02
4.262751638889312744e-01 -2.222146093845367432e-01 -2.003981266170740128e-03 3.318023383617401123e-01
4.218308627605438232e-01 -2.706418745219707489e-02 4.632065538316965103e-03 3.848813101649284363e-02
4.212895929813385010e-01 1.679910421371459961e-01 5.401828326284885406e-03 -2.527297437191009521e-01
4.246494174003601074e-01 -2.720763161778450012e-02 3.472334647085517645e-04 4.165211692452430725e-02
4.241052567958831787e-01 1.679093390703201294e-01 1.180275809019804001e-03 -2.509212195873260498e-01
4.274634420871734619e-01 -2.722944691777229309e-02 -3.838148899376392365e-03 4.213374108076095581e-02
4.269188642501831055e-01 -2.222961485385894775e-01 -2.995474031195044518e-03 3.336032330989837646e-01
4.224729239940643311e-01 -2.713169343769550323e-02 3.676590509712696075e-03 3.997718915343284607e-02
4.219303131103515625e-01 1.679373383522033691e-01 4.476134199649095535e-03 -2.515434622764587402e-01
4.252890348434448242e-01 -2.724823914468288422e-02 -5.547350738197565079e-04 4.254794493317604065e-02
4.247440695762634277e-01 1.678816676139831543e-01 2.962238504551351070e-04 -2.503099441528320312e-01
4.281017184257507324e-01 -2.724451757967472076e-02 -4.709975328296422958e-03 4.246639460325241089e-02
4.275568127632141113e-01 -2.222986072301864624e-01 -3.860647324472665787e-03 3.336595594882965088e-01
4.231108427047729492e-01 -2.712192758917808533e-02 2.812543883919715881e-03 3.976169228553771973e-02
4.225684106349945068e-01 1.679595857858657837e-01 3.607777878642082214e-03 -2.520325183868408203e-01
4.259276092052459717e-01 -2.721370197832584381e-02 -1.432872726581990719e-03 4.178617522120475769e-02
4.253833293914794922e-01 1.679287701845169067e-01 -5.971491336822509766e-04 -2.513484954833984375e-01
4.287419021129608154e-01 -2.718465216457843781e-02 -5.624118726700544357e-03 4.114602506160736084e-02
4.281982183456420898e-01 -2.222255021333694458e-01 -4.801198374480009079e-03 3.320491909980773926e-01
4.237537086009979248e-01 -2.703554555773735046e-02 1.839785370975732803e-03 3.785607963800430298e-02
4.232130050659179688e-01 1.680599749088287354e-01 2.596907084807753563e-03 -2.542458176612854004e-01
4.265742003917694092e-01 -2.709895931184291840e-02 -2.488009165972471237e-03 3.925509750843048096e-02
4.260322153568267822e-01 -2.221851497888565063e-01 -1.702907262369990349e-03 3.311519920825958252e-01
4.215885102748870850e-01 -2.703899517655372620e-02 4.920132458209991455e-03 3.793254122138023376e-02
4.210477173328399658e-01 1.680120527744293213e-01 5.678783636540174484e-03 -2.531939744949340820e-01
4.244079589843750000e-01 -2.719051763415336609e-02 6.149038090370595455e-04 4.127471148967742920e-02
4.238641560077667236e-01 1.679226160049438477e-01 1.440398045815527439e-03 -2.512141466140747070e-01
4.272226095199584961e-01 -2.721988037228584290e-02 -3.583884797990322113e-03 4.192276671528816223e-02
4.266782104969024658e-01 -2.222902625799179077e-01 -2.745429519563913345e-03 3.334727883338928223e-01
4.222324192523956299e-01 -2.712933719158172607e-02 3.924026153981685638e-03 3.992535918951034546e-02
4.216898083686828613e-01 1.679361313581466675e-01 4.722533281892538071e-03 -2.515169084072113037e-01
4.250485599040985107e-01 -2.725294418632984161e-02 -3.078048757743090391e-04 4.265183955430984497e-02
4.245034754276275635e-01 1.678734123706817627e-01 5.452318582683801651e-04 -2.501281797885894775e-01
4.278609454631805420e-01 -2.725631371140480042e-02 -4.457331728190183640e-03 4.272666573524475098e-02
4.273158311843872070e-01 -2.223140597343444824e-01 -3.602798562496900558e-03 3.339999318122863770e-01
4.228695333003997803e-01 -2.714102342724800110e-02 3.077200148254632950e-03 4.018305242061614990e-02
4.223267138004302979e-01 1.679366677999496460e-01 3.880861215293407440e-03 -2.515273988246917725e-01
4.256854653358459473e-01 -2.724048681557178497e-02 -1.149686868302524090e-03 4.237709194421768188e-02
4.251406490802764893e-01 1.678979396820068359e-01 -3.021449665538966656e-04 -2.506683468818664551e-01
4.284985959529876709e-01 -2.721970342099666595e-02 -5.315511953085660934e-03 4.191926121711730957e-02
4.279542267322540283e-01 -2.222650349140167236e-01 -4.477126523852348328e-03 3.329203724861145020e-01
4.235089123249053955e-01 -2.707963995635509491e-02 2.181280637159943581e-03 3.882894292473793030e-02
4.229673147201538086e-01 1.680109649896621704e-01 2.957859309390187263e-03 -2.531649768352508545e-01
4.263275265693664551e-01 -2.715309709310531616e-02 -2.105440013110637665e-03 4.044945165514945984e-02
4.257844686508178711e-01 -2.222447991371154785e-01 -1.296450966037809849e-03 3.324673473834991455e-01
4.213395714759826660e-01 -2.710441313683986664e-02 5.352896172553300858e-03 3.937586769461631775e-02
4.207974970340728760e-01 1.679403632879257202e-01 6.140413228422403336e-03 -2.516133785247802734e-01
4.241563081741333008e-01 -2.726872451603412628e-02 1.108145923353731632e-03 4.300001636147499084e-02
4.236109256744384766e-01 1.678373217582702637e-01 1.968146301805973053e-03 -2.493330687284469604e-01
4.269676804542541504e-01 -2.731268294155597687e-02 -3.018515184521675110e-03 4.396999999880790710e-02
4.264214336872100830e-01 -2.223912179470062256e-01 -2.139115240424871445e-03 3.356990218162536621e-01
4.219735860824584961e-01 -2.723889239132404327e-02 4.574865102767944336e-03 4.234230518341064453e-02
4.214288294315338135e-01 1.678171604871749878e-01 5.421711597591638565e-03 -2.488937079906463623e-01
4.247851669788360596e-01 -2.738179825246334076e-02 4.438374016899615526e-04 4.549440369009971619e-02
4.242375195026397705e-01 1.677337884902954102e-01 1.353725558146834373e-03 -2.470484524965286255e-01
4.275921881198883057e-01 -2.740747295320034027e-02 -3.587243612855672836e-03 4.606116190552711487e-02
4.270440638065338135e-01 -2.224778085947036743e-01 -2.666020300239324570e-03 3.376101255416870117e-01
4.225944876670837402e-01 -2.731801383197307587e-02 4.086181987076997757e-03 4.408767446875572205e-02
4.220481216907501221e-01 1.677450984716415405e-01 4.967935848981142044e-03 -2.473032325506210327e-01
