3.986231982707977295e-02 -1.508824899792671204e-02 -5.073251668363809586e-03 -3.541803685948252678e-03
3.956055268645286560e-02 -2.101370692253112793e-01 -5.144088063389062881e-03 2.875361442565917969e-01
3.535781428217887878e-02 -1.494214497506618500e-02 6.066350033506751060e-04 -6.764735095202922821e-03
3.505897149443626404e-02 -2.100727856159210205e-01 4.713402886409312487e-04 2.861095368862152100e-01
3.085751459002494812e-02 -1.495756488293409348e-02 6.193530745804309845e-03 -6.424701772630214691e-03
3.055836260318756104e-02 -2.101677954196929932e-01 6.065037101507186890e-03 2.882058918476104736e-01
2.635500766336917877e-02 -1.513285189867019653e-02 1.182915456593036652e-02 -2.558010630309581757e-03
2.605235017836093903e-02 -2.104224413633346558e-01 1.177799515426158905e-02 2.938335537910461426e-01
2.184390090405941010e-02 -1.547036878764629364e-02 1.765466667711734772e-02 4.888393450528383255e-03
2.153449319303035736e-02 -2.108410000801086426e-01 1.775243319571018219e-02 3.030888736248016357e-01
1.731767319142818451e-02 -1.597649790346622467e-02 2.381421066820621490e-02 1.605711877346038818e-02
1.699814386665821075e-02 1.787959784269332886e-01 2.413535304367542267e-02 -2.690180242061614990e-01
2.057406306266784668e-02 -1.666194386780261993e-02 1.875499263405799866e-02 3.117856010794639587e-02
2.024082466959953308e-02 1.781861037015914917e-01 1.937856525182723999e-02 -2.555284500122070312e-01
2.380454726517200470e-02 -1.720709539949893951e-02 1.426799502223730087e-02 4.320324584841728210e-02
2.346040494740009308e-02 1.777073889970779419e-01 1.513206027448177338e-02 -2.449440658092498779e-01
2.701455168426036835e-02 -1.762739382684230804e-02 1.023317873477935791e-02 5.247320979833602905e-02
2.666200511157512665e-02 -2.128945738077163696e-01 1.128264330327510834e-02 3.483671545982360840e-01
2.240411378443241119e-02 -1.793489418923854828e-02 1.824998669326305389e-02 5.926327034831047058e-02
2.204541489481925964e-02 1.769206970930099487e-01 1.943525113165378571e-02 -2.276062518358230591e-01
2.558382973074913025e-02 -1.847353205084800720e-02 1.488312613219022751e-02 7.114334404468536377e-02
2.521435916423797607e-02 1.764319241046905518e-01 1.630599237978458405e-02 -2.168069779872894287e-01
2.874299697577953339e-02 -1.891929283738136292e-02 1.196985412389039993e-02 8.097463846206665039e-02
2.836461178958415985e-02 1.760290414094924927e-01 1.358934678137302399e-02 -2.079078555107116699e-01
3.188519179821014404e-02 -1.928456500172615051e-02 9.431188926100730896e-03 8.903064578771591187e-02
3.149950131773948669e-02 1.757009476423263550e-01 1.121180225163698196e-02 -2.006618827581405640e-01
3.501351922750473022e-02 -1.957955397665500641e-02 7.198564708232879639e-03 9.553664922714233398e-02
3.462192788720130920e-02 1.754384934902191162e-01 9.109297767281532288e-03 -1.948664784431457520e-01
3.813069686293601990e-02 -1.981257274746894836e-02 5.211967974901199341e-03 1.006760671734809875e-01
3.773444518446922302e-02 1.752343028783798218e-01 7.225489243865013123e-03 -1.903579533100128174e-01
4.123913124203681946e-02 -1.999027468264102936e-02 3.418330335989594460e-03 1.045955345034599304e-01
4.083932563662528992e-02 -2.151610404253005981e-01 5.510241258889436722e-03 3.983549773693084717e-01
3.653610497713088989e-02 -2.011769823729991913e-02 1.347734034061431885e-02 1.074143946170806885e-01
3.613375127315521240e-02 1.748085469007492065e-01 1.562562771141529083e-02 -1.809862107038497925e-01
3.962992131710052490e-02 -2.053346671164035797e-02 1.200590375810861588e-02 1.165847927331924438e-01
3.921925276517868042e-02 1.744144260883331299e-01 1.433760020881891251e-02 -1.722863167524337769e-01
4.270754382014274597e-02 -2.090977132320404053e-02 1.089187338948249817e-02 1.248849704861640930e-01
4.228934645652770996e-02 1.740544587373733521e-01 1.338957343250513077e-02 -1.643418818712234497e-01
4.577043652534484863e-02 -2.125657908618450165e-02 1.010273583233356476e-02 1.325348317623138428e-01
4.534530267119407654e-02 1.737192124128341675e-01 1.275343261659145355e-02 -1.569437682628631592e-01
4.881968721747398376e-02 -2.158299274742603302e-02 9.614557027816772461e-03 1.397351175546646118e-01
4.838803038001060486e-02 1.733999401330947876e-01 1.240925956517457962e-02 -1.498991400003433228e-01
5.185602605342864990e-02 -2.189748361706733704e-02 9.411276318132877350e-03 1.466726809740066528e-01
5.141807720065116882e-02 1.730884313583374023e-01 1.234473008662462234e-02 -1.430263817310333252e-01
5.487984791398048401e-02 -2.220811136066913605e-02 9.484202601015567780e-03 1.535253822803497314e-01
5.443568527698516846e-02 1.727767586708068848e-01 1.255471073091030121e-02 -1.361504644155502319e-01
5.789121985435485840e-02 -2.252274192869663239e-02 9.831701405346393585e-03 1.604667007923126221e-01
5.744076520204544067e-02 1.724570840597152710e-01 1.304103527218103409e-02 -1.290984302759170532e-01
6.088990718126296997e-02 -2.284922823309898376e-02 1.045906636863946915e-02 1.676700860261917114e-01
6.043292209506034851e-02 1.721214652061462402e-01 1.381246838718652725e-02 -1.216950416564941406e-01
6.387535482645034790e-02 -2.319562993943691254e-02 1.137856766581535339e-02 1.753133833408355713e-01
6.341143697500228882e-02 1.717616468667984009e-01 1.488483510911464691e-02 -1.137583702802658081e-01
6.684666872024536133e-02 -2.357039041817188263e-02 1.260966714471578598e-02 1.835831999778747559e-01
6.637526303529739380e-02 1.713688820600509644e-01 1.628133095800876617e-02 -1.050953194499015808e-01
6.980264186859130859e-02 -2.398255839943885803e-02 1.417942531406879425e-02 1.926795095205307007e-01
6.932298839092254639e-02 1.709337085485458374e-01 1.803301461040973663e-02 -9.549689292907714844e-02
7.274166494607925415e-02 -2.444199472665786743e-02 1.612307690083980560e-02 2.028204351663589478e-01
7.225282490253448486e-02 1.704457104206085205e-01 2.017948590219020844e-02 -8.473314344882965088e-02
7.566174119710922241e-02 -2.495960518717765808e-02 1.848482340574264526e-02 2.142475098371505737e-01
7.516254484653472900e-02 1.698932647705078125e-01 2.276977337896823883e-02 -7.254762947559356689e-02
7.856041193008422852e-02 -2.554759569466114044e-02 2.131882123649120331e-02 2.272313982248306274e-01
7.804945856332778931e-02 1.692633032798767090e-01 2.586345002055168152e-02 -5.865127965807914734e-02
8.143472671508789062e-02 3.640050590038299561e-01 2.469042316079139709e-02 -3.430632054805755615e-01
8.871483057737350464e-02 1.685407012701034546e-01 1.782915927469730377e-02 -4.269779846072196960e-02
9.208564460277557373e-02 -2.683231420814990997e-02 1.697520352900028229e-02 2.555566430091857910e-01
9.154899418354034424e-02 1.680432111024856567e-01 2.208633720874786377e-02 -3.172405064105987549e-02
9.490986168384552002e-02 3.628415763378143311e-01 2.145185507833957672e-02 -3.173574805259704590e-01
1.021666899323463440e-01 1.674207597970962524e-01 1.510470546782016754e-02 -1.798734255135059357e-02
1.055151075124740601e-01 3.623228669166564941e-01 1.474495884031057358e-02 -3.058665394783020020e-01
1.127615645527839661e-01 1.669939458370208740e-01 8.627627976238727570e-03 -8.570137433707714081e-03
1.161014437675476074e-01 3.619911074638366699e-01 8.456224575638771057e-03 -2.985185086727142334e-01
1.233412623405456543e-01 1.667496412992477417e-01 2.485854784026741982e-03 -3.180680796504020691e-03
1.266762614250183105e-01 3.618358373641967773e-01 2.422241261228919029e-03 -2.950782477855682373e-01
1.339129805564880371e-01 1.666794568300247192e-01 -3.479323815554380417e-03 -1.632375060580670834e-03
1.372465640306472778e-01 -2.839242853224277496e-02 -3.511971328407526016e-03 2.899507582187652588e-01
1.366787105798721313e-01 1.667794287204742432e-01 2.287043724209070206e-03 -3.837737021967768669e-03
1.400143057107925415e-01 3.618685007095336914e-01 2.210289007052779198e-03 -2.957981824874877930e-01
1.472516655921936035e-01 1.667151153087615967e-01 -3.705675015226006508e-03 -2.419000724330544472e-03
1.505859792232513428e-01 -2.835350111126899719e-02 -3.754054894670844078e-03 2.890924513339996338e-01
1.500189006328582764e-01 1.668217778205871582e-01 2.027793787419795990e-03 -4.772108979523181915e-03
1.533553451299667358e-01 3.619146049022674561e-01 1.932351733557879925e-03 -2.968145608901977539e-01
1.605936288833618164e-01 1.667651534080505371e-01 -4.003939218819141388e-03 -3.522821469232439995e-03
1.639289408922195435e-01 3.619442880153656006e-01 -4.074395634233951569e-03 -2.974663376808166504e-01
1.711678206920623779e-01 1.668806523084640503e-01 -1.002372242510318756e-02 -6.071192678064107895e-03
1.745054274797439575e-01 -2.809611521661281586e-02 -1.014514639973640442e-02 2.834323346614837646e-01
1.739435195922851562e-01 1.671690642833709717e-01 -4.476499743759632111e-03 -1.243295799940824509e-02
1.772868931293487549e-01 -2.788840979337692261e-02 -4.725158680230379105e-03 2.788342237472534180e-01
1.767291277647018433e-01 1.673006266355514526e-01 8.515258086845278740e-04 -1.533525623381137848e-02
1.800751388072967529e-01 3.624103665351867676e-01 5.448206793516874313e-04 -3.077493906021118164e-01
1.873233467340469360e-01 1.672806441783905029e-01 -5.610167048871517181e-03 -1.489469595253467560e-02
1.906689554452896118e-01 -2.776039950549602509e-02 -5.908061284571886063e-03 2.760128974914550781e-01
1.901137530803680420e-01 1.674453467130661011e-01 -3.878033312503248453e-04 -1.852757111191749573e-02
1.934626549482345581e-01 3.625728487968444824e-01 -7.583547849208116531e-04 -3.113328218460083008e-01
2.007141113281250000e-01 1.674617081880569458e-01 -6.985011510550975800e-03 -1.888916268944740295e-02
2.040633410215377808e-01 -2.755937166512012482e-02 -7.362794596701860428e-03 2.715817391872406006e-01
2.035121619701385498e-01 1.676668673753738403e-01 -1.931159524247050285e-03 -2.341430634260177612e-02
2.068655043840408325e-01 3.628164529800415039e-01 -2.399445744231343269e-03 -3.167059123516082764e-01
2.141218334436416626e-01 1.677287667989730835e-01 -8.733564056456089020e-03 -2.478064969182014465e-02
2.174763977527618408e-01 -2.726685628294944763e-02 -9.229176677763462067e-03 2.651340067386627197e-01
2.169310599565505981e-01 1.679856032133102417e-01 -3.926496952772140503e-03 -3.044555336236953735e-02
2.202907800674438477e-01 3.631636500358581543e-01 -4.535408224910497665e-03 -3.243647515773773193e-01
2.275540530681610107e-01 1.681065559387207031e-01 -1.102270279079675674e-02 -3.311553597450256348e-02
2.309161871671676636e-01 -2.685560472309589386e-02 -1.168501377105712891e-02 2.560693323612213135e-01
2.303790748119354248e-01 1.684312075376510620e-01 -6.563627161085605621e-03 -4.027621448040008545e-02
2.337476909160614014e-01 -2.659600600600242615e-02 -7.369151338934898376e-03 2.503286302089691162e-01
2.332157790660858154e-01 1.686304062604904175e-01 -2.362578874453902245e-03 -4.466954991221427917e-02
2.365883886814117432e-01 3.637861609458923340e-01 -3.255970077589154243e-03 -3.380969464778900146e-01
2.438641041517257690e-01 1.687106788158416748e-01 -1.001790910959243774e-02 -4.644255712628364563e-02
2.472383230924606323e-01 -2.626619674265384674e-02 -1.094675995409488678e-02 2.430628687143325806e-01
2.467129975557327271e-01 1.690103858709335327e-01 -6.085502915084362030e-03 -5.305274575948715210e-02
2.500931918621063232e-01 -2.602377533912658691e-02 -7.146557793021202087e-03 2.377039641141891479e-01
2.495727241039276123e-01 1.691995412111282349e-01 -2.392478520050644875e-03 -5.722460895776748657e-02
2.529567182064056396e-01 -2.588802389800548553e-02 -3.536970820277929306e-03 2.347025126218795776e-01
2.524389624595642090e-01 1.692842841148376465e-01 1.157079590484499931e-03 -5.909398198127746582e-02
2.558246552944183350e-01 3.643896281719207764e-01 -2.480007060512434691e-05 -3.514116108417510986e-01
2.631124258041381836e-01 1.692680269479751587e-01 -7.053032517433166504e-03 -5.873651057481765747e-02
2.664977908134460449e-01 -2.575209178030490875e-02 -8.227762766182422638e-03 2.317128181457519531e-01
2.659827470779418945e-01 1.694864481687545776e-01 -3.593506291508674622e-03 -6.355402618646621704e-02
2.693724930286407471e-01 -2.558379061520099640e-02 -4.864586982876062393e-03 2.279929667711257935e-01
2.688608169555664062e-01 1.696073412895202637e-01 -3.047275240533053875e-04 -6.622044742107391357e-02
2.722529470920562744e-01 3.647336661815643311e-01 -1.629136502742767334e-03 -3.589994907379150391e-01
2.795476317405700684e-01 1.696349084377288818e-01 -8.809126913547515869e-03 -6.683072447776794434e-02
2.829403281211853027e-01 -2.535964921116828918e-02 -1.014574151486158371e-02 2.230599075555801392e-01
2.824331223964691162e-01 1.699058413505554199e-01 -5.684542935341596603e-03 -7.280604541301727295e-02
2.858312427997589111e-01 -2.513416111469268799e-02 -7.140663918107748032e-03 2.180779725313186646e-01
2.853285670280456543e-01 1.700891405344009399e-01 -2.779104281216859818e-03 -7.684883475303649902e-02
2.887303531169891357e-01 -2.499286644160747528e-02 -4.316081292927265167e-03 2.149559855461120605e-01
2.882304787635803223e-01 1.701905280351638794e-01 -1.696155595709569752e-05 -7.908529788255691528e-02
2.916342914104461670e-01 3.653127253055572510e-01 -1.598667586222290993e-03 -3.717735707759857178e-01
2.989405691623687744e-01 1.702135056257247925e-01 -9.034139104187488556e-03 -7.959515601396560669e-02
3.023448288440704346e-01 -2.477777376770973206e-02 -1.062604226171970367e-02 2.102238386869430542e-01
3.018492758274078369e-01 1.704944819211959839e-01 -6.421565543860197067e-03 -8.579201996326446533e-02
3.052591681480407715e-01 -2.453482896089553833e-02 -8.137405849993228912e-03 2.048580050468444824e-01
3.047684729099273682e-01 1.707025468349456787e-01 -4.040245898067951202e-03 -9.038072824478149414e-02
3.081825077533721924e-01 -2.436126768589019775e-02 -5.847860593348741531e-03 2.010247707366943359e-01
3.076952993869781494e-01 1.708438247442245483e-01 -1.827365136705338955e-03 -9.349713474512100220e-02
3.111121654510498047e-01 -2.425188384950160980e-02 -3.697307780385017395e-03 1.986086964607238770e-01
3.106271326541900635e-01 1.709227561950683594e-01 2.748661499936133623e-04 -9.523826092481613159e-02
3.140455782413482666e-01 3.660407662391662598e-01 -1.629899139516055584e-03 -3.878344595432281494e-01
3.213663995265960693e-01 1.709419935941696167e-01 -9.386587888002395630e-03 -9.566587209701538086e-02
3.247852325439453125e-01 -2.404418028891086578e-02 -1.129990536719560623e-02 1.940408796072006226e-01
3.243043422698974609e-01 1.712375730276107788e-01 -7.419087924063205719e-03 -1.021851524710655212e-01
3.277291059494018555e-01 -2.377727068960666656e-02 -9.462790563702583313e-03 1.881478726863861084e-01
3.272535502910614014e-01 1.714787781238555908e-01 -5.699833389371633530e-03 -1.075051054358482361e-01
3.306831419467926025e-01 -2.356103248894214630e-02 -7.849935442209243774e-03 1.833741217851638794e-01
3.302119076251983643e-01 1.716723591089248657e-01 -4.182453267276287079e-03 -1.117748022079467773e-01
3.336453735828399658e-01 -2.338941395282745361e-02 -6.417949218302965164e-03 1.795856654644012451e-01
3.331775665283203125e-01 1.718237847089767456e-01 -2.826235955581068993e-03 -1.151149719953536987e-01
3.366140425205230713e-01 -2.325755544006824493e-02 -5.128535442054271698e-03 1.766749620437622070e-01
3.361488878726959229e-01 1.719374209642410278e-01 -1.595036359503865242e-03 -1.176214292645454407e-01
3.395876586437225342e-01 -2.316164784133434296e-02 -3.947464749217033386e-03 1.745578497648239136e-01
3.391244113445281982e-01 1.720165759325027466e-01 -4.563079564832150936e-04 -1.193677559494972229e-01
3.425647318363189697e-01 -2.309883572161197662e-02 -2.843663096427917480e-03 1.731711775064468384e-01
3.421027660369873047e-01 1.720636934041976929e-01 6.197604234330356121e-04 -1.204074770212173462e-01
3.455440402030944824e-01 -2.306712605059146881e-02 -1.788389170542359352e-03 1.724709123373031616e-01
3.450827002525329590e-01 1.720803827047348022e-01 1.661029062233865261e-03 -1.207756623625755310e-01
3.485243022441864014e-01 3.671784996986389160e-01 -7.544840918853878975e-04 -4.129340946674346924e-01
3.558678925037384033e-01 1.720672398805618286e-01 -9.013165719807147980e-03 -1.204891130328178406e-01
3.593092262744903564e-01 -2.292442321777343750e-02 -1.142294798046350479e-02 1.693366765975952148e-01
3.588507473468780518e-01 1.723591536283493042e-01 -8.036214858293533325e-03 -1.269278526306152344e-01
3.622979223728179932e-01 -2.264675870537757874e-02 -1.057477202266454697e-02 1.632089465856552124e-01
3.618449866771697998e-01 1.726249605417251587e-01 -7.310593035072088242e-03 -1.327911913394927979e-01
3.652974665164947510e-01 -2.239150740206241608e-02 -9.966417215764522552e-03 1.575764119625091553e-01
3.648496568202972412e-01 1.728717088699340820e-01 -6.814888678491115570e-03 -1.382339447736740112e-01
3.683070838451385498e-01 -2.215197496116161346e-02 -9.579567238688468933e-03 1.522912234067916870e-01
3.678640425205230713e-01 1.731058210134506226e-01 -6.533743347972631454e-03 -1.433983892202377319e-01
3.713261485099792480e-01 -2.192194759845733643e-02 -9.401710703969001770e-03 1.472161114215850830e-01
3.708877265453338623e-01 1.733333617448806763e-01 -6.457388401031494141e-03 -1.484179794788360596e-01
3.743543922901153564e-01 -2.169552072882652283e-02 -9.425748139619827271e-03 1.422207951545715332e-01
3.739204704761505127e-01 1.735601425170898438e-01 -6.581332068890333176e-03 -1.534208208322525024e-01
3.773916959762573242e-01 -2.146695554256439209e-02 -9.649747982621192932e-03 1.371785998344421387e-01
3.769623339176177979e-01 1.737918704748153687e-01 -6.906176451593637466e-03 -1.585329771041870117e-01
3.804381787776947021e-01 -2.123052626848220825e-02 -1.007683575153350830e-02 1.319632381200790405e-01
3.800135850906372070e-01 1.740343123674392700e-01 -7.437571417540311813e-03 -1.638816893100738525e-01
3.834942579269409180e-01 -2.098038606345653534e-02 -1.071520522236824036e-02 1.264456361532211304e-01
3.830746412277221680e-01 1.742934137582778931e-01 -8.186291903257369995e-03 -1.695984601974487305e-01
3.865605294704437256e-01 -2.071040868759155273e-02 -1.157826185226440430e-02 1.204907372593879700e-01
3.861463069915771484e-01 1.745754927396774292e-01 -9.168446995317935944e-03 -1.758224219083786011e-01
3.896378278732299805e-01 -2.041404880583286285e-02 -1.268489472568035126e-02 1.139541193842887878e-01
3.892295360565185547e-01 1.748873442411422729e-01 -1.040581241250038147e-02 -1.827036589384078979e-01
3.927272856235504150e-01 -2.008417993783950806e-02 -1.405988633632659912e-02 1.066785380244255066e-01
3.923256099224090576e-01 1.752364039421081543e-01 -1.192631479352712631e-02 -1.904068440198898315e-01
3.958303332328796387e-01 -1.971291564404964447e-02 -1.573445275425910950e-02 9.849008172750473022e-02
3.954360783100128174e-01 -2.146058678627014160e-01 -1.376465056091547012e-02 3.861675858497619629e-01
3.911439478397369385e-01 -1.929124630987644196e-02 -6.041299086064100266e-03 8.917672187089920044e-02
3.907581269741058350e-01 1.759167760610580444e-01 -4.257764667272567749e-03 -2.054060995578765869e-01
3.942764699459075928e-01 -1.914403028786182404e-02 -8.365886285901069641e-03 8.593068271875381470e-02
3.938935697078704834e-01 1.760968267917633057e-01 -6.647272966802120209e-03 -2.093799114227294922e-01
3.974155187606811523e-01 -1.892944239079952240e-02 -1.083487085998058319e-02 8.119875937700271606e-02
3.970369398593902588e-01 1.763461381196975708e-01 -9.210895746946334839e-03 -2.148828059434890747e-01
4.005638659000396729e-01 -1.864292845129966736e-02 -1.350855175405740738e-02 7.488042116165161133e-02
4.001910090446472168e-01 -2.135686427354812622e-01 -1.201094314455986023e-02 3.632709085941314697e-01
3.959196209907531738e-01 -1.827806048095226288e-02 -4.745525307953357697e-03 6.682503968477249146e-02
3.955540657043457031e-01 1.769116073846817017e-01 -3.409024327993392944e-03 -2.273513376712799072e-01
3.990922868251800537e-01 -1.816146075725555420e-02 -7.956051267683506012e-03 6.425431370735168457e-02
3.987290561199188232e-01 -2.131684422492980957e-01 -6.670964881777763367e-03 3.544164597988128662e-01
3.944656848907470703e-01 -1.795227825641632080e-02 4.173645575065165758e-04 5.963749065995216370e-02
3.941066563129425049e-01 1.771636903285980225e-01 1.610114355571568012e-03 -2.329137325286865234e-01
3.976499140262603760e-01 -1.798123493790626526e-02 -3.048160113394260406e-03 6.027664989233016968e-02
3.972902894020080566e-01 1.771842837333679199e-01 -1.842627185396850109e-03 -2.333664298057556152e-01
4.008339941501617432e-01 -1.791128702461719513e-02 -6.509955972433090210e-03 5.873470008373260498e-02
4.004757702350616455e-01 -2.129392921924591064e-01 -5.335261579602956772e-03 3.493565917015075684e-01
3.962169885635375977e-01 -1.774187199771404266e-02 1.651870203204452991e-03 5.499607324600219727e-02
3.958621323108673096e-01 1.773563623428344727e-01 2.751791616901755333e-03 -2.371652126312255859e-01
3.994092643260955811e-01 -1.780480146408081055e-02 -1.991512719541788101e-03 5.638443306088447571e-02
3.990531563758850098e-01 1.773456484079360962e-01 -8.638239232823252678e-04 -2.369261682033538818e-01
4.026000797748565674e-01 -1.776395179331302643e-02 -5.602347198873758316e-03 5.548416078090667725e-02
4.022448062896728516e-01 -2.128051221370697021e-01 -4.492663778364658356e-03 3.463942408561706543e-01
3.979887068271636963e-01 -1.761955954134464264e-02 2.435221103951334953e-03 5.229801684617996216e-02
3.976362943649291992e-01 1.774673908948898315e-01 3.481181571260094643e-03 -2.396155893802642822e-01
4.011856615543365479e-01 -1.770411990582942963e-02 -1.311130239628255367e-03 5.416337028145790100e-02
4.008315801620483398e-01 1.774366050958633423e-01 -2.278627653140574694e-04 -2.389329373836517334e-01
4.043802917003631592e-01 -1.768208853900432587e-02 -5.006521474570035934e-03 5.367810279130935669e-02
4.040266573429107666e-01 -2.127318978309631348e-01 -3.932959400117397308e-03 3.447772264480590820e-01
3.997720181941986084e-01 -1.755421794950962067e-02 2.962585305795073509e-03 5.085669830441474915e-02
3.994209468364715576e-01 1.775251328945159912e-01 3.979719243943691254e-03 -2.408900409936904907e-01
4.029714465141296387e-01 -1.765344664454460144e-02 -8.380815270356833935e-04 5.304554104804992676e-02
4.026183784008026123e-01 1.774805188179016113e-01 2.228292869403958321e-04 -2.399016916751861572e-01
4.061679840087890625e-01 -1.764462143182754517e-02 -4.575204569846391678e-03 5.285151302814483643e-02
4.058150947093963623e-01 1.775426268577575684e-01 -3.518174169585108757e-03 -2.412714064121246338e-01
4.093659520149230957e-01 -1.752888597548007965e-02 -8.343602530658245087e-03 5.029971897602081299e-02
4.090153574943542480e-01 -2.125302106142044067e-01 -7.337607908993959427e-03 3.403385281562805176e-01
4.047647714614868164e-01 -1.730463095009326935e-02 -5.308373947627842426e-04 4.535080865025520325e-02
4.044186770915985107e-01 1.778249293565750122e-01 3.761787957046180964e-04 -2.474995553493499756e-01
4.079751670360565186e-01 -1.730239205062389374e-02 -4.573812242597341537e-03 4.530200362205505371e-02
4.076291322708129883e-01 -2.123584598302841187e-01 -3.667772281914949417e-03 3.365383446216583252e-01
4.033819437026977539e-01 -1.718450523912906647e-02 3.062994685024023056e-03 4.270106181502342224e-02
4.030382633209228516e-01 1.778933852910995483e-01 3.917016088962554932e-03 -2.490138858556747437e-01
4.065961241722106934e-01 -1.728428155183792114e-02 -1.063261879608035088e-03 4.490197077393531799e-02
4.062504470348358154e-01 1.778528988361358643e-01 -1.652225037105381489e-04 -2.481162399053573608e-01
4.098075032234191895e-01 -1.726669073104858398e-02 -5.127547308802604675e-03 4.451457038521766663e-02
4.094621539115905762e-01 -2.123147398233413696e-01 -4.237256012856960297e-03 3.355753123760223389e-01
4.052158594131469727e-01 -1.713274419307708740e-02 2.474250271916389465e-03 4.155919328331947327e-02
4.048732221126556396e-01 1.779536455869674683e-01 3.305434249341487885e-03 -2.503420710563659668e-01
4.084323048591613770e-01 -1.721535809338092804e-02 -1.701407018117606640e-03 4.338163509964942932e-02
4.080879986286163330e-01 1.779309511184692383e-01 -8.337742765434086323e-04 -2.498376220464706421e-01
4.116466045379638672e-01 -1.717908494174480438e-02 -5.830526817589998245e-03 4.258220270276069641e-02
4.113030135631561279e-01 -2.122169435024261475e-01 -4.978882614523172379e-03 3.334198594093322754e-01
4.070586860179901123e-01 -1.702448353171348572e-02 1.689514610916376114e-03 3.917101025581359863e-02
4.067181944847106934e-01 1.780731976032257080e-01 2.472934778779745102e-03 -2.529783844947814941e-01
4.102796614170074463e-01 -1.708397641777992249e-02 -2.586632966995239258e-03 4.048352688550949097e-02
4.099379777908325195e-01 -2.121687382459640503e-01 -1.776962308213114738e-03 3.323492407798767090e-01
4.056946039199829102e-01 -1.702154055237770081e-02 4.870022181421518326e-03 3.910646215081214905e-02
4.053541719913482666e-01 1.780302375555038452e-01 5.652151536196470261e-03 -2.520359456539154053e-01
4.089147746562957764e-01 -1.717196591198444366e-02 6.114324205555021763e-04 4.242439940571784973e-02
4.085713326930999756e-01 1.779412180185317993e-01 1.459920313209295273e-03 -2.500655651092529297e-01
4.121301472187042236e-01 -1.720155775547027588e-02 -3.541390644386410713e-03 4.307750612497329712e-02
4.117861390113830566e-01 -2.122725546360015869e-01 -2.679840661585330963e-03 3.346409797668457031e-01
4.075406789779663086e-01 -1.711255870759487152e-02 4.012979101389646530e-03 4.111418500542640686e-02
4.071984291076660156e-01 1.779516190290451050e-01 4.835262894630432129e-03 -2.502999007701873779e-01
4.107574522495269775e-01 -1.723904721438884735e-02 -1.707353658275678754e-04 4.390422627329826355e-02
4.104126691818237305e-01 1.778853535652160645e-01 7.073491578921675682e-04 -2.488325685262680054e-01
4.139703810214996338e-01 -1.724669523537158966e-02 -4.269302356988191605e-03 4.407339170575141907e-02
4.136254489421844482e-01 -2.123071700334548950e-01 -3.387834411114454269e-03 3.354062736034393311e-01
4.093793034553527832e-01 -1.713716425001621246e-02 3.320290939882397652e-03 4.165691882371902466e-02
4.090365767478942871e-01 1.779370158910751343e-01 4.153429064899682999e-03 -2.499765753746032715e-01
4.125953018665313721e-01 -1.724399998784065247e-02 -8.461022516712546349e-04 4.401352629065513611e-02
4.122504293918609619e-01 1.778900772333145142e-01 3.416825711610727012e-05 -2.489362359046936035e-01
4.158082306385040283e-01 -1.723236590623855591e-02 -4.944556392729282379e-03 4.375747218728065491e-02
4.154635667800903320e-01 -2.122830599546432495e-01 -4.069407004863023758e-03 3.348762392997741699e-01
4.112179279327392578e-01 -1.710343547165393829e-02 2.628118032589554787e-03 4.091282933950424194e-02
4.108758568763732910e-01 1.779807358980178833e-01 3.446374554187059402e-03 -2.509397566318511963e-01
4.144354760646820068e-01 -1.719026640057563782e-02 -1.572420238517224789e-03 4.282824322581291199e-02
4.140916466712951660e-01 1.779541969299316406e-01 -7.158554508350789547e-04 -2.503503859043121338e-01
4.176507294178009033e-01 -1.715752296149730682e-02 -5.722863133996725082e-03 4.210666194558143616e-02
4.173075854778289795e-01 -2.121969461441040039e-01 -4.880730062723159790e-03 3.329784870147705078e-01
4.130636453628540039e-01 -1.700586453080177307e-02 1.778839970938861370e-03 3.876043111085891724e-02
4.127235412597656250e-01 1.780905276536941528e-01 2.554048551246523857e-03 -2.533607184886932373e-01
4.162853360176086426e-01 -1.706779375672340393e-02 -2.513165818527340889e-03 4.012669995427131653e-02
4.159439802169799805e-01 1.780901104211807251e-01 -1.710631884634494781e-03 -2.533480823040008545e-01
4.195058047771453857e-01 -1.700737886130809784e-02 -6.777593865990638733e-03 3.879477828741073608e-02
4.191656410694122314e-01 -2.120314836502075195e-01 -6.001698318868875504e-03 3.293316364288330078e-01
4.149250090122222900e-01 -1.682461425662040710e-02 5.849343724548816681e-04 3.476209938526153564e-02
4.145885109901428223e-01 1.782889366149902344e-01 1.280176336877048016e-03 -2.577362060546875000e-01
4.181542992591857910e-01 -1.685126125812530518e-02 -3.874548012390732765e-03 3.535022214055061340e-02
4.178172647953033447e-01 -2.119174301624298096e-01 -3.167543560266494751e-03 3.268081843852996826e-01
4.135789275169372559e-01 -1.675053127110004425e-02 3.368620062246918678e-03 3.312803059816360474e-02
4.132439196109771729e-01 1.783229559659957886e-01 4.031180404126644135e-03 -2.584901750087738037e-01
4.168103635311126709e-01 -1.685631833970546722e-02 -1.138622639700770378e-03 3.546152636408805847e-02
4.164732396602630615e-01 1.782819479703903198e-01 -4.293920355848968029e-04 -2.575804293155670166e-01
4.200388789176940918e-01 -1.683387532830238342e-02 -5.581000819802284241e-03 3.496703132987022400e-02
4.197022020816802979e-01 -2.118753492832183838e-01 -4.881659988313913345e-03 3.258838951587677002e-01
4.154646992683410645e-01 -1.668423600494861603e-02 1.636017579585313797e-03 3.166549652814865112e-02
4.151310324668884277e-01 1.784142106771469116e-01 2.269327640533447266e-03 -2.605007886886596680e-01
4.186992943286895752e-01 -1.674005761742591858e-02 -2.940688515082001686e-03 3.289703652262687683e-02
4.183644950389862061e-01 -2.118197083473205566e-01 -2.282747766003012657e-03 3.246507048606872559e-01
4.141281247138977051e-01 -1.666533388197422028e-02 4.210266284644603729e-03 3.124876134097576141e-02
4.137948155403137207e-01 1.783959865570068359e-01 4.835241474211215973e-03 -2.601028084754943848e-01
4.173627197742462158e-01 -1.679465547204017639e-02 -3.668148128781467676e-04 3.410128131508827209e-02
4.170268177986145020e-01 1.783325523138046265e-01 3.152108401991426945e-04 -2.586973607540130615e-01
4.205934703350067139e-01 -1.679389551281929016e-02 -4.858736414462327957e-03 3.408497571945190430e-02
4.202575981616973877e-01 -2.118458300828933716e-01 -4.177036695182323456e-03 3.252309560775756836e-01
4.160206913948059082e-01 -1.666465960443019867e-02 2.327582566067576408e-03 3.123371489346027374e-02
4.156873822212219238e-01 1.784238368272781372e-01 2.952256938442587852e-03 -2.607139348983764648e-01
4.192558825016021729e-01 -1.674013398587703705e-02 -2.262021647766232491e-03 3.289871662855148315e-02
4.189210534095764160e-01 -2.118295729160308838e-01 -1.604047254659235477e-03 3.248670995235443115e-01
4.146844744682312012e-01 -1.668482087552547455e-02 4.893294535577297211e-03 3.167875111103057861e-02
4.143507778644561768e-01 1.783666163682937622e-01 5.526869557797908783e-03 -2.594562768936157227e-01
4.179181158542633057e-01 -1.683379709720611572e-02 3.377440443728119135e-04 3.496475890278816223e-02
4.175814390182495117e-01 1.782833039760589600e-01 1.037039211951196194e-03 -2.576115727424621582e-01
4.211471080780029297e-01 -1.685343123972415924e-02 -4.115192685276269913e-03 3.539825603365898132e-02
4.208100438117980957e-01 -2.119161337614059448e-01 -3.407227341085672379e-03 3.267799615859985352e-01
4.165717065334320068e-01 -1.674583368003368378e-02 3.128371899947524071e-03 3.302449733018875122e-02
4.162367880344390869e-01 1.783311218023300171e-01 3.788861678913235664e-03 -2.586697638034820557e-01
4.198034107685089111e-01 -1.684471964836120605e-02 -1.384533359669148922e-03 3.520581871271133423e-02
4.194665253162384033e-01 1.782970577478408813e-01 -6.804169970564544201e-04 -2.579136192798614502e-01
4.230324625968933105e-01 -1.681517250835895538e-02 -5.838689394295215607e-03 3.455461561679840088e-02
4.226961731910705566e-01 -2.118529081344604492e-01 -5.147597286850214005e-03 3.253896832466125488e-01
4.184590876102447510e-01 -1.665804721415042877e-02 1.360196270979940891e-03 3.108786605298519135e-02
4.181259274482727051e-01 1.784443706274032593e-01 1.981953624635934830e-03 -2.611655890941619873e-01
4.216948151588439941e-01 -1.670581474900245667e-02 -3.241358324885368347e-03 3.214180842041969299e-02
4.213607013225555420e-01 -2.117811292409896851e-01 -2.598521998152136803e-03 3.238002955913543701e-01
4.171250760555267334e-01 -1.662227883934974670e-02 3.877483773976564407e-03 3.029903024435043335e-02
4.167926311492919922e-01 1.784438490867614746e-01 4.483464173972606659e-03 -2.611579895019531250e-01
4.203615188598632812e-01 -1.674181222915649414e-02 -7.396954461000859737e-04 3.293569758534431458e-02
4.200266897678375244e-01 1.783907413482666016e-01 -8.098150283331051469e-05 -2.599805295467376709e-01
4.235945045948028564e-01 -1.673005521297454834e-02 -5.280592013150453568e-03 3.267686441540718079e-02
4.232598841190338135e-01 -2.117758840322494507e-01 -4.627054557204246521e-03 3.236890435218811035e-01
4.190243780612945557e-01 -1.658835448324680328e-02 1.846726285293698311e-03 2.955053187906742096e-02
4.186926186084747314e-01 1.785070598125457764e-01 2.437736839056015015e-03 -2.625491619110107422e-01
4.222627580165863037e-01 -1.664959825575351715e-02 -2.813246333971619606e-03 3.090165741741657257e-02
4.219297766685485840e-01 -2.117310911417007446e-01 -2.195213222876191139e-03 3.226956427097320557e-01
4.176951348781585693e-01 -1.657795161008834839e-02 4.258699715137481689e-03 2.932124957442283630e-02
4.173635840415954590e-01 1.784826666116714478e-01 4.845124669373035431e-03 -2.620149850845336914e-01
4.209332466125488281e-01 -1.670810580253601074e-02 -3.951747785322368145e-04 3.219221532344818115e-02
4.205990731716156006e-01 1.784195154905319214e-01 2.486695302650332451e-04 -2.606153786182403564e-01
4.241674542427062988e-01 -1.670598983764648438e-02 -4.963637795299291611e-03 3.214598074555397034e-02
4.238333404064178467e-01 -2.117564082145690918e-01 -4.320718348026275635e-03 3.232586979866027832e-01
4.195982217788696289e-01 -1.657320186495780945e-02 2.144455909729003906e-03 2.921633608639240265e-02
4.192667603492736816e-01 1.785179376602172852e-01 2.728782594203948975e-03 -2.627892196178436279e-01
4.228371083736419678e-01 -1.664286479353904724e-02 -2.527001779526472092e-03 3.075314499437808990e-02
4.225042462348937988e-01 -2.117284834384918213e-01 -1.911938888952136040e-03 3.226377069950103760e-01
4.182696938514709473e-01 -1.657936163246631622e-02 4.540815018117427826e-03 2.935244329273700714e-02
4.179380834102630615e-01 1.784771829843521118e-01 5.127863958477973938e-03 -2.618943452835083008e-01
4.215076267719268799e-01 -1.671759411692619324e-02 -1.100231020245701075e-04 3.240153938531875610e-02
4.211732745170593262e-01 1.784059405326843262e-01 5.380077054724097252e-04 -2.603161036968231201e-01
4.247414171695709229e-01 -1.672369241714477539e-02 -4.668314475566148758e-03 3.253647312521934509e-02
4.244069457054138184e-01 -2.117783874273300171e-01 -4.017584957182407379e-03 3.237428367137908936e-01
4.201713502407073975e-01 -1.659946143627166748e-02 2.457272261381149292e-03 2.979565411806106567e-02
4.198393821716308594e-01 1.784871667623519897e-01 3.053185297176241875e-03 -2.621109783649444580e-01
4.234091043472290039e-01 -1.667823456227779388e-02 -2.189034130424261093e-03 3.153340518474578857e-02
4.230755567550659180e-01 -2.117687314748764038e-01 -1.558365882374346256e-03 3.235248625278472900e-01
4.188401699066162109e-01 -1.662461832165718079e-02 4.912131465971469879e-03 3.035090304911136627e-02
4.185076951980590820e-01 1.784265488386154175e-01 5.519149359315633774e-03 -2.607781589031219482e-01
4.220762252807617188e-01 -1.677375473082065582e-02 3.035863628610968590e-04 3.364045917987823486e-02
4.217407405376434326e-01 1.783438473939895630e-01 9.763955604285001755e-04 -2.589466571807861328e-01
4.253076314926147461e-01 -1.679203473031520844e-02 -4.202537704259157181e-03 3.404406830668449402e-02
4.249717891216278076e-01 -2.118534743785858154e-01 -3.521656384691596031e-03 3.253980875015258789e-01
4.207347035408020020e-01 -1.668155379593372345e-02 2.986305393278598785e-03 3.160667046904563904e-02
4.204010665416717529e-01 1.783974468708038330e-01 3.618438728153705597e-03 -2.601325511932373047e-01
4.239690303802490234e-01 -1.677597314119338989e-02 -1.584212179295718670e-03 3.368948027491569519e-02
4.236335158348083496e-01 1.783686578273773193e-01 -9.104225900955498219e-04 -2.594928741455078125e-01
4.272008836269378662e-01 -1.674028299748897552e-02 -6.100279744714498520e-03 3.290276601910591125e-02
4.268660843372344971e-01 -2.117742300033569336e-01 -5.442224442958831787e-03 3.236547708511352539e-01
4.226305782794952393e-01 -1.657520420849323273e-02 1.030870713293552399e-03 2.926056459546089172e-02
4.222990870475769043e-01 1.785319447517395020e-01 1.616082037799060345e-03 -2.630969285964965820e-01
4.258697330951690674e-01 -1.661303266882896423e-02 -3.645856631919741631e-03 3.009528480470180511e-02
4.255374670028686523e-01 -2.116825133562088013e-01 -3.043951001018285751e-03 3.216256797313690186e-01
4.213038086891174316e-01 -1.651734486222267151e-02 3.388562705367803574e-03 2.798436395823955536e-02
4.209734797477722168e-01 1.785558462142944336e-01 3.948249854147434235e-03 -2.636274993419647217e-01
4.245445728302001953e-01 -1.662223599851131439e-02 -1.324300304986536503e-03 3.029811754822731018e-02
4.242121279239654541e-01 -2.117251753807067871e-01 -7.183379493653774261e-04 3.225629329681396484e-01
4.199776351451873779e-01 -1.659299805760383606e-02 5.732920486479997635e-03 2.965354360640048981e-02
4.196457862854003906e-01 1.784462779760360718e-01 6.325991358608007431e-03 -2.612150907516479492e-01
4.232147037982940674e-01 -1.676540821790695190e-02 1.101689529605209827e-03 3.345640376210212708e-02
4.228793978691101074e-01 1.783407330513000488e-01 1.770817674696445465e-03 -2.588787376880645752e-01
4.264461994171142578e-01 -1.680645905435085297e-02 -3.406756790354847908e-03 3.436221554875373840e-02
4.261100888252258301e-01 -2.118793874979019165e-01 -2.719512442126870155e-03 3.259683251380920410e-01
4.218724966049194336e-01 -1.671882532536983490e-02 3.799854079261422157e-03 3.242903202772140503e-02
4.215381145477294922e-01 1.783484220504760742e-01 4.448434803634881973e-03 -2.590525746345520020e-01
4.251050949096679688e-01 -1.683674566447734833e-02 -7.326168706640601158e-04 3.503011539578437805e-02
4.247683584690093994e-01 1.782957017421722412e-01 -3.201451545464806259e-05 -2.578838765621185303e-01
4.283342659473419189e-01 -1.682578958570957184e-02 -5.189691670238971710e-03 3.478895872831344604e-02
4.279977381229400635e-01 -2.118729352951049805e-01 -4.493912681937217712e-03 3.258299827575683594e-01
4.237602949142456055e-01 -1.668729074299335480e-02 2.022686880081892014e-03 3.173325955867767334e-02
4.234265387058258057e-01 1.784055978059768677e-01 2.657352015376091003e-03 -2.603107988834381104e-01
4.269946515560150146e-01 -1.675418950617313385e-02 -2.548863878473639488e-03 3.320910036563873291e-02
4.266595840454101562e-01 -2.118394970893859863e-01 -1.884681987576186657e-03 3.250867426395416260e-01
4.224227666854858398e-01 -1.669076085090637207e-02 4.617053084075450897e-03 3.181006759405136108e-02
4.220889508724212646e-01 1.783646792173385620e-01 5.253254435956478119e-03 -2.594125568866729736e-01
4.256562590599060059e-01 -1.683187298476696014e-02 6.500310701085254550e-05 3.492267429828643799e-02
4.253196120262145996e-01 1.782891452312469482e-01 7.634565699845552444e-04 -2.577397525310516357e-01
4.288854002952575684e-01 -1.684369705617427826e-02 -4.391338210552930832e-03 3.518389165401458740e-02
4.285485446453094482e-01 -2.119023948907852173e-01 -3.687660442665219307e-03 3.264780640602111816e-01
4.243104755878448486e-01 -1.672814227640628815e-02 2.841901034116744995e-03 3.263450786471366882e-02
4.239759147167205811e-01 1.783529371023178101e-01 3.494591219350695610e-03 -2.591504156589508057e-01
4.275429844856262207e-01 -1.681872457265853882e-02 -1.688417047262191772e-03 3.463270142674446106e-02
4.272066056728363037e-01 1.783273965120315552e-01 -9.957629954442381859e-04 -2.585824728012084961e-01
4.307731389999389648e-01 -1.678032241761684418e-02 -6.167412269860506058e-03 3.378622233867645264e-02
4.304375350475311279e-01 -2.118132859468460083e-01 -5.491687916219234467e-03 3.245168924331665039e-01
4.262012839317321777e-01 -1.661357656121253967e-02 9.986503282561898232e-04 3.010720014572143555e-02
4.258690178394317627e-01 1.784940361976623535e-01 1.600794377736747265e-03 -2.622604668140411377e-01
4.294388890266418457e-01 -1.665072701871395111e-02 -3.644415177404880524e-03 3.092693164944648743e-02
4.291058778762817383e-01 -2.117202281951904297e-01 -3.025876358151435852e-03 3.224577903747558594e-01
4.248714745044708252e-01 -1.655531674623489380e-02 3.423279151320457458e-03 2.882215194404125214e-02
4.245403707027435303e-01 1.785173714160919189e-01 3.999722190201282501e-03 -2.627787292003631592e-01
4.281107187271118164e-01 -1.666143909096717834e-02 -1.255852286703884602e-03 3.116306662559509277e-02
4.277774691581726074e-01 1.784784942865371704e-01 -6.325910217128694057e-04 -2.619158327579498291e-01
4.313470423221588135e-01 -1.663441583514213562e-02 -5.870907567441463470e-03 3.056750260293483734e-02
4.310143589973449707e-01 -2.116716802120208740e-01 -5.259557627141475677e-03 3.213923275470733643e-01
4.267809391021728516e-01 -1.647523045539855957e-02 1.168288988992571831e-03 2.705539204180240631e-02
4.264514148235321045e-01 1.786299496889114380e-01 1.709396834485232830e-03 -2.652586996555328369e-01
4.300240278244018555e-01 -1.651636138558387756e-02 -3.595777088776230812e-03 2.796289883553981781e-02
4.296936988830566406e-01 -2.115865647792816162e-01 -3.036519279703497887e-03 3.195091485977172852e-01
4.254619777202606201e-01 -1.642149686813354492e-02 3.353663953021168709e-03 2.587016858160495758e-02
4.251335263252258301e-01 1.786521971225738525e-01 3.871067194268107414e-03 -2.657527625560760498e-01
4.287065863609313965e-01 -1.652478612959384918e-02 -1.443987828679382801e-03 2.814862318336963654e-02
4.283760786056518555e-01 -2.116259932518005371e-01 -8.810153813101351261e-04 3.203755915164947510e-01
4.241435527801513672e-01 -1.649151369929313660e-02 5.526496563106775284e-03 2.741497009992599487e-02
4.238137304782867432e-01 1.785507500171661377e-01 6.074795965105295181e-03 -2.635191679000854492e-01
4.273847639560699463e-01 -1.665738224983215332e-02 8.044125861488282681e-04 3.107360005378723145e-02
4.270516037940979004e-01 1.784530282020568848e-01 1.425884547643363476e-03 -2.613554298877716064e-01
4.306206703186035156e-01 -1.668925210833549500e-02 -3.801223821938037872e-03 3.177690878510475159e-02
4.302868843078613281e-01 -2.117564827203750610e-01 -3.165685571730136871e-03 3.232581019401550293e-01
4.260517358779907227e-01 -1.658960059285163879e-02 3.299476113170385361e-03 2.957851812243461609e-02
4.257199466228485107e-01 1.784848719835281372e-01 3.891046624630689621e-03 -2.620615661144256592e-01
4.292896389961242676e-01 -1.669239811599254608e-02 -1.350184786133468151e-03 3.184609860181808472e-02
4.289557933807373047e-01 1.784488856792449951e-01 -7.132628234103322029e-04 -2.612625062465667725e-01
4.325247704982757568e-01 -1.666287332773208618e-02 -5.938513204455375671e-03 3.119534999132156372e-02
4.321915209293365479e-01 -2.116991579532623291e-01 -5.314606241881847382e-03 3.219987154006958008e-01
4.279575347900390625e-01 -1.650193333625793457e-02 1.125368056818842888e-03 2.764451876282691956e-02
4.276275038719177246e-01 1.786038577556610107e-01 1.678258413448929787e-03 -2.646831274032592773e-01
4.311995804309844971e-01 -1.654200442135334015e-02 -3.615404246374964714e-03 2.852866239845752716e-02
4.308687448501586914e-01 -2.116119265556335449e-01 -3.044830868020653725e-03 3.200686872005462646e-01
4.266364872455596924e-01 -1.644674129784107208e-02 3.356543136760592461e-03 2.642710506916046143e-02
4.263075590133666992e-01 1.786269098520278931e-01 3.885085228830575943e-03 -2.651948928833007812e-01
4.298801124095916748e-01 -1.655027084052562714e-02 -1.418813015334308147e-03 2.871087566018104553e-02
4.295490980148315430e-01 1.785919964313507080e-01 -8.445954881608486176e-04 -2.644193768501281738e-01
4.331209361553192139e-01 -1.651788875460624695e-02 -6.132982671260833740e-03 2.799704857170581818e-02
4.327905774116516113e-01 -2.115513533353805542e-01 -5.573041737079620361e-03 3.187386691570281982e-01
4.285595417022705078e-01 -1.635047420859336853e-02 8.017313666641712189e-04 2.430342137813568115e-02
4.282325506210327148e-01 1.787599772214889526e-01 1.287799794226884842e-03 -2.681264281272888184e-01
4.318077564239501953e-01 -1.638033613562583923e-02 -4.074729047715663910e-03 2.496238797903060913e-02
4.314801394939422607e-01 -2.114436179399490356e-01 -3.575481241568922997e-03 3.163568973541259766e-01
4.272512793540954590e-01 -1.627091877162456512e-02 2.751657040789723396e-03 2.254854887723922729e-02
4.269258379936218262e-01 1.788114607334136963e-01 3.202627878636121750e-03 -2.692649364471435547e-01
4.305020868778228760e-01 -1.635604538023471832e-02 -2.182670636102557182e-03 2.442640066146850586e-02
4.301749467849731445e-01 -2.114466279745101929e-01 -1.694142702035605907e-03 3.164198696613311768e-01
4.259460270404815674e-01 -1.630058698356151581e-02 4.634254612028598785e-03 2.320315316319465637e-02
4.256200194358825684e-01 1.787545979022979736e-01 5.098317749798297882e-03 -2.680140137672424316e-01
4.291951060295104980e-01 -1.643973961472511292e-02 -2.619625302031636238e-04 2.627258375287055969e-02
4.288662970066070557e-01 1.786859631538391113e-01 2.634891425259411335e-04 -2.664929926395416260e-01
4.324400424957275391e-01 -1.643974334001541138e-02 -5.066370591521263123e-03 2.627303823828697205e-02
4.321112334728240967e-01 -2.114886790513992310e-01 -4.540910013020038605e-03 3.173531591892242432e-01
4.278814494609832764e-01 -1.630233973264694214e-02 1.806153682991862297e-03 2.324166893959045410e-02
4.275554120540618896e-01 1.787936687469482422e-01 2.270987024530768394e-03 -2.688708603382110596e-01
4.311312735080718994e-01 -1.636062376201152802e-02 -3.106429940089583397e-03 2.452749572694301605e-02
4.308040738105773926e-01 -2.114378958940505981e-01 -2.615879988297820091e-03 3.162286877632141113e-01
4.265753030776977539e-01 -1.627877540886402130e-02 3.708693664520978928e-03 2.272195369005203247e-02
4.262497425079345703e-01 1.787897944450378418e-01 4.163132980465888977e-03 -2.687885463237762451e-01
4.298255443572998047e-01 -1.639132015407085419e-02 -1.212637871503829956e-03 2.520455978810787201e-02
4.294977188110351562e-01 -2.114958614110946655e-01 -7.085466641001403332e-04 3.175046443939208984e-01
4.252677857875823975e-01 -1.636382564902305603e-02 5.641546100378036499e-03 2.459834516048431396e-02
4.249405264854431152e-01 1.786767691373825073e-01 6.133513059467077255e-03 -2.662992775440216064e-01
4.285140633583068848e-01 -1.653218269348144531e-02 8.075273944996297359e-04 2.831187658011913300e-02
4.281834065914154053e-01 1.785781830549240112e-01 1.373764942400157452e-03 -2.641161680221557617e-01
4.317549765110015869e-01 -1.656335219740867615e-02 -3.908558283001184464e-03 2.899975143373012543e-02
4.314236938953399658e-01 -2.116290330886840820e-01 -3.328563179820775986e-03 3.204469382762908936e-01
4.271911382675170898e-01 -1.645983941853046417e-02 3.080375259742140770e-03 2.671615965664386749e-02
4.268619418144226074e-01 1.786178052425384521e-01 3.614698536694049835e-03 -2.649932801723480225e-01
4.304342865943908691e-01 -1.655555516481399536e-02 -1.685167197138071060e-03 2.882755734026432037e-02
4.301031827926635742e-01 1.785905212163925171e-01 -1.108616008423268795e-03 -2.643865942955017090e-01
4.336749911308288574e-01 -1.651558838784694672e-02 -6.396347656846046448e-03 2.794647030532360077e-02
4.333446621894836426e-01 -2.115452289581298828e-01 -5.837418138980865479e-03 3.186044394969940186e-01
4.291137754917144775e-01 -1.634062826633453369e-02 5.346704274415969849e-04 2.408633008599281311e-02
4.287869632244110107e-01 1.787736564874649048e-01 1.016397029161453247e-03 -2.684278488159179688e-01
4.323624372482299805e-01 -1.636279001832008362e-02 -4.352160263806581497e-03 2.457547746598720551e-02
4.320351779460906982e-01 -2.114220559597015381e-01 -3.860650584101676941e-03 3.158820867538452148e-01
4.278067350387573242e-01 -1.624532975256443024e-02 2.456991001963615417e-03 2.198413759469985962e-02
4.274818301200866699e-01 1.788412928581237793e-01 2.896673744544386864e-03 -2.699225842952728271e-01
4.310586452484130859e-01 -1.632186770439147949e-02 -2.501777606084942818e-03 2.367257513105869293e-02
4.307322204113006592e-01 -2.114078551530838013e-01 -2.028326038271188736e-03 3.155651092529296875e-01
4.265040457248687744e-01 -1.625706814229488373e-02 4.282976035028696060e-03 2.224321104586124420e-02
4.261789023876190186e-01 1.788032054901123047e-01 4.727840423583984375e-03 -2.690853178501129150e-01
4.297549724578857422e-01 -1.638589985668659210e-02 -6.538659217767417431e-04 2.508504316210746765e-02
4.294272661209106445e-01 -2.114984691143035889e-01 -1.521650410722941160e-04 3.175615966320037842e-01
4.251973032951354980e-01 -1.637434959411621094e-02 6.199066992849111557e-03 2.483068592846393585e-02
4.248698055744171143e-01 1.786581575870513916e-01 6.695680785924196243e-03 -2.658899426460266113e-01
4.284429550170898438e-01 -1.655871793627738953e-02 1.377881853841245174e-03 2.889732271432876587e-02
4.281117916107177734e-01 1.785434484481811523e-01 1.955828396603465080e-03 -2.633505463600158691e-01
4.316826462745666504e-01 -1.660636626183986664e-02 -3.311182605102658272e-03 2.994862571358680725e-02
4.313505291938781738e-01 -2.116806805133819580e-01 -2.712210174649953842e-03 3.215849995613098145e-01
4.271169304847717285e-01 -1.652020774781703949e-02 3.719490021467208862e-03 2.804798446595668793e-02
4.267865121364593506e-01 1.785482019186019897e-01 4.280449822545051575e-03 -2.634590864181518555e-01
4.303574860095977783e-01 -1.663457974791526794e-02 -9.887320920825004578e-04 3.057086095213890076e-02
4.300248026847839355e-01 1.785015314817428589e-01 -3.773148346226662397e-04 -2.624238431453704834e-01
4.335948228836059570e-01 -1.661502756178379059e-02 -5.625791847705841064e-03 3.014003671705722809e-02
4.332625269889831543e-01 -2.116558551788330078e-01 -5.022991448640823364e-03 3.210426568984985352e-01
4.290294051170349121e-01 -1.646273024380207062e-02 1.397862099111080170e-03 2.677992731332778931e-02
4.287001490592956543e-01 1.786391437053680420e-01 1.933460705913603306e-03 -2.654616236686706543e-01
4.322729408740997314e-01 -1.651034690439701080e-02 -3.375771921128034592e-03 2.783050015568733215e-02
4.319427311420440674e-01 -2.115837186574935913e-01 -2.819161862134933472e-03 3.194464147090911865e-01
4.277110397815704346e-01 -1.642173714935779572e-02 3.569766646251082420e-03 2.587577328085899353e-02
4.273826181888580322e-01 1.786488443613052368e-01 4.087281879037618637e-03 -2.656787037849426270e-01
4.309555888175964355e-01 -1.653120853006839752e-02 -1.226292341016232967e-03 2.829056605696678162e-02
4.306249618530273438e-01 1.786083132028579712e-01 -6.604810478165745735e-04 -2.647790312767028809e-01
4.341971278190612793e-01 -1.650421135127544403e-02 -5.956061184406280518e-03 2.769551426172256470e-02
4.338670372962951660e-01 -2.115402370691299438e-01 -5.402151029556989670e-03 3.184933066368103027e-01
4.296362400054931641e-01 -1.634177006781101227e-02 9.677149937488138676e-04 2.411164157092571259e-02
4.293093979358673096e-01 1.787662953138351440e-01 1.449947827495634556e-03 -2.682658135890960693e-01
