-2.337837032973766327e-02 3.922925144433975220e-02 -2.407366596162319183e-02 4.649953916668891907e-02
-2.259378507733345032e-02 -1.555393785238265991e-01 -2.314367517828941345e-02 3.314908444881439209e-01
-2.570457197725772858e-02 3.990423306822776794e-02 -1.651385799050331116e-02 3.160031884908676147e-02
-2.490648813545703888e-02 -1.549770534038543701e-01 -1.588185131549835205e-02 3.190275430679321289e-01
-2.800602838397026062e-02 4.036744311451911926e-02 -9.501300752162933350e-03 2.137867547571659088e-02
-2.719867974519729614e-02 -1.546169668436050415e-01 -9.073726832866668701e-03 3.110487461090087891e-01
-3.029101900756359100e-02 4.063307121396064758e-02 -2.852751873433589935e-03 1.551810745149850845e-02
-2.947835810482501984e-02 2.357958257198333740e-01 -2.542389789596199989e-03 -2.780635356903076172e-01
-2.476244047284126282e-02 4.071022942662239075e-02 -8.103660307824611664e-03 1.381644699722528458e-02
-2.394823729991912842e-02 -1.542945653200149536e-01 -7.827331312000751495e-03 3.039315938949584961e-01
-2.703412808477878571e-02 4.093804955482482910e-02 -1.748699578456580639e-03 8.790423162281513214e-03
-2.621536701917648315e-02 2.360850423574447632e-01 -1.572891022078692913e-03 -2.844437360763549805e-01
-2.149366587400436401e-02 4.098555073142051697e-02 -7.261765655130147934e-03 7.742705754935741425e-03
-2.067395485937595367e-02 -1.540315002202987671e-01 -7.106911391019821167e-03 2.981256544589996338e-01
-2.375458553433418274e-02 4.119102656841278076e-02 -1.144398702308535576e-03 3.209820948541164398e-03
-2.293076552450656891e-02 2.363293766975402832e-01 -1.080202287994325161e-03 -2.898339629173278809e-01
-1.820417679846286774e-02 4.122284054756164551e-02 -6.876881234347820282e-03 2.508089179173111916e-03
-1.737971976399421692e-02 -1.537998169660568237e-01 -6.826719734817743301e-03 2.930133640766143799e-01
-2.045571617782115936e-02 4.141880199313163757e-02 -9.664522367529571056e-04 -1.814772840589284897e-03
-1.962734013795852661e-02 -1.536892801523208618e-01 -1.002747681923210621e-03 2.905630767345428467e-01
-2.270112559199333191e-02 4.144695773720741272e-02 4.808513913303613663e-03 -2.435943344607949257e-03
-2.187218703329563141e-02 2.364996224641799927e-01 4.759795032441616058e-03 -2.935978472232818604e-01
-1.714219525456428528e-02 4.131013154983520508e-02 -1.112162251956760883e-03 5.824357504025101662e-04
-1.631599292159080505e-02 -1.537958532571792603e-01 -1.100513618439435959e-03 2.929142415523529053e-01
-1.939190924167633057e-02 4.134177416563034058e-02 4.757771734148263931e-03 -1.155564241344109178e-04
-1.856507360935211182e-02 2.363951653242111206e-01 4.755460191518068314e-03 -2.912935614585876465e-01
-1.383716985583305359e-02 4.120573401451110840e-02 -1.070410828106105328e-03 2.885381225496530533e-03
-1.301305554807186127e-02 -1.539008468389511108e-01 -1.012703170999884605e-03 2.952303886413574219e-01
-1.609107293188571930e-02 4.123552516102790833e-02 4.891904536634683609e-03 2.228242577984929085e-03
-1.526636164635419846e-02 2.362869828939437866e-01 4.936469253152608871e-03 -2.889072299003601074e-01
-1.054062228649854660e-02 4.109498485922813416e-02 -8.416750351898372173e-04 5.328519735485315323e-03
-9.718722663819789886e-03 -1.540148854255676270e-01 -7.351046078838407993e-04 2.977457642555236816e-01
-1.279902085661888123e-02 4.111753404140472412e-02 5.219810642302036285e-03 4.831093829125165939e-03
-1.197666954249143600e-02 2.361642420291900635e-01 5.316432565450668335e-03 -2.862003445625305176e-01
-7.253385148942470551e-03 4.096687212586402893e-02 -4.075745528098195791e-04 8.154576644301414490e-03
-6.434047594666481018e-03 -1.541492342948913574e-01 -2.444830024614930153e-04 3.007088899612426758e-01
-9.517031721770763397e-03 4.097620397806167603e-02 5.769694689661264420e-03 7.948859594762325287e-03
-8.697507902979850769e-03 2.360149323940277100e-01 5.928671918809413910e-03 -2.829080820083618164e-01
-3.977209329605102539e-03 4.080892726778984070e-02 2.705100341700017452e-04 1.163879968225955963e-02
-3.161030821502208710e-03 -1.543169021606445312e-01 5.032860208302736282e-04 3.044070601463317871e-01
-6.247368641197681427e-03 4.079787060618400574e-02 6.591427139937877655e-03 1.188290305435657501e-02
-5.431411322206258774e-03 2.358246743679046631e-01 6.829085294157266617e-03 -2.787130773067474365e-01
-7.149179000407457352e-04 4.060597345232963562e-02 1.254823757335543633e-03 1.611587963998317719e-02
9.720158413983881474e-05 -1.545339524745941162e-01 1.577141345478594303e-03 3.091944456100463867e-01
-2.993477508425712585e-03 4.056549444794654846e-02 7.761030457913875580e-03 1.700933091342449188e-02
-2.182167489081621170e-03 2.355752885341644287e-01 8.101217448711395264e-03 -2.732148170471191406e-01
2.529338235035538673e-03 4.033868387341499329e-02 2.636920427903532982e-03 2.201219461858272552e-02
3.336111782118678093e-03 -1.548209786415100098e-01 3.077164292335510254e-03 3.155259191989898682e-01
2.396921481704339385e-04 4.025699943304061890e-02 9.387683123350143433e-03 2.381502650678157806e-02
1.044832170009613037e-03 2.352430820465087891e-01 9.863983839750289917e-03 -2.658912539482116699e-01
5.749693606048822403e-03 3.998173773288726807e-02 4.546158481389284134e-03 2.988645993173122406e-02
6.549328565597534180e-03 2.350382059812545776e-01 5.143887363374233246e-03 -2.613586485385894775e-01
1.125009264796972275e-02 3.984320163726806641e-02 -8.328533294843509793e-05 3.294228017330169678e-02
1.204695645719766617e-02 -1.552775502204895020e-01 5.755602614954113960e-04 3.255989253520965576e-01
8.941405452787876129e-03 3.983619809150695801e-02 7.087538950145244598e-03 3.309756144881248474e-02
9.738129563629627228e-03 2.348558008670806885e-01 7.749489974230527878e-03 -2.573407590389251709e-01
1.443524565547704697e-02 3.962406888604164124e-02 2.602674532681703568e-03 3.777635470032691956e-02
1.522772666066884995e-02 -1.555351018905639648e-01 3.358201822265982628e-03 3.312793076038360596e-01
1.211702451109886169e-02 3.953888267278671265e-02 9.983788244426250458e-03 3.965729102492332458e-02
1.290780212730169296e-02 2.345162481069564819e-01 1.077693421393632889e-02 -2.498590052127838135e-01
1.759812794625759125e-02 3.924207389354705811e-02 5.779753439128398895e-03 4.620360955595970154e-02
1.838296838104724884e-02 2.342806756496429443e-01 6.703825667500495911e-03 -2.446501553058624268e-01
2.306858263909816742e-02 3.906361386179924011e-02 1.810822635889053345e-03 5.013975501060485840e-02
2.384985424578189850e-02 -1.560842543840408325e-01 2.813617698848247528e-03 3.433934748172760010e-01
2.072816900908946991e-02 3.899755328893661499e-02 9.681486524641513824e-03 5.159910768270492554e-02
2.150812000036239624e-02 2.339793592691421509e-01 1.071346923708915710e-02 -2.380135804414749146e-01
2.618770673871040344e-02 3.870600089430809021e-02 5.953197367489337921e-03 5.802934616804122925e-02
2.696182765066623688e-02 2.337420880794525146e-01 7.113784551620483398e-03 -2.327693700790405273e-01
3.163667023181915283e-02 3.851921856403350830e-02 2.458396833389997482e-03 6.214895471930503845e-02
3.240705281496047974e-02 -1.566378921270370483e-01 3.701376030221581459e-03 3.556064963340759277e-01
2.927429601550102234e-02 3.843123465776443481e-02 1.081350632011890411e-02 6.409302353858947754e-02
3.004292026162147522e-02 2.333965003490447998e-01 1.209536660462617874e-02 -2.251586616039276123e-01
3.471085056662559509e-02 3.810378164052963257e-02 7.592193316668272018e-03 7.131493091583251953e-02
3.547292575240135193e-02 2.331160753965377808e-01 9.018491953611373901e-03 -2.189629822969436646e-01
4.013524577021598816e-02 3.786637261509895325e-02 4.639232531189918518e-03 7.655104994773864746e-02
4.089257493615150452e-02 2.329215109348297119e-01 6.170253269374370575e-03 -2.146645784378051758e-01
4.555100575089454651e-02 3.771189227700233459e-02 1.876961905509233475e-03 7.995831966400146484e-02
4.630524292588233948e-02 -1.574369221925735474e-01 3.476128447800874710e-03 3.732328414916992188e-01
4.315650463104248047e-02 3.763548284769058228e-02 1.094078551977872849e-02 8.164799213409423828e-02
4.390921443700790405e-02 2.325989007949829102e-01 1.257374510169029236e-02 -2.075631022453308105e-01
4.856119304895401001e-02 3.729943186044692993e-02 8.422482758760452271e-03 8.905952423810958862e-02
4.930718243122100830e-02 2.322996556758880615e-01 1.020367350429296494e-02 -2.009542435407638550e-01
5.395317450165748596e-02 3.703326359391212463e-02 6.184588186442852020e-03 9.492991119623184204e-02
5.469384044408798218e-02 2.320660352706909180e-01 8.083186112344264984e-03 -1.957953870296478271e-01
5.933516100049018860e-02 3.682939708232879639e-02 4.167278762906789780e-03 9.942643344402313232e-02
6.007174775004386902e-02 2.318913787603378296e-01 6.155807524919509888e-03 -1.919388175010681152e-01
6.470957398414611816e-02 3.668190538883209229e-02 2.317030914127826691e-03 1.026796326041221619e-01
6.544321030378341675e-02 2.317705750465393066e-01 4.370623733848333359e-03 -1.892713755369186401e-01
7.007862627506256104e-02 3.658636659383773804e-02 5.851959576830267906e-04 1.047870889306068420e-01
7.081035524606704712e-02 2.316999286413192749e-01 2.680937759578227997e-03 -1.877111494541168213e-01
7.544434815645217896e-02 3.653972223401069641e-02 -1.073285238817334175e-03 1.058162972331047058e-01
7.617514580488204956e-02 -1.585668325424194336e-01 1.043040771037340164e-03 3.981604278087615967e-01
7.300380617380142212e-02 3.654030710458755493e-02 9.006248787045478821e-03 1.058065220713615417e-01
7.373461127281188965e-02 2.315320372581481934e-01 1.112237945199012756e-02 -1.840214133262634277e-01
7.836525887250900269e-02 3.625272959470748901e-02 7.441950961947441101e-03 1.121493428945541382e-01
7.909031212329864502e-02 2.312672585248947144e-01 9.684938006103038788e-03 -1.781764328479766846e-01
8.371565490961074829e-02 3.600805997848510742e-02 6.121409591287374496e-03 1.175459548830986023e-01
8.443581312894821167e-02 2.310417741537094116e-01 8.472328074276447296e-03 -1.731994450092315674e-01
8.905664831399917603e-02 3.579959273338317871e-02 5.008339416235685349e-03 1.221441477537155151e-01
8.977264165878295898e-02 2.308494299650192261e-01 7.451222278177738190e-03 -1.689545065164566040e-01
9.438963234424591064e-02 3.562162443995475769e-02 4.072132520377635956e-03 1.260697245597839355e-01
9.510206431150436401e-02 2.306849956512451172e-01 6.593526806682348251e-03 -1.653257161378860474e-01
9.971576184034347534e-02 3.546928986907005310e-02 3.287012688815593719e-03 1.294299662113189697e-01
1.004251539707183838e-01 2.305440008640289307e-01 5.875612143427133560e-03 -1.622141301631927490e-01
1.050360277295112610e-01 3.533843159675598145e-02 2.631329232826828957e-03 1.323165893554687500e-01
1.057427972555160522e-01 2.304225862026214600e-01 5.277661141008138657e-03 -1.595350354909896851e-01
1.103512495756149292e-01 3.522548079490661621e-02 2.086960477754473686e-03 1.348081827163696289e-01
1.110557615756988525e-01 2.303174734115600586e-01 4.783124197274446487e-03 -1.572156101465225220e-01
1.156621128320693970e-01 3.512737154960632324e-02 1.638811780139803886e-03 1.369724273681640625e-01
1.163646578788757324e-01 2.302258163690567017e-01 4.378260578960180283e-03 -1.551930308341979980e-01
1.209691762924194336e-01 3.504144772887229919e-02 1.274399925023317337e-03 1.388679146766662598e-01
1.216700002551078796e-01 2.301451265811920166e-01 4.051758442074060440e-03 -1.534126847982406616e-01
1.262729018926620483e-01 3.496539220213890076e-02 9.835048113018274307e-04 1.405457258224487305e-01
1.269722133874893188e-01 2.300732433795928955e-01 3.794419346377253532e-03 -1.518267542123794556e-01
1.315736770629882812e-01 3.489716351032257080e-02 7.578841177746653557e-04 1.420508027076721191e-01
1.322716176509857178e-01 2.300082594156265259e-01 3.598900279030203819e-03 -1.503929197788238525e-01
1.368717849254608154e-01 3.483495488762855530e-02 5.910417530685663223e-04 1.434231996536254883e-01
1.375684887170791626e-01 2.299484312534332275e-01 3.459505736827850342e-03 -1.490731984376907349e-01
1.421674489974975586e-01 3.477711603045463562e-02 4.780417366418987513e-04 1.446991115808486938e-01
1.428629904985427856e-01 2.298922240734100342e-01 3.372024046257138252e-03 -1.478329598903656006e-01
1.474608480930328369e-01 3.472214192152023315e-02 4.153649497311562300e-04 1.459118723869323730e-01
1.481552869081497192e-01 2.298381477594375610e-01 3.333602333441376686e-03 -1.466399878263473511e-01
1.527520418167114258e-01 3.466861322522163391e-02 4.008024116046726704e-04 1.470927596092224121e-01
1.534454226493835449e-01 2.297848165035247803e-01 3.342657582834362984e-03 -1.454637050628662109e-01
1.580411195755004883e-01 3.461515903472900391e-02 4.333835095167160034e-04 1.482718884944915771e-01
1.587334126234054565e-01 2.297309041023254395e-01 3.398821456357836723e-03 -1.442742794752120972e-01
1.633280366659164429e-01 3.456044197082519531e-02 5.133358645252883434e-04 1.494789719581604004e-01
1.640192419290542603e-01 2.296750396490097046e-01 3.502915380522608757e-03 -1.430419534444808960e-01
1.686127483844757080e-01 3.450309485197067261e-02 6.420761928893625736e-04 1.507440060377120972e-01
1.693028062582015991e-01 2.296158522367477417e-01 3.656956367194652557e-03 -1.417362838983535767e-01
1.738951206207275391e-01 3.444171324372291565e-02 8.222308242693543434e-04 1.520981043577194214e-01
1.745839565992355347e-01 2.295518815517425537e-01 3.864192869514226913e-03 -1.403253078460693359e-01
1.791749894618988037e-01 3.437479957938194275e-02 1.057686633430421352e-03 1.535741984844207764e-01
1.798624992370605469e-01 2.294815927743911743e-01 4.129170440137386322e-03 -1.387748718261718750e-01
1.844521313905715942e-01 3.430074080824851990e-02 1.353673054836690426e-03 1.552078723907470703e-01
1.851381361484527588e-01 2.294032871723175049e-01 4.457830451428890228e-03 -1.370476931333541870e-01
1.897262036800384521e-01 3.421776741743087769e-02 1.716876751743257046e-03 1.570382714271545410e-01
1.904105544090270996e-01 2.293151021003723145e-01 4.857642110437154770e-03 -1.351025253534317017e-01
1.949968636035919189e-01 3.412390500307083130e-02 2.155591733753681183e-03 1.591089516878128052e-01
1.956793367862701416e-01 2.292149215936660767e-01 5.337771028280258179e-03 -1.328931599855422974e-01
2.002636343240737915e-01 3.401692584156990051e-02 2.679907483980059624e-03 1.614689677953720093e-01
2.009439766407012939e-01 2.291004061698913574e-01 5.909286905080080032e-03 -1.303673088550567627e-01
2.055259793996810913e-01 3.389430791139602661e-02 3.301940625533461571e-03 1.641740500926971436e-01
2.062038779258728027e-01 2.289688438177108765e-01 6.585421506315469742e-03 -1.274653822183609009e-01
2.107832431793212891e-01 3.375316783785820007e-02 4.036113619804382324e-03 1.672878712415695190e-01
2.114583104848861694e-01 2.288171201944351196e-01 7.381871342658996582e-03 -1.241190508008003235e-01
2.160346508026123047e-01 4.238325357437133789e-01 4.899490159004926682e-03 -4.144639670848846436e-01
2.245113104581832886e-01 2.286414802074432373e-01 -3.389789024367928505e-03 -1.202404573559761047e-01
2.290841341018676758e-01 3.356826305389404297e-02 -5.794598255306482315e-03 1.713711023330688477e-01
2.297555059194564819e-01 2.287726700305938721e-01 -2.367176115512847900e-03 -1.231341958045959473e-01
2.343309521675109863e-01 3.368471190333366394e-02 -4.829860292375087738e-03 1.688009649515151978e-01
2.350046485662460327e-01 2.288754582405090332e-01 -1.453840755857527256e-03 -1.254017204046249390e-01
2.395821511745452881e-01 3.377436846494674683e-02 -3.961875103414058685e-03 1.668221950531005859e-01
2.402576506137847900e-01 2.289528101682662964e-01 -6.254311883822083473e-04 -1.271079629659652710e-01
2.448367029428482056e-01 3.383982181549072266e-02 -3.167590359225869179e-03 1.653775870800018311e-01
2.455134987831115723e-01 2.290069758892059326e-01 1.399613101966679096e-04 -1.283029466867446899e-01
2.500936388969421387e-01 3.388301655650138855e-02 -2.426097635179758072e-03 1.644241362810134888e-01
2.507712841033935547e-01 2.290396094322204590e-01 8.623852045275270939e-04 -1.290231645107269287e-01
2.553520798683166504e-01 3.390531614422798157e-02 -1.718078157864511013e-03 1.639317125082015991e-01
2.560302019119262695e-01 2.290518283843994141e-01 1.560556003823876381e-03 -1.292927265167236328e-01
2.606112360954284668e-01 4.241513907909393311e-01 -1.025298726744949818e-03 -4.214829206466674805e-01
2.690942585468292236e-01 2.290439754724502563e-01 -9.454957209527492523e-03 -1.291233897209167480e-01
2.736751437187194824e-01 3.405873477458953857e-02 -1.203742437064647675e-02 1.605616807937622070e-01
2.743563055992126465e-01 2.293509244918823242e-01 -8.826191537082195282e-03 -1.358943134546279907e-01
2.789433300495147705e-01 3.435650467872619629e-02 -1.154407765716314316e-02 1.539910733699798584e-01
2.796304523944854736e-01 2.296418249607086182e-01 -8.464256301522254944e-03 -1.423112899065017700e-01
2.842232882976531982e-01 3.464211523532867432e-02 -1.131048146635293961e-02 1.476893424987792969e-01
2.849161326885223389e-01 2.299241870641708374e-01 -8.356695063412189484e-03 -1.485402435064315796e-01
2.895146310329437256e-01 3.492290154099464417e-02 -1.132749952375888824e-02 1.414946466684341431e-01
2.902130782604217529e-01 2.302052378654479980e-01 -8.497606962919235229e-03 -1.547402888536453247e-01
2.948171794414520264e-01 3.520597890019416809e-02 -1.159241236746311188e-02 1.352497786283493042e-01
2.955213189125061035e-01 2.304920405149459839e-01 -8.887416683137416840e-03 -1.610677242279052734e-01
3.001311421394348145e-01 3.549844399094581604e-02 -1.210877113044261932e-02 1.287982463836669922e-01
3.008411228656768799e-01 2.307917475700378418e-01 -9.532806463539600372e-03 -1.676801145076751709e-01
3.054569661617279053e-01 3.580753505229949951e-02 -1.288640871644020081e-02 1.219803094863891602e-01
3.061731159687042236e-01 2.311117202043533325e-01 -1.044680271297693253e-02 -1.747401356697082520e-01
3.107953369617462158e-01 3.614082187414169312e-02 -1.394160557538270950e-02 1.146289408206939697e-01
3.115181624889373779e-01 2.314597368240356445e-01 -1.164902653545141220e-02 -1.824196577072143555e-01
3.161473572254180908e-01 3.650638833642005920e-02 -1.529741939157247543e-02 1.065657883882522583e-01
3.168774843215942383e-01 2.318441718816757202e-01 -1.316610444337129593e-02 -1.909038871526718140e-01
3.215143680572509766e-01 3.691302984952926636e-02 -1.698418147861957550e-02 9.759677201509475708e-02
3.222526311874389648e-01 2.322742342948913574e-01 -1.503224577754735947e-02 -2.003958821296691895e-01
3.268980979919433594e-01 3.737046569585800171e-02 -1.904016360640525818e-02 8.750742673873901367e-02
3.276455104351043701e-01 -1.574734598398208618e-01 -1.729001477360725403e-02 3.741228878498077393e-01
3.244960308074951172e-01 3.788977116346359253e-02 -9.807557798922061920e-03 7.603881508111953735e-02
3.252538442611694336e-01 2.331509441137313843e-01 -8.286781609058380127e-03 -2.197222262620925903e-01
3.299168646335601807e-01 3.814841434359550476e-02 -1.268122624605894089e-02 7.033523172140121460e-02
3.306798338890075684e-01 2.334498614072799683e-01 -1.127452123910188675e-02 -2.263215482234954834e-01
3.353488147258758545e-01 3.849083185195922852e-02 -1.580095291137695312e-02 6.278375536203384399e-02
3.361186385154724121e-01 -1.564010530710220337e-01 -1.454527676105499268e-02 3.504397869110107422e-01
3.329906165599822998e-01 3.892470896244049072e-02 -7.536481134593486786e-03 5.320599302649497986e-02
3.337691128253936768e-01 2.341539114713668823e-01 -6.472361274063587189e-03 -2.418451905250549316e-01
3.384521901607513428e-01 3.912500664591789246e-02 -1.130926515907049179e-02 4.878916963934898376e-02
3.392346799373626709e-01 -1.558329761028289795e-01 -1.033348217606544495e-02 3.378825783729553223e-01
3.361180424690246582e-01 3.943449258804321289e-02 -3.575830254703760147e-03 4.195903614163398743e-02
3.369067311286926270e-01 2.346075326204299927e-01 -2.736649708822369576e-03 -2.518499493598937988e-01
3.415988683700561523e-01 3.952477127313613892e-02 -7.773648481816053391e-03 3.996852785348892212e-02
3.423893749713897705e-01 -1.554848551750183105e-01 -6.974278017878532410e-03 3.301886916160583496e-01
3.392796814441680908e-01 3.973568230867385864e-02 -3.705043054651468992e-04 3.531459346413612366e-02
3.400743901729583740e-01 2.348629385232925415e-01 3.357875102665275335e-04 -2.574852108955383301e-01
3.447716534137725830e-01 3.973620012402534485e-02 -4.813916515558958054e-03 3.530361130833625793e-02
3.455663621425628662e-01 2.349268496036529541e-01 -4.107844550162553787e-03 -2.588942646980285645e-01
3.502649068832397461e-01 3.986378759145736694e-02 -9.285729378461837769e-03 3.249016776680946350e-02
3.510621786117553711e-01 -1.551237851381301880e-01 -8.635926060378551483e-03 3.222289383411407471e-01
3.479596972465515137e-01 4.012007638812065125e-02 -2.191347535699605942e-03 2.683514915406703949e-02
3.487620949745178223e-01 2.352733910083770752e-01 -1.654644496738910675e-03 -2.665383517742156982e-01
3.534675836563110352e-01 4.017508774995803833e-02 -6.985411979258060455e-03 2.562221325933933258e-02
3.542710840702056885e-01 -1.548459976911544800e-01 -6.472967565059661865e-03 3.160929977893829346e-01
3.511741459369659424e-01 4.036755487322807312e-02 -1.511074224254116416e-04 2.137577347457408905e-02
3.519815206527709961e-01 2.354916781187057495e-01 2.764080418273806572e-04 -2.713548243045806885e-01
3.566913306713104248e-01 4.036578163504600525e-02 -5.150688346475362778e-03 2.141526900231838226e-02
3.574986457824707031e-01 -1.546819210052490234e-01 -4.722382873296737671e-03 3.124686479568481445e-01
3.544050157070159912e-01 4.050698131322860718e-02 1.526989974081516266e-03 1.830018125474452972e-02
3.552151620388031006e-01 2.356069982051849365e-01 1.892993575893342495e-03 -2.739005684852600098e-01
3.599272966384887695e-01 4.045809060335159302e-02 -3.585017751902341843e-03 1.937880925834178925e-02
3.607364594936370850e-01 2.356312721967697144e-01 -3.197441576048731804e-03 -2.744330763816833496e-01
3.654490709304809570e-01 4.055508598685264587e-02 -8.686102926731109619e-03 1.723966188728809357e-02
3.662602007389068604e-01 -1.544412225484848022e-01 -8.341309614479541779e-03 3.071694076061248779e-01
3.631713688373565674e-01 4.079858213663101196e-02 -2.197921741753816605e-03 1.186756882816553116e-02
3.639873266220092773e-01 2.359519898891448975e-01 -1.960570225492119789e-03 -2.815080285072326660e-01
3.687063753604888916e-01 4.085805639624595642e-02 -7.590730674564838409e-03 1.055590808391571045e-02
3.695235252380371094e-01 -1.541542112827301025e-01 -7.379612419754266739e-03 3.008342385292053223e-01
3.664404451847076416e-01 4.107213765382766724e-02 -1.362927723675966263e-03 5.833094473928213120e-03
3.672618865966796875e-01 2.362136095762252808e-01 -1.246265834197402000e-03 -2.872795462608337402e-01
3.719861507415771484e-01 4.110945016145706177e-02 -6.991856731474399567e-03 5.010064225643873215e-03
3.728083670139312744e-01 -1.539115309715270996e-01 -6.891655270010232925e-03 2.954787909984588623e-01
3.697301149368286133e-01 4.130798578262329102e-02 -9.820794221013784409e-04 6.303447298705577850e-04
3.705562949180603027e-01 -1.537998616695404053e-01 -9.694725158624351025e-04 2.930032610893249512e-01
3.674802780151367188e-01 4.133589565753936768e-02 4.890592303127050400e-03 1.472412805014755577e-05
3.683069944381713867e-01 2.363873720169067383e-01 4.890887066721916199e-03 -2.911211550235748291e-01
3.730347454547882080e-01 4.119602218270301819e-02 -9.315361385233700275e-04 3.100275527685880661e-03
3.738586604595184326e-01 2.363313138484954834e-01 -8.695306605659425259e-04 -2.898764312267303467e-01
3.785853087902069092e-01 4.122177883982658386e-02 -6.667058914899826050e-03 2.532142680138349533e-03
3.794097304344177246e-01 -1.538039296865463257e-01 -6.616415921598672867e-03 2.931040823459625244e-01
3.763336539268493652e-01 4.141173139214515686e-02 -7.543342071585357189e-04 -1.658192370086908340e-03
3.771618902683258057e-01 2.365444898605346680e-01 -7.874980219639837742e-04 -2.945790290832519531e-01
3.818927705287933350e-01 4.143377766013145447e-02 -6.679078564047813416e-03 -2.144567668437957764e-03
3.827214539051055908e-01 -1.535917520523071289e-01 -6.721969693899154663e-03 2.884235680103302002e-01
3.796496093273162842e-01 4.162540659308433533e-02 -9.534985292702913284e-04 -6.371801719069480896e-03
3.804821372032165527e-01 -1.534828543663024902e-01 -1.080934540368616581e-03 2.860101461410522461e-01
3.774124681949615479e-01 4.165449365973472595e-02 4.639267921447753906e-03 -7.013516966253519058e-03
3.782455623149871826e-01 2.367096096277236938e-01 4.498997703194618225e-03 -2.982290983200073242e-01
3.829797506332397461e-01 4.152381047606468201e-02 -1.465584151446819305e-03 -4.130668006837368011e-03
3.838102221488952637e-01 -1.535770893096923828e-01 -1.548197586089372635e-03 2.880894839763641357e-01
3.807386755943298340e-01 4.156690463423728943e-02 4.213592037558555603e-03 -5.081322509795427322e-03
3.815700113773345947e-01 2.366281747817993164e-01 4.111965652555227280e-03 -2.964318394660949707e-01
3.863025903701782227e-01 4.144784808158874512e-02 -1.816670992411673069e-03 -2.454905305057764053e-03
3.871315419673919678e-01 2.365958094596862793e-01 -1.865769037976861000e-03 -2.957104742527008057e-01
3.918634653091430664e-01 4.150050133466720581e-02 -7.779978215694427490e-03 -3.616550704464316368e-03
3.926934599876403809e-01 -1.535090208053588867e-01 -7.852309383451938629e-03 2.866015732288360596e-01
3.896232843399047852e-01 4.172403737902641296e-02 -2.120277611538767815e-03 -8.547522127628326416e-03
3.904577791690826416e-01 -1.533674448728561401e-01 -2.291228156536817551e-03 2.834656834602355957e-01
3.873904347419738770e-01 4.178711399435997009e-02 3.378085559234023094e-03 -9.939008392393589020e-03
3.882261514663696289e-01 2.368604540824890137e-01 3.179305233061313629e-03 -3.015542030334472656e-01
3.929633796215057373e-01 4.169333353638648987e-02 -2.851778641343116760e-03 -7.870282046496868134e-03
3.937972486019134521e-01 -1.533876061439514160e-01 -3.009184263646602631e-03 2.839115262031555176e-01
3.907294869422912598e-01 4.177713766694068909e-02 2.669045934453606606e-03 -9.718973189592361450e-03
3.915650248527526855e-01 2.368607074022293091e-01 2.474666573107242584e-03 -3.015585839748382568e-01
3.963022530078887939e-01 4.170357435941696167e-02 -3.556505311280488968e-03 -8.096233941614627838e-03
3.971363306045532227e-01 -1.533671915531158447e-01 -3.718429943546652794e-03 2.834624648094177246e-01
3.940689861774444580e-01 4.180759936571121216e-02 1.950819161720573902e-03 -1.039092149585485458e-02
3.949051201343536377e-01 2.369015216827392578e-01 1.743000699207186699e-03 -3.024576902389526367e-01
3.996431529521942139e-01 4.175477102398872375e-02 -4.306153394281864166e-03 -9.225582703948020935e-03
4.004782438278198242e-01 -1.533051580190658569e-01 -4.490665160119533539e-03 2.820956110954284668e-01
3.974121510982513428e-01 4.188055545091629028e-02 1.151246950030326843e-03 -1.200027763843536377e-02
3.982497453689575195e-01 2.369859814643859863e-01 9.112413390539586544e-04 -3.043197393417358398e-01
4.029894769191741943e-01 4.185105115175247192e-02 -5.175153724849224091e-03 -1.134957838803529739e-02
4.038265049457550049e-01 -1.531963050365447998e-01 -5.402144975960254669e-03 2.796960473060607910e-01
4.007625877857208252e-01 4.200229421257972717e-02 1.917756599141284823e-04 -1.468580029904842377e-02
4.016026258468627930e-01 2.371214926242828369e-01 -1.019403425743803382e-04 -3.073082268238067627e-01
4.063450396060943604e-01 4.200099781155586243e-02 -6.248104386031627655e-03 -1.465743780136108398e-02
4.071850776672363281e-01 -1.530307978391647339e-01 -6.541253533214330673e-03 2.760476171970367432e-01
4.041244685649871826e-01 4.218386858701705933e-02 -1.020301249809563160e-03 -1.869123615324497223e-02
4.049681425094604492e-01 -1.529234349727630615e-01 -1.394125982187688351e-03 2.736696004867553711e-01
4.019096493721008301e-01 4.221837967634201050e-02 4.079265985637903214e-03 -1.945271156728267670e-02
4.027540385723114014e-01 2.372815907001495361e-01 3.690211800858378410e-03 -3.108457922935485840e-01
4.074996709823608398e-01 4.210726171731948853e-02 -2.526704221963882446e-03 -1.700137369334697723e-02
4.083417952060699463e-01 -1.529783606529235840e-01 -2.866731490939855576e-03 2.748832702636718750e-01
4.052822291851043701e-01 4.218437150120735168e-02 2.630933886393904686e-03 -1.870243996381759644e-02
4.061259329319000244e-01 2.372684925794601440e-01 2.256885170936584473e-03 -3.105541169643402100e-01
4.108712971210479736e-01 4.211446270346641541e-02 -3.954197280108928680e-03 -1.716028712689876556e-02
4.117136001586914062e-01 -1.529505550861358643e-01 -4.297402687370777130e-03 2.742724120616912842e-01
4.086545705795288086e-01 4.223244264721870422e-02 1.188045600429177284e-03 -1.976280845701694489e-02
4.094992280006408691e-01 2.373373359441757202e-01 7.927894475869834423e-04 -3.120706677436828613e-01
4.142459630966186523e-01 4.220410063862800598e-02 -5.448623560369014740e-03 -1.913781277835369110e-02
4.150900542736053467e-01 -1.528392881155014038e-01 -5.831379909068346024e-03 2.718210518360137939e-01
4.120332598686218262e-01 4.236538335680961609e-02 -3.949590609408915043e-04 -2.269540727138519287e-02
4.128805696964263916e-01 2.374929934740066528e-01 -8.488671737723052502e-04 -3.155029118061065674e-01
4.176304340362548828e-01 4.238314926624298096e-02 -7.158925756812095642e-03 -2.308782003819942474e-02
4.184781014919281006e-01 -1.526354104280471802e-01 -7.620682008564472198e-03 2.673278152942657471e-01
4.154253900051116943e-01 4.259446635842323303e-02 -2.274125814437866211e-03 -2.774895727634429932e-02
4.162772893905639648e-01 -1.524948030710220337e-01 -2.829104894772171974e-03 2.642155885696411133e-01
4.132273793220520020e-01 4.266741871833801270e-02 2.455207053571939468e-03 -2.935831993818283081e-02
4.140807390213012695e-01 2.377540767192840576e-01 1.868040533736348152e-03 -3.212655782699584961e-01
4.188358187675476074e-01 4.260557144880294800e-02 -4.557271022349596024e-03 -2.799414284527301788e-02
4.196879267692565918e-01 -1.524507254362106323e-01 -5.117154214531183243e-03 2.632474303245544434e-01
4.166389107704162598e-01 4.274388775229454041e-02 1.477946352679282427e-04 -3.104509226977825165e-02
4.174937903881072998e-01 -1.523801833391189575e-01 -4.731072112917900085e-04 2.616844475269317627e-01
4.144461750984191895e-01 4.274851828813552856e-02 4.760582000017166138e-03 -3.114765137434005737e-02
4.153011441230773926e-01 2.378018796443939209e-01 4.137629177421331406e-03 -3.223247826099395752e-01
4.200571775436401367e-01 4.262125492095947266e-02 -2.308866474777460098e-03 -2.833987586200237274e-02
4.209096133708953857e-01 -1.524675041437149048e-01 -2.875664038583636284e-03 2.636136710643768311e-01
4.178602695465087891e-01 4.269536957144737244e-02 2.396609866991639137e-03 -2.997486852109432220e-02
4.187141656875610352e-01 2.377828657627105713e-01 1.797112403437495232e-03 -3.219006657600402832e-01
4.234698414802551270e-01 4.263537377119064331e-02 -4.640900995582342148e-03 -2.865155227482318878e-02
4.243225455284118652e-01 -1.524197161197662354e-01 -5.213932134211063385e-03 2.625635266304016113e-01
4.212741553783416748e-01 4.277626797556877136e-02 3.733806079253554344e-05 -3.175937756896018982e-02
4.221296608448028564e-01 -1.523462235927581787e-01 -5.978494882583618164e-04 2.609353363513946533e-01
4.190827310085296631e-01 4.278426244854927063e-02 4.620857071131467819e-03 -3.193610534071922302e-02
4.199384450912475586e-01 2.378396391868591309e-01 3.982135094702243805e-03 -3.231575191020965576e-01
4.246952235698699951e-01 4.266121610999107361e-02 -2.481015399098396301e-03 -2.922146208584308624e-02
4.255484342575073242e-01 -1.524250656366348267e-01 -3.065444761887192726e-03 2.626776397228240967e-01
4.224999547004699707e-01 4.274050518870353699e-02 2.188108162954449654e-03 -3.097057715058326721e-02
4.233547449111938477e-01 2.378310114145278931e-01 1.568696578033268452e-03 -3.229623436927795410e-01
4.281113743782043457e-01 4.268675297498703003e-02 -4.890549927949905396e-03 -2.978511340916156769e-02
4.289651215076446533e-01 -1.523647159337997437e-01 -5.486252252012491226e-03 2.613507807254791260e-01
4.259178042411804199e-01 4.283511266112327576e-02 -2.592364908196032047e-04 -3.305750712752342224e-02
4.267745316028594971e-01 -1.522831171751022339e-01 -9.203866356983780861e-04 2.595436275005340576e-01
4.237288534641265869e-01 4.285195842385292053e-02 4.270485602319240570e-03 -3.342946991324424744e-02
4.245859086513519287e-01 2.379124164581298828e-01 3.601896110922098160e-03 -3.247619569301605225e-01
4.293441474437713623e-01 4.273935779929161072e-02 -2.893343102186918259e-03 -3.094532899558544159e-02
4.301989376544952393e-01 -1.523409783840179443e-01 -3.512249561026692390e-03 2.608233094215393066e-01
4.271521270275115967e-01 4.283092916011810303e-02 1.704216701909899712e-03 -3.296534717082977295e-02
4.280087351799011230e-01 2.379284054040908813e-01 1.044909819029271603e-03 -3.251100778579711914e-01
4.327673017978668213e-01 4.279158636927604675e-02 -5.457291845232248306e-03 -3.209782391786575317e-02
4.336231350898742676e-01 -1.522516757249832153e-01 -6.099248304963111877e-03 2.588582932949066162e-01
4.305780827999114990e-01 4.295681044459342957e-02 -9.220828069373965263e-04 -3.574217483401298523e-02
4.314372241497039795e-01 -1.521519124507904053e-01 -1.636926317587494850e-03 2.566496729850769043e-01
4.283941984176635742e-01 4.299337789416313171e-02 3.496067365631461143e-03 -3.654910624027252197e-02
4.292540550231933594e-01 2.380650192499160767e-01 2.765085315331816673e-03 -3.281269371509552002e-01
4.340153634548187256e-01 4.290381446480751038e-02 -3.797453595325350761e-03 -3.457331657409667969e-02
4.348734319210052490e-01 -1.521634757518768311e-01 -4.488919861614704132e-03 2.569090723991394043e-01
4.318301677703857422e-01 4.302227497100830078e-02 6.492613465525209904e-04 -3.718635439872741699e-02
4.326906204223632812e-01 2.381349056959152222e-01 -9.446575131732970476e-05 -3.296643495559692383e-01
4.374532997608184814e-01 4.301430657505989075e-02 -6.687752902507781982e-03 -3.701122850179672241e-02
4.383136034011840820e-01 -1.520111113786697388e-01 -7.427977398037910461e-03 2.535541653633117676e-01
4.352733790874481201e-01 4.321611300110816956e-02 -2.356894314289093018e-03 -4.146239534020423889e-02
4.361377060413360596e-01 -1.518719643354415894e-01 -3.186142072081565857e-03 2.504759728908538818e-01
4.331002533435821533e-01 4.329534247517585754e-02 1.823377446271479130e-03 -4.321021586656570435e-02
4.339661598205566406e-01 -1.518527120351791382e-01 9.591731359250843525e-04 2.500474452972412109e-01
4.309291243553161621e-01 4.325553402304649353e-02 5.960122216492891312e-03 -4.233278334140777588e-02
4.317942261695861816e-01 2.382915169000625610e-01 5.113466177135705948e-03 -3.331292867660522461e-01
4.365600645542144775e-01 4.309715703129768372e-02 -1.549119479022920132e-03 -3.883823007345199585e-02
4.374220073223114014e-01 -1.520025432109832764e-01 -2.325884066522121429e-03 2.533555328845977783e-01
4.343819320201873779e-01 4.315253719687461853e-02 2.741226460784673691e-03 -4.006011411547660828e-02
4.352450072765350342e-01 2.382350713014602661e-01 1.940024201758205891e-03 -3.318769037723541260e-01
4.400097131729125977e-01 4.308556392788887024e-02 -4.697513766586780548e-03 -3.858281299471855164e-02
4.408714175224304199e-01 -1.519687175750732422e-01 -5.469169933348894119e-03 2.526143193244934082e-01
4.378320276737213135e-01 4.323090612888336182e-02 -4.168839077465236187e-04 -4.178867116570472717e-02
4.386966526508331299e-01 -1.518850624561309814e-01 -1.252657268196344376e-03 2.507627010345458984e-01
4.356589615345001221e-01 4.325475171208381653e-02 3.762596519663929939e-03 -4.231508076190948486e-02
4.365240335464477539e-01 2.383225411176681519e-01 2.916295081377029419e-03 -3.338085114955902100e-01
4.412904977798461914e-01 4.315920919179916382e-02 -3.759874962270259857e-03 -4.020735248923301697e-02
4.421536922454833984e-01 -1.519086211919784546e-01 -4.564022179692983627e-03 2.512869238853454590e-01
4.391155242919921875e-01 4.327820241451263428e-02 4.617165832314640284e-04 -4.283207654953002930e-02
4.399810731410980225e-01 -1.518503725528717041e-01 -3.949249803554266691e-04 2.499964833259582520e-01
4.369440674781799316e-01 4.327722266316413879e-02 4.605005029588937759e-03 -4.281098023056983948e-02
4.378096163272857666e-01 2.383328378200531006e-01 3.748785238713026047e-03 -3.340374231338500977e-01
4.425762593746185303e-01 4.315773397684097290e-02 -2.931963419541716576e-03 -4.017469286918640137e-02
4.434394240379333496e-01 -1.519220471382141113e-01 -3.735457314178347588e-03 2.515817284584045410e-01
4.404009878635406494e-01 4.325304180383682251e-02 1.296177390031516552e-03 -4.227708652615547180e-02
4.412660300731658936e-01 2.383563816547393799e-01 4.506356199271976948e-04 -3.345507681369781494e-01
4.460331797599792480e-01 4.322801902890205383e-02 -6.240379996597766876e-03 -4.172577708959579468e-02
4.468977451324462891e-01 -1.518038958311080933e-01 -7.074895314872264862e-03 2.489817291498184204e-01
4.438616633415222168e-01 4.341837763786315918e-02 -2.095260657370090485e-03 -4.592433944344520569e-02
4.447300136089324951e-01 -1.516734659671783447e-01 -3.013747511431574821e-03 2.460967749357223511e-01
4.416965544223785400e-01 4.349139705300331116e-02 1.908187987282872200e-03 -4.753523319959640503e-02
4.425663650035858154e-01 2.385859340429306030e-01 9.574833675287663937e-04 -3.396154940128326416e-01
4.473381042480468750e-01 4.345037043094635010e-02 -5.834826733916997910e-03 -4.663078859448432922e-02
4.482071101665496826e-01 -1.515874266624450684e-01 -6.767442449927330017e-03 2.442055046558380127e-01
4.451753497123718262e-01 4.363052919507026672e-02 -1.883332268334925175e-03 -5.060433968901634216e-02
4.460479617118835449e-01 -1.514643728733062744e-01 -2.895419020205736160e-03 2.414837926626205444e-01
4.430186748504638672e-01 4.369882494211196899e-02 1.934256637468934059e-03 -5.211102589964866638e-02
4.438926577568054199e-01 -1.514508128166198730e-01 8.920361287891864777e-04 2.411815524101257324e-01
4.408636391162872314e-01 4.365838691592216492e-02 5.715667270123958588e-03 -5.121987313032150269e-02
4.417368173599243164e-01 2.386979162693023682e-01 4.691269714385271072e-03 -3.420940041542053223e-01
4.465107619762420654e-01 4.350953921675682068e-02 -2.150610322132706642e-03 -4.793541878461837769e-02
4.473809599876403809e-01 -1.515815109014511108e-01 -3.109318669885396957e-03 2.440681904554367065e-01
4.443493187427520752e-01 4.358471557497978210e-02 1.772045274265110493e-03 -4.959386214613914490e-02
4.452210068702697754e-01 -1.515626013278961182e-01 7.801680476404726505e-04 2.436476349830627441e-01
4.421897828578948975e-01 4.354820027947425842e-02 5.653120577335357666e-03 -4.878910630941390991e-02
4.430607259273529053e-01 2.385886311531066895e-01 4.677338525652885437e-03 -3.396830856800079346e-01
4.478324949741363525e-01 4.340044409036636353e-02 -2.116322983056306839e-03 -4.552886262536048889e-02
4.487005174160003662e-01 -1.516910940408706665e-01 -3.026900114491581917e-03 2.464855909347534180e-01
4.456667006015777588e-01 4.347395524382591248e-02 1.902811694890260696e-03 -4.715054482221603394e-02
4.465361833572387695e-01 2.385685741901397705e-01 9.598007891327142715e-04 -3.392325043678283691e-01
4.513075351715087891e-01 4.343297332525253296e-02 -5.824849475175142288e-03 -4.624707251787185669e-02
4.521762132644653320e-01 -1.516049653291702271e-01 -6.749791093170642853e-03 2.445923835039138794e-01
4.491440951824188232e-01 4.361273348331451416e-02 -1.857943250797688961e-03 -5.021192505955696106e-02
4.500163495540618896e-01 -1.514825224876403809e-01 -2.862181747332215309e-03 2.418842315673828125e-01
4.469867050647735596e-01 4.368019104003906250e-02 1.975502585992217064e-03 -5.170013383030891418e-02
4.478603005409240723e-01 -1.514700353145599365e-01 9.415000095032155514e-04 2.416054308414459229e-01
4.448309242725372314e-01 4.363846033811569214e-02 5.773608572781085968e-03 -5.078037828207015991e-02
4.457036852836608887e-01 2.386771440505981445e-01 4.758000839501619339e-03 -3.416361212730407715e-01
4.504772126674652100e-01 4.348782822489738464e-02 -2.074721269309520721e-03 -4.745659232139587402e-02
4.513469934463500977e-01 -1.516043096780776978e-01 -3.023853059858083725e-03 2.445710152387619019e-01
4.483149051666259766e-01 4.356069862842559814e-02 1.867567421868443489e-03 -4.906416684389114380e-02
4.491861164569854736e-01 2.386558204889297485e-01 8.862840477377176285e-04 -3.411572873592376709e-01
4.539592266082763672e-01 4.352127015590667725e-02 -5.936861503869295120e-03 -4.819499701261520386e-02
4.548296630382537842e-01 -1.515150517225265503e-01 -6.900761276483535767e-03 2.426089048385620117e-01
4.517993330955505371e-01 4.370478913187980652e-02 -2.048583468422293663e-03 -5.224269255995750427e-02
4.526734352111816406e-01 -1.513877213001251221e-01 -3.093437291681766510e-03 2.397931814193725586e-01
4.496456980705261230e-01 4.377827793359756470e-02 1.702426350675523281e-03 -5.386389046907424927e-02
4.505212604999542236e-01 -1.513680368661880493e-01 6.251485319808125496e-04 2.393556833267211914e-01
4.474938809871673584e-01 4.374497011303901672e-02 5.412261933088302612e-03 -5.312999337911605835e-02
4.483687877655029297e-01 2.387889027595520020e-01 4.349661991000175476e-03 -3.441004157066345215e-01
4.531445801258087158e-01 4.360534250736236572e-02 -2.532345941290259361e-03 -5.004904046654701233e-02
4.540166854858398438e-01 -1.514801979064941406e-01 -3.533326787874102592e-03 2.418338358402252197e-01
4.509870707988739014e-01 4.369203746318817139e-02 1.303349970839917660e-03 -5.196150019764900208e-02
4.518609046936035156e-01 2.387952804565429688e-01 2.641199098434299231e-04 -3.442329168319702148e-01
4.566368162631988525e-01 4.366957023739814758e-02 -6.620538420975208282e-03 -5.146672204136848450e-02
4.575102031230926514e-01 -1.513568311929702759e-01 -7.649872917681932449e-03 2.391200363636016846e-01
4.544830620288848877e-01 4.387356713414192200e-02 -2.867472358047962189e-03 -5.596602708101272583e-02
4.553605318069458008e-01 -1.512071490287780762e-01 -3.986792638897895813e-03 2.358108162879943848e-01
4.523364007472991943e-01 4.397153109312057495e-02 7.294234819710254669e-04 -5.812699720263481140e-02
4.532158374786376953e-01 -1.511608660221099854e-01 -4.331164818722754717e-04 2.347859740257263184e-01
4.501926302909851074e-01 4.396726563572883606e-02 4.262602888047695160e-03 -5.803353711962699890e-02
4.510719478130340576e-01 2.390278428792953491e-01 3.101932350546121597e-03 -3.493685424327850342e-01
4.558525085449218750e-01 4.386191070079803467e-02 -3.885438432916998863e-03 -5.570908635854721069e-02
4.567297697067260742e-01 -1.512041091918945312e-01 -4.999620374292135239e-03 2.357454299926757812e-01
4.537056684494018555e-01 4.398890957236289978e-02 -2.847116265911608934e-04 -5.851032957434654236e-02
4.545854628086090088e-01 -1.511289626359939575e-01 -1.454918296076357365e-03 2.340827584266662598e-01
4.515628814697265625e-01 4.401374980807304382e-02 3.226736793294548988e-03 -5.905874446034431458e-02
4.524431526660919189e-01 2.390892952680587769e-01 2.045562025159597397e-03 -3.507218658924102783e-01
4.572249352931976318e-01 4.393830522894859314e-02 -4.968875553458929062e-03 -5.739461258053779602e-02
4.581036865711212158e-01 -1.511120498180389404e-01 -6.116767879575490952e-03 2.337164580821990967e-01
4.550814628601074219e-01 4.409676417708396912e-02 -1.442438457161188126e-03 -6.088959425687789917e-02
4.559634029865264893e-01 -1.510044783353805542e-01 -2.660230500623583794e-03 2.313378900289535522e-01
4.529432952404022217e-01 4.415538534522056580e-02 1.966527197510004044e-03 -6.218298152089118958e-02
4.538264274597167969e-01 -1.509947031736373901e-01 7.228676113300025463e-04 2.311197519302368164e-01
4.508065283298492432e-01 4.411690682172775269e-02 5.345262587070465088e-03 -6.133507564663887024e-02
4.516888558864593506e-01 2.391618192195892334e-01 4.118561279028654099e-03 -3.523267507553100586e-01
4.564720988273620605e-01 4.398153722286224365e-02 -2.927973866462707520e-03 -5.834797024726867676e-02
4.573517143726348877e-01 -1.510983109474182129e-01 -4.094933159649372101e-03 2.334097176790237427e-01
4.543297588825225830e-01 4.408191144466400146e-02 5.732611170969903469e-04 -6.056205928325653076e-02
4.552114009857177734e-01 -1.510482579469680786e-01 -6.379800615832209587e-04 2.323016822338104248e-01
4.521904289722442627e-01 4.408280551433563232e-02 4.008053336292505264e-03 -6.058241799473762512e-02
4.530721008777618408e-01 2.391470670700073242e-01 2.796405227854847908e-03 -3.519980907440185547e-01
4.578550159931182861e-01 4.398545622825622559e-02 -4.243556410074234009e-03 -5.843468010425567627e-02
4.587347507476806641e-01 -1.510753929615020752e-01 -5.412250291556119919e-03 2.329063564538955688e-01
4.557132422924041748e-01 4.412347078323364258e-02 -7.541229715570807457e-04 -6.147884204983711243e-02
4.565956890583038330e-01 -1.509876549243927002e-01 -1.983699854463338852e-03 2.309660613536834717e-01
4.535759389400482178e-01 4.416258260607719421e-02 2.635621232911944389e-03 -6.234193593263626099e-02
4.544591903686523438e-01 -1.509970575571060181e-01 1.388782518915832043e-03 2.311713844537734985e-01
4.514392614364624023e-01 4.410501942038536072e-02 6.012210156768560410e-03 -6.107315421104431152e-02
4.523213505744934082e-01 2.391402572393417358e-01 4.790747072547674179e-03 -3.518531322479248047e-01
4.571041762828826904e-01 4.395050555467605591e-02 -2.246315823867917061e-03 -5.766339972615242004e-02
4.579831659793853760e-01 -1.511391699314117432e-01 -3.399583743885159492e-03 2.343099564313888550e-01
4.549603760242462158e-01 4.403119161725044250e-02 1.286615268327295780e-03 -5.944336950778961182e-02
4.558410048484802246e-01 -1.511091887950897217e-01 9.774782665772363544e-05 2.336452156305313110e-01
4.528188407421112061e-01 4.401137307286262512e-02 4.770651925355195999e-03 -5.900687724351882935e-02
4.536990523338317871e-01 2.390646040439605713e-01 3.590514417737722397e-03 -3.501808345317840576e-01
4.584803581237792969e-01 4.389176890254020691e-02 -3.413101891055703163e-03 -5.636785179376602173e-02
4.593581855297088623e-01 -1.511810868978500366e-01 -4.540458787232637405e-03 2.352362573146820068e-01
4.563345611095428467e-01 4.400544613599777222e-02 1.642662828089669347e-04 -5.887540057301521301e-02
4.572146832942962646e-01 -1.511188596487045288e-01 -1.013241708278656006e-03 2.338593453168869019e-01
4.541922807693481445e-01 4.401755705475807190e-02 3.663945244625210762e-03 -5.914301425218582153e-02
4.550726413726806641e-01 2.390867769718170166e-01 2.481085015460848808e-03 -3.506676852703094482e-01
4.598543941974639893e-01 4.392963275313377380e-02 -4.532268736511468887e-03 -5.720343440771102905e-02
4.607329666614532471e-01 -1.511270403861999512e-01 -5.676337517797946930e-03 2.340460866689682007e-01
4.577104449272155762e-01 4.407555237412452698e-02 -9.954158449545502663e-04 -6.042191758751869202e-02
4.585919380187988281e-01 -1.510321050882339478e-01 -2.203854266554117203e-03 2.319467812776565552e-01
4.555712938308715820e-01 4.412126168608665466e-02 2.435081405565142632e-03 -6.143049895763397217e-02
4.564537405967712402e-01 -1.510355174541473389e-01 1.206471468321979046e-03 2.320197224617004395e-01
4.534330070018768311e-01 4.406917095184326172e-02 5.846865940839052200e-03 -6.028240174055099487e-02
4.543144106864929199e-01 2.391068041324615479e-01 4.641217645257711411e-03 -3.511148989200592041e-01
4.590965211391448975e-01 4.391915723681449890e-02 -2.381079830229282379e-03 -5.697205662727355957e-02
4.599749147891998291e-01 -1.511685699224472046e-01 -3.520520869642496109e-03 2.349586784839630127e-01
4.569515585899353027e-01 4.400350153446197510e-02 1.178652513772249222e-03 -5.883265286684036255e-02
4.578316211700439453e-01 -1.511353254318237305e-01 1.999422238441184163e-06 2.342219203710556030e-01
4.548089206218719482e-01 4.398659244179725647e-02 4.686437547206878662e-03 -5.846038460731506348e-02
4.556886553764343262e-01 2.390410453081130981e-01 3.517230041325092316e-03 -3.496610224246978760e-01
4.604694545269012451e-01 4.386924207210540771e-02 -3.475990612059831619e-03 -5.587108060717582703e-02
4.613468348979949951e-01 -1.512026935815811157e-01 -4.593412391841411591e-03 2.357131242752075195e-01
4.583227932453155518e-01 4.398457705974578857e-02 1.208502580993808806e-04 -5.841516330838203430e-02
4.592024981975555420e-01 -1.511391103267669678e-01 -1.047453028149902821e-03 2.343058884143829346e-01
4.561797082424163818e-01 4.399779811501502991e-02 3.638664726167917252e-03 -5.870725214481353760e-02
4.570596516132354736e-01 2.390673905611038208e-01 2.464519813656806946e-03 -3.502399325370788574e-01
4.618410170078277588e-01 4.391047358512878418e-02 -4.540279041975736618e-03 -5.678088590502738953e-02
4.627192318439483643e-01 -1.511460840702056885e-01 -5.675896536558866501e-03 2.344660907983779907e-01
4.596962928771972656e-01 4.405650123953819275e-02 -9.865747997537255287e-04 -6.000176817178726196e-02
4.605774283409118652e-01 -1.510512977838516235e-01 -2.186610130593180656e-03 2.323697209358215332e-01
4.575563967227935791e-01 4.410183429718017578e-02 2.460784278810024261e-03 -6.100213155150413513e-02
4.584384262561798096e-01 -1.510553061962127686e-01 1.240741694346070290e-03 2.324561774730682373e-01
4.554173350334167480e-01 4.404889047145843506e-02 5.889865104109048843e-03 -5.983512476086616516e-02
4.562983214855194092e-01 2.390858978033065796e-01 4.693162627518177032e-03 -3.506539463996887207e-01
4.610800147056579590e-01 4.389752075076103210e-02 -2.319916384294629097e-03 -5.649482458829879761e-02
4.619579911231994629e-01 -1.511910855770111084e-01 -3.449812764301896095e-03 2.354552447795867920e-01
4.589341580867767334e-01 4.397998005151748657e-02 1.259292126633226871e-03 -5.831385403871536255e-02
4.598137438297271729e-01 -1.511600017547607422e-01 9.301505633629858494e-05 2.347661256790161133e-01
4.567905664443969727e-01 4.396061599254608154e-02 4.788337275385856628e-03 -5.788746476173400879e-02
4.576697647571563721e-01 2.390135824680328369e-01 3.630588296800851822e-03 -3.490557968616485596e-01
4.624500274658203125e-01 4.384018480777740479e-02 -3.350527724251151085e-03 -5.523023754358291626e-02
4.633268415927886963e-01 -1.512335687875747681e-01 -4.455132409930229187e-03 2.363936901092529297e-01
4.603021740913391113e-01 4.395175352692604065e-02 2.727412793319672346e-04 -5.769118294119834900e-02
4.611811935901641846e-01 -1.511741131544113159e-01 -8.810823783278465271e-04 2.350777834653854370e-01
4.581577181816101074e-01 4.396042227745056152e-02 3.820473328232765198e-03 -5.788293480873107910e-02
4.590369462966918945e-01 2.390273809432983398e-01 2.662814455106854439e-03 -3.493580222129821777e-01
4.638174772262573242e-01 4.386766627430915833e-02 -4.324345849454402924e-03 -5.583662167191505432e-02
4.646948277950286865e-01 -1.511920094490051270e-01 -5.441078450530767441e-03 2.354788184165954590e-01
