1.720307767391204834e-02 -3.664071857929229736e-02 -3.973925486207008362e-04 -3.059371933341026306e-02
1.647026278078556061e-02 -2.317569702863693237e-01 -1.009266939945518970e-03 2.619637846946716309e-01
1.183512341231107712e-02 -3.662062808871269226e-02 4.230008926242589951e-03 -3.103729151189327240e-02
1.110271085053682327e-02 -2.318029850721359253e-01 3.609263105317950249e-03 2.629772424697875977e-01
6.466650869697332382e-03 -3.673273697495460510e-02 8.868807926774024963e-03 -2.856510318815708160e-02
5.731996148824691772e-03 -2.319807410240173340e-01 8.297505788505077362e-03 2.669027745723724365e-01
1.092381426133215427e-03 -3.697818890213966370e-02 1.363556180149316788e-02 -2.315153740346431732e-02
3.528176748659461737e-04 -2.322930097579956055e-01 1.317253056913614273e-02 2.738021910190582275e-01
-4.293042235076427460e-03 -3.736145794391632080e-02 1.864857412874698639e-02 -1.469716057181358337e-02
-5.040271673351526260e-03 -2.327458113431930542e-01 1.835463196039199829e-02 2.838107943534851074e-01
-9.695188142359256744e-03 -3.789040073752403259e-02 2.403084747493267059e-02 -3.027149476110935211e-03
-1.045299600809812546e-02 1.568788141012191772e-01 2.397030405700206757e-02 -2.880322337150573730e-01
-7.315419614315032959e-03 -3.857661411166191101e-02 1.820965856313705444e-02 1.211328525096178055e-02
-8.086951449513435364e-03 1.562795192003250122e-01 1.845192536711692810e-02 -2.747690975666046143e-01
-4.961361642926931381e-03 -3.910077735781669617e-02 1.295654289424419403e-02 2.367599867284297943e-02
-5.743376910686492920e-03 1.558329910039901733e-01 1.343006268143653870e-02 -2.648909986019134521e-01
-2.626717323437333107e-03 -3.947804495692253113e-02 8.132242597639560699e-03 3.199746087193489075e-02
-3.416278166696429253e-03 -2.347156703472137451e-01 8.772192522883415222e-03 3.272350728511810303e-01
-8.110591210424900055e-03 -3.971969708800315857e-02 1.531689334660768509e-02 3.733135387301445007e-02
-8.904985152184963226e-03 1.551792919635772705e-01 1.606352068483829498e-02 -2.504798471927642822e-01
-5.801399704068899155e-03 -4.016831889748573303e-02 1.105392351746559143e-02 4.722623527050018311e-02
-6.604766007512807846e-03 1.547933965921401978e-01 1.199844852089881897e-02 -2.419486790895462036e-01
-3.508897963911294937e-03 -4.049786925315856934e-02 7.159474305808544159e-03 5.449458956718444824e-02
-4.318855237215757370e-03 1.545206904411315918e-01 8.249365724623203278e-03 -2.359208911657333374e-01
-1.228441484272480011e-03 -4.071813821792602539e-02 3.530948190018534660e-03 5.935267731547355652e-02
-2.042804146185517311e-03 -2.358905375003814697e-01 4.718001931905746460e-03 3.531475365161895752e-01
-6.760614924132823944e-03 -4.083599150180816650e-02 1.178095303475856781e-02 6.195607408881187439e-02
-7.577334996312856674e-03 1.541150808334350586e-01 1.302007399499416351e-02 -2.269867211580276489e-01
-4.495033062994480133e-03 -4.119049757719039917e-02 8.480339311063289642e-03 6.977460533380508423e-02
-5.318843293935060501e-03 1.538088470697402954e-01 9.875832125544548035e-03 -2.202207148075103760e-01
-2.242665970697999001e-03 -4.145286232233047485e-02 5.471417214721441269e-03 7.556102424860000610e-02
-3.071723273023962975e-03 1.535902321338653564e-01 6.982638034969568253e-03 -2.153906375169754028e-01
8.135291551525369869e-08 -4.163084924221038818e-02 2.674825023859739304e-03 7.948671281337738037e-02
-8.325356175191700459e-04 1.534526497125625610e-01 4.264559131115674973e-03 -2.123510986566543579e-01
2.236517379060387611e-03 -4.173000901937484741e-02 1.753738615661859512e-05 8.167400956153869629e-02
1.401917310431599617e-03 1.533916890621185303e-01 1.651017577387392521e-03 -2.110033780336380005e-01
4.469751380383968353e-03 -4.175382480025291443e-02 -2.569050062447786331e-03 8.219989389181137085e-02
3.634674707427620888e-03 -2.368388622999191284e-01 -9.250521543435752392e-04 3.740711808204650879e-01
-1.102102571167051792e-03 -4.170377925038337708e-02 6.556371226906776428e-03 8.109671622514724731e-02
-1.936178072355687618e-03 1.533235758543014526e-01 8.178305812180042267e-03 -2.095104753971099854e-01
1.130293472670018673e-03 -4.191435128450393677e-02 3.988096490502357483e-03 8.574102818965911865e-02
2.920064434874802828e-04 1.531502008438110352e-01 5.702916998416185379e-03 -2.056809812784194946e-01
3.355010645464062691e-03 -4.205283150076866150e-02 1.589297084137797356e-03 8.879545331001281738e-02
2.513953950256109238e-03 1.530463099479675293e-01 3.365206066519021988e-03 -2.033856213092803955e-01
5.574880167841911316e-03 -4.212361201643943787e-02 -7.025062805041670799e-04 9.035696089267730713e-02
4.732407629489898682e-03 1.530084013938903809e-01 1.104632974602282047e-03 -2.025475203990936279e-01
7.792575750499963760e-03 -4.212933033704757690e-02 -2.946317661553621292e-03 9.048365801572799683e-02
6.949989125132560730e-03 -2.372089326381683350e-01 -1.136644394136965275e-03 3.822355568408966064e-01
2.205810742452740669e-03 -4.207085445523262024e-02 6.508066784590482712e-03 8.919447660446166992e-02
1.364393508993089199e-03 1.529572159051895142e-01 8.291956037282943726e-03 -2.014280706644058228e-01
4.423537757247686386e-03 -4.228234291076660156e-02 4.263394977897405624e-03 9.385900199413299561e-02
3.577890805900096893e-03 1.527782380580902100e-01 6.140574812889099121e-03 -1.974757909774780273e-01
6.633455865085124969e-03 -4.243100062012672424e-02 2.191059291362762451e-03 9.713787585496902466e-02
5.784835666418075562e-03 1.526594758033752441e-01 4.133816808462142944e-03 -1.948529779911041260e-01
8.838024921715259552e-03 -4.252135753631591797e-02 2.367573033552616835e-04 9.913112223148345947e-02
7.987597957253456116e-03 1.525972038507461548e-01 2.219379646703600883e-03 -1.934770941734313965e-01
1.103954203426837921e-02 -4.255643114447593689e-02 -1.650162157602608204e-03 9.990511834621429443e-02
1.018841378390789032e-02 1.525891274213790894e-01 3.479402221273630857e-04 -1.932979673147201538e-01
1.324019581079483032e-02 -4.253779351711273193e-02 -3.518019104376435280e-03 9.949469566345214844e-02
1.238944008946418762e-02 -2.376091480255126953e-01 -1.528125256299972534e-03 3.910656273365020752e-01
7.637257222086191177e-03 -4.246554523706436157e-02 6.293187383562326431e-03 9.790128469467163086e-02
6.787946447730064392e-03 1.525656431913375854e-01 8.251212537288665771e-03 -1.927895247936248779e-01
9.839259088039398193e-03 -4.267336055636405945e-02 4.395422525703907013e-03 1.024848446249961853e-01
8.985792286694049835e-03 1.523853242397308350e-01 6.445119623094797134e-03 -1.888080984354019165e-01
1.203349884599447250e-02 -4.282823950052261353e-02 2.668957225978374481e-03 1.059010103344917297e-01
1.117693353444337845e-02 1.522553563117980957e-01 4.786977544426918030e-03 -1.859386712312698364e-01
1.422204077243804932e-02 -4.293474927544593811e-02 1.068204059265553951e-03 1.082505062222480774e-01
1.336334645748138428e-02 1.521718800067901611e-01 3.233214141800999641e-03 -1.840952187776565552e-01
1.640678383409976959e-02 -4.299618676304817200e-02 -4.486900870688259602e-04 1.096059158444404602e-01
1.554686017334461212e-02 1.521321982145309448e-01 1.743428176268935204e-03 -1.832185387611389160e-01
1.858950406312942505e-02 -4.301466420292854309e-02 -1.920942682772874832e-03 1.100138649344444275e-01
1.772920973598957062e-02 -2.381090372800827026e-01 2.793346648104488850e-04 4.020901322364807129e-01
1.296702958643436432e-02 -4.299104586243629456e-02 8.321137167513370514e-03 1.094952821731567383e-01
1.210720930248498917e-02 1.520106792449951172e-01 1.051104255020618439e-02 -1.805507987737655640e-01
1.514742244035005569e-02 -4.326009005308151245e-02 6.900026928633451462e-03 1.154293641448020935e-01
1.428222097456455231e-02 1.517623215913772583e-01 9.208614006638526917e-03 -1.750686913728713989e-01
1.731746643781661987e-02 -4.349020123481750488e-02 5.707240197807550430e-03 1.205049678683280945e-01
1.644766330718994141e-02 1.515495181083679199e-01 8.117339573800563812e-03 -1.703719198703765869e-01
1.947865262627601624e-02 -4.368767142295837402e-02 4.709900822490453720e-03 1.248606815934181213e-01
1.860490068793296814e-02 1.513664871454238892e-01 7.207114715129137039e-03 -1.663326025009155273e-01
2.163222990930080414e-02 -4.385788366198539734e-02 3.880462376400828362e-03 1.286152154207229614e-01
2.075507119297981262e-02 1.512082666158676147e-01 6.452766712754964828e-03 -1.628409475088119507e-01
2.377923764288425446e-02 -4.400546476244926453e-02 3.195947734639048576e-03 1.318706423044204712e-01
2.289912849664688110e-02 1.510705649852752686e-01 5.833360832184553146e-03 -1.598022878170013428e-01
2.592053823173046112e-02 -4.413441568613052368e-02 2.637315075844526291e-03 1.347151994705200195e-01
2.503785118460655212e-02 1.509496569633483887e-01 5.331618711352348328e-03 -1.571345329284667969e-01
2.805684320628643036e-02 -4.424821957945823669e-02 2.188928192481398582e-03 1.372256129980087280e-01
2.717188000679016113e-02 1.508423089981079102e-01 4.933440592139959335e-03 -1.547659337520599365e-01
3.018872626125812531e-02 -4.434992745518684387e-02 1.838121796026825905e-03 1.394692808389663696e-01
2.930172719061374664e-02 1.507456451654434204e-01 4.627507645636796951e-03 -1.526331752538681030e-01
3.231664001941680908e-02 -4.444225877523422241e-02 1.574843889102339745e-03 1.415060311555862427e-01
3.142779320478439331e-02 1.506571024656295776e-01 4.404964391142129898e-03 -1.506796479225158691e-01
3.444093838334083557e-02 -4.452764615416526794e-02 1.391371362842619419e-03 1.433896869421005249e-01
3.355038538575172424e-02 1.505743563175201416e-01 4.259165376424789429e-03 -1.488539576530456543e-01
3.656187281012535095e-02 -4.460832849144935608e-02 1.282086013816297054e-03 1.451696008443832397e-01
3.566970303654670715e-02 1.504952311515808105e-01 4.185478202998638153e-03 -1.471085846424102783e-01
3.867961093783378601e-02 -4.468639940023422241e-02 1.243306440301239491e-03 1.468918472528457642e-01
3.778588026762008667e-02 1.504177302122116089e-01 4.181143362075090408e-03 -1.453985869884490967e-01
4.079423472285270691e-02 -4.476385563611984253e-02 1.273171510547399521e-03 1.486004739999771118e-01
3.989895805716514587e-02 1.503398418426513672e-01 4.245181102305650711e-03 -1.436805278062820435e-01
4.290575534105300903e-02 -4.484264925122261047e-02 1.371570513583719730e-03 1.503386497497558594e-01
4.200890287756919861e-02 1.502596437931060791e-01 4.378343466669321060e-03 -1.419112533330917358e-01
4.501409456133842468e-02 -4.492474719882011414e-02 1.540118479169905186e-03 1.521497368812561035e-01
4.411559924483299255e-02 1.501751244068145752e-01 4.583113361150026321e-03 -1.400469094514846802e-01
4.711910337209701538e-02 -4.501217231154441833e-02 1.782175037078559399e-03 1.540783792734146118e-01
4.621886089444160461e-02 1.500842124223709106e-01 4.863742738962173462e-03 -1.380417793989181519e-01
4.922054335474967957e-02 -4.510705918073654175e-02 2.102907048538327217e-03 1.561716049909591675e-01
4.831840097904205322e-02 1.499847173690795898e-01 5.226339213550090790e-03 -1.358471661806106567e-01
5.131809785962104797e-02 -4.521169885993003845e-02 2.509395824745297432e-03 1.584800034761428833e-01
5.041386187076568604e-02 1.498742401599884033e-01 5.678995978087186813e-03 -1.334102153778076172e-01
5.341134592890739441e-02 -4.532859846949577332e-02 3.010791493579745293e-03 1.610589325428009033e-01
5.250477418303489685e-02 1.497501134872436523e-01 6.231970153748989105e-03 -1.306726485490798950e-01
5.549977719783782959e-02 -4.546054825186729431e-02 3.618517192080616951e-03 1.639698445796966553e-01
5.459056794643402100e-02 1.496094167232513428e-01 6.897914223372936249e-03 -1.275693476200103760e-01
5.758275464177131653e-02 -4.561066627502441406e-02 4.346527159214019775e-03 1.672817915678024292e-01
5.667054280638694763e-02 1.494487971067428589e-01 7.692162878811359406e-03 -1.240267679095268250e-01
5.965951830148696899e-02 -4.578250274062156677e-02 5.211627576500177383e-03 1.710729897022247314e-01
5.874386802315711975e-02 1.492644697427749634e-01 8.633087389171123505e-03 -1.199612766504287720e-01
6.172915548086166382e-02 -4.598010331392288208e-02 6.233862135559320450e-03 1.754327565431594849e-01
6.080955639481544495e-02 1.490520834922790527e-01 9.742517024278640747e-03 -1.152770817279815674e-01
6.379059702157974243e-02 -4.620810225605964661e-02 7.436975836753845215e-03 1.804635375738143921e-01
6.286643445491790771e-02 1.488066464662551880e-01 1.104624662548303604e-02 -1.098640337586402893e-01
6.584256887435913086e-02 -4.647184163331985474e-02 8.848966099321842194e-03 1.862833499908447266e-01
6.491313129663467407e-02 1.485223919153213501e-01 1.257463265210390091e-02 -1.035949811339378357e-01
6.788358092308044434e-02 -4.677748680114746094e-02 1.050273329019546509e-02 1.930285245180130005e-01
6.694802641868591309e-02 1.481926590204238892e-01 1.436330378055572510e-02 -9.632281959056854248e-02
6.991188228130340576e-02 -4.713217541575431824e-02 1.243684720247983932e-02 2.008568793535232544e-01
6.896924227476119995e-02 1.478097140789031982e-01 1.645398512482643127e-02 -8.787700533866882324e-02
7.192543148994445801e-02 -4.754417762160301208e-02 1.469644438475370407e-02 2.099514156579971313e-01
7.097455114126205444e-02 1.473645865917205811e-01 1.889547333121299744e-02 -7.805956155061721802e-02
7.392184436321258545e-02 -4.802307114005088806e-02 1.733428053557872772e-02 2.205245494842529297e-01
7.296138256788253784e-02 1.468468755483627319e-01 2.174477279186248779e-02 -6.664042919874191284e-02
7.589831948280334473e-02 -4.857997968792915344e-02 2.041196450591087341e-02 2.328229993581771851e-01
7.492671906948089600e-02 1.462444514036178589e-01 2.506842464208602905e-02 -5.335206910967826843e-02
7.785160839557647705e-02 3.409981429576873779e-01 2.400138229131698608e-02 -3.380214869976043701e-01
8.467157185077667236e-02 1.455430388450622559e-01 1.724095270037651062e-02 -3.786752000451087952e-02
8.758243173360824585e-02 -4.982185736298561096e-02 1.648360304534435272e-02 2.602048516273498535e-01
8.658599108457565308e-02 1.450609564781188965e-01 2.168769948184490204e-02 -2.723369002342224121e-02
8.948720991611480713e-02 3.398652672767639160e-01 2.114302478730678558e-02 -3.129957914352416992e-01
9.628451615571975708e-02 1.444486081600189209e-01 1.488311029970645905e-02 -1.372070144861936569e-02
9.917349368333816528e-02 -5.088358744978904724e-02 1.460869610309600830e-02 2.836206257343292236e-01
9.815581887960433960e-02 1.440269947052001953e-01 2.028110809624195099e-02 -4.419243428856134415e-03
1.010363548994064331e-01 3.388522863388061523e-01 2.019272372126579285e-02 -2.906348705291748047e-01
1.078134030103683472e-01 1.434483230113983154e-01 1.438002660870552063e-02 8.347594179213047028e-03
1.106823682785034180e-01 3.383611142635345459e-01 1.454697828739881516e-02 -2.797637879848480225e-01
1.174495965242385864e-01 1.430347114801406860e-01 8.951702155172824860e-03 1.747148111462593079e-02
1.203102841973304749e-01 3.380271494388580322e-01 9.301131591200828552e-03 -2.723736763000488281e-01
1.270708292722702026e-01 1.427737176418304443e-01 3.853657981380820274e-03 2.322827465832233429e-02
1.299263089895248413e-01 3.378401994705200195e-01 4.318223334848880768e-03 -2.682362794876098633e-01
1.366831064224243164e-01 1.426568925380706787e-01 -1.046502497047185898e-03 2.580549754202365875e-02
1.395362466573715210e-01 3.377938270568847656e-01 -5.303925136104226112e-04 -2.672074437141418457e-01
1.462921202182769775e-01 1.426794528961181641e-01 -5.874541122466325760e-03 2.530816011130809784e-02
1.491457074880599976e-01 -5.235776305198669434e-02 -5.368378013372421265e-03 3.161318302154541016e-01
1.480985581874847412e-01 1.428402364253997803e-01 9.542586631141602993e-04 2.176074497401714325e-02
1.509553641080856323e-01 3.379485011100769043e-01 1.389473560266196728e-03 -2.706209421157836914e-01
1.577143371105194092e-01 1.428067386150360107e-01 -4.022945184260606766e-03 2.249990031123161316e-02
1.605704724788665771e-01 3.379861712455749512e-01 -3.572947345674037933e-03 -2.714495956897735596e-01
1.673301905393600464e-01 1.429153680801391602e-01 -9.001939557492733002e-03 2.010427415370941162e-02
1.701885014772415161e-01 -5.207633227109909058e-02 -8.599854074418544769e-03 3.099334537982940674e-01
1.691469699144363403e-01 1.431670784950256348e-01 -2.401184756308794022e-03 1.455082371830940247e-02
1.720103174448013306e-01 3.383233845233917236e-01 -2.110168337821960449e-03 -2.788887321949005127e-01
1.787767857313156128e-01 1.432316005229949951e-01 -7.687943056225776672e-03 1.312789972871541977e-02
1.816414147615432739e-01 -5.177925154566764832e-02 -7.425385061651468277e-03 3.033753037452697754e-01
1.806058287620544434e-01 1.434477269649505615e-01 -1.357878907583653927e-03 8.359862491488456726e-03
1.834747791290283203e-01 3.385891318321228027e-01 -1.190681708976626396e-03 -2.847511768341064453e-01
1.902465671300888062e-01 1.434841752052307129e-01 -6.885705515742301941e-03 7.555973250418901443e-03
1.931162476539611816e-01 -5.153834819793701172e-02 -6.734585855156183243e-03 2.980584502220153809e-01
1.920854747295379639e-01 1.436789482831954956e-01 -7.734168902970850468e-04 3.259184071794152260e-03
1.949590593576431274e-01 3.388119935989379883e-01 -7.082332158461213112e-04 -2.896676659584045410e-01
2.017353028059005737e-01 1.437001377344131470e-01 -6.501586642116308212e-03 2.791808685287833214e-03
2.046093046665191650e-01 -5.132796615362167358e-02 -6.445750128477811813e-03 2.934163212776184082e-01
2.035827487707138062e-01 1.438852846622467041e-01 -5.774236633442342281e-04 -1.292502041906118393e-03
2.064604461193084717e-01 3.390155136585235596e-01 -6.032736855559051037e-04 -2.941575646400451660e-01
2.132407575845718384e-01 1.439021676778793335e-01 -6.486424710601568222e-03 -1.664955168962478638e-03
2.161187976598739624e-01 -5.112615600228309631e-02 -6.519724149256944656e-03 2.889643907546997070e-01
2.150962799787521362e-01 1.440881639719009399e-01 -7.404361967928707600e-04 -5.767642986029386520e-03
2.179780453443527222e-01 3.392207324504852295e-01 -8.557889959774911404e-04 -2.986840903759002686e-01
2.247624546289443970e-01 1.441109776496887207e-01 -6.829470861703157425e-03 -6.271190475672483444e-03
2.276446819305419922e-01 -5.091236531734466553e-02 -6.954894866794347763e-03 2.842491567134857178e-01
2.266264259815216064e-01 1.443080902099609375e-01 -1.269911648705601692e-03 -1.061916351318359375e-02
2.295125871896743774e-01 3.394482135772705078e-01 -1.482294872403144836e-03 -3.037025034427642822e-01
2.363015562295913696e-01 1.443474292755126953e-01 -7.556344848126173019e-03 -1.148741599172353745e-02
2.391885071992874146e-01 -5.066534131765365601e-02 -7.786092814058065414e-03 2.788018584251403809e-01
2.381751984357833862e-01 1.445668190717697144e-01 -2.210056176409125328e-03 -1.632659509778022766e-02
2.410665303468704224e-01 3.397203981876373291e-01 -2.536587882786989212e-03 -3.097060024738311768e-01
2.478609383106231689e-01 1.446346640586853027e-01 -8.730707690119743347e-03 -1.782412081956863403e-02
2.507536411285400391e-01 -5.036099255084991455e-02 -9.087190032005310059e-03 2.720914185047149658e-01
2.497464120388031006e-01 1.448894441127777100e-01 -3.645361866801977158e-03 -2.344372309744358063e-02
2.526442110538482666e-01 3.400634825229644775e-01 -4.114236216992139816e-03 -3.172745704650878906e-01
2.594454884529113770e-01 1.450003683567047119e-01 -1.045972760766744614e-02 -2.589196339249610901e-02
2.623454928398132324e-01 -4.997003078460693359e-02 -1.097756717354059219e-02 2.634725272655487061e-01
2.613460719585418701e-01 1.453068703413009644e-01 -5.708116106688976288e-03 -3.265251591801643372e-02
2.642522156238555908e-01 -4.973275586962699890e-02 -6.361166480928659439e-03 2.582239806652069092e-01
2.632575631141662598e-01 1.454794257879257202e-01 -1.196686876937747002e-03 -3.645853698253631592e-02
2.661671638488769531e-01 3.406185209751129150e-01 -1.925857621245086193e-03 -3.295187950134277344e-01
2.729795277118682861e-01 1.455240398645401001e-01 -8.516233414411544800e-03 -3.744381293654441833e-02
2.758899927139282227e-01 -4.947476089000701904e-02 -9.265109896659851074e-03 2.525400519371032715e-01
2.749004960060119629e-01 1.457782536745071411e-01 -4.214308690279722214e-03 -4.305081814527511597e-02
2.778160870075225830e-01 -4.928300902247428894e-02 -5.075325258076190948e-03 2.482994794845581055e-01
2.768304049968719482e-01 1.459110528230667114e-01 -1.093356841010972857e-04 -4.597998410463333130e-02
2.797486186027526855e-01 3.410345613956451416e-01 -1.028935424983501434e-03 -3.386974036693572998e-01
2.865693271160125732e-01 1.459272801876068115e-01 -7.802883628755807877e-03 -4.633912444114685059e-02
2.894878685474395752e-01 -4.908192157745361328e-02 -8.729666471481323242e-03 2.438717484474182129e-01
2.885062396526336670e-01 1.461636275053024292e-01 -3.852231195196509361e-03 -5.155190452933311462e-02
2.914294898509979248e-01 -4.890287667512893677e-02 -4.883269313722848892e-03 2.399131208658218384e-01
2.904514372348785400e-01 1.462884843349456787e-01 -8.500683179590851068e-05 -5.430611222982406616e-02
2.933772206306457520e-01 3.414116501808166504e-01 -1.171129057183861732e-03 -3.470158576965332031e-01
3.002054393291473389e-01 1.463063806295394897e-01 -8.111446164548397064e-03 -5.470246076583862305e-02
3.031315803527832031e-01 -4.869832471013069153e-02 -9.205495938658714294e-03 2.354102432727813721e-01
3.021576106548309326e-01 1.465539336204528809e-01 -4.497290588915348053e-03 -6.016210839152336121e-02
3.050886988639831543e-01 -4.850324988365173340e-02 -5.700532812625169754e-03 2.310985028743743896e-01
3.041186332702636719e-01 1.466996967792510986e-01 -1.078562578186392784e-03 -6.337709724903106689e-02
3.070526123046875000e-01 3.418370783329010010e-01 -2.346104476600885391e-03 -3.564001321792602539e-01
3.138893544673919678e-01 1.467485725879669189e-01 -9.474107064306735992e-03 -6.445790827274322510e-02
3.168243467807769775e-01 -4.823626950383186340e-02 -1.076326519250869751e-02 2.252208888530731201e-01
3.158596158027648926e-01 1.470378488302230835e-01 -6.258847191929817200e-03 -7.083765417337417603e-02
3.188003599643707275e-01 -4.799382388591766357e-02 -7.675600238144397736e-03 2.198640257120132446e-01
3.178404867649078369e-01 1.472370028495788574e-01 -3.278319723904132843e-03 -7.523018866777420044e-02
3.207852244377136230e-01 -4.783780127763748169e-02 -4.782923497259616852e-03 2.164166122674942017e-01
3.198284804821014404e-01 1.473522037267684937e-01 -4.545912088360637426e-04 -7.777120918035507202e-02
3.227755129337310791e-01 3.424806594848632812e-01 -2.010015305131673813e-03 -3.705975115299224854e-01
3.296251296997070312e-01 1.473873257637023926e-01 -9.421966038644313812e-03 -7.854905724525451660e-02
3.325728774070739746e-01 -4.759829863905906677e-02 -1.099294703453779221e-02 2.111463844776153564e-01
3.316209018230438232e-01 1.476790904998779297e-01 -6.770019419491291046e-03 -8.498386293649673462e-02
3.345744907855987549e-01 -4.734516516327857971e-02 -8.469696156680583954e-03 2.055554538965225220e-01
3.336275815963745117e-01 1.478968709707260132e-01 -4.358587320894002914e-03 -8.978717029094696045e-02
3.365855216979980469e-01 -4.716233164072036743e-02 -6.154330912977457047e-03 2.015174478292465210e-01
3.356422781944274902e-01 1.480470895767211914e-01 -2.123981947079300880e-03 -9.310051798820495605e-02
3.386032283306121826e-01 -4.704434797167778015e-02 -3.985992167145013809e-03 1.989115476608276367e-01
3.376623392105102539e-01 1.481343805789947510e-01 -7.761523193039465696e-06 -9.502611309289932251e-02
3.406250178813934326e-01 -4.698745533823966980e-02 -1.908283797092735767e-03 1.976543664932250977e-01
3.396852612495422363e-01 1.481617391109466553e-01 2.044803462922573090e-03 -9.562993049621582031e-02
3.426485061645507812e-01 3.432543277740478516e-01 1.322049065493047237e-04 -3.876670300960540771e-01
3.495135903358459473e-01 1.481304913759231567e-01 -7.621135562658309937e-03 -9.494241327047348022e-02
3.524762094020843506e-01 -4.688140004873275757e-02 -9.519984014332294464e-03 1.953263431787490845e-01
3.515385687351226807e-01 1.483754217624664307e-01 -5.613456945866346359e-03 -1.003444567322731018e-01
3.545060753822326660e-01 -4.666562750935554504e-02 -7.620346266776323318e-03 1.905621737241744995e-01
3.535727858543395996e-01 1.485645025968551636e-01 -3.809102810919284821e-03 -1.045148894190788269e-01
3.565440475940704346e-01 -4.650264978408813477e-02 -5.899400450289249420e-03 1.869638413190841675e-01
3.556140065193176270e-01 1.487032026052474976e-01 -2.160123782232403755e-03 -1.075742542743682861e-01
3.585880696773529053e-01 -4.638772457838058472e-02 -4.311609081923961639e-03 1.844263821840286255e-01
3.576603233814239502e-01 1.487956494092941284e-01 -6.230812869034707546e-04 -1.096135750412940979e-01
3.606362342834472656e-01 -4.631736502051353455e-02 -2.815352752804756165e-03 1.828727126121520996e-01
3.597098886966705322e-01 1.488447636365890503e-01 8.421014063060283661e-04 -1.106970235705375671e-01
3.626867830753326416e-01 -4.628925025463104248e-02 -1.371839083731174469e-03 1.822514533996582031e-01
3.617610037326812744e-01 1.488523036241531372e-01 2.273190068081021309e-03 -1.108639165759086609e-01
3.647380471229553223e-01 -4.630214720964431763e-02 5.591172885033302009e-05 1.825353205204010010e-01
3.638119995594024658e-01 1.488189995288848877e-01 3.706618212163448334e-03 -1.101299673318862915e-01
3.667883872985839844e-01 3.438876569271087646e-01 1.504018786363303661e-03 -4.016411900520324707e-01
3.736661374568939209e-01 1.487443894147872925e-01 -6.528804544359445572e-03 -1.084844470024108887e-01
3.766410052776336670e-01 -4.628339409828186035e-02 -8.698493242263793945e-03 1.821315437555313110e-01
3.757153451442718506e-01 1.489619314670562744e-01 -5.055862944573163986e-03 -1.132826954126358032e-01
3.786945939064025879e-01 -4.608720541000366211e-02 -7.321516983211040497e-03 1.778008639812469482e-01
3.777728378772735596e-01 1.491387486457824707e-01 -3.765499684959650040e-03 -1.171827316284179688e-01
3.807556331157684326e-01 -4.592904448509216309e-02 -6.109154317528009415e-03 1.743098348379135132e-01
3.798370361328125000e-01 1.492798030376434326e-01 -2.622957574203610420e-03 -1.202940568327903748e-01
3.828226327896118164e-01 -4.580446705222129822e-02 -5.028838757425546646e-03 1.715601980686187744e-01
3.819065392017364502e-01 1.493891030550003052e-01 -1.597634865902364254e-03 -1.227049231529235840e-01
3.848943412303924561e-01 -4.570993036031723022e-02 -4.051733296364545822e-03 1.694735437631607056e-01
3.839801251888275146e-01 1.494697779417037964e-01 -6.622625514864921570e-04 -1.244848296046257019e-01
3.869695365428924561e-01 -4.564267769455909729e-02 -3.151959041133522987e-03 1.679890900850296021e-01
3.860566616058349609e-01 1.495242565870285034e-01 2.078225952573120594e-04 -1.256865262985229492e-01
3.890471458435058594e-01 -4.560067877173423767e-02 -2.305907895788550377e-03 1.670619696378707886e-01
3.881351351737976074e-01 1.495542079210281372e-01 1.035331399179995060e-03 -1.263475120067596436e-01
3.911262154579162598e-01 -4.558256268501281738e-02 -1.491618924774229527e-03 1.666618585586547852e-01
3.902145624160766602e-01 1.495607048273086548e-01 1.841618330217897892e-03 -1.264912486076354980e-01
3.932057917118072510e-01 -4.558757692575454712e-02 -6.882067536935210228e-04 1.667721122503280640e-01
3.922940492630004883e-01 1.495442241430282593e-01 2.647235523909330368e-03 -1.261278390884399414e-01
3.952849209308624268e-01 3.446281552314758301e-01 1.246786705451086164e-04 -4.179744124412536621e-01
4.021774828433990479e-01 1.495044231414794922e-01 -8.234810084104537964e-03 -1.252521872520446777e-01
4.051675796508789062e-01 -4.549858719110488892e-02 -1.073985360562801361e-02 1.648214012384414673e-01
4.042575955390930176e-01 1.497754454612731934e-01 -7.443425245583057404e-03 -1.312302052974700928e-01
4.072531163692474365e-01 -4.523909837007522583e-02 -1.006802916526794434e-02 1.590951532125473022e-01
4.063483178615570068e-01 1.500255316495895386e-01 -6.886126473546028137e-03 -1.367468982934951782e-01
4.093488454818725586e-01 -4.499710723757743835e-02 -9.621064178645610809e-03 1.537556201219558716e-01
4.084489047527313232e-01 1.502612680196762085e-01 -6.545952055603265762e-03 -1.419469416141510010e-01
4.114541113376617432e-01 -4.476632177829742432e-02 -9.384891018271446228e-03 1.486636847257614136e-01
4.105587899684906006e-01 1.504887491464614868e-01 -6.411616690456867218e-03 -1.469651460647583008e-01
4.135685861110687256e-01 -4.454079642891883850e-02 -9.350920096039772034e-03 1.436881721019744873e-01
4.126777648925781250e-01 1.507138162851333618e-01 -6.477156654000282288e-03 -1.519300788640975952e-01
4.156920313835144043e-01 -4.431479424238204956e-02 -9.515757672488689423e-03 1.387024223804473877e-01
4.148057401180267334e-01 1.509421467781066895e-01 -6.741709541529417038e-03 -1.569673120975494385e-01
4.178245663642883301e-01 -4.408263415098190308e-02 -9.881055913865566254e-03 1.335811614990234375e-01
4.169429242610931396e-01 1.511794477701187134e-01 -7.209432311356067657e-03 -1.622026413679122925e-01
4.199665188789367676e-01 -4.383855685591697693e-02 -1.045348495244979858e-02 1.281972080469131470e-01
4.190897345542907715e-01 1.514315754175186157e-01 -7.889540866017341614e-03 -1.677652597427368164e-01
4.221183657646179199e-01 -4.357656463980674744e-02 -1.124484650790691376e-02 1.224183440208435059e-01
4.212468564510345459e-01 1.517046689987182617e-01 -8.796479552984237671e-03 -1.737909018993377686e-01
4.242809414863586426e-01 -4.329028725624084473e-02 -1.227229740470647812e-02 1.161040887236595154e-01
4.234151244163513184e-01 1.520053297281265259e-01 -9.950215928256511688e-03 -1.804252564907073975e-01
4.264552295207977295e-01 -4.297282919287681580e-02 -1.355872116982936859e-02 1.091021969914436340e-01
4.255957901477813721e-01 1.523407697677612305e-01 -1.137667708098888397e-02 -1.878274083137512207e-01
4.286426007747650146e-01 -4.261658713221549988e-02 -1.513322442770004272e-02 1.012450307607650757e-01
4.277902543544769287e-01 -2.375184297561645508e-01 -1.310832425951957703e-02 3.891153037548065186e-01
4.230398833751678467e-01 -4.221289232373237610e-02 -5.326018203049898148e-03 9.232844412326812744e-02
4.221956431865692139e-01 1.529849916696548462e-01 -3.479449078440666199e-03 -2.020300626754760742e-01
4.252553284168243408e-01 -4.208702594041824341e-02 -7.520050276070833206e-03 8.955322951078414917e-02
4.244135916233062744e-01 1.531419008970260620e-01 -5.728985648602247238e-03 -2.054927498102188110e-01
4.274764358997344971e-01 -4.189765453338623047e-02 -9.838840924203395844e-03 8.537746965885162354e-02
4.266384840011596680e-01 1.533639430999755859e-01 -8.131291717290878296e-03 -2.103933095932006836e-01
4.297057688236236572e-01 -4.164081439375877380e-02 -1.233915798366069794e-02 7.971356064081192017e-02
4.288729429244995117e-01 -2.365837246179580688e-01 -1.074488647282123566e-02 3.684780597686767578e-01
4.241412580013275146e-01 -4.131076112389564514e-02 -3.375325584784150124e-03 7.242657989263534546e-02
4.233150482177734375e-01 1.538594216108322144e-01 -1.926794066093862057e-03 -2.213193625211715698e-01
4.263922572135925293e-01 -4.123494029045104980e-02 -6.353181321173906326e-03 7.075515389442443848e-02
4.255675375461578369e-01 -2.362652420997619629e-01 -4.938078578561544418e-03 3.614268600940704346e-01
4.208422303199768066e-01 -4.107344523072242737e-02 2.290458884090185165e-03 6.719096004962921143e-02
4.200207591056823730e-01 1.540156006813049316e-01 3.634278196841478348e-03 -2.247684299945831299e-01
4.231010973453521729e-01 -4.115810990333557129e-02 -8.610906079411506653e-04 6.905866414308547974e-02
4.222779273986816406e-01 1.539761722087860107e-01 5.200826562941074371e-04 -2.238958179950714111e-01
4.253574311733245850e-01 -4.115320369601249695e-02 -3.957833629101514816e-03 6.895111501216888428e-02
4.245343804359436035e-01 1.540252715349197388e-01 -2.578811487182974815e-03 -2.249778956174850464e-01
4.276148974895477295e-01 -4.105973616242408752e-02 -7.078369148075580597e-03 6.689046323299407959e-02
4.267936944961547852e-01 -2.360794842243194580e-01 -5.740560125559568405e-03 3.573317527770996094e-01
4.220721125602722168e-01 -4.087639972567558289e-02 1.406074850820004940e-03 6.284421682357788086e-02
4.212545752525329590e-01 1.542253643274307251e-01 2.662959275767207146e-03 -2.293947488069534302e-01
4.243390858173370361e-01 -4.093454033136367798e-02 -1.924935844726860523e-03 6.412697583436965942e-02
4.235203862190246582e-01 1.542149633169174194e-01 -6.423963932320475578e-04 -2.291626632213592529e-01
4.266046881675720215e-01 -4.089780896902084351e-02 -5.225649569183588028e-03 6.331755965948104858e-02
4.257867336273193359e-01 -2.359444499015808105e-01 -3.959298133850097656e-03 3.543471992015838623e-01
4.210678339004516602e-01 -4.076642543077468872e-02 3.127645468339323997e-03 6.041842326521873474e-02
4.202525019645690918e-01 1.543105393648147583e-01 4.336013924330472946e-03 -2.312760651111602783e-01
4.233387410640716553e-01 -4.087309539318084717e-02 -2.895074430853128433e-04 6.277141720056533813e-02
4.225212633609771729e-01 1.542530059814453125e-01 9.659209754317998886e-04 -2.300028353929519653e-01
4.256063103675842285e-01 -4.088273644447326660e-02 -3.634135704487562180e-03 6.298462301492691040e-02
4.247886836528778076e-01 1.542911231517791748e-01 -2.374443225562572479e-03 -2.308426797389984131e-01
4.278745055198669434e-01 -4.079681262373924255e-02 -6.991297006607055664e-03 6.109032407402992249e-02
4.270585477352142334e-01 -2.358178347349166870e-01 -5.769490264356136322e-03 3.515592813491821289e-01
4.223422110080718994e-01 -4.061430692672729492e-02 1.261695055291056633e-03 5.706264451146125793e-02
4.215299189090728760e-01 1.544895321130752563e-01 2.402947982773184776e-03 -2.352219372987747192e-01
4.246197044849395752e-01 -4.066666960716247559e-02 -2.301490865647792816e-03 5.821797996759414673e-02
4.238063693046569824e-01 1.544882059097290039e-01 -1.137131243012845516e-03 -2.351901978254318237e-01
4.268961250782012939e-01 -4.061748087406158447e-02 -5.840935278683900833e-03 5.713383108377456665e-02
4.260837733745574951e-01 -2.356552034616470337e-01 -4.698258358985185623e-03 3.479681909084320068e-01
4.213706851005554199e-01 -4.046673700213432312e-02 2.261105459183454514e-03 5.380744859576225281e-02
4.205613434314727783e-01 1.546227186918258667e-01 3.337254282087087631e-03 -2.381612211465835571e-01
4.236538112163543701e-01 -4.054674878716468811e-02 -1.425970112904906273e-03 5.557249858975410461e-02
4.228428602218627930e-01 1.545956134796142578e-01 -3.145201771985739470e-04 -2.375599890947341919e-01
4.259347915649414062e-01 -4.052183777093887329e-02 -5.065720062702894211e-03 5.502371117472648621e-02
4.251243472099304199e-01 -2.355707883834838867e-01 -3.965246025472879410e-03 3.461040556430816650e-01
4.204129278659820557e-01 -4.039265960454940796e-02 2.956835553050041199e-03 5.217339470982551575e-02
4.196050763130187988e-01 1.546867638826370239e-01 4.000303335487842560e-03 -2.395751625299453735e-01
4.226987957954406738e-01 -4.049209877848625183e-02 -7.911997381597757339e-04 5.436688661575317383e-02
4.218889772891998291e-01 1.546411961317062378e-01 2.961379359476268291e-04 -2.385655641555786133e-01
4.249818027019500732e-01 -4.048499092459678650e-02 -4.475173540413379669e-03 5.421075597405433655e-02
4.241721034049987793e-01 -2.355424910783767700e-01 -3.390958299860358238e-03 3.454783856868743896e-01
4.194612503051757812e-01 -4.037246853113174438e-02 3.518609330058097839e-03 5.172808468341827393e-02
4.186537861824035645e-01 1.546988487243652344e-01 4.553170874714851379e-03 -2.398426234722137451e-01
4.217477738857269287e-01 -4.048784449696540833e-02 -2.436813374515622854e-04 5.427302420139312744e-02
4.209380149841308594e-01 1.546376049518585205e-01 8.417791104875504971e-04 -2.384867817163467407e-01
4.240307509899139404e-01 -4.049636423587799072e-02 -3.927956335246562958e-03 5.446155369281768799e-02
4.232208430767059326e-01 -2.355617731809616089e-01 -2.838725456967949867e-03 3.459025919437408447e-01
4.185096025466918945e-01 -4.039955884218215942e-02 4.079326521605253220e-03 5.232586711645126343e-02
4.177016019821166992e-01 1.546636670827865601e-01 5.125843919813632965e-03 -2.390672117471694946e-01
4.207948744297027588e-01 -4.053113982081413269e-02 3.444995090831071138e-04 5.522813275456428528e-02
4.199842512607574463e-01 1.545858681201934814e-01 1.449062139727175236e-03 -2.373460829257965088e-01
4.230759739875793457e-01 -4.055675119161605835e-02 -3.297859570011496544e-03 5.579356849193572998e-02
4.222648441791534424e-01 -2.356312572956085205e-01 -2.181988209486007690e-03 3.474341630935668945e-01
4.175522029399871826e-01 -4.047834128141403198e-02 4.766695201396942139e-03 5.406398698687553406e-02
4.167426526546478271e-01 1.545749306678771973e-01 5.847975146025419235e-03 -2.371112108230590820e-01
4.198341369628906250e-01 -4.063007235527038574e-02 1.105751027353107929e-03 5.741059780120849609e-02
4.190215468406677246e-01 1.544760018587112427e-01 2.253962913528084755e-03 -2.349232584238052368e-01
4.221110641956329346e-01 -4.067807272076606750e-02 -2.444501966238021851e-03 5.846979096531867981e-02
4.212975203990936279e-01 -2.357648909091949463e-01 -1.275106216780841351e-03 3.503804504871368408e-01
4.165821969509124756e-01 -4.062482714653015137e-02 5.732502788305282593e-03 5.729572474956512451e-02
4.157697260379791260e-01 1.544144600629806519e-01 6.878417450934648514e-03 -2.335730642080307007e-01
4.188579916954040527e-01 -4.080509021878242493e-02 2.206956269219517708e-03 6.127158179879188538e-02
4.180418848991394043e-01 1.542851477861404419e-01 3.432387951761484146e-03 -2.307142168283462524e-01
4.211275875568389893e-01 -4.088568314909934998e-02 -1.181896426714956760e-03 6.304942071437835693e-02
4.203099012374877930e-01 1.542531996965408325e-01 7.909197302069514990e-05 -2.300061732530593872e-01
4.233949482440948486e-01 -4.086988791823387146e-02 -4.521031398326158524e-03 6.270170956850051880e-02
4.225775599479675293e-01 -2.359267324209213257e-01 -3.266997169703245163e-03 3.539547920227050781e-01
4.178590178489685059e-01 -4.075847566127777100e-02 3.812098642811179161e-03 6.024348735809326172e-02
4.170438647270202637e-01 1.543086171150207520e-01 5.016968585550785065e-03 -2.312342673540115356e-01
4.201300144195556641e-01 -4.088466614484786987e-02 3.922831674572080374e-04 6.302694976329803467e-02
4.193123281002044678e-01 1.542316526174545288e-01 1.652822247706353664e-03 -2.295321822166442871e-01
4.223969578742980957e-01 -4.091387242078781128e-02 -2.937821438536047935e-03 6.367164850234985352e-02
4.215786755084991455e-01 1.542500704526901245e-01 -1.664388459175825119e-03 -2.299367338418960571e-01
4.246636927127838135e-01 -4.084805399179458618e-02 -6.263122893869876862e-03 6.222072616219520569e-02
4.238467216491699219e-01 -2.358796447515487671e-01 -5.018708761781454086e-03 3.529210388660430908e-01
4.191291332244873047e-01 -4.068669304251670837e-02 2.039712155237793922e-03 5.865979194641113281e-02
4.183154106140136719e-01 1.544059514999389648e-01 3.212907817214727402e-03 -2.333788871765136719e-01
4.214035272598266602e-01 -4.076175391674041748e-02 -1.454669982194900513e-03 6.031575426459312439e-02
4.205882847309112549e-01 1.543810218572616577e-01 -2.483548887539654970e-04 -2.328257709741592407e-01
4.236758947372436523e-01 -4.073737934231758118e-02 -4.904870409518480301e-03 5.977880209684371948e-02
4.228611588478088379e-01 -2.357886582612991333e-01 -3.709294367581605911e-03 3.509101867675781250e-01
4.181453883647918701e-01 -4.061415791511535645e-02 3.308909246698021889e-03 5.705990642309188843e-02
4.173330962657928467e-01 1.544601917266845703e-01 4.450107458978891373e-03 -2.345771938562393188e-01
4.204223155975341797e-01 -4.072505608201026917e-02 -2.414366026641801000e-04 5.950610339641571045e-02
4.196077883243560791e-01 1.544003635644912720e-01 9.486854542046785355e-04 -2.332529872655868530e-01
4.226958155632019043e-01 -4.073513671755790710e-02 -3.716374281793832779e-03 5.972903221845626831e-02
4.218811094760894775e-01 -2.358036041259765625e-01 -2.521793590858578682e-03 3.512371182441711426e-01
4.171650409698486328e-01 -4.064588248729705811e-02 4.502948373556137085e-03 5.776004493236541748e-02
4.163521230220794678e-01 1.544112116098403931e-01 5.658149253576993942e-03 -2.334987819194793701e-01
4.194403290748596191e-01 -4.079112038016319275e-02 9.881737641990184784e-04 6.096353009343147278e-02
4.186245203018188477e-01 1.543166488409042358e-01 2.207444282248616219e-03 -2.314074635505676270e-01
4.217108488082885742e-01 -4.083677753806114197e-02 -2.420704811811447144e-03 6.197095289826393127e-02
4.208941161632537842e-01 1.543197929859161377e-01 -1.181285711936652660e-03 -2.314747422933578491e-01
4.239805042743682861e-01 -4.078525304794311523e-02 -5.810780450701713562e-03 6.083533912897109985e-02
4.231648147106170654e-01 -2.358234077692031860e-01 -4.594073630869388580e-03 3.516792654991149902e-01
4.184483289718627930e-01 -4.063643142580986023e-02 2.439511939883232117e-03 5.755124241113662720e-02
4.176356196403503418e-01 1.544504612684249878e-01 3.590536769479513168e-03 -2.343610078096389771e-01
4.207246303558349609e-01 -4.072261229157447815e-02 -1.096683321520686150e-03 5.945232510566711426e-02
4.199101626873016357e-01 1.544150412082672119e-01 9.236321784555912018e-05 -2.335764169692993164e-01
4.229984581470489502e-01 -4.070822149515151978e-02 -4.579165019094944000e-03 5.913564935326576233e-02
4.221843183040618896e-01 -2.357642203569412231e-01 -3.396451938897371292e-03 3.503703176975250244e-01
4.174690246582031250e-01 -4.059413075447082520e-02 3.610954154282808304e-03 5.661830678582191467e-02
4.166571497917175293e-01 1.544758528470993042e-01 4.743320401757955551e-03 -2.349231541156768799e-01
4.197466671466827393e-01 -4.071354120969772339e-02 4.485726822167634964e-05 5.925218388438224792e-02
4.189323782920837402e-01 1.544077694416046143e-01 1.229900983162224293e-03 -2.334165871143341064e-01
4.220205247402191162e-01 -4.073173552751541138e-02 -3.438430838286876678e-03 5.965403467416763306e-02
4.212059080600738525e-01 -2.358042150735855103e-01 -2.245350275188684464e-03 3.512501418590545654e-01
4.164898097515106201e-01 -4.065040498971939087e-02 4.779652692377567291e-03 5.786002054810523987e-02
4.156768023967742920e-01 1.544026881456375122e-01 5.936852656304836273e-03 -2.333110719919204712e-01
4.187648594379425049e-01 -4.080358520150184631e-02 1.270631561055779457e-03 6.123860925436019897e-02
4.179487824440002441e-01 1.543001234531402588e-01 2.495403634384274483e-03 -2.310431599617004395e-01
4.210347831249237061e-01 -4.085739701986312866e-02 -2.125459257513284683e-03 6.242586299777030945e-02
4.202176332473754883e-01 1.542949676513671875e-01 -8.769421256147325039e-04 -2.309269011020660400e-01
4.233035445213317871e-01 -4.081444442272186279e-02 -5.495480261743068695e-03 6.147927790880203247e-02
4.224872589111328125e-01 -2.358571738004684448e-01 -4.265894647687673569e-03 3.524232804775238037e-01
4.177701175212860107e-01 -4.067482054233551025e-02 2.782571129500865936e-03 5.839825421571731567e-02
4.169566035270690918e-01 1.544071286916732788e-01 3.950536251068115234e-03 -2.334054559469223022e-01
4.200447499752044678e-01 -4.077104851603507996e-02 -7.175727514550089836e-04 6.052098050713539124e-02
4.192293286323547363e-01 1.543611884117126465e-01 4.928468260914087296e-04 -2.323882579803466797e-01
4.223165512084960938e-01 -4.076780751347541809e-02 -4.154918249696493149e-03 6.045008450746536255e-02
4.215012192726135254e-01 -2.358299344778060913e-01 -2.945916727185249329e-03 3.518192172050476074e-01
4.167846143245697021e-01 -4.066621884703636169e-02 4.090467467904090881e-03 5.820880830287933350e-02
4.159712791442871094e-01 1.543968468904495239e-01 5.254643969237804413e-03 -2.331807464361190796e-01
4.190592169761657715e-01 -4.079979285597801208e-02 5.910288891755044460e-04 6.115502491593360901e-02
4.182432293891906738e-01 1.543136835098266602e-01 1.814129413105547428e-03 -2.313413619995117188e-01
4.213294982910156250e-01 -4.083414748311042786e-02 -2.812698017805814743e-03 6.191324442625045776e-02
4.205128252506256104e-01 1.543280184268951416e-01 -1.574433175846934319e-03 -2.316557765007019043e-01
4.235993623733520508e-01 -4.077140241861343384e-02 -6.207548547536134720e-03 6.053010374307632446e-02
4.227839410305023193e-01 -2.358037978410720825e-01 -4.996946547180414200e-03 3.512480556964874268e-01
4.180678725242614746e-01 -4.061114415526390076e-02 2.028014510869979858e-03 5.699363350868225098e-02
4.172556400299072266e-01 1.544816642999649048e-01 3.167887218296527863e-03 -2.350487560033798218e-01
4.203452765941619873e-01 -4.068540036678314209e-02 -1.533087808638811111e-03 5.863174423575401306e-02
4.195315837860107422e-01 1.544584929943084717e-01 -3.604529192671179771e-04 -2.345344871282577515e-01
4.226207435131072998e-01 -4.065829887986183167e-02 -5.051142536103725433e-03 5.803471803665161133e-02
4.218075871467590332e-01 -2.357074618339538574e-01 -3.890448482707142830e-03 3.491196930408477783e-01
4.170934259891510010e-01 -4.053039848804473877e-02 3.091945545747876167e-03 5.521252751350402832e-02
4.162828326225280762e-01 1.545470803976058960e-01 4.196196328848600388e-03 -2.364932596683502197e-01
4.193737506866455078e-01 -4.063456505537033081e-02 -5.336690810509026051e-04 5.751030892133712769e-02
4.185610711574554443e-01 1.544950306415557861e-01 6.165371160022914410e-04 -2.353409379720687866e-01
4.216509759426116943e-01 -4.063572362065315247e-02 -4.090281669050455093e-03 5.753639340400695801e-02
4.208382666110992432e-01 -2.356987893581390381e-01 -2.939553931355476379e-03 3.489260077476501465e-01
4.161242842674255371e-01 -4.053515195846557617e-02 4.038966260850429535e-03 5.531758815050125122e-02
4.153135716915130615e-01 1.545286476612091064e-01 5.145317874848842621e-03 -2.360882759094238281e-01
4.184041619300842285e-01 -4.066642746329307556e-02 4.235522646922618151e-04 5.821318551898002625e-02
4.175908267498016357e-01 1.544494479894638062e-01 1.587815931998193264e-03 -2.343360781669616699e-01
4.206798076629638672e-01 -4.069515317678451538e-02 -3.098905552178621292e-03 5.884727090597152710e-02
4.198659062385559082e-01 -2.357725352048873901e-01 -1.921960152685642242e-03 3.505508601665496826e-01
4.151504635810852051e-01 -4.062330350279808044e-02 5.089057143777608871e-03 5.726249888539314270e-02
4.143379926681518555e-01 1.544253081083297729e-01 6.234307307749986649e-03 -2.338104546070098877e-01
4.174264967441558838e-01 -4.078515991568565369e-02 1.558097894303500652e-03 6.083243340253829956e-02
4.166108071804046631e-01 1.543144136667251587e-01 2.774746622890233994e-03 -2.313584983348846436e-01
4.196970760822296143e-01 -4.084707424044609070e-02 -1.852423301897943020e-03 6.219838559627532959e-02
4.188801348209381104e-01 1.543013900518417358e-01 -6.084556225687265396e-04 -2.310684174299240112e-01
4.219661653041839600e-01 -4.081186279654502869e-02 -5.229823756963014603e-03 6.142251938581466675e-02
4.211499392986297607e-01 -2.358584403991699219e-01 -4.001373425126075745e-03 3.524508178234100342e-01
4.164327681064605713e-01 -4.067981988191604614e-02 3.047642996534705162e-03 5.850883573293685913e-02
4.156191647052764893e-01 1.543983072042465210e-01 4.217819776386022568e-03 -2.332109808921813965e-01
4.187071323394775391e-01 -4.078365862369537354e-02 -4.463999066501855850e-04 6.079939380288124084e-02
4.178914725780487061e-01 1.543446928262710571e-01 7.695879321545362473e-04 -2.320243418216705322e-01
4.209783673286437988e-01 -4.078825190663337708e-02 -3.870898857712745667e-03 6.090123951435089111e-02
4.201625883579254150e-01 -2.358544915914535522e-01 -2.652874216437339783e-03 3.523603677749633789e-01
4.154455065727233887e-01 -4.069491475820541382e-02 4.394332878291606903e-03 5.884208530187606812e-02
4.146316051483154297e-01 1.543637514114379883e-01 5.571174900978803635e-03 -2.324511706829071045e-01
4.177188873291015625e-01 -4.083735495805740356e-02 9.221513755619525909e-04 6.198387220501899719e-02
4.169021248817443848e-01 1.542713642120361328e-01 2.161828801035881042e-03 -2.304079681634902954e-01
4.199875593185424805e-01 -4.088141396641731262e-02 -2.446330385282635689e-03 6.295609474182128906e-02
4.191699326038360596e-01 1.542755216360092163e-01 -1.187208690680563450e-03 -2.304976582527160645e-01
4.222554266452789307e-01 -4.082943871617317200e-02 -5.797161720693111420e-03 6.181054189801216125e-02
4.214388430118560791e-01 -2.358677983283996582e-01 -4.560951143503189087e-03 3.526588082313537598e-01
4.167214930057525635e-01 -4.068128392100334167e-02 2.492224797606468201e-03 5.854116752743721008e-02
4.159078598022460938e-01 1.544048488140106201e-01 3.663048148155212402e-03 -2.333544045686721802e-01
4.189959764480590820e-01 -4.076925292611122131e-02 -1.004039891995489597e-03 6.048171222209930420e-02
4.181805849075317383e-01 1.543670743703842163e-01 2.055943623417988420e-04 -2.325178235769271851e-01
4.212679266929626465e-01 -4.075780883431434631e-02 -4.444762133061885834e-03 6.022994220256805420e-02
4.204527735710144043e-01 -2.358157485723495483e-01 -3.240163438022136688e-03 3.515072166919708252e-01
4.157364368438720703e-01 -4.064787179231643677e-02 3.789980895817279816e-03 5.780432000756263733e-02
4.149234890937805176e-01 1.544195413589477539e-01 4.946067463606595993e-03 -2.336804270744323730e-01
4.180118739604949951e-01 -4.077273607254028320e-02 2.724586229305714369e-04 6.055853143334388733e-02
4.171964228153228760e-01 1.543453037738800049e-01 1.483629224821925163e-03 -2.320384234189987183e-01
4.202833473682403564e-01 -4.079781100153923035e-02 -3.157139290124177933e-03 6.111212074756622314e-02
4.194673895835876465e-01 -2.358743548393249512e-01 -1.934896805323660374e-03 3.527972698211669922e-01
4.147498905658721924e-01 -4.072494432330131531e-02 5.121049005538225174e-03 5.950485169887542725e-02
4.139353930950164795e-01 1.543232053518295288e-01 6.311145611107349396e-03 -2.315579652786254883e-01
4.170218706130981445e-01 -4.088835045695304871e-02 1.679986598901450634e-03 6.310901045799255371e-02
4.162040948867797852e-01 1.542094796895980835e-01 2.942166989669203758e-03 -2.290433943271636963e-01
4.192882776260375977e-01 -4.095439985394477844e-02 -1.638700952753424644e-03 6.456614285707473755e-02
4.184691905975341797e-01 1.541910022497177124e-01 -3.473781107459217310e-04 -2.286333590745925903e-01
4.215530157089233398e-01 -4.092597588896751404e-02 -4.920045379549264908e-03 6.393998116254806519e-02
4.207344949245452881e-01 -2.359770387411117554e-01 -3.641245653852820396e-03 3.550665378570556641e-01
4.160149395465850830e-01 -4.080350697040557861e-02 3.460085252299904823e-03 6.123766303062438965e-02
4.151988923549652100e-01 1.542686671018600464e-01 4.684838466346263885e-03 -2.303515821695327759e-01
4.182842671871185303e-01 -4.091991856694221497e-02 7.780708983773365617e-05 6.380541622638702393e-02
4.174658656120300293e-01 1.542009115219116211e-01 1.353915431536734104e-03 -2.288529574871063232e-01
4.205498695373535156e-01 -4.094035550951957703e-02 -3.223143750801682472e-03 6.425673514604568481e-02
4.197310805320739746e-01 1.542276591062545776e-01 -1.938008936122059822e-03 -2.294413745403289795e-01
