4.486927762627601624e-02 -1.626805774867534637e-02 -5.527765024453401566e-03 2.052965760231018066e-02
4.454391449689865112e-02 -2.113102972507476807e-01 -5.117171909660100937e-03 3.114633858203887939e-01
4.031771048903465271e-02 -1.611582189798355103e-02 1.112096011638641357e-03 1.717106997966766357e-02
3.999539092183113098e-02 -2.112537026405334473e-01 1.455517369322478771e-03 3.102046549320220947e-01
3.577031940221786499e-02 -1.615252159535884857e-02 7.659610826522111893e-03 1.798112504184246063e-02
3.544726595282554626e-02 -2.113834768533706665e-01 8.019233122467994690e-03 3.130708634853363037e-01
3.121959790587425232e-02 -1.637667976319789886e-02 1.428065076470375061e-02 2.292771078646183014e-02
3.089206479489803314e-02 -2.117004841566085815e-01 1.473920512944459915e-02 3.200819194316864014e-01
2.665805444121360779e-02 -1.679151132702827454e-02 2.114084362983703613e-02 3.208337724208831787e-02
2.632222510874271393e-02 1.780209839344024658e-01 2.178250998258590698e-02 -2.538551390171051025e-01
2.988264523446559906e-02 -1.740510202944278717e-02 1.670540869235992432e-02 4.561801627278327942e-02
2.953454293310642242e-02 1.774733662605285645e-01 1.761776767671108246e-02 -2.417477369308471680e-01
3.308400884270668030e-02 -1.789575256407260895e-02 1.278281398117542267e-02 5.643982067704200745e-02
3.272609412670135498e-02 1.770406067371368408e-01 1.391161046922206879e-02 -2.321827709674835205e-01
3.626690804958343506e-02 -1.827733777463436127e-02 9.267955087125301361e-03 6.485566496849060059e-02
3.590136021375656128e-02 -2.135309278964996338e-01 1.056506764143705368e-02 3.604482114315032959e-01
3.163073956966400146e-02 -1.856074109673500061e-02 1.777403242886066437e-02 7.111532241106033325e-02
3.125952556729316711e-02 1.763019412755966187e-01 1.919633895158767700e-02 -2.159072458744049072e-01
3.478556498885154724e-02 -1.908910460770130157e-02 1.487819384783506393e-02 8.276870846748352051e-02
3.440378233790397644e-02 1.758164465427398682e-01 1.653356850147247314e-02 -2.051832377910614014e-01
3.792011365294456482e-02 -1.953799277544021606e-02 1.242990326136350632e-02 9.266901761293411255e-02
3.752935305237770081e-02 1.754036098718643188e-01 1.428328361362218857e-02 -1.960664987564086914e-01
4.103742539882659912e-02 -1.991970092058181763e-02 1.036195363849401474e-02 1.010877266526222229e-01
4.063903167843818665e-02 1.750522255897521973e-01 1.238370873034000397e-02 -1.883081048727035522e-01
4.414007440209388733e-02 -2.024468593299388885e-02 8.617546409368515015e-03 1.082555204629898071e-01
4.373518005013465881e-02 1.747527271509170532e-01 1.078265719115734100e-02 -1.816962063312530518e-01
4.723023623228073120e-02 -2.052184753119945526e-02 7.148732896894216537e-03 1.143686622381210327e-01
4.681979864835739136e-02 1.744969487190246582e-01 9.436106309294700623e-03 -1.760503351688385010e-01
5.030973628163337708e-02 -2.075876854360103607e-02 5.915099289268255234e-03 1.195943653583526611e-01
4.989456385374069214e-02 1.742779314517974854e-01 8.306986652314662933e-03 -1.712165474891662598e-01
5.338012054562568665e-02 -2.096191979944705963e-02 4.882655572146177292e-03 1.240753605961799622e-01
5.296088382601737976e-02 1.740897446870803833e-01 7.364162709563970566e-03 -1.670631468296051025e-01
5.644267797470092773e-02 -2.113684453070163727e-02 4.022899549454450607e-03 1.279338300228118896e-01
5.601993948221206665e-02 1.739272475242614746e-01 6.581576075404882431e-03 -1.634772121906280518e-01
5.949848517775535583e-02 -2.128829993307590485e-02 3.312031971290707588e-03 1.312747448682785034e-01
5.907271802425384521e-02 1.737860441207885742e-01 5.937526933848857880e-03 -1.603614389896392822e-01
6.254844367504119873e-02 -2.142039872705936432e-02 2.730297856032848358e-03 1.341886967420578003e-01
6.212003156542778015e-02 1.736623346805572510e-01 5.414071492850780487e-03 -1.576316207647323608e-01
6.559327989816665649e-02 -2.153670787811279297e-02 2.261439338326454163e-03 1.367543935775756836e-01
6.516254693269729614e-02 1.735527813434600830e-01 4.996526986360549927e-03 -1.552142351865768433e-01
6.863360106945037842e-02 -2.164035476744174957e-02 1.892242464236915112e-03 1.390407830476760864e-01
6.820079684257507324e-02 1.734544485807418823e-01 4.673058167099952698e-03 -1.530445665121078491e-01
7.166988402605056763e-02 -2.173410542309284210e-02 1.612166874110698700e-03 1.411089301109313965e-01
7.123520225286483765e-02 1.733647137880325317e-01 4.434345755726099014e-03 -1.510649472475051880e-01
7.470249384641647339e-02 -2.182044647634029388e-02 1.413046615198254585e-03 1.430136114358901978e-01
7.426608353853225708e-02 -2.169626057147979736e-01 4.273319151252508163e-03 4.361419975757598877e-01
6.992683559656143188e-02 -2.190140821039676666e-02 1.299615856260061264e-02 1.448092311620712280e-01
6.948880851268768311e-02 1.730320304632186890e-01 1.589234359562397003e-02 -1.437454819679260254e-01
7.294944673776626587e-02 -2.231386490166187286e-02 1.301743369549512863e-02 1.539085209369659424e-01
7.250317186117172241e-02 1.726192981004714966e-01 1.609560474753379822e-02 -1.346394419670104980e-01
7.595555484294891357e-02 -2.272945642471313477e-02 1.340281497687101364e-02 1.630776375532150269e-01
7.550096511840820312e-02 1.721980869770050049e-01 1.666436903178691864e-02 -1.253471076488494873e-01
7.894492894411087036e-02 -2.315858565270900726e-02 1.415742654353380203e-02 1.725463122129440308e-01
7.848175615072250366e-02 1.717579066753387451e-01 1.760835200548171997e-02 -1.156369745731353760e-01
8.191691339015960693e-02 -2.361186034977436066e-02 1.529561262577772141e-02 1.825488358736038208e-01
8.144468069076538086e-02 1.712879240512847900e-01 1.894658990204334259e-02 -1.052699089050292969e-01
8.487043529748916626e-02 -2.410034649074077606e-02 1.684119179844856262e-02 1.933298557996749878e-01
8.438842743635177612e-02 1.707766950130462646e-01 2.070778794586658478e-02 -9.399317204952239990e-02
8.780395984649658203e-02 -2.463584393262863159e-02 1.882792450487613678e-02 2.051504403352737427e-01
8.731124550104141235e-02 1.702118664979934692e-01 2.293093316256999969e-02 -8.153424412012100220e-02
9.071548283100128174e-02 -2.523116208612918854e-02 2.130024880170822144e-02 2.182943373918533325e-01
9.021086245775222778e-02 1.695799231529235840e-01 2.566613629460334778e-02 -6.759421527385711670e-02
9.360245615243911743e-02 3.643246889114379883e-01 2.431425079703330994e-02 -3.520701229572296143e-01
1.008889526128768921e-01 1.688655614852905273e-01 1.727284863591194153e-02 -5.182040855288505554e-02
1.042662635445594788e-01 -2.649975195527076721e-02 1.623644120991230011e-02 2.462618052959442139e-01
1.037362664937973022e-01 1.683865934610366821e-01 2.116167731583118439e-02 -4.125586524605751038e-02
1.071040034294128418e-01 3.631987869739532471e-01 2.033656090497970581e-02 -3.271876871585845947e-01
1.143679767847061157e-01 1.677933037281036377e-01 1.379280630499124527e-02 -2.816151268780231476e-02
1.177238449454307556e-01 3.627147674560546875e-01 1.322957593947649002e-02 -3.164609372615814209e-01
1.249781399965286255e-01 1.674069017171859741e-01 6.900357548147439957e-03 -1.963539794087409973e-02
1.283262819051742554e-01 3.624292314052581787e-01 6.507649552077054977e-03 -3.101332187652587891e-01
1.355748623609542847e-01 1.672151535749435425e-01 3.049850056413561106e-04 -1.540509052574634552e-02
1.389191597700119019e-01 -2.791116945445537567e-02 -3.116808329650666565e-06 2.773740589618682861e-01
1.383609324693679810e-01 1.672108322381973267e-01 5.544363986700773239e-03 -1.530986279249191284e-02
1.417051553726196289e-01 3.622528314590454102e-01 5.238167010247707367e-03 -3.062383234500885010e-01
1.489502191543579102e-01 1.670566201210021973e-01 -8.865997660905122757e-04 -1.190803293138742447e-02
1.522913426160812378e-01 -2.805259823799133301e-02 -1.124760368838906288e-03 2.804950177669525146e-01
1.517302989959716797e-01 1.670853793621063232e-01 4.485140088945627213e-03 -1.254243124276399612e-02
1.550720036029815674e-01 3.621427118778228760e-01 4.234291613101959229e-03 -3.038068711757659912e-01
1.623148620128631592e-01 1.669606864452362061e-01 -1.841845922172069550e-03 -9.791563265025615692e-03
1.656540632247924805e-01 3.621090054512023926e-01 -2.037677215412259102e-03 -3.030550479888916016e-01
1.728962510824203491e-01 1.670161485671997070e-01 -8.098778314888477325e-03 -1.101545244455337524e-02
1.762365698814392090e-01 -2.798872441053390503e-02 -8.319087326526641846e-03 2.791012525558471680e-01
1.756767928600311279e-01 1.672509014606475830e-01 -2.737062284722924232e-03 -1.619384810328483582e-02
1.790218204259872437e-01 3.624120056629180908e-01 -3.060939256101846695e-03 -3.097390830516815186e-01
1.862700581550598145e-01 1.673337966203689575e-01 -9.255721233785152435e-03 -1.802306994795799255e-02
1.896167248487472534e-01 -2.765420079231262207e-02 -9.616182185709476471e-03 2.717252671718597412e-01
1.890636533498764038e-01 1.676036417484283447e-01 -4.181677009910345078e-03 -2.397507242858409882e-02
1.924157142639160156e-01 -2.745809406042098999e-02 -4.661178681999444962e-03 2.673855721950531006e-01
1.918665617704391479e-01 1.677300631999969482e-01 6.865324685350060463e-04 -2.676388621330261230e-02
1.952211558818817139e-01 3.628421723842620850e-01 1.512547460151836276e-04 -3.192301392555236816e-01
2.024780064821243286e-01 1.677180677652359009e-01 -6.233347579836845398e-03 -2.649950236082077026e-02
2.058323621749877930e-01 -2.731394581496715546e-02 -6.763337645679712296e-03 2.642102241516113281e-01
2.052860856056213379e-01 1.679038852453231812e-01 -1.479133148677647114e-03 -3.059822134673595428e-02
2.086441665887832642e-01 3.630470037460327148e-01 -2.091097645461559296e-03 -3.237474560737609863e-01
2.159051001071929932e-01 1.679549068212509155e-01 -8.566047064960002899e-03 -3.172471374273300171e-02
2.192641943693161011e-01 -2.704316563904285431e-02 -9.200541302561759949e-03 2.582432627677917480e-01
2.187233418226242065e-01 1.682089120149612427e-01 -4.035675898194313049e-03 -3.732738271355628967e-02
2.220875173807144165e-01 -2.685492858290672302e-02 -4.782223142683506012e-03 2.540795207023620605e-01
2.215504199266433716e-01 1.683349758386611938e-01 2.993671223521232605e-04 -4.010795801877975464e-02
2.249171137809753418e-01 3.634526431560516357e-01 -5.027920706197619438e-04 -3.326964080333709717e-01
2.321861684322357178e-01 1.683378368616104126e-01 -7.156720384955406189e-03 -4.017208889126777649e-02
2.355529218912124634e-01 -2.668075263500213623e-02 -7.960162125527858734e-03 2.502442598342895508e-01
2.350193113088607788e-01 1.685539633035659790e-01 -2.955276984721422195e-03 -4.493879899382591248e-02
2.383903861045837402e-01 3.637181520462036133e-01 -3.854053094983100891e-03 -3.385526835918426514e-01
2.456647604703903198e-01 1.686512678861618042e-01 -1.062510628253221512e-02 -4.708759114146232605e-02
2.490377724170684814e-01 -2.631672844290733337e-02 -1.156685873866081238e-02 2.422241717576980591e-01
2.485114485025405884e-01 1.689685136079788208e-01 -6.722374819219112396e-03 -5.408468469977378845e-02
2.518908083438873291e-01 -2.605639956891536713e-02 -7.804068736732006073e-03 2.364697158336639404e-01
2.513696849346160889e-01 1.691761761903762817e-01 -3.074674168601632118e-03 -5.866459384560585022e-02
2.547532021999359131e-01 -2.590155787765979767e-02 -4.247966222465038300e-03 2.330466657876968384e-01
2.542351782321929932e-01 1.692808270454406738e-01 4.129672015551477671e-04 -6.097317487001419067e-02
2.576207816600799561e-01 3.643968701362609863e-01 -8.064962457865476608e-04 -3.535257875919342041e-01
2.649087309837341309e-01 1.692863851785659790e-01 -7.877011783421039581e-03 -6.109727174043655396e-02
2.682944536209106445e-01 -2.572174556553363800e-02 -9.098957292735576630e-03 2.290900349617004395e-01
2.677800357341766357e-01 1.695290356874465942e-01 -4.517156630754470825e-03 -6.644908338785171509e-02
2.711706161499023438e-01 -2.552785724401473999e-02 -5.846138112246990204e-03 2.248052358627319336e-01
2.706600427627563477e-01 1.696771532297134399e-01 -1.350033446215093136e-03 -6.971603631973266602e-02
2.740536034107208252e-01 3.648184239864349365e-01 -2.744354074820876122e-03 -3.628245890140533447e-01
2.813499569892883301e-01 1.697355955839157104e-01 -1.000084634870290756e-02 -7.100827991962432861e-02
2.847446799278259277e-01 -2.524155564606189728e-02 -1.142101176083087921e-02 2.185026258230209351e-01
2.842398285865783691e-01 1.700417846441268921e-01 -7.050958927720785141e-03 -7.776097208261489868e-02
2.876406908035278320e-01 -2.497838623821735382e-02 -8.606178686022758484e-03 2.126890420913696289e-01
2.871411144733428955e-01 1.702655404806137085e-01 -4.352397751063108444e-03 -8.269619941711425781e-02
2.905464172363281250e-01 -2.479374408721923828e-02 -6.006321869790554047e-03 2.086103707551956177e-01
2.900505363941192627e-01 1.704135686159133911e-01 -1.834114547818899155e-03 -8.596117794513702393e-02
2.934588193893432617e-01 -2.468203939497470856e-02 -3.553338116034865379e-03 2.061425149440765381e-01
2.929651737213134766e-01 1.704905480146408081e-01 5.695121944881975651e-04 -8.765918761491775513e-02
2.963749766349792480e-01 3.656043410301208496e-01 -1.183671643957495689e-03 -3.801623880863189697e-01
3.036870658397674561e-01 1.704992055892944336e-01 -8.786919526755809784e-03 -8.785290271043777466e-02
3.070970475673675537e-01 -2.449570037424564362e-02 -1.054397691041231155e-02 2.020448446273803711e-01
3.066071569919586182e-01 1.707754433155059814e-01 -6.503080483525991440e-03 -9.394546598196029663e-02
3.100226521492004395e-01 -2.425269596278667450e-02 -8.381989784538745880e-03 1.966786682605743408e-01
3.095375895500183105e-01 1.709881424903869629e-01 -4.448416177183389664e-03 -9.863657504320144653e-02
3.129573762416839600e-01 -2.406977489590644836e-02 -6.421147845685482025e-03 1.926395744085311890e-01
3.124759793281555176e-01 1.711434423923492432e-01 -2.568356227129697800e-03 -1.020620167255401611e-01
3.158988356590270996e-01 -2.394160814583301544e-02 -4.609596449881792068e-03 1.898095011711120605e-01
3.154200017452239990e-01 1.712459921836853027e-01 -8.134066010825335979e-04 -1.043239980936050415e-01
3.188449144363403320e-01 -2.386429905891418457e-02 -2.899886574596166611e-03 1.881021857261657715e-01
3.183676302433013916e-01 1.712990254163742065e-01 8.621572051197290421e-04 -1.054941266775131226e-01
3.217936158180236816e-01 -2.383527532219886780e-02 -1.247725216671824455e-03 1.874606907367706299e-01
3.213168978691101074e-01 1.713045090436935425e-01 2.501488430425524712e-03 -1.056155860424041748e-01
3.247430026531219482e-01 3.663905262947082520e-01 3.891766828019171953e-04 -3.975082635879516602e-01
3.320708274841308594e-01 1.712630540132522583e-01 -7.560988422483205795e-03 -1.047026589512825012e-01
3.354960680007934570e-01 -2.374973706901073456e-02 -9.655041620135307312e-03 1.855852454900741577e-01
3.350210785865783691e-01 1.715090125799179077e-01 -5.943336524069309235e-03 -1.101277694106101990e-01
3.384512662887573242e-01 -2.352726645767688751e-02 -8.145892061293125153e-03 1.806741654872894287e-01
3.379807174205780029e-01 1.717102974653244019e-01 -4.532408900558948517e-03 -1.145673319697380066e-01
3.414149284362792969e-01 -2.334641851484775543e-02 -6.823755335062742233e-03 1.766822040081024170e-01
3.409479856491088867e-01 1.718725115060806274e-01 -3.290111199021339417e-03 -1.181455478072166443e-01
3.443854451179504395e-01 -2.320213802158832550e-02 -5.653022322803735733e-03 1.734975576400756836e-01
3.439213931560516357e-01 1.720002591609954834e-01 -2.183070871978998184e-03 -1.209633350372314453e-01
3.473614156246185303e-01 -2.309034392237663269e-02 -4.602337721735239029e-03 1.710300594568252563e-01
3.468995988368988037e-01 1.720971763134002686e-01 -1.181736588478088379e-03 -1.231012120842933655e-01
3.503415286540985107e-01 -2.300782501697540283e-02 -3.643760690465569496e-03 1.692086607217788696e-01
3.498813807964324951e-01 1.721660941839218140e-01 -2.595875994302332401e-04 -1.246215403079986572e-01
3.533247113227844238e-01 -2.295213937759399414e-02 -2.752018393948674202e-03 1.679794788360595703e-01
3.528656661510467529e-01 1.722090989351272583e-01 6.075712735764682293e-04 -1.255703568458557129e-01
3.563098311424255371e-01 -2.292155474424362183e-02 -1.903835916891694069e-03 1.673041880130767822e-01
3.558514118194580078e-01 1.722275912761688232e-01 1.442248001694679260e-03 -1.259787380695343018e-01
3.592959642410278320e-01 3.673288524150848389e-01 -1.077326713129878044e-03 -4.182063043117523193e-01
3.666425347328186035e-01 1.722221821546554565e-01 -9.441453032195568085e-03 -1.258631944656372070e-01
3.700869977474212646e-01 -2.276324108242988586e-02 -1.195871643722057343e-02 1.638261675834655762e-01
3.696317374706268311e-01 1.725278496742248535e-01 -8.682193234562873840e-03 -1.326052993535995483e-01
3.730822801589965820e-01 -2.246867306530475616e-02 -1.133429910987615585e-02 1.573259234428405762e-01
3.726329207420349121e-01 1.728136986494064331e-01 -8.187781088054180145e-03 -1.389110386371612549e-01
3.760891854763031006e-01 -2.219002321362495422e-02 -1.096600200980901718e-02 1.511775702238082886e-01
3.756453692913055420e-01 1.730872243642807007e-01 -7.942450232803821564e-03 -1.449446231126785278e-01
3.791071176528930664e-01 -2.192009054124355316e-02 -1.084134262055158615e-02 1.452220529317855835e-01
3.786687254905700684e-01 1.733554303646087646e-01 -7.936901412904262543e-03 -1.508612930774688721e-01
3.821358382701873779e-01 -2.165198139846324921e-02 -1.095412764698266983e-02 1.393071711063385010e-01
3.817027807235717773e-01 1.736251413822174072e-01 -8.167983964085578918e-03 -1.568113714456558228e-01
3.851752877235412598e-01 -2.137892507016658783e-02 -1.130421180278062820e-02 1.332836002111434937e-01
3.847477138042449951e-01 1.739031076431274414e-01 -8.638540282845497131e-03 -1.629441082477569580e-01
3.882257640361785889e-01 -2.109411731362342834e-02 -1.189742237329483032e-02 1.270011216402053833e-01
3.878038823604583740e-01 1.741962283849716187e-01 -9.357399307191371918e-03 -1.694114357233047485e-01
3.912878334522247314e-01 -2.079053968191146851e-02 -1.274562813341617584e-02 1.203048825263977051e-01
3.908720016479492188e-01 1.745116859674453735e-01 -1.033953018486499786e-02 -1.763717681169509888e-01
3.943622410297393799e-01 -2.046078443527221680e-02 -1.386696565896272659e-02 1.130315363407135010e-01
3.939530253410339355e-01 1.748570948839187622e-01 -1.160633470863103867e-02 -1.839938759803771973e-01
3.974501788616180420e-01 -2.009688317775726318e-02 -1.528621278703212738e-02 1.050052121281623840e-01
3.970482349395751953e-01 1.752407550811767578e-01 -1.318610832095146179e-02 -1.924609839916229248e-01
4.005530476570129395e-01 -1.969010569155216217e-02 -1.703532785177230835e-02 9.603328257799148560e-02
4.001592397689819336e-01 -2.145638018846511841e-01 -1.511466223746538162e-02 3.832932710647583008e-01
3.958679735660552979e-01 -1.923055388033390045e-02 -7.448796648532152176e-03 8.588332682847976685e-02
3.954833447933197021e-01 1.759973764419555664e-01 -5.731130484491586685e-03 -2.091403752565383911e-01
3.990032970905303955e-01 -1.904216222465038300e-02 -9.913938120007514954e-03 8.172918856143951416e-02
3.986224532127380371e-01 1.762204915285110474e-01 -8.279354311525821686e-03 -2.140650451183319092e-01
4.021468758583068848e-01 -1.878212019801139832e-02 -1.256065536290407181e-02 7.599473744630813599e-02
4.017712175846099854e-01 -2.137217670679092407e-01 -1.104076020419597626e-02 3.646884262561798096e-01
3.974967896938323975e-01 -1.844466663897037506e-02 -3.746991744264960289e-03 6.854469329118728638e-02
3.971278965473175049e-01 1.767307966947555542e-01 -2.376097952947020531e-03 -2.253180742263793945e-01
4.006625115871429443e-01 -1.835710927844047546e-02 -6.882459390908479691e-03 6.661439687013626099e-02
4.002953767776489258e-01 1.768628358840942383e-01 -5.550171248614788055e-03 -2.282320111989974976e-01
4.038326442241668701e-01 -1.817936077713966370e-02 -1.011481136083602905e-02 6.269504129886627197e-02
4.034690558910369873e-01 -2.131548374891281128e-01 -8.860910311341285706e-03 3.521696031093597412e-01
3.992059528827667236e-01 -1.790801063179969788e-02 -1.817518961615860462e-03 5.670577287673950195e-02
3.988477885723114014e-01 1.772399544715881348e-01 -6.834035157226026058e-04 -2.365500479936599731e-01
4.023925960063934326e-01 -1.787222735583782196e-02 -5.414404440671205521e-03 5.591724067926406860e-02
4.020351469516754150e-01 -2.129161208868026733e-01 -4.296059720218181610e-03 3.468869626522064209e-01
3.977768123149871826e-01 -1.773333363234996796e-02 2.641679951921105385e-03 5.285244807600975037e-02
3.974221646785736084e-01 1.773506402969360352e-01 3.698728978633880615e-03 -2.389958351850509644e-01
4.009691774845123291e-01 -1.782395318150520325e-02 -1.081187743693590164e-03 5.485147610306739807e-02
4.006126821041107178e-01 1.773134768009185791e-01 1.584179153724107891e-05 -2.381723821163177490e-01
4.041589498519897461e-01 -1.780869439244270325e-02 -4.747605882585048676e-03 5.451554432511329651e-02
4.038027822971343994e-01 1.773810088634490967e-01 -3.657294902950525284e-03 -2.396614998579025269e-01
4.073503911495208740e-01 -1.768850721418857574e-02 -8.450524881482124329e-03 5.186557397246360779e-02
4.069966375827789307e-01 -2.126882672309875488e-01 -7.413213141262531281e-03 3.418703675270080566e-01
4.027428627014160156e-01 -1.746164076030254364e-02 -5.758061888627707958e-04 4.685898870229721069e-02
4.023936390876770020e-01 1.776685565710067749e-01 3.613735898397862911e-04 -2.460055500268936157e-01
4.059469997882843018e-01 -1.745854876935482025e-02 -4.558737389743328094e-03 4.679133743047714233e-02
4.055978357791900635e-01 -2.125148326158523560e-01 -3.622910706326365471e-03 3.380324542522430420e-01
4.013475477695465088e-01 -1.734151691198348999e-02 3.137738443911075592e-03 4.420927166938781738e-02
4.010007083415985107e-01 1.777352988719940186e-01 4.021923989057540894e-03 -2.474820166826248169e-01
4.045554101467132568e-01 -1.744385994970798492e-02 -9.277164936065673828e-04 4.646679386496543884e-02
4.042065441608428955e-01 1.776913851499557495e-01 1.619419663256849162e-06 -2.465086877346038818e-01
4.077603518962860107e-01 -1.743059232831001282e-02 -4.928554408252239227e-03 4.617474600672721863e-02
4.074117541313171387e-01 -2.124815285205841064e-01 -4.005059599876403809e-03 3.372986018657684326e-01
4.031621217727661133e-01 -1.730281114578247070e-02 2.740912605077028275e-03 4.335539415478706360e-02
4.028160572052001953e-01 1.777797341346740723e-01 3.608020488172769547e-03 -2.484614849090576172e-01
4.063716530799865723e-01 -1.739356108009815216e-02 -1.361209200695157051e-03 4.535729810595512390e-02
4.060238003730773926e-01 1.777478754520416260e-01 -4.540632362477481365e-04 -2.477547973394393921e-01
4.095787405967712402e-01 -1.736758090555667877e-02 -5.409159231930971146e-03 4.478488117456436157e-02
4.092313945293426514e-01 -2.124115526676177979e-01 -4.513461608439683914e-03 3.357562720775604248e-01
4.049831628799438477e-01 -1.722565852105617523e-02 2.201664028689265251e-03 4.165346175432205200e-02
4.046386480331420898e-01 1.778646558523178101e-01 3.034733235836029053e-03 -2.503339946269989014e-01
4.081959426403045654e-01 -1.730050519108772278e-02 -1.971947029232978821e-03 4.330458864569664001e-02
4.078499376773834229e-01 1.778496652841567993e-01 -1.105855219066143036e-03 -2.499998509883880615e-01
4.114069342613220215e-01 -1.725647412240505219e-02 -6.105852313339710236e-03 4.233406111598014832e-02
4.110617935657501221e-01 -2.122903466224670410e-01 -5.259171128273010254e-03 3.330842852592468262e-01
4.068159759044647217e-01 -1.709393039345741272e-02 1.402514870278537273e-03 3.874754160642623901e-02
4.064741134643554688e-01 1.780078858137130737e-01 2.177465707063674927e-03 -2.534925639629364014e-01
4.100342690944671631e-01 -1.714509353041648865e-02 -2.892385469749569893e-03 3.987639397382736206e-02
4.096913635730743408e-01 -2.122254520654678345e-01 -2.094857394695281982e-03 3.316453397274017334e-01
4.054468572139739990e-01 -1.707374118268489838e-02 4.538049455732107162e-03 3.830253705382347107e-02
4.051053822040557861e-01 1.779828369617462158e-01 5.304099991917610168e-03 -2.529451549053192139e-01
4.086650311946868896e-01 -1.721444539725780487e-02 2.451972104609012604e-04 4.140606522560119629e-02
4.083207547664642334e-01 1.779039949178695679e-01 1.073318533599376678e-03 -2.511994838714599609e-01
4.118788242340087891e-01 -1.723327301442623138e-02 -3.950671292841434479e-03 4.182178899645805359e-02
4.115341603755950928e-01 -2.122983485460281372e-01 -3.114235587418079376e-03 3.332556188106536865e-01
4.072881937026977539e-01 -1.713221147656440735e-02 3.550877096131443977e-03 3.959225863218307495e-02
4.069455564022064209e-01 1.779386401176452637e-01 4.342722240835428238e-03 -2.519682347774505615e-01
4.105043411254882812e-01 -1.724505238234996796e-02 -6.966422079131007195e-04 4.208131507039070129e-02
4.101594388484954834e-01 1.778868883848190308e-01 1.449841074645519257e-04 -2.508213222026824951e-01
4.137171506881713867e-01 -1.723713986575603485e-02 -4.871442448347806931e-03 4.190732538700103760e-02
4.133724272251129150e-01 -2.122889012098312378e-01 -4.033295903354883194e-03 3.330492973327636719e-01
4.091266393661499023e-01 -1.710977405309677124e-02 2.627689857035875320e-03 3.909720107913017273e-02
4.087844491004943848e-01 1.779744029045104980e-01 3.409633878618478775e-03 -2.527554929256439209e-01
4.123439490795135498e-01 -1.719607226550579071e-02 -1.645476208068430424e-03 4.100092872977256775e-02
4.120000004768371582e-01 1.779494285583496094e-01 -8.254575659520924091e-04 -2.522006928920745850e-01
4.155589938163757324e-01 -1.716071926057338715e-02 -5.869471468031406403e-03 4.022173956036567688e-02
4.152157902717590332e-01 -2.121980190277099609e-01 -5.065036937594413757e-03 3.310470283031463623e-01
4.109718203544616699e-01 -1.700433157384395599e-02 1.555903698317706585e-03 3.677114471793174744e-02
4.106317460536956787e-01 1.780952811241149902e-01 2.291326643899083138e-03 -2.554204761981964111e-01
4.141936600208282471e-01 -1.705931685864925385e-02 -2.817082917317748070e-03 3.798429667949676514e-02
4.138524532318115234e-01 -2.121407538652420044e-01 -2.057396806776523590e-03 3.297770619392395020e-01
4.096096456050872803e-01 -1.698957942426204681e-02 4.538144450634717941e-03 3.644605353474617004e-02
4.092698395252227783e-01 1.780669987201690674e-01 5.267065484076738358e-03 -2.548016011714935303e-01
4.128311872482299805e-01 -1.712975651025772095e-02 1.710337819531559944e-04 3.953798860311508179e-02
4.124886095523834229e-01 1.779897361993789673e-01 9.617935866117477417e-04 -2.530909776687622070e-01
4.160484075546264648e-01 -1.714592985808849335e-02 -4.100025631487369537e-03 3.989516943693161011e-02
4.157054722309112549e-01 -2.122088521718978882e-01 -3.302122466266155243e-03 3.312816917896270752e-01
4.114612936973571777e-01 -1.704004965722560883e-02 3.323511220514774323e-03 3.755925968289375305e-02
4.111205041408538818e-01 1.780340820550918579e-01 4.074696451425552368e-03 -2.540732026100158691e-01
4.146811664104461670e-01 -1.714580878615379333e-02 -1.006767852231860161e-03 3.989215195178985596e-02
4.143382608890533447e-01 1.779905706644058228e-01 -2.089248009724542499e-04 -2.531082630157470703e-01
4.178980588912963867e-01 -1.712840236723423004e-02 -5.271089728921651840e-03 3.950877115130424500e-02
4.175555109977722168e-01 -2.121743708848953247e-01 -4.480914212763309479e-03 3.305239677429199219e-01
4.133120179176330566e-01 -1.698892191052436829e-02 2.129564993083477020e-03 3.643134981393814087e-02
4.129722416400909424e-01 1.781024187803268433e-01 2.858191961422562599e-03 -2.555789053440093994e-01
4.165342748165130615e-01 -1.706021651625633240e-02 -2.253386424854397774e-03 3.800415620207786560e-02
4.161930978298187256e-01 -2.121497839689254761e-01 -1.493303338065743446e-03 3.299752771854400635e-01
4.119500815868377686e-01 -1.700660586357116699e-02 5.106201861053705215e-03 3.682179749011993408e-02
4.116099476814270020e-01 1.780417561531066895e-01 5.842637736350297928e-03 -2.542456984519958496e-01
4.151707887649536133e-01 -1.716313324868679047e-02 7.577238138765096664e-04 4.027434810996055603e-02
4.148275256156921387e-01 1.779479384422302246e-01 1.563210738822817802e-03 -2.521694004535675049e-01
4.183864891529083252e-01 -1.719629392027854919e-02 -3.480177372694015503e-03 4.100617021322250366e-02
4.180425703525543213e-01 -2.122681736946105957e-01 -2.660054014995694160e-03 3.325890302658081055e-01
4.137971997261047363e-01 -1.710845530033111572e-02 3.991726785898208618e-03 3.906845301389694214e-02
4.134550392627716064e-01 1.779560297727584839e-01 4.773095715790987015e-03 -2.523523867130279541e-01
4.170141518115997314e-01 -1.723375357687473297e-02 -2.739518240559846163e-04 4.183224588632583618e-02
4.166694879531860352e-01 1.778921186923980713e-01 5.626930505968630314e-04 -2.509371042251586914e-01
4.202273190021514893e-01 -1.723785698413848877e-02 -4.456048831343650818e-03 4.192325472831726074e-02
4.198825657367706299e-01 -2.122956216335296631e-01 -3.617584006860852242e-03 3.331969380378723145e-01
4.156366586685180664e-01 -1.712237484753131866e-02 3.046354744583368301e-03 3.937539830803871155e-02
4.152942001819610596e-01 1.779557615518569946e-01 3.833862720057368279e-03 -2.523448169231414795e-01
4.188533127307891846e-01 -1.722072623670101166e-02 -1.213033800013363361e-03 4.154491052031517029e-02
4.185088872909545898e-01 1.779185980558395386e-01 -3.821355348918586969e-04 -2.515204846858978271e-01
4.220672845840454102e-01 -1.719789393246173859e-02 -5.412545520812273026e-03 4.104187712073326111e-02
4.217233061790466309e-01 -2.122418135404586792e-01 -4.591708071529865265e-03 3.320121765136718750e-01
4.174784719944000244e-01 -1.705480553209781647e-02 2.048535970970988274e-03 3.788480907678604126e-02
4.171373844146728516e-01 1.780377030372619629e-01 2.806232078000903130e-03 -2.541510760784149170e-01
4.206981360912322998e-01 -1.712419837713241577e-02 -2.276789397001266479e-03 3.941565752029418945e-02
4.203556478023529053e-01 1.780303269624710083e-01 -1.488476293161511421e-03 -2.539847493171691895e-01
4.239162504673004150e-01 -1.707033812999725342e-02 -6.568171083927154541e-03 3.822831436991691589e-02
4.235748648643493652e-01 -2.120974957942962646e-01 -5.803605075925588608e-03 3.288317024707794189e-01
4.193328917026519775e-01 -1.689339987933635712e-02 7.730290526524186134e-04 3.432425111532211304e-02
4.189950227737426758e-01 1.782174557447433472e-01 1.459514140151441097e-03 -2.581146657466888428e-01
4.225593805313110352e-01 -1.692529954016208649e-02 -3.702779533341526985e-03 3.502824530005455017e-02
4.222208857536315918e-01 -2.119939625263214111e-01 -3.002214478328824043e-03 3.265406191349029541e-01
4.179809987545013428e-01 -1.682939194142818451e-02 3.528597531840205193e-03 3.291242942214012146e-02
4.176444113254547119e-01 1.782417744398117065e-01 4.186846315860748291e-03 -2.586551010608673096e-01
4.212092459201812744e-01 -1.693969219923019409e-02 -9.862558217719197273e-04 3.534547239542007446e-02
4.208704531192779541e-01 1.781963855028152466e-01 -2.793463645502924919e-04 -2.576484680175781250e-01
4.244343936443328857e-01 -1.692157238721847534e-02 -5.432315636426210403e-03 3.494633734226226807e-02
4.240959584712982178e-01 -2.119652032852172852e-01 -4.733388777822256088e-03 3.259103596210479736e-01
4.198566377162933350e-01 -1.677617989480495453e-02 1.784818479791283607e-03 3.173850849270820618e-02
4.195211231708526611e-01 1.783201247453689575e-01 2.419588621705770493e-03 -2.603807449340820312e-01
4.230875372886657715e-01 -1.683627814054489136e-02 -2.788026584312319756e-03 3.306435793638229370e-02
4.227508008480072021e-01 -2.119181305170059204e-01 -2.126739360392093658e-03 3.248663246631622314e-01
4.185124337673187256e-01 -1.676596887409687042e-02 4.370587412267923355e-03 3.151347860693931580e-02
4.181771278381347656e-01 1.782930344343185425e-01 5.000856705009937286e-03 -2.597872912883758545e-01
4.217429757118225098e-01 -1.689994893968105316e-02 -1.948888966580852866e-04 3.446877747774124146e-02
4.214049875736236572e-01 1.782248020172119141e-01 4.944866523146629333e-04 -2.582756280899047852e-01
4.249694645404815674e-01 -1.690421067178249359e-02 -4.671026021242141724e-03 3.456322103738784790e-02
4.246313869953155518e-01 -2.119588702917098999e-01 -3.979761619120836258e-03 3.257687389850616455e-01
4.203922152519226074e-01 -1.678047887980937958e-02 2.535613020882010460e-03 3.183342516422271729e-02
4.200566112995147705e-01 1.783050149679183960e-01 3.172281663864850998e-03 -2.600484192371368408e-01
4.236226975917816162e-01 -1.686207391321659088e-02 -2.028686460107564926e-03 3.363340720534324646e-02
4.232854545116424561e-01 -2.119548767805099487e-01 -1.356018474325537682e-03 3.256755769252777100e-01
4.190463721752166748e-01 -1.681364327669143677e-02 5.157493054866790771e-03 3.256532177329063416e-02
4.187100827693939209e-01 1.782339662313461304e-01 5.808799527585506439e-03 -2.584859132766723633e-01
4.222747683525085449e-01 -1.697042584419250488e-02 6.390812923200428486e-04 3.602352365851402283e-02
4.219353497028350830e-01 1.781423538923263550e-01 1.359551679342985153e-03 -2.564576864242553711e-01
4.254982173442840576e-01 -1.699898019433021545e-02 -3.769602160900831223e-03 3.665374219417572021e-02
4.251582324504852295e-01 -2.120666801929473877e-01 -3.036527428776025772e-03 3.281449377536773682e-01
4.209168851375579834e-01 -1.690162532031536102e-02 3.526371438056230545e-03 3.450598195195198059e-02
4.205788671970367432e-01 1.781695783138275146e-01 4.216491244733333588e-03 -2.570622563362121582e-01
4.241422414779663086e-01 -1.701231487095355988e-02 -9.247541311196982861e-04 3.694762662053108215e-02
4.238020181655883789e-01 1.781228780746459961e-01 -1.858015602920204401e-04 -2.560269236564636230e-01
4.273644685745239258e-01 -1.699641346931457520e-02 -5.306339822709560394e-03 3.659739345312118530e-02
4.270245432853698730e-01 -2.120418697595596313e-01 -4.574391990900039673e-03 3.276014029979705811e-01
4.227837026119232178e-01 -1.685509458184242249e-02 1.977635780349373817e-03 3.347943350672721863e-02
4.224466085433959961e-01 1.782384365797042847e-01 2.647224580869078636e-03 -2.585788667201995850e-01
4.260113537311553955e-01 -1.692120172083377838e-02 -2.524352865293622017e-03 3.493785113096237183e-02
4.256729483604431152e-01 1.782368570566177368e-01 -1.825595856644213200e-03 -2.585404515266418457e-01
4.292376935482025146e-01 -1.685898378491401672e-02 -6.996405310928821564e-03 3.356608375906944275e-02
4.289005100727081299e-01 -2.118799090385437012e-01 -6.325083319097757339e-03 3.240333795547485352e-01
4.246628880500793457e-01 -1.666846871376037598e-02 1.555841590743511915e-04 2.936252020299434662e-02
4.243295192718505859e-01 1.784512549638748169e-01 7.428345270454883575e-04 -2.632713019847869873e-01
4.278985559940338135e-01 -1.668129488825798035e-02 -4.522591829299926758e-03 2.964581735432147980e-02
4.275649189949035645e-01 -2.117380946874618530e-01 -3.929675556719303131e-03 3.208983838558197021e-01
4.233301579952239990e-01 -1.656040549278259277e-02 2.488292520865797997e-03 2.697879262268543243e-02
4.229989647865295410e-01 1.785257756710052490e-01 3.027868224307894707e-03 -2.649179995059967041e-01
4.265694916248321533e-01 -1.663926243782043457e-02 -2.270492026582360268e-03 2.871839329600334167e-02
4.262366890907287598e-01 -2.117285877466201782e-01 -1.696124090813100338e-03 3.206841051578521729e-01
4.220021069049835205e-01 -1.658251509070396423e-02 4.717557691037654877e-03 2.746675349771976471e-02
4.216704666614532471e-01 1.784714609384536743e-01 5.266892723739147186e-03 -2.637239992618560791e-01
4.252398908138275146e-01 -1.672526635229587555e-02 -7.587294476252282038e-06 3.061548992991447449e-02
4.249053895473480225e-01 1.783967912197113037e-01 6.047224742360413074e-04 -2.620698213577270508e-01
4.284733235836029053e-01 -1.673378422856330872e-02 -4.636674188077449799e-03 3.080377168953418732e-02
4.281386435031890869e-01 -2.117889374494552612e-01 -4.020598717033863068e-03 3.220201730728149414e-01
4.239028692245483398e-01 -1.660996302962303162e-02 2.419804921373724937e-03 2.807202935218811035e-02
4.235706627368927002e-01 1.784771978855133057e-01 2.981245517730712891e-03 -2.638464272022247314e-01
4.271402060985565186e-01 -1.668717339634895325e-02 -2.295683370903134346e-03 2.977530844509601593e-02
4.268064796924591064e-01 -2.117761224508285522e-01 -1.700177206657826900e-03 3.217330276966094971e-01
4.225709438323974609e-01 -1.663000695407390594e-02 4.734483547508716583e-03 2.851442806422710419e-02
4.222383499145507812e-01 1.784237325191497803e-01 5.304772406816482544e-03 -2.626709640026092529e-01
4.258068203926086426e-01 -1.677353866398334503e-02 5.135291576152667403e-05 3.168041631579399109e-02
4.254713654518127441e-01 1.783476769924163818e-01 6.849612109363079071e-04 -2.609862983226776123e-01
4.290383160114288330e-01 -1.678404584527015686e-02 -4.534765146672725677e-03 3.191258385777473450e-02
4.287026226520538330e-01 -2.118406742811203003e-01 -3.896513255313038826e-03 3.231613039970397949e-01
4.244658052921295166e-01 -1.666345633566379547e-02 2.566712908446788788e-03 2.925212495028972626e-02
4.241325557231903076e-01 1.784215867519378662e-01 3.151755314320325851e-03 -2.626198828220367432e-01
4.277009665966033936e-01 -1.674520410597324371e-02 -2.100642072036862373e-03 3.105548582971096039e-02
4.273660778999328613e-01 -2.118369638919830322e-01 -1.479532453231513500e-03 3.230749070644378662e-01
4.231293499469757080e-01 -1.669398136436939240e-02 4.981965292245149612e-03 2.992575243115425110e-02
4.227954447269439697e-01 1.783561706542968750e-01 5.580480676144361496e-03 -2.611811459064483643e-01
4.263625741004943848e-01 -1.684499345719814301e-02 3.568574611563235521e-04 3.325668722391128540e-02
4.260256886482238770e-01 1.782718449831008911e-01 1.021991251036524773e-03 -2.593136131763458252e-01
4.295911192893981934e-01 -1.686468720436096191e-02 -4.164281301200389862e-03 3.369147703051567078e-02
4.292538166046142578e-01 -2.119266688823699951e-01 -3.490451723337173462e-03 3.250576257705688477e-01
4.250153005123138428e-01 -1.675519905984401703e-02 3.010700689628720284e-03 3.127600252628326416e-02
4.246801733970642090e-01 1.783234477043151855e-01 3.636220702901482582e-03 -2.604554891586303711e-01
4.282466471195220947e-01 -1.685022190213203430e-02 -1.572889159433543682e-03 3.337211906909942627e-02
4.279096424579620361e-01 1.782942563295364380e-01 -9.054467082023620605e-04 -2.598066627979278564e-01
4.314755499362945557e-01 -1.681476272642612457e-02 -6.101579871028661728e-03 3.259054571390151978e-02
4.311392307281494141e-01 -2.118486911058425903e-01 -5.449769087135791779e-03 3.233421444892883301e-01
4.269022643566131592e-01 -1.664955914020538330e-02 1.017073751427233219e-03 2.894556336104869843e-02
4.265692830085754395e-01 1.784577965736389160e-01 1.595984911546111107e-03 -2.634162902832031250e-01
4.301384389400482178e-01 -1.668690331280231476e-02 -3.672340884804725647e-03 2.976959757506847382e-02
4.298046827316284180e-01 -2.117560058832168579e-01 -3.076948923990130424e-03 3.212915956974029541e-01
4.255695641040802002e-01 -1.659036614000797272e-02 3.348883008584380150e-03 2.763991616666316986e-02
4.252377748489379883e-01 1.784833967685699463e-01 3.901681397110223770e-03 -2.639845311641693115e-01
4.288074374198913574e-01 -1.669402234256267548e-02 -1.378008979372680187e-03 2.992647513747215271e-02
4.284735620021820068e-01 1.784476637840270996e-01 -7.794795092195272446e-04 -2.631908953189849854e-01
4.320425093173980713e-01 -1.666315458714962006e-02 -6.043297704309225082e-03 2.924606017768383026e-02
4.317092299461364746e-01 -2.116979211568832397e-01 -5.458376370370388031e-03 3.200161457061767578e-01
4.274752736091613770e-01 -1.649866253137588501e-02 9.419465204700827599e-04 2.561686746776103973e-02
4.271453022956848145e-01 1.786097735166549683e-01 1.454283832572400570e-03 -2.667687237262725830e-01
4.307174980640411377e-01 -1.653290726244449615e-02 -3.881090553477406502e-03 2.637254819273948669e-02
4.303868412971496582e-01 -2.115989923477172852e-01 -3.353639505803585052e-03 3.178284168243408203e-01
4.261548817157745361e-01 -1.642943173646926880e-02 3.002929035574197769e-03 2.408977039158344269e-02
4.258262813091278076e-01 1.786493211984634399e-01 3.484724322333931923e-03 -2.676441967487335205e-01
4.293992817401885986e-01 -1.652218215167522430e-02 -1.868159277364611626e-03 2.613580599427223206e-02
4.290688335895538330e-01 -2.116172909736633301e-01 -1.345443190075457096e-03 3.182287216186523438e-01
4.248364865779876709e-01 -1.647620461881160736e-02 5.019131116569042206e-03 2.512179501354694366e-02
4.245069622993469238e-01 1.785734146833419800e-01 5.521567072719335556e-03 -2.659733295440673828e-01
4.280784130096435547e-01 -1.662691123783588409e-02 2.021007385337725282e-04 2.844602800905704498e-02
4.277458786964416504e-01 1.784921437501907349e-01 7.710212958045303822e-04 -2.641731202602386475e-01
4.313157200813293457e-01 -1.664080657064914703e-02 -4.512441344559192657e-03 2.875288762152194977e-02
4.309829175472259521e-01 -2.116977572441101074e-01 -3.937383648008108139e-03 3.200086951255798340e-01
4.267489612102508545e-01 -1.651995256543159485e-02 2.462790114805102348e-03 2.608665637671947479e-02
4.264185428619384766e-01 1.785665899515151978e-01 2.984523307532072067e-03 -2.658182084560394287e-01
4.299898743629455566e-01 -1.659782789647579193e-02 -2.331841038540005684e-03 2.780455909669399261e-02
4.296579360961914062e-01 -2.116862535476684570e-01 -1.775749842636287212e-03 3.197508454322814941e-01
4.254242181777954102e-01 -1.653906516730785370e-02 4.619267303496599197e-03 2.650845050811767578e-02
4.250934123992919922e-01 1.785163432359695435e-01 5.149436183273792267e-03 -2.647134661674499512e-01
4.286637604236602783e-01 -1.667873002588748932e-02 -1.448332768632099032e-04 2.958917617797851562e-02
4.283301830291748047e-01 1.784452944993972778e-01 4.469502600841224194e-04 -2.631394565105438232e-01
4.318990707397460938e-01 -1.668303087353706360e-02 -4.815838765352964401e-03 2.968442253768444061e-02
4.315654337406158447e-01 -2.117355912923812866e-01 -4.222149960696697235e-03 3.208440244197845459e-01
4.273307025432586670e-01 -1.655376702547073364e-02 2.194730332121253014e-03 2.683258429169654846e-02
4.269996285438537598e-01 1.785366386175155640e-01 2.731381915509700775e-03 -2.651570737361907959e-01
4.305703639984130859e-01 -1.662418805062770844e-02 -2.571759512647986412e-03 2.838610298931598663e-02
4.302378892898559570e-01 -2.117091566324234009e-01 -2.004037611186504364e-03 3.202565014362335205e-01
4.260036945343017578e-01 -1.655872911214828491e-02 4.401092417538166046e-03 2.694225311279296875e-02
4.256725311279296875e-01 1.784998327493667603e-01 4.939937498420476913e-03 -2.643488347530364990e-01
4.292425215244293213e-01 -1.669227890670299530e-02 -3.470391384325921535e-04 2.988809160888195038e-02
4.289086759090423584e-01 1.784346401691436768e-01 2.507227181922644377e-04 -2.629043161869049072e-01
4.324773848056793213e-01 -1.669088192284107208e-02 -5.007363390177488327e-03 2.985768765211105347e-02
4.321435391902923584e-01 -2.117406725883483887e-01 -4.410209599882364273e-03 3.209565281867980957e-01
4.279087483882904053e-01 -1.655619032680988312e-02 2.008921001106500626e-03 2.688607200980186462e-02
4.275776147842407227e-01 1.785368919372558594e-01 2.546642441302537918e-03 -2.651623487472534180e-01
4.311483502388000488e-01 -1.662131212651729584e-02 -2.756604226306080818e-03 2.832273207604885101e-02
4.308159351348876953e-01 -2.117036283016204834e-01 -2.190149622038006783e-03 3.201346397399902344e-01
4.265818595886230469e-01 -1.655055023729801178e-02 4.212543368339538574e-03 2.676183544099330902e-02
4.262508451938629150e-01 1.785107403993606567e-01 4.747780039906501770e-03 -2.645890116691589355e-01
4.298210442066192627e-01 -1.667865738272666931e-02 -5.440003587864339352e-04 2.958761714398860931e-02
4.294874966144561768e-01 1.784510910511016846e-01 4.775199340656399727e-05 -2.632668912410736084e-01
4.330565035343170166e-01 -1.667154021561145782e-02 -5.217586178332567215e-03 2.943108975887298584e-02
4.327230751514434814e-01 -2.117182761430740356e-01 -4.628964234143495560e-03 3.204632401466369629e-01
4.284887015819549561e-01 -1.653071492910385132e-02 1.780300866812467575e-03 2.632413059473037720e-02
4.281581044197082520e-01 1.785656660795211792e-01 2.306783571839332581e-03 -2.657965719699859619e-01
4.317294061183929443e-01 -1.658913865685462952e-02 -3.009147709235548973e-03 2.761305309832096100e-02
4.313976168632507324e-01 -2.116678059101104736e-01 -2.456886693835258484e-03 3.193450570106506348e-01
4.271642565727233887e-01 -1.651095226407051086e-02 3.930014092475175858e-03 2.588832005858421326e-02
4.268340468406677246e-01 1.785544157028198242e-01 4.447780549526214600e-03 -2.655520439147949219e-01
4.304051399230957031e-01 -1.663072966039180756e-02 -8.632604731246829033e-04 2.853041514754295349e-02
4.300725162029266357e-01 1.785035878419876099e-01 -2.926521701738238335e-04 -2.644247412681579590e-01
4.336425960063934326e-01 -1.661418192088603973e-02 -5.581147503107786179e-03 2.816585078835487366e-02
4.333103001117706299e-01 -2.116556465625762939e-01 -5.017830058932304382e-03 3.190826475620269775e-01
4.290772080421447754e-01 -1.646259799599647522e-02 1.363822841085493565e-03 2.482151985168457031e-02
4.287479519844055176e-01 1.786397695541381836e-01 1.860253163613379002e-03 -2.674307823181152344e-01
4.323207437992095947e-01 -1.650868169963359833e-02 -3.488362766802310944e-03 2.583828940987586975e-02
4.319905638694763184e-01 -2.115804404020309448e-01 -2.971596783027052879e-03 3.174185752868652344e-01
4.277589619159698486e-01 -1.641628518700599670e-02 3.376774257048964500e-03 2.379998005926609039e-02
4.274306297302246094e-01 1.786570847034454346e-01 3.852773923426866531e-03 -2.678156197071075439e-01
4.310037791728973389e-01 -1.651964522898197174e-02 -1.503538573160767555e-03 2.607999928295612335e-02
4.306733906269073486e-01 -2.116200029850006104e-01 -9.819385595619678497e-04 3.182881772518157959e-01
4.264409840106964111e-01 -1.648407988250255585e-02 5.383824929594993591e-03 2.529573068022727966e-02
4.261113107204437256e-01 1.785602569580078125e-01 5.889739375561475754e-03 -2.656836807727813721e-01
4.296825230121612549e-01 -1.664526388049125671e-02 5.760656204074621201e-04 2.885108068585395813e-02
4.293496012687683105e-01 1.784684211015701294e-01 1.153087243437767029e-03 -2.636500298976898193e-01
4.329189658164978027e-01 -1.666997000575065613e-02 -4.119913559406995773e-03 2.939636446535587311e-02
4.325855672359466553e-01 -2.117325961589813232e-01 -3.531986149027943611e-03 3.207765817642211914e-01
4.283509254455566406e-01 -1.656052656471729279e-02 2.883545355871319771e-03 2.698188833892345428e-02
4.280197024345397949e-01 1.785199493169784546e-01 3.423182992264628410e-03 -2.647898495197296143e-01
4.315901100635528564e-01 -1.665068790316581726e-02 -1.872614142484962940e-03 2.897080779075622559e-02
4.312570989131927490e-01 -2.117457389831542969e-01 -1.293197972699999809e-03 3.210623264312744141e-01
4.270221889019012451e-01 -1.660539209842681885e-02 5.128048360347747803e-03 2.797184512019157410e-02
4.266900718212127686e-01 1.784426420927047729e-01 5.687485449016094208e-03 -2.630887329578399658e-01
4.302589297294616699e-01 -1.676002331078052521e-02 4.257107793819159269e-04 3.138265758752822876e-02
4.299237132072448730e-01 1.783558130264282227e-01 1.053363899700343609e-03 -2.611659169197082520e-01
4.334908425807952881e-01 -1.678115315735340118e-02 -4.169954452663660049e-03 3.184906020760536194e-02
4.331552088260650635e-01 -2.118430584669113159e-01 -3.532973350957036018e-03 3.232133984565734863e-01
4.289183616638183594e-01 -1.667097583413124084e-02 2.931294962763786316e-03 2.941842563450336456e-02
4.285849332809448242e-01 1.784088164567947388e-01 3.519663354381918907e-03 -2.623381912708282471e-01
4.321531057357788086e-01 -1.676319912075996399e-02 -1.727100694552063942e-03 3.145278245210647583e-02
4.318178594112396240e-01 1.783834695816040039e-01 -1.098045031540095806e-03 -2.617745697498321533e-01
4.353855252265930176e-01 -1.672278344631195068e-02 -6.333536468446254730e-03 3.056182526051998138e-02
4.350510537624359131e-01 -2.117533385753631592e-01 -5.722299683839082718e-03 3.212397396564483643e-01
4.308159947395324707e-01 -1.655036583542823792e-02 7.024950464256107807e-04 2.675773203372955322e-02
4.304849803447723389e-01 1.785615086555480957e-01 1.237649703398346901e-03 -2.657034695148468018e-01
4.340562224388122559e-01 -1.657808944582939148e-02 -4.076419863849878311e-03 2.736956812441349030e-02
4.337246716022491455e-01 -2.116413414478302002e-01 -3.529028268530964851e-03 3.187635540962219238e-01
4.294918179512023926e-01 -1.646931096911430359e-02 2.846242859959602356e-03 2.496979571878910065e-02
4.291624426841735840e-01 1.786117106676101685e-01 3.345638746395707130e-03 -2.668137550354003906e-01
4.327346682548522949e-01 -1.655783317983150482e-02 -1.990636344999074936e-03 2.692253515124320984e-02
4.324035346508026123e-01 -2.116511762142181396e-01 -1.452185562811791897e-03 3.189767301082611084e-01
4.281705021858215332e-01 -1.650857739150524139e-02 4.927348811179399490e-03 2.583619207143783569e-02
4.278403222560882568e-01 1.785423606634140015e-01 5.444072652608156204e-03 -2.652880251407623291e-01
4.314111769199371338e-01 -1.665686257183551788e-02 1.383120543323457241e-04 2.910701557993888855e-02
4.310780465602874756e-01 1.784631013870239258e-01 7.204523426480591297e-04 -2.635322809219360352e-01
4.346472918987274170e-01 -1.666912250220775604e-02 -4.550192970782518387e-03 2.937780879437923431e-02
4.343139231204986572e-01 -2.117255330085754395e-01 -3.962636925280094147e-03 3.206216394901275635e-01
4.300794005393981934e-01 -1.654736697673797607e-02 2.449795836582779884e-03 2.669168263673782349e-02
4.297484457492828369e-01 1.785393655300140381e-01 2.983629470691084862e-03 -2.652173042297363281e-01
4.333192408084869385e-01 -1.662504114210605621e-02 -2.320716623216867447e-03 2.840519510209560394e-02
4.329867362976074219e-01 -2.117136418819427490e-01 -1.752612646669149399e-03 3.203549981117248535e-01
4.287524819374084473e-01 -1.656676828861236572e-02 4.654487594962120056e-03 2.711988799273967743e-02
4.284211397171020508e-01 1.784881204366683960e-01 5.196885205805301666e-03 -2.640908658504486084e-01
4.319908916950225830e-01 -1.670761592686176300e-02 -8.493214409099891782e-05 3.022666648030281067e-02
4.316567480564117432e-01 1.784155517816543579e-01 5.196011625230312347e-04 -2.624830603599548340e-01
4.352250695228576660e-01 -1.671381108462810516e-02 -4.730059765279293060e-03 3.036371432244777679e-02
4.348907768726348877e-01 -2.117676138877868652e-01 -4.122785758227109909e-03 3.215505182743072510e-01
4.306554198265075684e-01 -1.658719405531883240e-02 2.308224560692906380e-03 2.757027372717857361e-02
4.303236901760101318e-01 1.785015761852264404e-01 2.859629923477768898e-03 -2.643834948539733887e-01
4.338937103748321533e-01 -1.666107028722763062e-02 -2.428039675578474998e-03 2.920001931488513947e-02
4.335604906082153320e-01 -2.117481231689453125e-01 -1.844039303250610828e-03 3.211158812046051025e-01
