-3.326660767197608948e-02 -3.192907571792602539e-02 4.865957424044609070e-02 2.703200094401836395e-02
-3.390518948435783386e-02 1.624625176191329956e-01 4.920021444559097290e-02 -2.499099671840667725e-01
-3.065593726933002472e-02 3.568485975265502930e-01 4.420201480388641357e-02 -5.266772508621215820e-01
-2.351896651089191437e-02 1.611334681510925293e-01 3.366846963763237000e-02 -2.204001247882843018e-01
-2.029629610478878021e-02 -3.445316478610038757e-02 2.926046773791313171e-02 8.271021395921707153e-02
-2.098535932600498199e-02 1.602373868227005005e-01 3.091467171907424927e-02 -2.005992680788040161e-01
-1.778061129152774811e-02 -3.531275689601898193e-02 2.690268680453300476e-02 1.016732677817344666e-01
-1.848686672747135162e-02 1.594135165214538574e-01 2.893615141510963440e-02 -1.824020147323608398e-01
-1.529859658330678940e-02 3.541097342967987061e-01 2.528811246156692505e-02 -4.658180475234985352e-01
-8.216402493417263031e-03 1.586397588253021240e-01 1.597175002098083496e-02 -1.652729213237762451e-01
-5.043607205152511597e-03 -3.670713678002357483e-02 1.266629248857498169e-02 1.324055492877960205e-01
-5.777749698609113693e-03 1.582311093807220459e-01 1.531440392136573792e-02 -1.562545597553253174e-01
-2.613127697259187698e-03 -3.710672259330749512e-02 1.218931190669536591e-02 1.412200778722763062e-01
-3.355262102559208870e-03 1.578385531902313232e-01 1.501371432095766068e-02 -1.475925445556640625e-01
-1.984911068575456738e-04 -3.749514743685722351e-02 1.206186320632696152e-02 1.497888565063476562e-01
-9.483940084464848042e-04 1.574520319700241089e-01 1.505764015018939972e-02 -1.390645354986190796e-01
2.200646558776497841e-03 -3.788231685757637024e-02 1.227634958922863007e-02 1.583305448293685913e-01
1.443000161089003086e-03 1.570617407560348511e-01 1.544295996427536011e-02 -1.304543614387512207e-01
4.584235139191150665e-03 -3.827798366546630859e-02 1.283387281000614166e-02 1.670603454113006592e-01
3.818675177171826363e-03 1.566579341888427734e-01 1.617508009076118469e-02 -1.215463951230049133e-01
6.951834075152873993e-03 -3.869198262691497803e-02 1.374415215104818344e-02 1.761954128742218018e-01
6.177994422614574432e-03 1.562305986881256104e-01 1.726805977523326874e-02 -1.121201962232589722e-01
9.302606806159019470e-03 -3.913447260856628418e-02 1.502565667033195496e-02 1.859602779150009155e-01
8.519916795194149017e-03 1.557693034410476685e-01 1.874486170709133148e-02 -1.019450128078460693e-01
1.163530349731445312e-02 -3.961619362235069275e-02 1.670596189796924591e-02 1.965924203395843506e-01
1.084297895431518555e-02 1.552628576755523682e-01 2.063781023025512695e-02 -9.077404439449310303e-02
1.394823659211397171e-02 3.500830233097076416e-01 1.882232911884784698e-02 -3.768749535083770752e-01
2.094989642500877380e-02 1.546988636255264282e-01 1.128483004868030548e-02 -7.831720262765884399e-02
2.404387481510639191e-02 -4.058302938938140869e-02 9.718486107885837555e-03 2.179046571254730225e-01
2.323221415281295776e-02 1.543986499309539795e-01 1.407657936215400696e-02 -7.169687747955322266e-02
2.632018737494945526e-02 -4.092224314808845520e-02 1.264264155179262161e-02 2.253938317298889160e-01
2.550174109637737274e-02 1.540167629718780518e-01 1.715051755309104919e-02 -6.327447295188903809e-02
2.858207747340202332e-02 3.488886654376983643e-01 1.588502898812294006e-02 -3.504973351955413818e-01
3.555985167622566223e-02 1.535444557666778564e-01 8.875082246959209442e-03 -5.284798145294189453e-02
3.863073885440826416e-02 -4.170362651348114014e-02 7.818122394382953644e-03 2.426218390464782715e-01
3.779666498303413391e-02 1.533057838678359985e-01 1.267055887728929520e-02 -4.758483171463012695e-02
4.086278378963470459e-02 -4.199554026126861572e-02 1.171886269003152847e-02 2.490686774253845215e-01
4.002287238836288452e-02 1.529571115970611572e-01 1.670023612678050995e-02 -3.989494591951370239e-02
4.308201372623443604e-02 3.478356599807739258e-01 1.590233668684959412e-02 -3.272623419761657715e-01
5.003872513771057129e-02 1.524909436702728271e-01 9.357090108096599579e-03 -2.960726059973239899e-02
5.308854579925537109e-02 -4.276392981410026550e-02 8.764944970607757568e-03 2.660131752490997314e-01
5.223326757550239563e-02 1.522318422794342041e-01 1.408520899713039398e-02 -2.389237098395824432e-02
5.527790263295173645e-02 3.471489846706390381e-01 1.360736135393381119e-02 -3.120981752872467041e-01
6.222088262438774109e-02 1.518358588218688965e-01 7.365397643297910690e-03 -1.515516079962253571e-02
6.525760143995285034e-02 -4.339094832539558411e-02 7.062294520437717438e-03 2.798424959182739258e-01
6.438978016376495361e-02 1.516295522451400757e-01 1.265914458781480789e-02 -1.060464978218078613e-02
6.742237508296966553e-02 3.465676903724670410e-01 1.244705170392990112e-02 -2.992667257785797119e-01
7.435372471809387207e-02 1.512705385684967041e-01 6.461716722697019577e-03 -2.684378297999501228e-03
7.737913727760314941e-02 -4.394347593188285828e-02 6.408029235899448395e-03 2.920302748680114746e-01
7.650026679039001465e-02 1.510865241289138794e-01 1.224863436073064804e-02 1.375227468088269234e-03
7.952199876308441162e-02 3.460306823253631592e-01 1.227613911032676697e-02 -2.874180674552917480e-01
8.644261211156845093e-02 1.507358402013778687e-01 6.527777761220932007e-03 9.111216291785240173e-03
8.945732563734054565e-02 -4.447911679744720459e-02 6.710002198815345764e-03 3.038465678691864014e-01
8.856774866580963135e-02 1.505465656518936157e-01 1.278693322092294693e-02 1.328735053539276123e-02
9.157867729663848877e-02 3.454828262329101562e-01 1.305268052965402603e-02 -2.753338813781738281e-01
9.848833084106445312e-02 1.501771062612533569e-01 7.546002976596355438e-03 2.143713459372520447e-02
1.014918759465217590e-01 3.451900184154510498e-01 7.974745705723762512e-03 -2.688554227352142334e-01
1.083956733345985413e-01 1.499551832675933838e-01 2.597637241706252098e-03 2.633208408951759338e-02
1.113947778940200806e-01 3.450397849082946777e-01 3.124278970062732697e-03 -2.655301392078399658e-01
1.182955726981163025e-01 1.498733758926391602e-01 -2.186323748901486397e-03 2.813658490777015686e-02
1.212930455803871155e-01 3.450266122817993164e-01 -1.623591990210115910e-03 -2.652353346347808838e-01
1.281935721635818481e-01 1.499278694391250610e-01 -6.928299088031053543e-03 2.693504095077514648e-02
1.311921328306198120e-01 -4.509403556585311890e-02 -6.389598362147808075e-03 3.174239695072174072e-01
1.302902549505233765e-01 1.501183360815048218e-01 -4.111851376364938915e-05 2.273287251591682434e-02
1.332926154136657715e-01 3.452408909797668457e-01 4.135389172006398439e-04 -2.699630260467529297e-01
1.401974409818649292e-01 1.501130312681198120e-01 -4.985721781849861145e-03 2.285030297935009003e-02
1.431996971368789673e-01 -4.493707045912742615e-02 -4.528715740889310837e-03 3.139560222625732422e-01
1.423009634017944336e-01 1.502491086721420288e-01 1.750404713675379753e-03 1.984832622110843658e-02
1.453059315681457520e-01 3.453459143638610840e-01 2.147371182218194008e-03 -2.722818255424499512e-01
1.522128582000732422e-01 1.501933783292770386e-01 -3.298264928162097931e-03 2.107762731611728668e-02
1.552167236804962158e-01 3.453624844551086426e-01 -2.876712474972009659e-03 -2.726441025733947754e-01
1.621239781379699707e-01 1.502816975116729736e-01 -8.329594507813453674e-03 1.913010329008102417e-02
1.651296019554138184e-01 -4.471982270479202271e-02 -7.946992293000221252e-03 3.091733455657958984e-01
1.642352044582366943e-01 1.505144536495208740e-01 -1.763525651767849922e-03 1.399479340761899948e-02
1.672455072402954102e-01 3.456616401672363281e-01 -1.483629806898534298e-03 -2.792440354824066162e-01
1.741587370634078979e-01 1.505609005689620972e-01 -7.068510167300701141e-03 1.297059934586286545e-02
1.771699488162994385e-01 -4.445897415280342102e-02 -6.809098180383443832e-03 3.034149706363677979e-01
1.762807667255401611e-01 1.507593542337417603e-01 -7.407988887280225754e-04 8.592410013079643250e-03
1.792959570884704590e-01 3.458919227123260498e-01 -5.689506651833653450e-04 -2.843241691589355469e-01
1.862137913703918457e-01 1.507780849933624268e-01 -6.255433894693851471e-03 8.179273456335067749e-03
1.892293542623519897e-01 3.459891974925994873e-01 -6.091848481446504593e-03 -2.864707410335540771e-01
1.961491405963897705e-01 1.509546488523483276e-01 -1.182126346975564957e-02 4.284662194550037384e-03
1.991682350635528564e-01 -4.399579390883445740e-02 -1.173556968569755554e-02 2.932145297527313232e-01
1.982883214950561523e-01 1.512914896011352539e-01 -5.871279165148735046e-03 -3.146420465782284737e-03
2.013141512870788574e-01 -4.374576359987258911e-02 -5.934207700192928314e-03 2.876782715320587158e-01
2.004392296075820923e-01 1.514603048563003540e-01 -1.806422224035486579e-04 -6.870320998132228851e-03
2.034684419631958008e-01 3.465848565101623535e-01 -3.180486382916569710e-04 -2.996102273464202881e-01
2.104001343250274658e-01 1.514674276113510132e-01 -6.310253404080867767e-03 -7.027633953839540482e-03
2.134294807910919189e-01 -4.356345534324645996e-02 -6.450806278735399246e-03 2.836576700210571289e-01
2.125582098960876465e-01 1.516499072313308716e-01 -7.776526617817580700e-04 -1.105280313640832901e-02
2.155912220478057861e-01 3.467830121517181396e-01 -9.987087687477469444e-04 -3.039809763431549072e-01
2.225268781185150146e-01 1.516752988100051880e-01 -7.078328635543584824e-03 -1.161319762468338013e-02
2.255603820085525513e-01 -4.334442690014839172e-02 -7.310592569410800934e-03 2.788280546665191650e-01
2.246934920549392700e-01 1.518810391426086426e-01 -1.734031364321708679e-03 -1.615162752568721771e-02
2.277311086654663086e-01 3.470278084278106689e-01 -2.057063858956098557e-03 -3.093811571598052979e-01
2.346716672182083130e-01 1.519352346658706665e-01 -8.244686760008335114e-03 -1.734768040478229523e-02
2.377103716135025024e-01 -4.306750744581222534e-02 -8.591640740633010864e-03 2.727226018905639648e-01
2.368490248918533325e-01 1.521759778261184692e-01 -3.137188730761408806e-03 -2.265773713588714600e-02
2.398925423622131348e-01 3.473427891731262207e-01 -3.590343520045280457e-03 -3.163288235664367676e-01
2.468394041061401367e-01 1.522721499204635620e-01 -9.916920214891433716e-03 -2.478033304214477539e-02
2.498848438262939453e-01 -4.270619153976440430e-02 -1.041252724826335907e-02 2.647572755813598633e-01
2.490307241678237915e-01 1.525628119707107544e-01 -5.117381457239389420e-03 -3.119159489870071411e-02
2.520819604396820068e-01 3.477577865123748779e-01 -5.741213448345661163e-03 -3.254847228527069092e-01
2.590371370315551758e-01 1.527180373668670654e-01 -1.225090771913528442e-02 -3.461783006787300110e-02
2.620914876461029053e-01 -4.222610592842102051e-02 -1.294326409697532654e-02 2.541747689247131348e-01
2.612469792366027832e-01 1.530782431364059448e-01 -7.859768345952033997e-03 -4.256242513656616211e-02
2.643085420131683350e-01 -4.193012416362762451e-02 -8.711017668247222900e-03 2.476303428411483765e-01
2.634699344635009766e-01 1.533151417970657349e-01 -3.758410457521677017e-03 -4.778745397925376892e-02
2.665362358093261719e-01 -4.175271466374397278e-02 -4.714159294962882996e-03 2.437072992324829102e-01
2.657011747360229492e-01 1.534362584352493286e-01 1.599865208845585585e-04 -5.045885965228080750e-02
2.687699198722839355e-01 3.485559225082397461e-01 -8.491906919516623020e-04 -3.430913090705871582e-01
2.757410109043121338e-01 1.534460484981536865e-01 -7.711016573011875153e-03 -5.067628249526023865e-02
2.788099348545074463e-01 -4.156449064612388611e-02 -8.724542334675788879e-03 2.395638078451156616e-01
2.779786586761474609e-01 1.536809951066970825e-01 -3.933266270905733109e-03 -5.585826188325881958e-02
2.810522615909576416e-01 -4.138433188199996948e-02 -5.050431471318006516e-03 2.355810999870300293e-01
2.802245914936065674e-01 1.538094133138656616e-01 -3.388093900866806507e-04 -5.869060009717941284e-02
2.833007872104644775e-01 3.489362299442291260e-01 -1.512621412985026836e-03 -3.514803946018218994e-01
2.902795076370239258e-01 1.538358032703399658e-01 -8.542229421436786652e-03 -5.927483737468719482e-02
2.933562099933624268e-01 -4.116262495517730713e-02 -9.727726690471172333e-03 2.307007610797882080e-01
2.925329506397247314e-01 1.540969759225845337e-01 -5.113711114972829819e-03 -6.503468006849288940e-02
2.956148982048034668e-01 -4.095129296183586121e-02 -6.414404604583978653e-03 2.260304689407348633e-01
2.947958707809448242e-01 1.542617380619049072e-01 -1.893795444630086422e-03 -6.866888701915740967e-02
2.978811264038085938e-01 -4.083301126956939697e-02 -3.267173189669847488e-03 2.234159409999847412e-01
2.970644533634185791e-01 1.543354839086532593e-01 1.201145583763718605e-03 -7.029578834772109985e-02
3.001511693000793457e-01 3.494401872158050537e-01 -2.047702582785859704e-04 -3.625995218753814697e-01
3.071399629116058350e-01 1.543211489915847778e-01 -7.456760387867689133e-03 -6.998115777969360352e-02
3.102263808250427246e-01 -4.069310054183006287e-02 -8.856383152306079865e-03 2.203398346900939941e-01
3.094125390052795410e-01 1.545543223619461060e-01 -4.449586849659681320e-03 -7.512355595827102661e-02
3.125036060810089111e-01 -4.050356149673461914e-02 -5.952057894319295883e-03 2.161521911621093750e-01
3.116935491561889648e-01 1.547029763460159302e-01 -1.629014150239527225e-03 -7.840231060981750488e-02
3.147875964641571045e-01 -4.039559140801429749e-02 -3.197060432285070419e-03 2.137662023305892944e-01
3.139796853065490723e-01 1.547719240188598633e-01 1.078263740055263042e-03 -7.992349565029144287e-02
3.170751333236694336e-01 3.498784005641937256e-01 -5.202062311582267284e-04 -3.722660243511199951e-01
3.240726888179779053e-01 1.547638475894927979e-01 -7.965526543557643890e-03 -7.974717766046524048e-02
3.271679878234863281e-01 -4.024301841855049133e-02 -9.560470469295978546e-03 2.104119956493377686e-01
3.263631165027618408e-01 1.550143212080001831e-01 -5.352230742573738098e-03 -8.527135848999023438e-02
3.294633924961090088e-01 -4.003050923347473145e-02 -7.057657930999994278e-03 2.057181447744369507e-01
3.286627829074859619e-01 1.551916599273681641e-01 -2.943295054137706757e-03 -8.918274939060211182e-02
3.317666351795196533e-01 -3.988798707723617554e-02 -4.726950079202651978e-03 2.025701254606246948e-01
3.309688568115234375e-01 1.553012430667877197e-01 -6.755475187674164772e-04 -9.160017967224121094e-02
3.340748846530914307e-01 -3.981101512908935547e-02 -2.507551107555627823e-03 2.008695304393768311e-01
3.332786560058593750e-01 1.553467065095901489e-01 1.509839552454650402e-03 -9.260334819555282593e-02
3.363856077194213867e-01 3.504469990730285645e-01 -3.422273730393499136e-04 -3.848095536231994629e-01
3.433945477008819580e-01 1.553298979997634888e-01 -8.038418367505073547e-03 -9.223453700542449951e-02
3.465011417865753174e-01 -3.967592120170593262e-02 -9.883108548820018768e-03 1.979014724493026733e-01
3.457076251506805420e-01 1.555859893560409546e-01 -5.925079341977834702e-03 -9.788267314434051514e-02
3.488193452358245850e-01 -3.945054858922958374e-02 -7.882732897996902466e-03 1.929250359535217285e-01
3.480303287506103516e-01 1.557832807302474976e-01 -4.024232272058725357e-03 -1.022341027855873108e-01
3.511459827423095703e-01 -3.928077220916748047e-02 -6.068914197385311127e-03 1.891764700412750244e-01
3.503603935241699219e-01 1.559274792671203613e-01 -2.285384805873036385e-03 -1.054147556424140930e-01
3.534789383411407471e-01 -3.916164860129356384e-02 -4.393680021166801453e-03 1.865462660789489746e-01
3.526957035064697266e-01 1.560228914022445679e-01 -6.627545226365327835e-04 -1.075194478034973145e-01
3.558161556720733643e-01 -3.908956050872802734e-02 -2.813143422827124596e-03 1.849543154239654541e-01
3.550343513488769531e-01 1.560725271701812744e-01 8.859426598064601421e-04 -1.086147278547286987e-01
3.581558167934417725e-01 -3.906210884451866150e-02 -1.286351936869323254e-03 1.843475699424743652e-01
3.573745787143707275e-01 1.560782194137573242e-01 2.400599652901291847e-03 -1.087408661842346191e-01
3.604961335659027100e-01 3.511656820774078369e-01 2.257822488900274038e-04 -4.006654620170593262e-01
3.675194382667541504e-01 1.560405343770980835e-01 -7.787526585161685944e-03 -1.079113483428955078e-01
3.706402480602264404e-01 -3.896895423531532288e-02 -9.945753961801528931e-03 1.823045164346694946e-01
3.698608875274658203e-01 1.562938839197158813e-01 -6.299663800746202469e-03 -1.134992688894271851e-01
3.729867637157440186e-01 -3.873723000288009644e-02 -8.569649420678615570e-03 1.771895140409469604e-01
3.722120225429534912e-01 1.565062999725341797e-01 -5.025858525186777115e-03 -1.181844770908355713e-01
3.753421306610107422e-01 -3.854327648878097534e-02 -7.389548234641551971e-03 1.729086041450500488e-01
3.745712637901306152e-01 1.566836535930633545e-01 -3.931376151740550995e-03 -1.220963001251220703e-01
3.777049481868743896e-01 -3.838175535202026367e-02 -6.373302079737186432e-03 1.693437248468399048e-01
3.769372999668121338e-01 1.568308323621749878e-01 -2.986427629366517067e-03 -1.253429502248764038e-01
3.800739347934722900e-01 -3.824820369482040405e-02 -5.493286531418561935e-03 1.663962900638580322e-01
3.793089687824249268e-01 1.569519490003585815e-01 -2.165360841900110245e-03 -1.280145347118377686e-01
3.824480175971984863e-01 -3.813891485333442688e-02 -4.725651349872350693e-03 1.639844626188278198e-01
3.816852271556854248e-01 1.570503711700439453e-01 -1.445962348952889442e-03 -1.301855295896530151e-01
3.848262429237365723e-01 -3.805084526538848877e-02 -4.049672745168209076e-03 1.620408594608306885e-01
3.840652108192443848e-01 1.571288406848907471e-01 -8.088555769063532352e-04 -1.319168657064437866e-01
3.872078061103820801e-01 -3.798150643706321716e-02 -3.447192953899502754e-03 1.605107635259628296e-01
3.864481747150421143e-01 1.571896225214004517e-01 -2.369777357671409845e-04 -1.332576721906661987e-01
3.895919620990753174e-01 -3.792893141508102417e-02 -2.902131062000989914e-03 1.593504846096038818e-01
3.888333737850189209e-01 1.572344452142715454e-01 2.848786243703216314e-04 -1.342465728521347046e-01
3.919780552387237549e-01 -3.789158165454864502e-02 -2.400052966549992561e-03 1.585262119770050049e-01
3.912202417850494385e-01 1.572646498680114746e-01 7.704713498242199421e-04 -1.349129080772399902e-01
3.943655192852020264e-01 -3.786833211779594421e-02 -1.927786739543080330e-03 1.580130010843276978e-01
3.936081528663635254e-01 1.572811603546142578e-01 1.232473179697990417e-03 -1.352774798870086670e-01
3.967537879943847656e-01 -3.785841539502143860e-02 -1.473076408728957176e-03 1.577940285205841064e-01
3.959966301918029785e-01 1.572845876216888428e-01 1.682804082520306110e-03 -1.353532671928405762e-01
3.991422951221466064e-01 -3.786142170429229736e-02 -1.024261233396828175e-03 1.578600853681564331e-01
3.983850777149200439e-01 1.572751849889755249e-01 2.132940571755170822e-03 -1.351457834243774414e-01
4.015305936336517334e-01 3.523665070533752441e-01 -5.699751782231032848e-04 -4.271550476551055908e-01
4.085779190063476562e-01 1.572526395320892334e-01 -9.113076142966747284e-03 -1.346518546342849731e-01
4.117229580879211426e-01 -3.773759678006172180e-02 -1.180611271411180496e-02 1.551421582698822021e-01
4.109682142734527588e-01 1.575513929128646851e-01 -8.703269995748996735e-03 -1.412418186664581299e-01
4.141192436218261719e-01 -3.744484484195709229e-02 -1.152810640633106232e-02 1.486827135086059570e-01
4.133703410625457764e-01 1.578402817249298096e-01 -8.554452098906040192e-03 -1.476146876811981201e-01
4.165271520614624023e-01 -3.715813532471656799e-02 -1.150674559175968170e-02 1.423572450876235962e-01
4.157840013504028320e-01 1.581267118453979492e-01 -8.659601211547851562e-03 -1.539335250854492188e-01
4.189465343952178955e-01 -3.687019273638725281e-02 -1.173827145248651505e-02 1.360049545764923096e-01
4.182091057300567627e-01 1.584179103374481201e-01 -9.018172509968280792e-03 -1.603579819202423096e-01
4.213774800300598145e-01 -3.657378256320953369e-02 -1.222533173859119415e-02 1.294663548469543457e-01
4.206460118293762207e-01 1.587211489677429199e-01 -9.636004455387592316e-03 -1.670483052730560303e-01
4.238204360008239746e-01 -3.626155853271484375e-02 -1.297697052359580994e-02 1.225792318582534790e-01
4.230951964855194092e-01 1.590438783168792725e-01 -1.052538584917783737e-02 -1.741693913936614990e-01
4.262760579586029053e-01 -3.592586144804954529e-02 -1.400877442210912704e-02 1.151746213436126709e-01
4.255575537681579590e-01 1.593939810991287231e-01 -1.170528121292591095e-02 -1.818948388099670410e-01
4.287454187870025635e-01 -3.555853292346000671e-02 -1.534317806363105774e-02 1.070726290345191956e-01
4.280342757701873779e-01 1.597798913717269897e-01 -1.320172566920518875e-02 -1.904112398624420166e-01
4.312298595905303955e-01 -3.515073284506797791e-02 -1.700995117425918579e-02 9.807801991701126099e-02
4.305268526077270508e-01 -2.300248146057128906e-01 -1.504839025437831879e-02 3.853461742401123047e-01
4.259263575077056885e-01 -3.469249978661537170e-02 -7.341466844081878662e-03 8.795681595802307129e-02
4.252324998378753662e-01 1.605339050292968750e-01 -5.582330282777547836e-03 -2.070332765579223633e-01
4.284431636333465576e-01 -3.450777009129524231e-02 -9.722996503114700317e-03 8.388348668813705444e-02
4.277530312538146973e-01 1.607521921396255493e-01 -8.045325987040996552e-03 -2.118511348962783813e-01
4.309680759906768799e-01 -3.425380587577819824e-02 -1.228234916925430298e-02 7.828310132026672363e-02
4.302829802036285400e-01 -2.291975468397140503e-01 -1.071668695658445358e-02 3.670657575130462646e-01
4.256990253925323486e-01 -3.392496705055236816e-02 -3.375371918082237244e-03 7.102304697036743164e-02
4.250205457210540771e-01 1.612452119588851929e-01 -1.954911043867468834e-03 -2.227229177951812744e-01
4.282454550266265869e-01 -3.384874388575553894e-02 -6.409369409084320068e-03 6.934271752834320068e-02
4.275684654712677002e-01 1.613645106554031372e-01 -5.022515077143907547e-03 -2.253554910421371460e-01
4.307957589626312256e-01 -3.368530422449111938e-02 -9.529625065624713898e-03 6.573892384767532349e-02
4.301220476627349854e-01 -2.286693453788757324e-01 -8.214846253395080566e-03 3.554000258445739746e-01
4.255486726760864258e-01 -3.343155607581138611e-02 -1.106845797039568424e-03 6.013809889554977417e-02
4.248800277709960938e-01 1.617062538862228394e-01 9.591614798409864306e-05 -2.328938394784927368e-01
4.281141459941864014e-01 -3.341707587242126465e-02 -4.561960697174072266e-03 5.981934070587158203e-02
4.274458289146423340e-01 1.617699861526489258e-01 -3.365573938935995102e-03 -2.342994213104248047e-01
4.306812286376953125e-01 -3.330371528863906860e-02 -8.051562123000621796e-03 5.732000246644020081e-02
4.300151467323303223e-01 -2.283093035221099854e-01 -6.905162241309881210e-03 3.474517762660980225e-01
4.254489541053771973e-01 -3.308981657028198242e-02 4.387318767840042710e-05 5.259941890835762024e-02
4.247871637344360352e-01 1.620315015316009521e-01 1.095861545763909817e-03 -2.400696575641632080e-01
4.280277788639068604e-01 -3.310608491301536560e-02 -3.705531591549515724e-03 5.295872688293457031e-02
4.273656606674194336e-01 -2.281747013330459595e-01 -2.646357053890824318e-03 3.444702327251434326e-01
4.228021800518035889e-01 -3.301521018147468567e-02 4.243047442287206650e-03 5.095398053526878357e-02
4.221418797969818115e-01 1.620456427335739136e-01 5.262127146124839783e-03 -2.403872162103652954e-01
4.253827929496765137e-01 -3.315107896924018860e-02 4.543826798908412457e-04 5.395087599754333496e-02
4.247197508811950684e-01 1.619643568992614746e-01 1.533400150947272778e-03 -2.385886609554290771e-01
4.279590547084808350e-01 -3.317946940660476685e-02 -3.238372970372438431e-03 5.457755550742149353e-02
4.272954463958740234e-01 1.619887650012969971e-01 -2.146821934729814529e-03 -2.391253411769866943e-01
4.305352270603179932e-01 -3.310245275497436523e-02 -6.929328665137290955e-03 5.287964269518852234e-02
4.298731982707977295e-01 -2.281243652105331421e-01 -5.871735978871583939e-03 3.433682918548583984e-01
4.253107011318206787e-01 -3.291937336325645447e-02 9.956298163160681725e-04 4.883956164121627808e-02
4.246523082256317139e-01 1.621882915496826172e-01 1.972421072423458099e-03 -2.435290664434432983e-01
4.278960824012756348e-01 -3.296178206801414490e-02 -2.898160368204116821e-03 4.977535828948020935e-02
4.272368550300598145e-01 -2.280420511960983276e-01 -1.902653137221932411e-03 3.415424823760986328e-01
4.226759970188140869e-01 -3.289308771491050720e-02 4.928196314722299576e-03 4.826017841696739197e-02
4.220181405544281006e-01 1.621578484773635864e-01 5.893399938941001892e-03 -2.428637892007827759e-01
4.252612888813018799e-01 -3.304778039455413818e-02 1.036124187521636486e-03 5.167222023010253906e-02
4.246003329753875732e-01 1.620592921972274780e-01 2.069568494334816933e-03 -2.406836152076721191e-01
4.278415143489837646e-01 -3.309215605258941650e-02 -2.744103781878948212e-03 5.265138670802116394e-02
4.271796941757202148e-01 1.620690375566482544e-01 -1.691076089628040791e-03 -2.408960610628128052e-01
4.304210543632507324e-01 -3.302871808409690857e-02 -6.508997175842523575e-03 5.125297233462333679e-02
4.297604858875274658e-01 -2.280567288398742676e-01 -5.483937915414571762e-03 3.418751657009124756e-01
4.251993596553802490e-01 -3.285719454288482666e-02 1.353565487079322338e-03 4.746799170970916748e-02
4.245422184467315674e-01 1.622453182935714722e-01 2.302925335243344307e-03 -2.447875738143920898e-01
4.277871251106262207e-01 -3.290944546461105347e-02 -2.592826029285788536e-03 4.862086847424507141e-02
4.271289408206939697e-01 -2.279941290616989136e-01 -1.620408729650080204e-03 3.404846191406250000e-01
4.225690364837646484e-01 -3.284915164113044739e-02 5.189283285290002823e-03 4.729113727807998657e-02
4.219120740890502930e-01 1.621980071067810059e-01 6.135106086730957031e-03 -2.437500208616256714e-01
4.251560270786285400e-01 -3.301103785634040833e-02 1.260105869732797146e-03 5.086174607276916504e-02
4.244958162307739258e-01 1.620928198099136353e-01 2.277340972796082497e-03 -2.414233386516571045e-01
4.277376532554626465e-01 -3.306158632040023804e-02 -2.551125828176736832e-03 5.197704955935478210e-02
4.270764291286468506e-01 1.620968580245971680e-01 -1.511584967374801636e-03 -2.415096908807754517e-01
4.303183555603027344e-01 -3.300347179174423218e-02 -6.341778673231601715e-03 5.069606378674507141e-02
4.296582937240600586e-01 -2.280339151620864868e-01 -5.327857565134763718e-03 3.413713872432708740e-01
4.250976145267486572e-01 -3.283657133579254150e-02 1.499570207670331001e-03 4.701313003897666931e-02
4.244408905506134033e-01 1.622638404369354248e-01 2.439832780510187149e-03 -2.451962977647781372e-01
4.276861548423767090e-01 -3.289286792278289795e-02 -2.464093035086989403e-03 4.825521633028984070e-02
4.270282983779907227e-01 -2.279794067144393921e-01 -1.498988596722483635e-03 3.401596844196319580e-01
4.224687218666076660e-01 -3.283615037798881531e-02 5.304205231368541718e-03 4.700443893671035767e-02
4.218119978904724121e-01 1.622093468904495239e-01 6.244293879717588425e-03 -2.440002560615539551e-01
4.250561892986297607e-01 -3.300124034285545349e-02 1.364288735203444958e-03 5.064572021365165710e-02
4.243961572647094727e-01 1.621011197566986084e-01 2.377203200012445450e-03 -2.416064441204071045e-01
4.276381731033325195e-01 -3.305470570921897888e-02 -2.454925794154405594e-03 5.182535946369171143e-02
4.269770979881286621e-01 1.621023565530776978e-01 -1.418418600223958492e-03 -2.416311055421829224e-01
4.302191436290740967e-01 -3.299930319190025330e-02 -6.251040846109390259e-03 5.060407891869544983e-02
4.295591413974761963e-01 -2.280310690402984619e-01 -5.238959100097417831e-03 3.413082063198089600e-01
4.249985218048095703e-01 -3.283496573567390442e-02 1.587205100804567337e-03 4.697784036397933960e-02
4.243418276309967041e-01 1.622641831636428833e-01 2.526761963963508606e-03 -2.452038824558258057e-01
4.275871217250823975e-01 -3.289376199245452881e-02 -2.377315890043973923e-03 4.827496781945228577e-02
4.269292354583740234e-01 -2.279815375804901123e-01 -1.411816454492509365e-03 3.402068912982940674e-01
4.223695993423461914e-01 -3.283953294157981873e-02 5.392321385443210602e-03 4.707908630371093750e-02
4.217128157615661621e-01 1.622046828269958496e-01 6.333902943879365921e-03 -2.438976466655731201e-01
4.249569177627563477e-01 -3.300715982913970947e-02 1.455949968658387661e-03 5.077639967203140259e-02
4.242967665195465088e-01 1.620938777923583984e-01 2.471477957442402840e-03 -2.414468079805374146e-01
4.275386333465576172e-01 -3.306328505277633667e-02 -2.357458230108022690e-03 5.201466381549835205e-02
4.268773794174194336e-01 1.620923876762390137e-01 -1.317164860665798187e-03 -2.414111196994781494e-01
4.301192164421081543e-01 -3.301072120666503906e-02 -6.145387422293424606e-03 5.085603892803192139e-02
4.294590055942535400e-01 -2.280440181493759155e-01 -5.128266755491495132e-03 3.415937423706054688e-01
4.248981177806854248e-01 -3.284947946667671204e-02 1.703607966192066669e-03 4.729807004332542419e-02
4.242411255836486816e-01 1.622480005025863647e-01 2.649569418281316757e-03 -2.448468655347824097e-01
4.274860918521881104e-01 -3.291169553995132446e-02 -2.247367985546588898e-03 4.867061972618103027e-02
4.268278777599334717e-01 1.622424125671386719e-01 -1.273955684155225754e-03 -2.447205185890197754e-01
4.300727248191833496e-01 -3.286132216453552246e-02 -6.168366409838199615e-03 4.756029322743415833e-02
4.294154942035675049e-01 -2.278942763805389404e-01 -5.217160563915967941e-03 3.382906913757324219e-01
4.248575866222381592e-01 -3.269848227500915527e-02 1.548653235659003258e-03 4.396712779998779297e-02
4.242036342620849609e-01 1.624012291431427002e-01 2.427995903417468071e-03 -2.482267767190933228e-01
4.274516403675079346e-01 -3.275531530380249023e-02 -2.536539919674396515e-03 4.522099718451499939e-02
4.267965555191040039e-01 -2.278407961130142212e-01 -1.632119994610548019e-03 3.371025323867797852e-01
4.222397208213806152e-01 -3.269566223025321960e-02 5.109930876642465591e-03 4.390538111329078674e-02
4.215858280658721924e-01 1.623526513576507568e-01 5.988038610666990280e-03 -2.471609413623809814e-01
4.248328804969787598e-01 -3.285431489348411560e-02 1.044819713570177555e-03 4.740471392869949341e-02
4.241757988929748535e-01 1.622526347637176514e-01 1.992913894355297089e-03 -2.449483722448348999e-01
4.274208247661590576e-01 -3.289771825075149536e-02 -2.906053559854626656e-03 4.836249351501464844e-02
4.267628788948059082e-01 -2.279778718948364258e-01 -1.938803703524172306e-03 3.401271104812622070e-01
4.222033321857452393e-01 -3.282839432358741760e-02 4.863738548010587692e-03 4.683343693614006042e-02
4.215467572212219238e-01 1.622234731912612915e-01 5.800407379865646362e-03 -2.443109750747680664e-01
4.247912168502807617e-01 -3.298084065318107605e-02 9.141879854723811150e-04 5.019588395953178406e-02
4.241316020488739014e-01 1.621279865503311157e-01 1.918105641379952431e-03 -2.421984672546386719e-01
4.273741841316223145e-01 -3.302130848169326782e-02 -2.925863722339272499e-03 5.108886212110519409e-02
4.267137348651885986e-01 1.621424704790115356e-01 -1.904086442664265633e-03 -2.425157576799392700e-01
4.299565851688385010e-01 -3.295222669839859009e-02 -6.754401605576276779e-03 4.956595972180366516e-02
4.292975366115570068e-01 -2.279766798019409180e-01 -5.763082299381494522e-03 3.401101827621459961e-01
4.247380197048187256e-01 -3.277320042252540588e-02 1.039121183566749096e-03 4.561549797654151917e-02
4.240825474262237549e-01 1.623338311910629272e-01 1.951431157067418098e-03 -2.467394024133682251e-01
4.273292422294616699e-01 -3.281593322753906250e-02 -2.983356826007366180e-03 4.655841737985610962e-02
4.266729056835174561e-01 -2.278949767351150513e-01 -2.052188385277986526e-03 3.382985889911651611e-01
4.221149981021881104e-01 -3.274388611316680908e-02 4.713783040642738342e-03 4.496920853853225708e-02
4.214601218700408936e-01 1.623101532459259033e-01 5.613167304545640945e-03 -2.462227493524551392e-01
4.247063398361206055e-01 -3.289151191711425781e-02 6.887122290208935738e-04 4.822539910674095154e-02
4.240485131740570068e-01 1.622205525636672974e-01 1.653220155276358128e-03 -2.442401498556137085e-01
4.272929131984710693e-01 -3.292496874928474426e-02 -3.231582930311560631e-03 4.896378144621849060e-02
4.266344308853149414e-01 -2.280004322528839111e-01 -2.252307254821062088e-03 3.406253755092620850e-01
4.220744073390960693e-01 -3.284650668501853943e-02 4.560200031846761703e-03 4.723304137587547302e-02
4.214174747467041016e-01 1.622097641229629517e-01 5.504861008375883102e-03 -2.440076172351837158e-01
4.246616661548614502e-01 -3.299038857221603394e-02 6.247084238566458225e-04 5.040658265352249146e-02
4.240018725395202637e-01 1.621226072311401367e-01 1.632840023376047611e-03 -2.420791834592819214e-01
4.272443056106567383e-01 -3.302263841032981873e-02 -3.208743408322334290e-03 5.111834034323692322e-02
4.265838563442230225e-01 -2.280984371900558472e-01 -2.186376601457595825e-03 3.427871465682983398e-01
4.220218956470489502e-01 -3.294544294476509094e-02 4.669366404414176941e-03 4.941558092832565308e-02
4.213629961013793945e-01 1.621092408895492554e-01 5.657678004354238510e-03 -2.417904734611511230e-01
4.246051609516143799e-01 -3.309306502342224121e-02 8.218687726184725761e-04 5.267165601253509521e-02
4.239433109760284424e-01 1.620170921087265015e-01 1.875301823019981384e-03 -2.397518455982208252e-01
4.271836578845977783e-01 -3.313159942626953125e-02 -2.919735154137015343e-03 5.352200940251350403e-02
4.265210330486297607e-01 1.620320975780487061e-01 -1.849294989369809628e-03 -2.400806844234466553e-01
4.297616779804229736e-01 -3.306338936090469360e-02 -6.650908850133419037e-03 5.201834812760353088e-02
4.291003942489624023e-01 -2.280893474817276001e-01 -5.610541906207799911e-03 3.425954580307006836e-01
4.245386123657226562e-01 -3.288802504539489746e-02 1.241367426700890064e-03 4.814859479665756226e-02
4.238808453083038330e-01 1.622160971164703369e-01 2.204339252784848213e-03 -2.441424131393432617e-01
4.271251559257507324e-01 -3.293726220726966858e-02 -2.678508870303630829e-03 4.923500493168830872e-02
4.264664351940155029e-01 -2.280206978321075439e-01 -1.693808706477284431e-03 3.410716354846954346e-01
4.219060242176055908e-01 -3.287469595670700073e-02 5.127624142915010452e-03 4.785506427288055420e-02
4.212485253810882568e-01 1.621733605861663818e-01 6.084725260734558105e-03 -2.432056516408920288e-01
4.244919717311859131e-01 -3.303497657179832458e-02 1.220612204633653164e-03 5.139032378792762756e-02
4.238312840461730957e-01 1.620694547891616821e-01 2.248418750241398811e-03 -2.409072369337081909e-01
4.270726740360260010e-01 -3.308454528450965881e-02 -2.569726202636957169e-03 5.248405039310455322e-02
4.264109730720520020e-01 1.620741635560989380e-01 -1.520045101642608643e-03 -2.410085350275039673e-01
4.296524524688720703e-01 -3.302604705095291138e-02 -6.340215913951396942e-03 5.119454115629196167e-02
4.289919435977935791e-01 -2.280565202236175537e-01 -5.316324997693300247e-03 3.418703377246856689e-01
4.244308173656463623e-01 -3.285933285951614380e-02 1.521082012914121151e-03 4.751572012901306152e-02
4.237736165523529053e-01 1.622407734394073486e-01 2.471396466717123985e-03 -2.446869015693664551e-01
4.270184338092803955e-01 -3.291638940572738647e-02 -2.422341611236333847e-03 4.877453669905662537e-02
4.263601005077362061e-01 1.622402071952819824e-01 -1.446850947104394436e-03 -2.446716725826263428e-01
4.296049177646636963e-01 -3.286104276776313782e-02 -6.340284366160631180e-03 4.755453020334243774e-02
4.289476871490478516e-01 -2.278915047645568848e-01 -5.389194004237651825e-03 3.382303118705749512e-01
4.243898689746856689e-01 -3.269328549504280090e-02 1.375412452034652233e-03 4.385281726717948914e-02
4.237360060214996338e-01 1.624089181423187256e-01 2.252468839287757874e-03 -2.483958303928375244e-01
4.269841909408569336e-01 -3.274513036012649536e-02 -2.715447917580604553e-03 4.499671608209609985e-02
4.263292849063873291e-01 -2.278280407190322876e-01 -1.815513474866747856e-03 3.368216454982757568e-01
4.217727184295654297e-01 -3.268029913306236267e-02 4.920919891446828842e-03 4.356677085161209106e-02
4.211191236972808838e-01 1.623707413673400879e-01 5.792255047708749771e-03 -2.475595027208328247e-01
4.243665337562561035e-01 -3.283344954252243042e-02 8.410650189034640789e-04 4.694478586316108704e-02
4.237098693847656250e-01 1.622764319181442261e-01 1.779960701242089272e-03 -2.454726547002792358e-01
4.269553720951080322e-01 -3.287089616060256958e-02 -3.129492513835430145e-03 4.777117818593978882e-02
4.262979626655578613e-01 -2.279478311538696289e-01 -2.174068940803408623e-03 3.394650816917419434e-01
4.217390120029449463e-01 -3.279501572251319885e-02 4.615232814103364944e-03 4.609737172722816467e-02
4.210831224918365479e-01 1.622604578733444214e-01 5.537180230021476746e-03 -2.451258450746536255e-01
4.243283271789550781e-01 -3.294014558196067810e-02 6.346632726490497589e-04 4.929848760366439819e-02
4.236695170402526855e-01 1.621727049350738525e-01 1.620633061975240707e-03 -2.431841343641281128e-01
4.269129633903503418e-01 -3.297236189246177673e-02 -3.243049606680870056e-03 5.000954493880271912e-02
4.262535274028778076e-01 -2.280476689338684082e-01 -2.242858521640300751e-03 3.416675031185150146e-01
4.216925799846649170e-01 -3.289387375116348267e-02 4.590491298586130142e-03 4.827815294265747070e-02
4.210346937179565430e-01 1.621619611978530884e-01 5.556054413318634033e-03 -2.429528981447219849e-01
4.242779314517974854e-01 -3.303891420364379883e-02 6.969964015297591686e-04 5.147735401988029480e-02
4.236171543598175049e-01 1.620730310678482056e-01 1.726543414406478405e-03 -2.409855872392654419e-01
4.268586039543151855e-01 -3.307353705167770386e-02 -3.093168139457702637e-03 5.224144086241722107e-02
4.261971414089202881e-01 1.620926260948181152e-01 -2.048339461907744408e-03 -2.414157986640930176e-01
4.294390082359313965e-01 -3.300000354647636414e-02 -6.876655388623476028e-03 5.062032490968704224e-02
4.287790060043334961e-01 -2.280226796865463257e-01 -5.864249076694250107e-03 3.411256968975067139e-01
4.242185354232788086e-01 -3.281778469681739807e-02 9.582650382071733475e-04 4.659931361675262451e-02
4.235621988773345947e-01 1.622904092073440552e-01 1.890251296572387218e-03 -2.457811236381530762e-01
4.268079996109008789e-01 -3.285848349332809448e-02 -3.025371115654706955e-03 4.749744012951850891e-02
4.261508285999298096e-01 -2.279369235038757324e-01 -2.075422322377562523e-03 3.392243087291717529e-01
4.215920865535736084e-01 -3.278550133109092712e-02 4.709063563495874405e-03 4.588762670755386353e-02
4.209363758563995361e-01 1.622686088085174561e-01 5.626816302537918091e-03 -2.453058362007141113e-01
4.241817593574523926e-01 -3.293325379490852356e-02 7.206995505839586258e-04 4.914660006761550903e-02
4.235230982303619385e-01 1.621783524751663208e-01 1.703631482087075710e-03 -2.433088570833206177e-01
4.267666637897491455e-01 -3.296788781881332397e-02 -3.162545617669820786e-03 4.991095513105392456e-02
4.261072874069213867e-01 -2.280443459749221802e-01 -2.164326375350356102e-03 3.415943980216979980e-01
4.215463995933532715e-01 -3.289167210459709167e-02 4.667561501264572144e-03 4.822975397109985352e-02
4.208885729312896729e-01 1.621630340814590454e-01 5.632156506180763245e-03 -2.429768741130828857e-01
4.241318404674530029e-01 -3.303890675306320190e-02 7.726192125119268894e-04 5.147724971175193787e-02
4.234710633754730225e-01 1.620719581842422485e-01 1.802164246328175068e-03 -2.409618049860000610e-01
4.267124831676483154e-01 -3.307569026947021484e-02 -3.017071867361664772e-03 5.228902399539947510e-02
4.260509908199310303e-01 1.620893925428390503e-01 -1.971291378140449524e-03 -2.413442879915237427e-01
4.292927682399749756e-01 -3.300434350967407227e-02 -6.798177026212215424e-03 5.071619153022766113e-02
4.286326766014099121e-01 -2.280281633138656616e-01 -5.783853121101856232e-03 3.412465155124664307e-01
4.240721166133880615e-01 -3.282439708709716797e-02 1.041076844558119774e-03 4.674531891942024231e-02
4.234156310558319092e-01 1.622826159000396729e-01 1.975983148440718651e-03 -2.456089556217193604e-01
4.266612827777862549e-01 -3.286750614643096924e-02 -2.936195814982056618e-03 4.769658669829368591e-02
4.260039329528808594e-01 -2.279472351074218750e-01 -1.982264220714569092e-03 3.394516706466674805e-01
4.214449822902679443e-01 -3.279713168740272522e-02 4.806769080460071564e-03 4.614431038498878479e-02
4.207890331745147705e-01 1.622555702924728394e-01 5.729655269533395767e-03 -2.450181692838668823e-01
4.240341484546661377e-01 -3.294775262475013733e-02 8.292920538224279881e-04 4.946650937199592590e-02
4.233751893043518066e-01 1.621623039245605469e-01 1.818622229620814323e-03 -2.429546564817428589e-01
4.266184568405151367e-01 -3.298558294773101807e-02 -3.040470881387591362e-03 5.030135810375213623e-02
4.259587228298187256e-01 -2.280638068914413452e-01 -2.034443663433194160e-03 3.420234322547912598e-01
4.213974475860595703e-01 -3.291296958923339844e-02 4.806024953722953796e-03 4.869966581463813782e-02
4.207392036914825439e-01 1.621397435665130615e-01 5.780018400400876999e-03 -2.424630522727966309e-01
4.239819943904876709e-01 -3.306429460644721985e-02 9.307574946433305740e-04 5.203742533922195435e-02
4.233207106590270996e-01 1.620443016290664673e-01 1.971506047993898392e-03 -2.403516918420791626e-01
4.265615940093994141e-01 -3.310576081275939941e-02 -2.835527760908007622e-03 5.295244604349136353e-02
4.258994758129119873e-01 1.620567291975021362e-01 -1.776478951796889305e-03 -2.406237572431564331e-01
4.291406273841857910e-01 -3.303979709744453430e-02 -6.588954012840986252e-03 5.149828642606735229e-02
4.284798204898834229e-01 -2.280666530132293701e-01 -5.558988545089960098e-03 3.420950770378112793e-01
4.239184856414794922e-01 -3.286605328321456909e-02 1.282913261093199253e-03 4.766437783837318420e-02
4.232611656188964844e-01 1.622374802827835083e-01 2.236200729385018349e-03 -2.446134984493255615e-01
4.265059232711791992e-01 -3.291634097695350647e-02 -2.656069351360201836e-03 4.877393692731857300e-02
4.258475899696350098e-01 -2.280001044273376465e-01 -1.680590561591088772e-03 3.406176567077636719e-01
4.212875962257385254e-01 -3.285428509116172791e-02 5.131762940436601639e-03 4.740525409579277039e-02
4.206305146217346191e-01 1.621937006711959839e-01 6.079867947846651077e-03 -2.436541467905044556e-01
4.238743782043457031e-01 -3.301455825567245483e-02 1.206784858368337154e-03 5.094030499458312988e-02
4.232140779495239258e-01 1.620900630950927734e-01 2.225590869784355164e-03 -2.413616329431533813e-01
4.264558851718902588e-01 -3.306360170245170593e-02 -2.601641695946455002e-03 5.202247947454452515e-02
4.257946014404296875e-01 1.620955616235733032e-01 -1.561191980727016926e-03 -2.414801567792892456e-01
4.290365278720855713e-01 -3.300406038761138916e-02 -6.390795111656188965e-03 5.070992559194564819e-02
4.283764362335205078e-01 -2.280337959527969360e-01 -5.376596469432115555e-03 3.413696587085723877e-01
4.238157570362091064e-01 -3.283575922250747681e-02 1.450796844437718391e-03 4.699613898992538452e-02
4.231590628623962402e-01 1.622653603553771973e-01 2.390719717368483543e-03 -2.452286928892135620e-01
4.264043569564819336e-01 -3.289065510034561157e-02 -2.513854065909981728e-03 4.820736497640609741e-02
4.257465600967407227e-01 -2.279764711856842041e-01 -1.549706910736858845e-03 3.400960862636566162e-01
4.211870133876800537e-01 -3.283250331878662109e-02 5.252215079963207245e-03 4.692487418651580811e-02
4.205303788185119629e-01 1.622137427330017090e-01 6.190712563693523407e-03 -2.440963089466094971e-01
4.237746298313140869e-01 -3.299608454108238220e-02 1.308786100707948208e-03 5.053286999464035034e-02
4.231147170066833496e-01 1.621070802211761475e-01 2.319443505257368088e-03 -2.417368292808532715e-01
4.263568520545959473e-01 -3.304792940616607666e-02 -2.515293192118406296e-03 5.167680233716964722e-02
4.256958961486816406e-01 1.621100008487701416e-01 -1.481757150031626225e-03 -2.417986541986465454e-01
4.289380908012390137e-01 -3.299075737595558167e-02 -6.317730061709880829e-03 5.041651427745819092e-02
4.282782971858978271e-01 -2.280215471982955933e-01 -5.309400148689746857e-03 3.410994708538055420e-01
4.237178564071655273e-01 -3.282446041703224182e-02 1.512589398771524429e-03 4.674700647592544556e-02
4.230613708496093750e-01 1.622757613658905029e-01 2.447529463097453117e-03 -2.454583048820495605e-01
4.263068735599517822e-01 -3.288105502724647522e-02 -2.461636438965797424e-03 4.799562692642211914e-02
4.256492555141448975e-01 -2.279676198959350586e-01 -1.501723891124129295e-03 3.399008810520172119e-01
4.210899174213409424e-01 -3.282433748245239258e-02 5.296293646097183228e-03 4.674476385116577148e-02
4.204334318637847900e-01 1.622212678194046021e-01 6.231188774108886719e-03 -2.442624419927597046e-01
4.236778616905212402e-01 -3.298912569880485535e-02 1.345940050669014454e-03 5.037942901253700256e-02
4.230180680751800537e-01 1.621135026216506958e-01 2.353528514504432678e-03 -2.418785393238067627e-01
4.262603223323822021e-01 -3.304199129343032837e-02 -2.484042197465896606e-03 5.154582113027572632e-02
4.255994856357574463e-01 1.621154844760894775e-01 -1.453125732950866222e-03 -2.419198006391525269e-01
4.288417994976043701e-01 -3.298567235469818115e-02 -6.291521713137626648e-03 5.030441284179687500e-02
4.281820952892303467e-01 -2.280168533325195312e-01 -5.285433493554592133e-03 3.409956991672515869e-01
4.236217439174652100e-01 -3.282009437680244446e-02 1.534480252303183079e-03 4.665074124932289124e-02
4.229653477668762207e-01 1.622798144817352295e-01 2.467495156452059746e-03 -2.455476522445678711e-01
4.262109398841857910e-01 -3.287728875875473022e-02 -2.443457720801234245e-03 4.791256412863731384e-02
4.255534112453460693e-01 -2.279641181230545044e-01 -1.485206536017358303e-03 3.398235440254211426e-01
4.209941327571868896e-01 -3.282106295228004456e-02 5.311264656484127045e-03 4.667265340685844421e-02
4.203377068042755127e-01 1.622243225574493408e-01 6.244717631489038467e-03 -2.443297952413558960e-01
4.235821962356567383e-01 -3.298626095056533813e-02 1.358121633529663086e-03 5.031630396842956543e-02
4.229224622249603271e-01 1.621161848306655884e-01 2.364447806030511856e-03 -2.419378161430358887e-01
4.261647760868072510e-01 -3.303945437073707581e-02 -2.474308479577302933e-03 5.148998275399208069e-02
4.255039989948272705e-01 1.621178835630416870e-01 -1.444508903659880161e-03 -2.419725805521011353e-01
4.287463426589965820e-01 -3.298339992761611938e-02 -6.283960770815610886e-03 5.025435984134674072e-02
4.280866980552673340e-01 -2.280146777629852295e-01 -5.278873257339000702e-03 3.409480452537536621e-01
4.235264062881469727e-01 -3.281802684068679810e-02 1.540087396278977394e-03 4.660514742136001587e-02
4.228700399398803711e-01 1.622818112373352051e-01 2.472190186381340027e-03 -2.455914765596389771e-01
4.261156618595123291e-01 -3.287536650896072388e-02 -2.439639065414667130e-03 4.787021502852439880e-02
4.254581630229949951e-01 -2.279622554779052734e-01 -1.482234802097082138e-03 3.397824168205261230e-01
4.208989143371582031e-01 -3.281923756003379822e-02 5.313413683325052261e-03 4.663244634866714478e-02
4.202425181865692139e-01 1.622261255979537964e-01 6.246062461286783218e-03 -2.443693280220031738e-01
4.234870672225952148e-01 -3.298448398709297180e-02 1.358676003292202950e-03 5.027720332145690918e-02
4.228273630142211914e-01 1.621179580688476562e-01 2.364220097661018372e-03 -2.419767379760742188e-01
4.260697364807128906e-01 -3.303768485784530640e-02 -2.475314773619174957e-03 5.145098268985748291e-02
4.254089593887329102e-01 1.621196717023849487e-01 -1.446295180357992649e-03 -2.420118898153305054e-01
4.286513626575469971e-01 -3.298158943653106689e-02 -6.286533083766698837e-03 5.021448060870170593e-02
4.279917180538177490e-01 -2.280128300189971924e-01 -5.282243713736534119e-03 3.409073352813720703e-01
4.234314858913421631e-01 -3.281613066792488098e-02 1.535903313197195530e-03 4.656339064240455627e-02
4.227751493453979492e-01 1.622837632894515991e-01 2.467171289026737213e-03 -2.456345409154891968e-01
4.260208308696746826e-01 -3.287333622574806213e-02 -2.445519668981432915e-03 4.782555997371673584e-02
4.253633618354797363e-01 -2.279601395130157471e-01 -1.489008544012904167e-03 3.397358953952789307e-01
4.208041429519653320e-01 -3.281702846288681030e-02 5.305709317326545715e-03 4.658380150794982910e-02
4.201478064060211182e-01 1.622284352779388428e-01 6.237385328859090805e-03 -2.444204241037368774e-01
4.233923852443695068e-01 -3.298204392194747925e-02 1.348977210000157356e-03 5.022339150309562683e-02
4.227327406406402588e-01 1.621205359697341919e-01 2.353444928303360939e-03 -2.420336157083511353e-01
4.259751439094543457e-01 -3.303495049476623535e-02 -2.487227320671081543e-03 5.139071866869926453e-02
4.253144562244415283e-01 1.621225774288177490e-01 -1.459412975236773491e-03 -2.420759052038192749e-01
4.285569190979003906e-01 -3.297849744558334351e-02 -6.300931330770254135e-03 5.014632269740104675e-02
4.278973340988159180e-01 -2.280095368623733521e-01 -5.298004485666751862e-03 3.408346176147460938e-01
4.233371317386627197e-01 -3.281260654330253601e-02 1.518687466159462929e-03 4.648571833968162537e-02
4.226808845996856689e-01 1.622875332832336426e-01 2.448401879519224167e-03 -2.457176595926284790e-01
4.259266555309295654e-01 -3.286929801106452942e-02 -2.465951256453990936e-03 4.773654416203498840e-02
4.252692461013793945e-01 -2.279558032751083374e-01 -1.511220471002161503e-03 3.396404087543487549e-01
4.207101464271545410e-01 -3.281238302588462830e-02 5.281588062644004822e-03 4.648132622241973877e-02
4.200538992881774902e-01 1.622334420680999756e-01 6.211214233189821243e-03 -2.445305436849594116e-01
4.232985675334930420e-01 -3.297667577862739563e-02 1.320603536441922188e-03 5.010506138205528259e-02
4.226390421390533447e-01 1.621263176202774048e-01 2.322704764083027840e-03 -2.421609163284301758e-01
4.258815646171569824e-01 -3.302873671054840088e-02 -2.520513487979769707e-03 5.125375092029571533e-02
4.252209961414337158e-01 1.621292680501937866e-01 -1.495438395068049431e-03 -2.422233521938323975e-01
4.284635782241821289e-01 -3.297129273414611816e-02 -6.339905317872762680e-03 4.998750239610671997e-02
4.278041422367095947e-01 -2.280017584562301636e-01 -5.340155214071273804e-03 3.406634032726287842e-01
4.232441186904907227e-01 -3.280424326658248901e-02 1.473112846724689007e-03 4.630130156874656677e-02
4.225880205631256104e-01 1.622965484857559204e-01 2.399138873443007469e-03 -2.459164857864379883e-01
4.258339405059814453e-01 -3.285957872867584229e-02 -2.519190777093172073e-03 4.752222448587417603e-02
4.251767694950103760e-01 -2.279453128576278687e-01 -1.568746287375688553e-03 3.394092619419097900e-01
4.206178486347198486e-01 -3.280108049511909485e-02 5.219439044594764709e-03 4.623205214738845825e-02
4.199618399143218994e-01 1.622456461191177368e-01 6.144079845398664474e-03 -2.447995394468307495e-01
4.232067465782165527e-01 -3.296352550387382507e-02 1.248089247383177280e-03 4.981503635644912720e-02
4.225474894046783447e-01 1.621405035257339478e-01 2.244389848783612251e-03 -2.424738407135009766e-01
