2.975423075258731842e-02 -4.597339034080505371e-02 -3.826954402029514313e-03 -7.744124159216880798e-03
2.883476205170154572e-02 -2.410402446985244751e-01 -3.981837071478366852e-03 2.837288975715637207e-01
2.401395700871944427e-02 -4.586173221468925476e-02 1.692741177976131439e-03 -1.020721159875392914e-02
2.309672348201274872e-02 -2.410079240798950195e-01 1.488596899434924126e-03 2.830093204975128174e-01
1.827656477689743042e-02 -4.590723291039466858e-02 7.148783188313245773e-03 -9.203745052218437195e-03
1.735842041671276093e-02 -2.411309778690338135e-01 6.964708212763071060e-03 2.857261002063751221e-01
1.253580022603273392e-02 -4.610903933644294739e-02 1.267923042178153992e-02 -4.752088338136672974e-03
1.161361951380968094e-02 -2.414105087518692017e-01 1.258418895304203033e-02 2.919041812419891357e-01
6.785409525036811829e-03 -4.647023230791091919e-02 1.842227205634117126e-02 3.216551383957266808e-03
5.856005009263753891e-03 -2.418514788150787354e-01 1.848660223186016083e-02 3.016545176506042480e-01
1.018975279293954372e-03 -4.699781909584999084e-02 2.451969310641288757e-02 1.485873758792877197e-02
7.901898061390966177e-05 1.477640718221664429e-01 2.481686882674694061e-02 -2.699882090091705322e-01
3.034300403669476509e-03 -4.770307987928390503e-02 1.941710337996482849e-02 3.041763976216316223e-02
2.080238657072186470e-03 1.471351087093353271e-01 2.002545632421970367e-02 -2.560762763023376465e-01
5.022941157221794128e-03 -4.826693981885910034e-02 1.490393094718456268e-02 4.285511374473571777e-02
4.057602491229772568e-03 1.466381549835205078e-01 1.576103270053863525e-02 -2.450884729623794556e-01
6.990365218371152878e-03 -4.870531708002090454e-02 1.085926406085491180e-02 5.252390354871749878e-02
6.016259081661701202e-03 1.462592482566833496e-01 1.190974190831184387e-02 -2.367131561040878296e-01
8.941444568336009979e-03 -4.903080314397811890e-02 7.175479084253311157e-03 5.970254540443420410e-02
7.960828021168708801e-03 -2.442549020051956177e-01 8.369530551135540009e-03 3.546407222747802734e-01
3.075730055570602417e-03 -4.925294592976570129e-02 1.546234451234340668e-02 6.460864841938018799e-02
2.090671332553029060e-03 1.456439346075057983e-01 1.675451733171939850e-02 -2.231559902429580688e-01
5.003550089895725250e-03 -4.971342161297798157e-02 1.229139789938926697e-02 7.476452738046646118e-02
4.009281750768423080e-03 1.452301889657974243e-01 1.378668844699859619e-02 -2.140152156352996826e-01
6.913885474205017090e-03 -5.008613318204879761e-02 9.506383910775184631e-03 8.298458158969879150e-02
5.912162363529205322e-03 1.448982656002044678e-01 1.116607617586851120e-02 -2.066839635372161865e-01
8.810128085315227509e-03 -5.038156360387802124e-02 7.032396737486124039e-03 8.950027078390121460e-02
7.802496664226055145e-03 1.446388810873031616e-01 8.822401985526084900e-03 -2.009556591510772705e-01
1.069527398794889450e-02 -5.060812458395957947e-02 4.803288727998733521e-03 9.449721127748489380e-02
9.683111682534217834e-03 1.444446593523025513e-01 6.693233270198106766e-03 -1.966664195060729980e-01
1.257200445979833603e-02 -5.077239498496055603e-02 2.759904600679874420e-03 9.812038391828536987e-02
1.155655737966299057e-02 1.443098932504653931e-01 4.722312558442354202e-03 -1.936905235052108765e-01
1.444275490939617157e-02 -5.087928846478462219e-02 8.485020371153950691e-04 1.004783436655998230e-01
1.342516951262950897e-02 1.442304849624633789e-01 2.858069026842713356e-03 -1.919367611408233643e-01
1.630977913737297058e-02 -5.093222856521606445e-02 -9.806661400943994522e-04 1.016464009881019592e-01
1.529113389551639557e-02 -2.460401207208633423e-01 1.052261795848608017e-03 3.940197527408599854e-01
1.037033181637525558e-02 -5.093310773372650146e-02 8.932656608521938324e-03 1.016687899827957153e-01
9.351669810712337494e-03 1.440596878528594971e-01 1.096603274345397949e-02 -1.881825774908065796e-01
1.223286334425210953e-02 -5.121741816401481628e-02 7.202381268143653870e-03 1.079394221305847168e-01
1.120851561427116394e-02 1.438005864620208740e-01 9.361169300973415375e-03 -1.824625134468078613e-01
1.408452726900577545e-02 -5.145405605435371399e-02 5.711919162422418594e-03 1.131587550044059753e-01
1.305544562637805939e-02 1.435855925083160400e-01 7.975094020366668701e-03 -1.777166426181793213e-01
1.592715829610824585e-02 -5.164957791566848755e-02 4.420761484652757645e-03 1.174714490771293640e-01
1.489416602998971939e-02 1.434087604284286499e-01 6.770190782845020294e-03 -1.738134920597076416e-01
1.776234060525894165e-02 -5.180943384766578674e-02 3.293921006843447685e-03 1.209975033998489380e-01
1.672615297138690948e-02 1.432651728391647339e-01 5.713871214538812637e-03 -1.706444025039672852e-01
1.959145627915859222e-02 -5.193809792399406433e-02 2.300983062013983727e-03 1.238355860114097595e-01
1.855269446969032288e-02 1.431508064270019531e-01 4.777694586664438248e-03 -1.681205183267593384e-01
2.141571044921875000e-02 -5.203919857740402222e-02 1.415284350514411926e-03 1.260657906532287598e-01
2.037492580711841583e-02 1.430624425411224365e-01 3.936600405722856522e-03 -1.661702841520309448e-01
2.323617599904537201e-02 -5.211563035845756531e-02 6.131944246590137482e-04 1.277519166469573975e-01
2.219386212527751923e-02 1.429975330829620361e-01 3.168232738971710205e-03 -1.647374927997589111e-01
2.505381405353546143e-02 -5.216962844133377075e-02 -1.265169848920777440e-04 1.289432346820831299e-01
2.401041984558105469e-02 1.429541260004043579e-01 2.452347893267869949e-03 -1.637796014547348022e-01
2.686950378119945526e-02 -5.220283940434455872e-02 -8.232441032305359840e-04 1.296759694814682007e-01
2.582544647157192230e-02 1.429308950901031494e-01 1.770275295712053776e-03 -1.632665693759918213e-01
2.868406474590301514e-02 -5.221635103225708008e-02 -1.495056087151169777e-03 1.299743056297302246e-01
2.763973735272884369e-02 1.429269909858703613e-01 1.104430062696337700e-03 -1.631799191236495972e-01
3.049827739596366882e-02 -5.221075937151908875e-02 -2.159168245270848274e-03 1.298512220382690430e-01
2.945406176149845123e-02 -2.473017126321792603e-01 4.378563025966286659e-04 4.218521714210510254e-01
2.450802735984325409e-02 -5.218597128987312317e-02 8.874899707734584808e-03 1.293073147535324097e-01
2.346430905163288116e-02 1.428077369928359985e-01 1.146104652434587479e-02 -1.605625301599502563e-01
2.632046304643154144e-02 -5.247640982270240784e-02 8.249795995652675629e-03 1.357139199972152710e-01
2.527093514800071716e-02 1.425264030694961548e-01 1.096407417207956314e-02 -1.543549448251724243e-01
2.812146209180355072e-02 -5.275079607963562012e-02 7.876975461840629578e-03 1.417666375637054443e-01
2.706644684076309204e-02 1.422574669122695923e-01 1.071230787783861160e-02 -1.484208703041076660e-01
2.991159632802009583e-02 -5.301623791456222534e-02 7.743890862911939621e-03 1.476222276687622070e-01
2.885127067565917969e-02 1.419939696788787842e-01 1.069633569568395615e-02 -1.426076292991638184e-01
3.169114887714385986e-02 -5.327952653169631958e-02 7.844182662665843964e-03 1.534305214881896973e-01
3.062555938959121704e-02 1.417292356491088867e-01 1.091279368847608566e-02 -1.367674469947814941e-01
3.346014395356178284e-02 -5.354731157422065735e-02 8.177444338798522949e-03 1.593382209539413452e-01
3.238919749855995178e-02 1.414566189050674438e-01 1.136420853435993195e-02 -1.307537555694580078e-01
3.521833196282386780e-02 -5.382626503705978394e-02 8.749133907258510590e-03 1.654926538467407227e-01
3.414180502295494080e-02 1.411693543195724487e-01 1.205898635089397430e-02 -1.244173645973205566e-01
3.696519136428833008e-02 -5.412325635552406311e-02 9.570639580488204956e-03 1.720455139875411987e-01
3.588272631168365479e-02 1.408604085445404053e-01 1.301154959946870804e-02 -1.176028698682785034e-01
3.869993612170219421e-02 -5.444552376866340637e-02 1.065949257463216782e-02 1.791565269231796265e-01
3.761102631688117981e-02 1.405222713947296143e-01 1.424262300133705139e-02 -1.101447343826293945e-01
4.042147099971771240e-02 -5.480083823204040527e-02 1.203972846269607544e-02 1.869974136352539062e-01
3.932545334100723267e-02 1.401468068361282349e-01 1.577967591583728790e-02 -1.018632575869560242e-01
4.212839156389236450e-02 -5.519769340753555298e-02 1.374241150915622711e-02 1.957560330629348755e-01
4.102443531155586243e-02 1.397250145673751831e-01 1.765753142535686493e-02 -9.256027638912200928e-02
4.381893575191497803e-02 -5.564551427960395813e-02 1.580632664263248444e-02 2.056408822536468506e-01
4.270602762699127197e-02 1.392468810081481934e-01 1.991914398968219757e-02 -8.201432228088378906e-02
4.549096524715423584e-02 -5.615486204624176025e-02 1.827885769307613373e-02 2.168859839439392090e-01
4.436786845326423645e-02 1.387010812759399414e-01 2.261657826602458954e-02 -6.997541338205337524e-02
4.714188724756240845e-02 -5.673769488930702209e-02 2.121706865727901459e-02 2.297564744949340820e-01
4.600713402032852173e-02 1.380747407674789429e-01 2.581219933927059174e-02 -5.615905299782752991e-02
4.876862838864326477e-02 3.328172564506530762e-01 2.468901686370372772e-02 -3.405875861644744873e-01
5.542497336864471436e-02 1.373528838157653809e-01 1.787726581096649170e-02 -4.022253677248954773e-02
5.817203223705291748e-02 3.322139680385589600e-01 1.707281544804573059e-02 -3.272118270397186279e-01
6.481631100177764893e-02 1.368531733751296997e-01 1.052857842296361923e-02 -2.919416874647140503e-02
6.755337864160537720e-02 -5.841816961765289307e-02 9.944695048034191132e-03 2.667919695377349854e-01
6.638500839471817017e-02 1.365604400634765625e-01 1.528053451329469681e-02 -2.273781783878803253e-02
6.911621987819671631e-02 -5.877726897597312927e-02 1.482577808201313019e-02 2.747268676757812500e-01
6.794067472219467163e-02 1.361300498247146606e-01 2.032031491398811340e-02 -1.324337162077426910e-02
7.066327333450317383e-02 3.309547603130340576e-01 2.005544863641262054e-02 -2.994463741779327393e-01
7.728236913681030273e-02 1.355527788400650024e-01 1.406652014702558517e-02 -5.064137512817978859e-04
7.999342679977416992e-02 3.304702043533325195e-01 1.405639201402664185e-02 -2.887181937694549561e-01
8.660282939672470093e-02 1.351506561040878296e-01 8.282028138637542725e-03 8.364620618522167206e-03
8.930584043264389038e-02 -6.008908897638320923e-02 8.449320681393146515e-03 3.036490678787231445e-01
8.810406178236007690e-02 1.349114328622817993e-01 1.452230196446180344e-02 1.364280562847852707e-02
9.080228954553604126e-02 3.298221528530120850e-01 1.479515805840492249e-02 -2.744230031967163086e-01
9.739873558282852173e-02 1.344922482967376709e-01 9.306698106229305267e-03 2.288936823606491089e-02
1.000885814428329468e-01 3.294795155525207520e-01 9.764485061168670654e-03 -2.668427228927612305e-01
1.066781654953956604e-01 1.342195719480514526e-01 4.427630919963121414e-03 2.890393882989883423e-02
1.093625575304031372e-01 3.292777538299560547e-01 5.005709826946258545e-03 -2.623787522315979004e-01
1.159481182694435120e-01 1.340847015380859375e-01 -2.418651565676555037e-04 3.187883272767066956e-02
1.186298057436943054e-01 -6.103378161787986755e-02 3.957114822696894407e-04 3.244854509830474854e-01
1.174091324210166931e-01 1.340825259685516357e-01 6.885420065373182297e-03 3.192732855677604675e-02
1.200907826423645020e-01 3.291050791740417480e-01 7.523966953158378601e-03 -2.585752606391906738e-01
1.266728788614273071e-01 1.338765174150466919e-01 2.352461917325854301e-03 3.647131845355033875e-02
1.293504089117050171e-01 3.289646506309509277e-01 3.081888193264603615e-03 -2.554684579372406006e-01
1.359297037124633789e-01 1.337988376617431641e-01 -2.027480863034725189e-03 3.818495571613311768e-02
1.386056840419769287e-01 3.289498090744018555e-01 -1.263781683519482613e-03 -2.551369667053222656e-01
1.451846808195114136e-01 1.338459253311157227e-01 -6.366521120071411133e-03 3.714707121253013611e-02
1.478615999221801758e-01 -6.118416041135787964e-02 -5.623579956591129303e-03 3.278145194053649902e-01
1.466379165649414062e-01 1.340173929929733276e-01 9.327105362899601460e-04 3.336348384618759155e-02
1.493182629346847534e-01 3.291259706020355225e-01 1.599980168975889683e-03 -2.590250074863433838e-01
1.559007912874221802e-01 1.339812129735946655e-01 -3.580520162358880043e-03 3.416213393211364746e-02
1.585804075002670288e-01 3.291543126106262207e-01 -2.897277474403381348e-03 -2.596483230590820312e-01
1.651634871959686279e-01 1.340738534927368164e-01 -8.090243674814701080e-03 3.211934864521026611e-02
1.678449660539627075e-01 -6.093115732073783875e-02 -7.447856944054365158e-03 3.222387731075286865e-01
1.666263490915298462e-01 1.342960596084594727e-01 -1.003081561066210270e-03 2.721643075346946716e-02
1.693122684955596924e-01 3.294323682785034180e-01 -4.587528819683939219e-04 -2.657828032970428467e-01
1.759009212255477905e-01 1.343169808387756348e-01 -5.774409044533967972e-03 2.675538696348667145e-02
1.785872578620910645e-01 3.295212686061859131e-01 -5.239301361143589020e-03 -2.677438259124755859e-01
1.851776838302612305e-01 1.344744712114334106e-01 -1.059417799115180969e-02 2.328199520707130432e-02
1.878671646118164062e-01 -6.049395725131034851e-02 -1.012853812426328659e-02 3.126035928726196289e-01
1.866572946310043335e-01 1.347708106040954590e-01 -3.876465838402509689e-03 1.674373261630535126e-02
1.893527060747146606e-01 3.299481272697448730e-01 -3.541591344401240349e-03 -2.771597504615783691e-01
1.959516704082489014e-01 1.348768919706344604e-01 -9.084786288440227509e-03 1.440406963229179382e-02
1.986492127180099487e-01 -6.011360138654708862e-02 -8.796704933047294617e-03 3.042068481445312500e-01
1.974469423294067383e-01 1.351325958967208862e-01 -2.712567569687962532e-03 8.762679062783718109e-03
2.001495957374572754e-01 3.302933573722839355e-01 -2.537314081564545631e-03 -2.847748696804046631e-01
2.067554593086242676e-01 1.352076828479766846e-01 -8.232811465859413147e-03 7.106736302375793457e-03
2.094596028327941895e-01 -5.979524180293083191e-02 -8.090676739811897278e-03 2.971807718276977539e-01
2.082637101411819458e-01 1.354411095380783081e-01 -2.147060818970203400e-03 1.957216067239642143e-03
2.109725326299667358e-01 3.305937945842742920e-01 -2.107916632667183876e-03 -2.914023697376251221e-01
2.175844013690948486e-01 1.355019509792327881e-01 -7.935963571071624756e-03 6.150102126412093639e-04
2.202944457530975342e-01 -5.950529500842094421e-02 -7.923663593828678131e-03 2.907835245132446289e-01
2.191043347120285034e-01 1.357287466526031494e-01 -2.107993233948945999e-03 -4.387872293591499329e-03
2.218189090490341187e-01 3.308808505535125732e-01 -2.195750596001744270e-03 -2.977351546287536621e-01
2.284365296363830566e-01 1.357902735471725464e-01 -8.150453679263591766e-03 -5.745532922446727753e-03
2.311523258686065674e-01 -5.921384319663047791e-02 -8.265363983809947968e-03 2.843547165393829346e-01
2.299680560827255249e-01 1.360250115394592285e-01 -2.578269923105835915e-03 -1.092354487627744675e-02
2.326885610818862915e-01 3.311838507652282715e-01 -2.796740736812353134e-03 -3.044188320636749268e-01
2.393122315406799316e-01 1.361018568277359009e-01 -8.885117247700691223e-03 -1.261924114078283310e-02
2.420342713594436646e-01 -5.889154598116874695e-02 -9.137501940131187439e-03 2.772471308708190918e-01
2.408564388751983643e-01 1.363595724105834961e-01 -3.592559602111577988e-03 -1.830369420349597931e-02
2.435836344957351685e-01 -5.871067941188812256e-02 -3.958633169531822205e-03 2.732435762882232666e-01
2.424094229936599731e-01 1.364675313234329224e-01 1.506238128058612347e-03 -2.068528160452842712e-02
2.451387643814086914e-01 3.315678536891937256e-01 1.092532533220946789e-03 -3.128925859928131104e-01
2.517701387405395508e-01 1.364303529262542725e-01 -5.165319424122571945e-03 -1.986531354486942291e-02
2.544987201690673828e-01 -5.861714482307434082e-02 -5.562625359743833542e-03 2.711834311485290527e-01
2.533263862133026123e-01 1.365837454795837402e-01 -1.389569952152669430e-04 -2.324877120554447174e-02
2.560580670833587646e-01 3.317076861858367920e-01 -6.039324216544628143e-04 -3.159755468368530273e-01
2.626922130584716797e-01 1.365943402051925659e-01 -6.923443172127008438e-03 -2.348313108086585999e-02
2.654241025447845459e-01 -5.842764303088188171e-02 -7.393105886876583099e-03 2.670073509216308594e-01
2.642555534839630127e-01 1.367990374565124512e-01 -2.052958821877837181e-03 -2.799821645021438599e-02
2.669915258884429932e-01 3.319503664970397949e-01 -2.612923039123415947e-03 -3.213281631469726562e-01
2.736305296421051025e-01 1.368657201528549194e-01 -9.039486758410930634e-03 -2.947039902210235596e-02
2.763678431510925293e-01 -5.812543630599975586e-02 -9.628894738852977753e-03 2.603468298912048340e-01
2.752053439617156982e-01 1.371326446533203125e-01 -4.421958234161138535e-03 -3.535756468772888184e-02
2.779479920864105225e-01 -5.792562291026115417e-02 -5.129109136760234833e-03 2.559269070625305176e-01
2.767894864082336426e-01 1.372691839933395386e-01 -1.057104782375972718e-05 -3.836939483880996704e-02
2.795348763465881348e-01 3.323912918567657471e-01 -7.779589504934847355e-04 -3.310556411743164062e-01
2.861827015876770020e-01 1.372804194688796997e-01 -7.399071939289569855e-03 -3.861816227436065674e-02
2.889283001422882080e-01 -5.773465335369110107e-02 -8.171435445547103882e-03 2.517211437225341797e-01
2.877736091613769531e-01 1.375030279159545898e-01 -3.137012710794806480e-03 -4.352798312902450562e-02
2.905236780643463135e-01 -5.757380276918411255e-02 -4.007572308182716370e-03 2.481635361909866333e-01
2.893722057342529297e-01 1.376051455736160278e-01 9.556984296068549156e-04 -4.578076675534248352e-02
2.921243011951446533e-01 3.327133953571319580e-01 4.008313408121466637e-05 -3.381620049476623535e-01
2.987785637378692627e-01 1.375908702611923218e-01 -6.723157130181789398e-03 -4.546644166111946106e-02
3.015303909778594971e-01 -5.743404105305671692e-02 -7.632486056536436081e-03 2.450877130031585693e-01
3.003816902637481689e-01 1.377960890531539917e-01 -2.730731619521975517e-03 -4.999288544058799744e-02
3.031376302242279053e-01 3.329570889472961426e-01 -3.730589291080832481e-03 -3.435361385345458984e-01
3.097967505455017090e-01 1.378884017467498779e-01 -1.060131192207336426e-02 -5.203193426132202148e-02
3.125545382499694824e-01 -5.707994103431701660e-02 -1.164195034652948380e-02 2.372874319553375244e-01
3.114129304885864258e-01 1.382063776254653931e-01 -6.896201986819505692e-03 -5.904486030340194702e-02
3.141770660877227783e-01 -5.681601539254188538e-02 -8.077098987996578217e-03 2.314543128013610840e-01
3.130407333374023438e-01 1.384204179048538208e-01 -3.448012983426451683e-03 -6.376542150974273682e-02
3.158091604709625244e-01 -5.665193125605583191e-02 -4.723321646451950073e-03 2.278276383876800537e-01
3.146761059761047363e-01 1.385371983051300049e-01 -1.667685719439759851e-04 -6.634143739938735962e-02
3.174468576908111572e-01 3.336615562438964844e-01 -1.493597286753356457e-03 -3.590769767761230469e-01
3.241200745105743408e-01 1.385608613491058350e-01 -8.675136603415012360e-03 -6.686539202928543091e-02
3.268913030624389648e-01 -5.643565207719802856e-02 -1.001244504004716873e-02 2.230679094791412354e-01
3.257625997066497803e-01 1.388279646635055542e-01 -5.551086738705635071e-03 -7.275644689798355103e-02
3.285391628742218018e-01 -5.621396750211715698e-02 -7.006215397268533707e-03 2.181699275970458984e-01
3.274148702621459961e-01 1.390074342489242554e-01 -2.642816863954067230e-03 -7.671479135751724243e-02
3.301950097084045410e-01 -5.607653036713600159e-02 -4.177112597972154617e-03 2.151331454515457153e-01
3.290734887123107910e-01 1.391048878431320190e-01 1.255501993000507355e-04 -7.886449247598648071e-02
3.318555951118469238e-01 -5.601886287331581116e-02 -1.451739692129194736e-03 2.138580381870269775e-01
3.307352066040039062e-01 1.391238123178482056e-01 2.825421048328280449e-03 -7.928247749805450439e-02
3.335176706314086914e-01 3.342051506042480469e-01 1.239771489053964615e-03 -3.710726499557495117e-01
3.402017951011657715e-01 1.390656083822250366e-01 -6.181681063026189804e-03 -7.799905538558959961e-02
3.429830968379974365e-01 -5.596718564629554749e-02 -7.741662207990884781e-03 2.127271443605422974e-01
3.418637514114379883e-01 1.392645835876464844e-01 -3.487119683995842934e-03 -8.238777518272399902e-02
3.446490466594696045e-01 -5.580720305442810059e-02 -5.134874954819679260e-03 2.091929167509078979e-01
3.435328900814056396e-01 1.393878012895584106e-01 -9.510167874395847321e-04 -8.510535955429077148e-02
3.463206589221954346e-01 -5.572051182389259338e-02 -2.653124043717980385e-03 2.072773724794387817e-01
3.452062606811523438e-01 1.394392699003219604e-01 1.492423354648053646e-03 -8.624130487442016602e-02
3.479950428009033203e-01 3.345398008823394775e-01 -2.324027736904099584e-04 -3.784529864788055420e-01
3.546858429908752441e-01 1.394211500883102417e-01 -7.801462896168231964e-03 -8.584335446357727051e-02
3.574742674827575684e-01 -5.558810383081436157e-02 -9.518329985439777374e-03 2.043680250644683838e-01
3.563624918460845947e-01 1.396686583757400513e-01 -5.430969409644603729e-03 -9.130220860242843628e-02
3.591558635234832764e-01 -5.537502467632293701e-02 -7.257013581693172455e-03 1.996623128652572632e-01
3.580483794212341309e-01 1.398499608039855957e-01 -3.263767110183835030e-03 -9.530100226402282715e-02
3.608453571796417236e-01 -5.522505566477775574e-02 -5.169786978513002396e-03 1.963504254817962646e-01
3.597408533096313477e-01 1.399704515933990479e-01 -1.242778613232076168e-03 -9.795884788036346436e-02
3.625402748584747314e-01 -5.513365939259529114e-02 -3.201955463737249374e-03 1.943317204713821411e-01
3.614375889301300049e-01 1.400339454412460327e-01 6.846789619885385036e-04 -9.935955703258514404e-02
3.642382919788360596e-01 -5.509780719876289368e-02 -1.302512129768729210e-03 1.935393065214157104e-01
3.631363213062286377e-01 1.400427520275115967e-01 2.568274037912487984e-03 -9.955422580242156982e-02
3.659371733665466309e-01 3.351278007030487061e-01 5.771895521320402622e-04 -3.914257586002349854e-01
3.726397454738616943e-01 1.399976611137390137e-01 -7.251325529068708420e-03 -9.856090694665908813e-02
3.754396736621856689e-01 -5.501961708068847656e-02 -9.222543798387050629e-03 1.918254494667053223e-01
3.743392825126647949e-01 1.402330398559570312e-01 -5.386034958064556122e-03 -1.037524789571762085e-01
3.771439492702484131e-01 -5.481130629777908325e-02 -7.461084518581628799e-03 1.872263252735137939e-01
3.760477304458618164e-01 1.404165923595428467e-01 -3.716557985171675682e-03 -1.078009158372879028e-01
3.788560628890991211e-01 -5.465190112590789795e-02 -5.872576497495174408e-03 1.837071329355239868e-01
3.777630329132080078e-01 1.405535787343978882e-01 -2.198433736339211464e-03 -1.108225658535957336e-01
3.805741071701049805e-01 -5.453679710626602173e-02 -4.414884839206933975e-03 1.811659634113311768e-01
3.794833719730377197e-01 1.406480520963668823e-01 -7.915659225545823574e-04 -1.129064336419105530e-01
3.822963237762451172e-01 -5.446255207061767578e-02 -3.049694467335939407e-03 1.795266568660736084e-01
3.812070786952972412e-01 1.407029032707214355e-01 5.408385768532752991e-04 -1.141167804598808289e-01
3.840211331844329834e-01 -5.442678928375244141e-02 -1.741497078910470009e-03 1.787367314100265503e-01
3.829326033592224121e-01 1.407200396060943604e-01 1.833237474784255028e-03 -1.144950687885284424e-01
3.857469856739044189e-01 -5.442813038825988770e-02 -4.566638963297009468e-04 1.787656694650650024e-01
3.846584260463714600e-01 1.407003551721572876e-01 3.118649357929825783e-03 -1.140612885355949402e-01
3.874724507331848145e-01 3.357774913311004639e-01 8.374236058443784714e-04 -4.057586789131164551e-01
3.941879868507385254e-01 1.406436562538146973e-01 -7.277749944478273392e-03 -1.128118485212326050e-01
3.970008492469787598e-01 -5.437325313687324524e-02 -9.533986449241638184e-03 1.775661408901214600e-01
3.959133923053741455e-01 1.408838331699371338e-01 -5.982663948088884354e-03 -1.181091219186782837e-01
3.987310826778411865e-01 -5.415189266204833984e-02 -8.344846777617931366e-03 1.726803332567214966e-01
3.976480364799499512e-01 1.410884857177734375e-01 -4.891240037977695465e-03 -1.226234063506126404e-01
4.004698097705841064e-01 -5.396304279565811157e-02 -7.343708071857690811e-03 1.685123741626739502e-01
3.993905484676361084e-01 1.412632465362548828e-01 -3.973460290580987930e-03 -1.264781951904296875e-01
4.022158086299896240e-01 -5.380155518651008606e-02 -6.503024138510227203e-03 1.649485081434249878e-01
4.011397659778594971e-01 1.414128839969635010e-01 -3.204054199159145355e-03 -1.297788321971893311e-01
4.039680361747741699e-01 -5.366302654147148132e-02 -5.799630656838417053e-03 1.618915349245071411e-01
4.028947651386260986e-01 1.415414661169052124e-01 -2.561799949035048485e-03 -1.326153576374053955e-01
4.057255983352661133e-01 -5.354369059205055237e-02 -5.214107222855091095e-03 1.592582464218139648e-01
4.046547412872314453e-01 1.416525244712829590e-01 -2.028942340984940529e-03 -1.350650191307067871e-01
4.074877798557281494e-01 -5.344031378626823425e-02 -4.730242770165205002e-03 1.569771021604537964e-01
4.064189791679382324e-01 1.417490392923355103e-01 -1.590700587257742882e-03 -1.371943354606628418e-01
4.092539548873901367e-01 -5.335008725523948669e-02 -4.334587138146162033e-03 1.549863219261169434e-01
4.081869423389434814e-01 1.418336629867553711e-01 -1.234860741533339024e-03 -1.390608996152877808e-01
4.110236167907714844e-01 -5.327058583498001099e-02 -4.016079008579254150e-03 1.532321870326995850e-01
4.099582135677337646e-01 1.419086456298828125e-01 -9.514351258985698223e-04 -1.407150179147720337e-01
4.127963781356811523e-01 -5.319967493414878845e-02 -3.765735309571027756e-03 1.516675949096679688e-01
4.117324054241180420e-01 1.419759988784790039e-01 -7.323833997361361980e-04 -1.422009468078613281e-01
4.145719110965728760e-01 -5.313545837998390198e-02 -3.576402319595217705e-03 1.502508372068405151e-01
4.135091900825500488e-01 1.420375257730484009e-01 -5.713857826776802540e-04 -1.435582339763641357e-01
4.163499474525451660e-01 -5.307624116539955139e-02 -3.442550310865044594e-03 1.489443778991699219e-01
4.152884185314178467e-01 1.420948356389999390e-01 -4.636626981664448977e-04 -1.448226124048233032e-01
4.181303381919860840e-01 -5.302046984434127808e-02 -3.360114758834242821e-03 1.477140039205551147e-01
4.170699119567871094e-01 1.421494334936141968e-01 -4.058347549289464951e-04 -1.460270732641220093e-01
4.199129045009613037e-01 -5.296670272946357727e-02 -3.326376201584935188e-03 1.465277969837188721e-01
4.188535809516906738e-01 1.422027200460433960e-01 -3.958203888032585382e-04 -1.472026854753494263e-01
4.216976165771484375e-01 -5.291355401277542114e-02 -3.339874092489480972e-03 1.453553438186645508e-01
4.206393659114837646e-01 1.422560662031173706e-01 -4.327671776991337538e-04 -1.483793705701828003e-01
4.234844744205474854e-01 -5.285968258976936340e-02 -3.400354646146297455e-03 1.441669911146163940e-01
4.224272668361663818e-01 1.423107981681823730e-01 -5.170149379409849644e-04 -1.495867520570755005e-01
4.252735078334808350e-01 -5.280374363064765930e-02 -3.508749883621931076e-03 1.429330259561538696e-01
4.242174327373504639e-01 1.423682868480682373e-01 -6.500892341136932373e-04 -1.508547812700271606e-01
4.270647764205932617e-01 -5.274435505270957947e-02 -3.667184850201010704e-03 1.416229903697967529e-01
4.260098934173583984e-01 1.424299180507659912e-01 -8.347250404767692089e-04 -1.522146165370941162e-01
4.288584887981414795e-01 -5.268006399273872375e-02 -3.879017196595668793e-03 1.402048617601394653e-01
4.278048872947692871e-01 1.424972265958786011e-01 -1.074920059181749821e-03 -1.536993086338043213e-01
4.306548535823822021e-01 -5.260931700468063354e-02 -4.148906096816062927e-03 1.386443227529525757e-01
4.296026527881622314e-01 1.425718069076538086e-01 -1.376019790768623352e-03 -1.553446352481842041e-01
4.324540793895721436e-01 -5.253041163086891174e-02 -4.482912365347146988e-03 1.369038820266723633e-01
4.314034879207611084e-01 1.426554620265960693e-01 -1.744834822602570057e-03 -1.571899652481079102e-01
4.342565834522247314e-01 -5.244146287441253662e-02 -4.888634197413921356e-03 1.349419951438903809e-01
4.332077503204345703e-01 1.427501738071441650e-01 -2.189794089645147324e-03 -1.592791974544525146e-01
4.360627532005310059e-01 -5.234036222100257874e-02 -5.375378299504518509e-03 1.327120959758758545e-01
4.350159466266632080e-01 1.428581774234771729e-01 -2.721136203035712242e-03 -1.616618335247039795e-01
4.378731250762939453e-01 -5.222471803426742554e-02 -5.954373162239789963e-03 1.301614046096801758e-01
4.368286430835723877e-01 1.429820209741592407e-01 -3.351144725456833839e-03 -1.643940806388854980e-01
4.396882653236389160e-01 -5.209179967641830444e-02 -6.639026571065187454e-03 1.272297650575637817e-01
4.386464357376098633e-01 1.431246250867843628e-01 -4.094431176781654358e-03 -1.675402820110321045e-01
4.415089190006256104e-01 -5.193847417831420898e-02 -7.445236667990684509e-03 1.238481625914573669e-01
4.404701590538024902e-01 1.432893425226211548e-01 -4.968273453414440155e-03 -1.711743324995040894e-01
4.433359503746032715e-01 -5.176114663481712341e-02 -8.391760289669036865e-03 1.199371293187141418e-01
4.423007071018218994e-01 1.434800326824188232e-01 -5.993017461150884628e-03 -1.753814667463302612e-01
4.451703131198883057e-01 -5.155564472079277039e-02 -9.500646963715553284e-03 1.154048517346382141e-01
4.441392123699188232e-01 1.437011361122131348e-01 -7.192549761384725571e-03 -1.802602559328079224e-01
4.470132291316986084e-01 -5.131715536117553711e-02 -1.079775486141443253e-02 1.101450249552726746e-01
4.459868967533111572e-01 1.439578384160995483e-01 -8.594854734838008881e-03 -1.859248727560043335e-01
4.488660395145416260e-01 -5.104008689522743225e-02 -1.231335196644067764e-02 1.040343567728996277e-01
4.478452503681182861e-01 1.442561447620391846e-01 -1.023266464471817017e-02 -1.925078034400939941e-01
4.507303535938262939e-01 -5.071794241666793823e-02 -1.408282108604907990e-02 9.692965447902679443e-02
4.497160017490386963e-01 1.446029841899871826e-01 -1.214422751218080521e-02 -2.001629024744033813e-01
4.526080787181854248e-01 -5.034318566322326660e-02 -1.614748500287532806e-02 8.866448700428009033e-02
4.516012072563171387e-01 -2.452300041913986206e-01 -1.437419652938842773e-02 3.762094378471374512e-01
4.466966092586517334e-01 -4.990687221288681030e-02 -6.850006990134716034e-03 7.902915030717849731e-02
4.456984698772430420e-01 1.453126072883605957e-01 -5.269424058496952057e-03 -2.158070802688598633e-01
4.486047327518463135e-01 -4.973362386226654053e-02 -9.585565887391567230e-03 7.520899176597595215e-02
4.476100504398345947e-01 -2.447168529033660889e-01 -8.081385865807533264e-03 3.648522794246673584e-01
4.427157044410705566e-01 -4.948098957538604736e-02 -7.843401399441063404e-04 6.963215768337249756e-02
4.417260885238647461e-01 1.456521898508071899e-01 6.083029438741505146e-04 -2.232981324195861816e-01
4.446391463279724121e-01 -4.947844520211219788e-02 -3.857659641653299332e-03 6.957661360502243042e-02
4.436495602130889893e-01 1.456986069679260254e-01 -2.466127509251236916e-03 -2.243209183216094971e-01
4.465635418891906738e-01 -4.938801750540733337e-02 -6.952546071261167526e-03 6.758307665586471558e-02
4.455757737159729004e-01 -2.444096058607101440e-01 -5.600884556770324707e-03 3.580643534660339355e-01
4.406875967979431152e-01 -4.920847713947296143e-02 1.560402684845030308e-03 6.362060457468032837e-02
4.397034049034118652e-01 1.458910703659057617e-01 2.832814585417509079e-03 -2.285695970058441162e-01
4.426212310791015625e-01 -4.927125200629234314e-02 -1.738577266223728657e-03 6.500554829835891724e-02
4.416358172893524170e-01 1.458755880594253540e-01 -4.384662606753408909e-04 -2.282253950834274292e-01
4.445533156394958496e-01 -4.924010112881660461e-02 -5.002974066883325577e-03 6.431918591260910034e-02
4.435685276985168457e-01 -2.442899644374847412e-01 -3.716590581461787224e-03 3.554194569587707520e-01
4.386827349662780762e-01 -4.911536723375320435e-02 3.391798585653305054e-03 6.156690791249275208e-02
4.377004206180572510e-01 1.459577828645706177e-01 4.623136948794126511e-03 -2.300439625978469849e-01
4.406195580959320068e-01 -4.922991991043090820e-02 2.225755451945587993e-05 6.409367173910140991e-02
4.396349787712097168e-01 1.458917111158370972e-01 1.304131001234054565e-03 -2.285822331905364990e-01
4.425528049468994141e-01 -4.924885183572769165e-02 -3.267513588070869446e-03 6.451178342103958130e-02
4.415678381919860840e-01 1.459197998046875000e-01 -1.977277919650077820e-03 -2.292002737522125244e-01
4.444862306118011475e-01 -4.917384684085845947e-02 -6.561283487826585770e-03 6.285829842090606689e-02
4.435027539730072021e-01 -2.442011088132858276e-01 -5.304117687046527863e-03 3.534638881683349609e-01
4.386187195777893066e-01 -4.900414124131202698e-02 1.765160355716943741e-03 5.911315232515335083e-02
4.376386404037475586e-01 1.460924595594406128e-01 2.947423374280333519e-03 -2.330123335123062134e-01
4.405604898929595947e-01 -4.907148703932762146e-02 -1.712823170237243176e-03 6.059885025024414062e-02
4.395790696144104004e-01 1.460749804973602295e-01 -5.008461303077638149e-04 -2.326239943504333496e-01
4.425005614757537842e-01 -4.903981089591979980e-02 -5.153325852006673813e-03 5.990090966224670410e-02
4.415197670459747314e-01 -2.440874874591827393e-01 -3.955307882279157639e-03 3.509534895420074463e-01
4.366380274295806885e-01 -4.890951886773109436e-02 3.063761861994862556e-03 5.702595040202140808e-02
4.356598258018493652e-01 1.461683660745620728e-01 4.204281140118837357e-03 -2.346887588500976562e-01
4.385831952095031738e-01 -4.901339858770370483e-02 -4.894943558610975742e-04 5.931735411286354065e-02
4.376029372215270996e-01 1.461155712604522705e-01 6.968527450226247311e-04 -2.335199713706970215e-01
4.405252337455749512e-01 -4.901633039116859436e-02 -3.973546437919139862e-03 5.938268452882766724e-02
4.395449161529541016e-01 -2.440810799598693848e-01 -2.785892924293875694e-03 3.508092761039733887e-01
4.346632957458496094e-01 -4.891962558031082153e-02 4.230292979627847672e-03 5.724918097257614136e-02
4.336848855018615723e-01 1.461414098739624023e-01 5.375276319682598114e-03 -2.340960651636123657e-01
4.366077184677124023e-01 -4.905692487955093384e-02 6.933551630936563015e-04 6.027754023671150208e-02
4.356265962123870850e-01 1.460550725460052490e-01 1.898905960842967033e-03 -2.321865409612655640e-01
4.385476708412170410e-01 -4.909395426511764526e-02 -2.744824858382344246e-03 6.109475344419479370e-02
4.375658035278320312e-01 1.460672467947006226e-01 -1.522929873317480087e-03 -2.324529141187667847e-01
4.404871463775634766e-01 -4.903291165828704834e-02 -6.171988323330879211e-03 5.974923819303512573e-02
4.395065009593963623e-01 -2.440658211708068848e-01 -4.977003671228885651e-03 3.504785001277923584e-01
4.346251785755157471e-01 -4.887345060706138611e-02 2.032566117122769356e-03 5.623031407594680786e-02
4.336477220058441162e-01 1.462192982435226440e-01 3.157172352075576782e-03 -2.358106374740600586e-01
4.365721046924591064e-01 -4.894761741161346436e-02 -1.559040159918367863e-03 5.786649137735366821e-02
4.355931282043457031e-01 1.461966484785079956e-01 -4.017104220110923052e-04 -2.353079169988632202e-01
4.385170638561248779e-01 -4.891955852508544922e-02 -5.107868928462266922e-03 5.724827200174331665e-02
4.375386834144592285e-01 -2.439679056406021118e-01 -3.962903283536434174e-03 3.483152687549591064e-01
4.326593279838562012e-01 -4.878980666399002075e-02 3.003401914611458778e-03 5.438533052802085876e-02
4.316835403442382812e-01 1.462889462709426880e-01 4.091108683496713638e-03 -2.373484820127487183e-01
4.346092939376831055e-01 -4.889120906591415405e-02 -6.558612803928554058e-04 5.662208423018455505e-02
4.336314797401428223e-01 1.462401449680328369e-01 4.765804333146661520e-04 -2.362677007913589478e-01
4.365562796592712402e-01 -4.888861626386642456e-02 -4.248773679137229919e-03 5.656551569700241089e-02
4.355785250663757324e-01 -2.439493983983993530e-01 -3.117463318631052971e-03 3.479048907756805420e-01
4.306995272636413574e-01 -4.878323897719383240e-02 3.840634832158684731e-03 5.424056202173233032e-02
4.297238588333129883e-01 1.462834328413009644e-01 4.925446119159460068e-03 -2.372281402349472046e-01
4.326495230197906494e-01 -4.890853911638259888e-02 1.808831584639847279e-04 5.700433626770973206e-02
4.316713511943817139e-01 1.462108194828033447e-01 1.320969895459711552e-03 -2.356215119361877441e-01
4.345955848693847656e-01 -4.892997816205024719e-02 -3.391460515558719635e-03 5.747779458761215210e-02
4.336169660091400146e-01 -2.440031468868255615e-01 -2.241904614493250847e-03 3.490887582302093506e-01
4.287369251251220703e-01 -4.884937405586242676e-02 4.739870782941579819e-03 5.569973215460777283e-02
4.277599155902862549e-01 1.462042927742004395e-01 5.853865295648574829e-03 -2.354839742183685303e-01
4.306840002536773682e-01 -4.900080338120460510e-02 1.144186011515557766e-03 5.903968587517738342e-02
4.297040104866027832e-01 1.461047232151031494e-01 2.324979752302169800e-03 -2.332820296287536621e-01
4.326260983943939209e-01 -4.905036836862564087e-02 -2.340660663321614265e-03 6.013337150216102600e-02
4.316450953483581543e-01 -2.441386878490447998e-01 -1.137993298470973969e-03 3.520768880844116211e-01
4.267623126506805420e-01 -4.900056496262550354e-02 5.903544370085000992e-03 5.903533101081848145e-02
4.257822930812835693e-01 1.460362374782562256e-01 7.084250915795564651e-03 -2.317791581153869629e-01
4.287030100822448730e-01 -4.918621480464935303e-02 2.448667772114276886e-03 6.312993913888931274e-02
4.277192950248718262e-01 1.459005475044250488e-01 3.711266675963997841e-03 -2.287794202566146851e-01
4.306373000144958496e-01 -4.927424341440200806e-02 -8.643217151984572411e-04 6.507186591625213623e-02
4.296518266201019287e-01 1.458600908517837524e-01 4.371155228000134230e-04 -2.278836369514465332e-01
4.325690269470214844e-01 -4.926810786128044128e-02 -4.120557103306055069e-03 6.493713706731796265e-02
4.315836727619171143e-01 -2.443307340145111084e-01 -2.821814501658082008e-03 3.563171625137329102e-01
4.266970455646514893e-01 -4.916878417134284973e-02 4.304528702050447464e-03 6.274577975273132324e-02
4.257136881351470947e-01 1.458911895751953125e-01 5.559444427490234375e-03 -2.285759299993515015e-01
4.286314845085144043e-01 -4.930976778268814087e-02 9.879256831482052803e-04 6.585543602705001831e-02
4.276452958583831787e-01 1.457980126142501831e-01 2.305034548044204712e-03 -2.265156209468841553e-01
4.305612742900848389e-01 -4.935681074857711792e-02 -2.225278178229928017e-03 6.689350306987762451e-02
4.295741319656372070e-01 1.457969695329666138e-01 -8.874080958776175976e-04 -2.264906764030456543e-01
4.324900507926940918e-01 -4.931228607892990112e-02 -5.417221691459417343e-03 6.591218709945678711e-02
4.315038323402404785e-01 -2.443561553955078125e-01 -4.098977893590927124e-03 3.568810522556304932e-01
4.266166985034942627e-01 -4.917616397142410278e-02 3.038642928004264832e-03 6.290842592716217041e-02
4.256331622600555420e-01 1.459020823240280151e-01 4.296811297535896301e-03 -2.288142442703247070e-01
4.285512268543243408e-01 -4.928100109100341797e-02 -2.794735191855579615e-04 6.522094458341598511e-02
4.275656044483184814e-01 1.458449512720108032e-01 1.024945406243205070e-03 -2.275501489639282227e-01
4.304825067520141602e-01 -4.929162934422492981e-02 -3.526057349517941475e-03 6.545591354370117188e-02
4.294966757297515869e-01 -2.443628460168838501e-01 -2.216939115896821022e-03 3.570242524147033691e-01
4.246093928813934326e-01 -4.920944944024085999e-02 4.923546221107244492e-03 6.364310532808303833e-02
4.236252307891845703e-01 1.458415687084197998e-01 6.196408066898584366e-03 -2.274823486804962158e-01
4.265420436859130859e-01 -4.936838522553443909e-02 1.646761200390756130e-03 6.714868545532226562e-02
4.255546927452087402e-01 1.457299143075942993e-01 2.989734988659620285e-03 -2.250142246484756470e-01
4.284692704677581787e-01 -4.943463578820228577e-02 -1.510549569502472878e-03 6.861028075218200684e-02
4.274805784225463867e-01 1.457089334726333618e-01 -1.383439666824415326e-04 -2.245488464832305908e-01
4.303947687149047852e-01 -4.941103607416152954e-02 -4.629320930689573288e-03 6.809043139219284058e-02
4.294065535068511963e-01 -2.444663047790527344e-01 -3.267512423917651176e-03 3.593091964721679688e-01
4.245172142982482910e-01 -4.929806292057037354e-02 3.918671514838933945e-03 6.559774279594421387e-02
4.235312640666961670e-01 1.457674801349639893e-01 5.230626557022333145e-03 -2.258462458848953247e-01
4.264466166496276855e-01 -4.942882806062698364e-02 7.137014181353151798e-04 6.848201155662536621e-02
4.254580438137054443e-01 1.456828862428665161e-01 2.083341591060161591e-03 -2.239756584167480469e-01
4.283716976642608643e-01 -4.946878179907798767e-02 -2.396171446889638901e-03 6.936371326446533203e-02
4.273823201656341553e-01 1.456874459981918335e-01 -1.008897204883396626e-03 -2.240742594003677368e-01
4.302960634231567383e-01 -4.942007735371589661e-02 -5.490382201969623566e-03 6.829025596380233765e-02
4.293076694011688232e-01 -2.444628775119781494e-01 -4.124577157199382782e-03 3.592358827590942383e-01
4.244183897972106934e-01 -4.928254336118698120e-02 3.060140646994113922e-03 6.525524705648422241e-02
4.234327375888824463e-01 1.457954049110412598e-01 4.365245811641216278e-03 -2.264606207609176636e-01
4.263486564159393311e-01 -4.938866198062896729e-02 -1.639665715629234910e-04 6.759607046842575073e-02
4.253608882427215576e-01 1.457356363534927368e-01 1.187954796478152275e-03 -2.251385897397994995e-01
4.282755851745605469e-01 -4.940326884388923645e-02 -3.314816858619451523e-03 6.791882961988449097e-02
4.272875189781188965e-01 1.457660496234893799e-01 -1.956440275534987450e-03 -2.258080989122390747e-01
4.302028417587280273e-01 -4.932788759469985962e-02 -6.472602020949125290e-03 6.625705957412719727e-02
4.292162954807281494e-01 -2.443564385175704956e-01 -5.147460848093032837e-03 3.568908274173736572e-01
4.243291616439819336e-01 -4.916169121861457825e-02 1.990355784073472023e-03 6.258923560380935669e-02
4.233459234237670898e-01 1.459316611289978027e-01 3.242140403017401695e-03 -2.294650524854660034e-01
4.262645542621612549e-01 -4.923646524548530579e-02 -1.347160781733691692e-03 6.423878669738769531e-02
4.252798259258270264e-01 1.459047794342041016e-01 -6.238500645849853754e-05 -2.288688719272613525e-01
4.281979203224182129e-01 -4.921628534793853760e-02 -4.639762453734874725e-03 6.379437446594238281e-02
4.272136092185974121e-01 -2.442714124917984009e-01 -3.363874973729252815e-03 3.550098240375518799e-01
4.223281741142272949e-01 -4.910178855061531067e-02 3.736321581527590752e-03 6.126807630062103271e-02
4.213461279869079590e-01 1.459663957357406616e-01 4.961682949215173721e-03 -2.302336841821670532e-01
4.242654740810394287e-01 -4.922610521316528320e-02 3.570095286704599857e-04 6.401019543409347534e-02
4.232809543609619141e-01 1.458907276391983032e-01 1.637213514186441898e-03 -2.285600751638412476e-01
4.261987507343292236e-01 -4.925458505749702454e-02 -2.933987881988286972e-03 6.463884562253952026e-02
4.252136647701263428e-01 -2.443343400955200195e-01 -1.641211099922657013e-03 3.563946485519409180e-01
4.203269779682159424e-01 -4.918910190463066101e-02 5.486681591719388962e-03 6.319464743137359619e-02
4.193432033061981201e-01 1.458537578582763672e-01 6.750574335455894470e-03 -2.277521640062332153e-01
4.222602844238281250e-01 -4.936401173472404480e-02 2.195531269535422325e-03 6.705247610807418823e-02
4.212729930877685547e-01 1.457263976335525513e-01 3.536580596119165421e-03 -2.249369472265243530e-01
4.241875112056732178e-01 -4.944592341780662537e-02 -9.621581993997097015e-04 6.885945051908493042e-02
4.231986105442047119e-01 1.456898152828216553e-01 4.150308668613433838e-04 -2.241268903017044067e-01
4.261124134063720703e-01 -4.943807423114776611e-02 -4.067506641149520874e-03 6.868693232536315918e-02
4.251236319541931152e-01 -2.445014715194702148e-01 -2.693768125027418137e-03 3.600837588310241699e-01
4.202336072921752930e-01 -4.934133216738700867e-02 4.507907200604677200e-03 6.655265390872955322e-02
4.192467927932739258e-01 1.457156985998153687e-01 5.838960409164428711e-03 -2.247045934200286865e-01
4.221611022949218750e-01 -4.948921501636505127e-02 1.344868214800953865e-03 6.981442123651504517e-02
4.211713075637817383e-01 1.456134319305419922e-01 2.741156611591577530e-03 -2.224438935518264771e-01
4.240835905075073242e-01 -4.954759404063224792e-02 -1.707721035927534103e-03 7.110244780778884888e-02
4.230926334857940674e-01 1.455987989902496338e-01 -2.856720821000635624e-04 -2.221187800168991089e-01
4.260046184062957764e-01 -4.951906949281692505e-02 -4.728047642856836319e-03 7.047401368618011475e-02
4.250142276287078857e-01 -2.445729225873947144e-01 -3.318567527458071709e-03 3.616614937782287598e-01
4.201227724552154541e-01 -4.940395429730415344e-02 3.914662171155214310e-03 6.793399155139923096e-02
4.191346764564514160e-01 1.456616520881652832e-01 5.273342132568359375e-03 -2.235112786293029785e-01
4.220479130744934082e-01 -4.953527078032493591e-02 8.031164761632680893e-04 7.083039730787277222e-02
4.210572242736816406e-01 1.455751508474349976e-01 2.219724468886852264e-03 -2.215990424156188965e-01
4.239687323570251465e-01 -4.957845062017440796e-02 -2.212256425991654396e-03 7.178325206041336060e-02
4.229771494865417480e-01 1.455751508474349976e-01 -7.765913032926619053e-04 -2.215968221426010132e-01
4.258886575698852539e-01 -4.953569546341896057e-02 -5.208527669310569763e-03 7.084102928638458252e-02
4.248979389667510986e-01 -2.445825934410095215e-01 -3.791707335039973259e-03 3.618761003017425537e-01
4.200062751770019531e-01 -4.940694943070411682e-02 3.445814596489071846e-03 6.799998879432678223e-02
4.190181493759155273e-01 1.456654369831085205e-01 4.805814474821090698e-03 -2.235937863588333130e-01
4.219314455986022949e-01 -4.952487722039222717e-02 3.339388058520853519e-04 7.060120254755020142e-02
4.209409654140472412e-01 1.455922871828079224e-01 1.745962887071073055e-03 -2.219763398170471191e-01
4.238528013229370117e-01 -4.955457895994186401e-02 -2.693563932552933693e-03 7.125681638717651367e-02
4.228617250919342041e-01 1.456058919429779053e-01 -1.268427586182951927e-03 -2.222747206687927246e-01
4.257738292217254639e-01 -4.949791356921195984e-02 -5.713921971619129181e-03 7.000782340764999390e-02
4.247838854789733887e-01 -2.445374876260757446e-01 -4.313765559345483780e-03 3.608825206756591797e-01
4.198931157588958740e-01 -4.935447871685028076e-02 2.903884742408990860e-03 6.684249639511108398e-02
4.189060330390930176e-01 1.457257121801376343e-01 4.240734502673149109e-03 -2.249228358268737793e-01
4.218205511569976807e-01 -4.945658519864082336e-02 -2.577219565864652395e-04 6.909476220607757568e-02
4.208314120769500732e-01 1.456690579652786255e-01 1.124173286370933056e-03 -2.236694693565368652e-01
4.237447977066040039e-01 -4.946893826127052307e-02 -3.349215956404805183e-03 6.936785578727722168e-02
4.227554202079772949e-01 -2.445427179336547852e-01 -1.961858710274100304e-03 3.609922230243682861e-01
4.178645610809326172e-01 -4.939293116331100464e-02 5.257985554635524750e-03 6.769131869077682495e-02
4.168767035007476807e-01 1.456532478332519531e-01 6.611811928451061249e-03 -2.233280539512634277e-01
4.197897613048553467e-01 -4.956258460879325867e-02 2.145250560715794563e-03 7.143313437700271606e-02
4.187985062599182129e-01 1.455285400152206421e-01 3.573913360014557838e-03 -2.205721884965896606e-01
4.217090904712677002e-01 -4.964430630207061768e-02 -8.375304169021546841e-04 7.323595881462097168e-02
4.207161962985992432e-01 1.454896479845046997e-01 6.271886522881686687e-04 -2.197110950946807861e-01
4.236260056495666504e-01 -4.964127019047737122e-02 -3.767033340409398079e-03 7.316960394382476807e-02
4.226331710815429688e-01 1.455344855785369873e-01 -2.303641289472579956e-03 -2.206994593143463135e-01
4.255438745021820068e-01 -4.955446347594261169e-02 -6.717630196362733841e-03 7.125592231750488281e-02
4.245527684688568115e-01 -2.445794641971588135e-01 -5.292512010782957077e-03 3.618118464946746826e-01
4.196611940860748291e-01 -4.938269034028053284e-02 1.943725277669727802e-03 6.746479868888854980e-02
4.186735153198242188e-01 1.457113474607467651e-01 3.293021349236369133e-03 -2.246042340993881226e-01
4.215877652168273926e-01 -4.945752024650573730e-02 -1.199063495732843876e-03 6.911561638116836548e-02
4.205985963344573975e-01 1.456816047430038452e-01 1.832488487707450986e-04 -2.239453792572021484e-01
4.235122501850128174e-01 -4.944296926259994507e-02 -4.295658785849809647e-03 6.879534572362899780e-02
4.225233793258666992e-01 -2.445030659437179565e-01 -2.919751917943358421e-03 3.601198792457580566e-01
4.176333248615264893e-01 -4.933973774313926697e-02 4.282645415514707565e-03 6.651771813631057739e-02
4.166465103626251221e-01 1.457205563783645630e-01 5.613000132143497467e-03 -2.248109430074691772e-01
4.195609390735626221e-01 -4.948116838932037354e-02 1.116781262680888176e-03 6.963724642992019653e-02
4.185713231563568115e-01 1.456247568130493164e-01 2.509526209905743599e-03 -2.226931154727935791e-01
4.214838147163391113e-01 -4.953297600150108337e-02 -1.944336341693997383e-03 7.078035175800323486e-02
4.204931557178497314e-01 1.456167995929718018e-01 -5.287292879074811935e-04 -2.225153893232345581e-01
4.234054684638977051e-01 -4.949759691953659058e-02 -4.979037214070558548e-03 7.000070810317993164e-02
4.224155247211456299e-01 -2.445478141307830811e-01 -3.579022828489542007e-03 3.611085712909698486e-01
4.175245761871337891e-01 -4.937516897916793823e-02 3.643148578703403473e-03 6.729926168918609619e-02
4.165370762348175049e-01 1.456943601369857788e-01 4.989133682101964951e-03 -2.242320179939270020e-01
4.194509685039520264e-01 -4.949854314327239990e-02 5.044935387559235096e-04 7.002049684524536133e-02
4.184609949588775635e-01 1.456161737442016602e-01 1.904903445392847061e-03 -2.225032150745391846e-01
4.213733077049255371e-01 -4.953295364975929260e-02 -2.545160939916968346e-03 7.077997922897338867e-02
4.203826487064361572e-01 1.456253975629806519e-01 -1.129561336711049080e-03 -2.227048724889755249e-01
4.232951700687408447e-01 -4.948039352893829346e-02 -5.583658814430236816e-03 6.962153315544128418e-02
4.223055541515350342e-01 -2.445218563079833984e-01 -4.191228188574314117e-03 3.605375587940216064e-01
4.174151122570037842e-01 -4.934057220816612244e-02 3.019523574039340019e-03 6.653600931167602539e-02
4.164282977581024170e-01 1.457379609346389771e-01 4.350243601948022842e-03 -2.251927107572555542e-01
4.193430542945861816e-01 -4.944589734077453613e-02 -1.536104828119277954e-04 6.885926425457000732e-02
4.183541536331176758e-01 1.456782519817352295e-01 1.223574858158826828e-03 -2.238721251487731934e-01
4.212677180767059326e-01 -4.946116358041763306e-02 -3.253867616876959801e-03 6.919652223587036133e-02
4.202784895896911621e-01 -2.445363104343414307e-01 -1.869937172159552574e-03 3.608510494232177734e-01
4.153877496719360352e-01 -4.938783124089241028e-02 5.347084254026412964e-03 6.757909059524536133e-02
4.144000113010406494e-01 1.456570476293563843e-01 6.698665674775838852e-03 -2.234120219945907593e-01
