-3.521591797471046448e-02 4.761152435094118118e-03 3.431122004985809326e-02 -1.809591241180896759e-02
-3.512069210410118103e-02 1.993746757507324219e-01 3.394930064678192139e-02 -2.997588515281677246e-01
-3.113319911062717438e-02 3.785674227401614189e-03 2.795412391424179077e-02 3.434763755649328232e-03
-3.105748631060123444e-02 1.984958052635192871e-01 2.802282012999057770e-02 -2.802988886833190918e-01
-2.708757109940052032e-02 2.985550789162516594e-03 2.241684123873710632e-02 2.108898945152759552e-02
-2.702786028385162354e-02 1.977789700031280518e-01 2.283862233161926270e-02 -2.644377350807189941e-01
-2.307227998971939087e-02 2.338607097044587135e-03 1.754986681044101715e-02 3.536033257842063904e-02
-2.302550710737705231e-02 1.972045451402664185e-01 1.825707405805587769e-02 -2.517341673374176025e-01
-1.908141747117042542e-02 1.826716586947441101e-03 1.322239078581333160e-02 4.665101692080497742e-02
-1.904488168656826019e-02 1.967566013336181641e-01 1.415541116148233414e-02 -2.418309748172760010e-01
-1.510975044220685959e-02 1.435333746485412121e-03 9.318791329860687256e-03 5.528312176465988159e-02
-1.508104428648948669e-02 1.964224427938461304e-01 1.042445376515388489e-02 -2.344451546669006348e-01
-1.115259528160095215e-02 1.153105753473937511e-03 5.735551007091999054e-03 6.150766834616661072e-02
-1.112953294068574905e-02 1.961923539638519287e-01 6.965704262256622314e-03 -2.293601483106613159e-01
-7.205686066299676895e-03 9.715585038065910339e-04 2.378501230850815773e-03 6.551183760166168213e-02
-7.186254952102899551e-03 1.960593312978744507e-01 3.688737982884049416e-03 -2.264197021722793579e-01
-3.265068400651216507e-03 8.848540601320564747e-04 -8.396562188863754272e-04 6.742449849843978882e-02
-3.247371176257729530e-03 1.960188299417495728e-01 5.088336765766143799e-04 -2.255232334136962891e-01
6.730054738000035286e-04 8.896137005649507046e-04 -4.001630935817956924e-03 6.732016056776046753e-02
6.907977513037621975e-04 -1.941747367382049561e-01 -2.655227668583393097e-03 3.587378561496734619e-01
-3.192696953192353249e-03 9.848588379099965096e-04 4.519529640674591064e-03 6.521886587142944336e-02
-3.172999946400523186e-03 1.960417181253433228e-01 5.823906976729631424e-03 -2.260347008705139160e-01
7.478345651179552078e-04 8.370234863832592964e-04 1.303213066421449184e-03 6.847959756851196289e-02
7.645750301890075207e-04 1.959402710199356079e-01 2.672805218026041985e-03 -2.237918674945831299e-01
4.683380480855703354e-03 7.802161271683871746e-04 -1.803032238967716694e-03 6.973296403884887695e-02
4.698984790593385696e-03 1.959279775619506836e-01 -4.083729872945696115e-04 -2.235182821750640869e-01
8.617544546723365784e-03 8.118583355098962784e-04 -4.878738895058631897e-03 6.903579831123352051e-02
8.633781224489212036e-03 -1.942398101091384888e-01 -3.498022677376866341e-03 3.601754605770111084e-01
4.748985171318054199e-03 9.316914365626871586e-04 3.705486888065934181e-03 6.639159470796585083e-02
4.767619073390960693e-03 1.960003226995468140e-01 5.033318884670734406e-03 -2.251199334859848022e-01
8.687625639140605927e-03 8.067964809015393257e-04 5.309202242642641068e-04 6.914643943309783936e-02
8.703761734068393707e-03 1.959211379289627075e-01 1.913849031552672386e-03 -2.233689278364181519e-01
1.262218412011861801e-02 7.718789274804294109e-04 -2.553529571741819382e-03 6.991708278656005859e-02
1.263762172311544418e-02 -1.943133771419525146e-01 -1.155187957920134068e-03 3.617932796478271484e-01
8.751354180276393890e-03 8.249814854934811592e-04 6.080677267163991928e-03 6.874630600214004517e-02
8.767853491008281708e-03 1.958592236042022705e-01 7.455603685230016708e-03 -2.220119386911392212e-01
1.268503814935684204e-02 6.315104546956717968e-04 3.015364753082394600e-03 7.301341742277145386e-02
1.269766874611377716e-02 1.957101076841354370e-01 4.475633148103952408e-03 -2.187166213989257812e-01
1.661187037825584412e-02 5.244605708867311478e-04 1.013006549328565598e-04 7.537473738193511963e-02
1.662235893309116364e-02 1.956449598073959351e-01 1.608795486390590668e-03 -2.172762304544448853e-01
2.053525857627391815e-02 5.000468227081000805e-04 -2.736728871241211891e-03 7.591374963521957397e-02
2.054525911808013916e-02 -1.945825666189193726e-01 -1.218453980982303619e-03 3.677319884300231934e-01
1.665360853075981140e-02 5.566792679019272327e-04 6.136185489594936371e-03 7.466509938240051270e-02
1.666474156081676483e-02 1.955901235342025757e-01 7.629487663507461548e-03 -2.160755395889282227e-01
2.057654410600662231e-02 3.599409246817231178e-04 3.307976992800831795e-03 7.900427281856536865e-02
2.058374322950839996e-02 1.954343169927597046e-01 4.888062365353107452e-03 -2.126331478357315063e-01
2.449242956936359406e-02 2.428199804853647947e-04 6.353994249366223812e-04 8.158767968416213989e-02
2.449728548526763916e-02 -1.948882341384887695e-01 2.267153002321720123e-03 3.744710087776184082e-01
2.059952169656753540e-02 2.014399360632523894e-04 9.756573475897312164e-03 8.250379562377929688e-02
2.060355059802532196e-02 1.951821893453598022e-01 1.140664890408515930e-02 -2.070850133895874023e-01
2.450719475746154785e-02 -1.010055057122372091e-04 7.264948915690183640e-03 8.917419612407684326e-02
2.450517378747463226e-02 1.949160695075988770e-01 9.048433043062686920e-03 -2.012078166007995605e-01
2.840349450707435608e-02 -3.341222472954541445e-04 5.024276673793792725e-03 9.431567788124084473e-02
2.839681319892406464e-02 1.947154551744461060e-01 6.910590454936027527e-03 -1.967778652906417847e-01
3.229112178087234497e-02 -5.046547739766538143e-04 2.975032897666096687e-03 9.807700663805007935e-02
3.228102996945381165e-02 1.945745348930358887e-01 4.936573095619678497e-03 -1.936658173799514771e-01
3.617252036929130554e-02 -6.176871247589588165e-04 1.063256757333874702e-03 1.005702912807464600e-01
3.616016730666160583e-02 1.944890171289443970e-01 3.074662527069449425e-03 -1.917769908905029297e-01
4.004994407296180725e-02 -6.767909508198499680e-04 -7.608773303218185902e-04 1.018742769956588745e-01
4.003641009330749512e-02 -1.957878321409225464e-01 1.276608207263052464e-03 3.943170607089996338e-01
3.612065315246582031e-02 -6.840163259766995907e-04 9.162949398159980774e-03 1.020368933677673340e-01
3.610697388648986816e-02 1.943054199218750000e-01 1.120368670672178268e-02 -1.877411305904388428e-01
3.999308124184608459e-02 -9.750089375302195549e-04 7.448864169418811798e-03 1.084549576044082642e-01
3.997358307242393494e-02 1.940394192934036255e-01 9.617963805794715881e-03 -1.818686127662658691e-01
4.385437071323394775e-02 -1.218834077008068562e-03 5.980591289699077606e-03 1.138328462839126587e-01
4.382999241352081299e-02 1.938169151544570923e-01 8.257248438894748688e-03 -1.769572645425796509e-01
4.770633205771446228e-02 -1.422226661816239357e-03 4.718102980405092239e-03 1.183190718293190002e-01
4.767788574099540710e-02 1.936318129301071167e-01 7.084484677761793137e-03 -1.728716045618057251e-01
5.155052244663238525e-02 -1.590818399563431740e-03 3.627052297815680504e-03 1.220378056168556213e-01
5.151870846748352051e-02 1.934789866209030151e-01 6.067808717489242554e-03 -1.694986224174499512e-01
5.538828670978546143e-02 -1.729293377138674259e-03 2.677836222574114799e-03 1.250923275947570801e-01
5.535370111465454102e-02 1.933541893959045410e-01 5.179682746529579163e-03 -1.667445749044418335e-01
5.922078341245651245e-02 -1.841517980210483074e-03 1.844791346229612827e-03 1.275678873062133789e-01
5.918395519256591797e-02 1.932539641857147217e-01 4.396148957312107086e-03 -1.645324528217315674e-01
6.304903328418731689e-02 -1.930648577399551868e-03 1.105500035919249058e-03 1.295340806245803833e-01
6.301041692495346069e-02 1.931754499673843384e-01 3.696181811392307281e-03 -1.627998650074005127e-01
6.687393039464950562e-02 -1.999219879508018494e-03 4.401844344101846218e-04 1.310468167066574097e-01
6.683394312858581543e-02 1.931164264678955078e-01 3.061120631173253059e-03 -1.614972054958343506e-01
7.069627195596694946e-02 -2.049217000603675842e-03 -1.688234624452888966e-04 1.321498453617095947e-01
7.065528631210327148e-02 -1.971687525510787964e-01 2.474173437803983688e-03 4.247795045375823975e-01
6.671191006898880005e-02 -2.081933431327342987e-03 1.096976362168788910e-02 1.328775882720947266e-01
6.667027622461318970e-02 1.928811818361282349e-01 1.362731587141752243e-02 -1.563244462013244629e-01
7.052789628505706787e-02 -2.433203626424074173e-03 1.050082687288522720e-02 1.406262367963790894e-01
7.047923654317855835e-02 1.925367861986160278e-01 1.331335119903087616e-02 -1.487254500389099121e-01
7.432997226715087891e-02 -2.773250453174114227e-03 1.033884286880493164e-02 1.481276601552963257e-01
7.427450269460678101e-02 1.921991407871246338e-01 1.330139581114053726e-02 -1.412757188081741333e-01
7.811848819255828857e-02 -3.110769204795360565e-03 1.047588139772415161e-02 1.555737107992172241e-01
7.805627584457397461e-02 1.918596327304840088e-01 1.358735561370849609e-02 -1.337859928607940674e-01
8.189346641302108765e-02 -3.454278921708464622e-03 1.091163605451583862e-02 1.631523966789245605e-01
8.182437717914581299e-02 1.915097832679748535e-01 1.417468395084142685e-02 -1.260683238506317139e-01
8.565457910299301147e-02 -3.812337759882211685e-03 1.165331713855266571e-02 1.710526347160339355e-01
8.557832986116409302e-02 1.911409050226211548e-01 1.507437042891979218e-02 -1.179313585162162781e-01
8.940114825963973999e-02 -4.193756263703107834e-03 1.271574292331933975e-02 1.794690340757369995e-01
8.931726962327957153e-02 1.907439380884170532e-01 1.630512438714504242e-02 -1.091755554080009460e-01
9.313215315341949463e-02 -4.607814364135265350e-03 1.412161253392696381e-02 1.886066198348999023e-01
9.303999692201614380e-02 1.903092861175537109e-01 1.789374463260173798e-02 -9.958825260400772095e-02
9.684617817401885986e-02 -5.064483731985092163e-03 1.590197905898094177e-02 1.986859589815139771e-01
9.674488753080368042e-02 1.898264586925506592e-01 1.987569965422153473e-02 -8.893849700689315796e-02
1.005414202809333801e-01 -5.574666894972324371e-03 1.809692941606044769e-02 2.099483609199523926e-01
1.004299223423004150e-01 1.892839074134826660e-01 2.229589596390724182e-02 -7.697144150733947754e-02
1.042156070470809937e-01 3.840792477130889893e-01 2.075646817684173584e-02 -3.625373840332031250e-01
1.118971928954124451e-01 1.886685341596603394e-01 1.350571960210800171e-02 -6.338247656822204590e-02
1.156705617904663086e-01 -6.644423119723796844e-03 1.223807036876678467e-02 2.335308045148849487e-01
1.155376732349395752e-01 1.883005499839782715e-01 1.690868660807609558e-02 -5.526685342192649841e-02
1.193036809563636780e-01 3.831760287284851074e-01 1.580335013568401337e-02 -3.425673544406890869e-01
1.269672065973281860e-01 1.878328472375869751e-01 8.952002041041851044e-03 -4.494319483637809753e-02
1.307238638401031494e-01 3.828252851963043213e-01 8.053137920796871185e-03 -3.347882926464080811e-01
1.383803635835647583e-01 1.875896602869033813e-01 1.357372151687741280e-03 -3.957674279808998108e-02
1.421321630477905273e-01 -7.551728282123804092e-03 5.658371956087648869e-04 2.535341382026672363e-01
1.419811248779296875e-01 1.875621378421783447e-01 5.636519752442836761e-03 -3.897026181221008301e-02
1.457323729991912842e-01 3.826028108596801758e-01 4.857114981859922409e-03 -3.298694789409637451e-01
1.533844172954559326e-01 1.874120533466339111e-01 -1.740275067277252674e-03 -3.565882518887519836e-02
1.571326702833175659e-01 -7.684897165745496750e-03 -2.453451743349432945e-03 2.564745247364044189e-01
1.569789648056030273e-01 1.874720007181167603e-01 2.676038770005106926e-03 -3.698125481605529785e-02
1.607284098863601685e-01 3.825554847717285156e-01 1.936413580551743507e-03 -3.288186788558959961e-01
1.683795154094696045e-01 1.874060034751892090e-01 -4.639959894120693207e-03 -3.552571311593055725e-02
1.721276342868804932e-01 -7.649099919945001602e-03 -5.350473802536725998e-03 2.556896507740020752e-01
1.719746589660644531e-01 1.875488311052322388e-01 -2.366808912483975291e-04 -3.867608681321144104e-02
1.757256239652633667e-01 3.826741874217987061e-01 -1.010202569887042046e-03 -3.314336836338043213e-01
1.833791136741638184e-01 1.875666230916976929e-01 -7.638876326382160187e-03 -3.906949236989021301e-02
1.871304512023925781e-01 -7.444960996508598328e-03 -8.420266211032867432e-03 2.511935532093048096e-01
1.869815438985824585e-01 1.877962052822113037e-01 -3.396395128220319748e-03 -4.413336887955665588e-02
1.907374709844589233e-01 -7.276871707290410995e-03 -4.279062617570161819e-03 2.474760264158248901e-01
1.905919313430786133e-01 1.879059225320816040e-01 6.704580155201256275e-04 -4.655352979898452759e-02
1.943500488996505737e-01 3.830182552337646484e-01 -2.606125781312584877e-04 -3.390248417854309082e-01
2.020104229450225830e-01 1.879000216722488403e-01 -7.041109725832939148e-03 -4.642411321401596069e-02
2.057684212923049927e-01 -7.120263762772083282e-03 -7.969591766595840454e-03 2.440289855003356934e-01
2.056260108947753906e-01 1.881146132946014404e-01 -3.089011879637837410e-03 -5.115705356001853943e-02
2.093883007764816284e-01 -6.962914019823074341e-03 -4.112152848392724991e-03 2.405496686697006226e-01
2.092490494251251221e-01 1.882175356149673462e-01 6.988402456045150757e-04 -5.342750623822212219e-02
2.130133956670761108e-01 3.833294510841369629e-01 -3.697098291013389826e-04 -3.458898663520812988e-01
2.206799834966659546e-01 1.882127672433853149e-01 -7.287506945431232452e-03 -5.332354083657264709e-02
2.244442403316497803e-01 -6.803933065384626389e-03 -8.353977464139461517e-03 2.370512336492538452e-01
2.243081629276275635e-01 1.884363591670989990e-01 -3.612953005358576775e-03 -5.825503170490264893e-02
2.280768901109695435e-01 3.836099207401275635e-01 -4.778053611516952515e-03 -3.520756661891937256e-01
2.357490956783294678e-01 1.885562539100646973e-01 -1.181956753134727478e-02 -6.090323999524116516e-02
2.395202219486236572e-01 -6.394254043698310852e-03 -1.303763221949338913e-02 2.280272245407104492e-01
2.393923252820968628e-01 1.889115571975708008e-01 -8.477087132632732391e-03 -6.873956322669982910e-02
2.431705594062805176e-01 -6.087832618504762650e-03 -9.851878508925437927e-03 2.212567925453186035e-01
2.430488020181655884e-01 1.891735494136810303e-01 -5.426742602139711380e-03 -7.451746612787246704e-02
2.468322813510894775e-01 -5.870191846042871475e-03 -6.917092017829418182e-03 2.164483815431594849e-01
2.467148751020431519e-01 1.893499642610549927e-01 -2.588124480098485947e-03 -7.840844988822937012e-02
2.505018711090087891e-01 -5.734796170145273209e-03 -4.156293347477912903e-03 2.134567946195602417e-01
2.503871619701385498e-01 1.894463300704956055e-01 1.128422736655920744e-04 -8.053431659936904907e-02
2.541761100292205811e-01 3.845666646957397461e-01 -1.497844001278281212e-03 -3.731816411018371582e-01
2.618674337863922119e-01 1.894660294055938721e-01 -8.961476385593414307e-03 -8.097136765718460083e-02
2.656567692756652832e-01 -5.526326596736907959e-03 -1.058090385049581528e-02 2.088707685470581055e-01
2.655462324619293213e-01 1.897453069686889648e-01 -6.403489038348197937e-03 -8.713101595640182495e-02
2.693411409854888916e-01 -5.284271668642759323e-03 -8.146109059453010559e-03 2.035247385501861572e-01
2.692354619503021240e-01 1.899532228708267212e-01 -4.075614269822835922e-03 -9.171671420335769653e-02
2.730345129966735840e-01 -5.110073368996381760e-03 -5.909948609769344330e-03 1.996775716543197632e-01
2.729323208332061768e-01 1.900959014892578125e-01 -1.916397013701498508e-03 -9.486378729343414307e-02
2.767342329025268555e-01 -4.998527467250823975e-03 -3.813672810792922974e-03 1.972139030694961548e-01
2.766342461109161377e-01 1.901777684688568115e-01 1.306051563005894423e-04 -9.666962921619415283e-02
2.804378271102905273e-01 3.852978348731994629e-01 -1.802787417545914650e-03 -3.893113434314727783e-01
2.881437838077545166e-01 1.902015209197998047e-01 -9.589014574885368347e-03 -9.719736129045486450e-02
2.919478118419647217e-01 -4.781689029186964035e-03 -1.153296139091253281e-02 1.924448907375335693e-01
2.918521761894226074e-01 1.905033290386199951e-01 -7.684064097702503204e-03 -1.038537770509719849e-01
2.956622242927551270e-01 -4.507663194090127945e-03 -9.761139750480651855e-03 1.863949894905090332e-01
2.955720722675323486e-01 1.907525807619094849e-01 -6.033239886164665222e-03 -1.093511506915092468e-01
2.993871271610260010e-01 -4.282402805984020233e-03 -8.220262825489044189e-03 1.814222335815429688e-01
2.993014752864837646e-01 1.909562051296234131e-01 -4.591817967593669891e-03 -1.138425171375274658e-01
3.031206130981445312e-01 -4.099651239812374115e-03 -6.868668366223573685e-03 1.773881912231445312e-01
3.030386269092559814e-01 1.911199241876602173e-01 -3.320904681459069252e-03 -1.174536272883415222e-01
3.068610131740570068e-01 -3.954293671995401382e-03 -5.669977050274610519e-03 1.741797327995300293e-01
3.067819178104400635e-01 1.912483423948287964e-01 -2.186382422223687172e-03 -1.202864795923233032e-01
3.106068968772888184e-01 -3.842213191092014313e-03 -4.592112265527248383e-03 1.717058569192886353e-01
3.105300664901733398e-01 1.913451552391052246e-01 -1.157994847744703293e-03 -1.224221885204315186e-01
3.143569529056549072e-01 -3.760180436074733734e-03 -3.606438636779785156e-03 1.698951721191406250e-01
3.142817616462707520e-01 1.914132088422775269e-01 -2.085351297864690423e-04 -1.239232867956161499e-01
3.181100189685821533e-01 -3.705758368596434593e-03 -2.687000902369618416e-03 1.686938405036926270e-01
3.180359005928039551e-01 1.914545446634292603e-01 6.868758937343955040e-04 -1.248355433344841003e-01
3.218649923801422119e-01 -3.677234286442399025e-03 -1.809834968298673630e-03 1.680640131235122681e-01
3.217914402484893799e-01 1.914705783128738403e-01 1.551445107907056808e-03 -1.251893192529678345e-01
3.256208598613739014e-01 3.865702748298645020e-01 -9.523413027636706829e-04 -4.173823893070220947e-01
3.333522677421569824e-01 1.914618313312530518e-01 -9.299988858401775360e-03 -1.249998360872268677e-01
3.371815085411071777e-01 -3.525666892528533936e-03 -1.179998554289340973e-02 1.647345870733261108e-01
3.371109962463378906e-01 1.917631924152374268e-01 -8.505294099450111389e-03 -1.316474229097366333e-01
3.409462571144104004e-01 -3.235894721001386642e-03 -1.113824266940355301e-02 1.583401113748550415e-01
3.408815264701843262e-01 1.920437365770339966e-01 -7.971440441906452179e-03 -1.378357410430908203e-01
3.447224199771881104e-01 -2.963138045743107796e-03 -1.072815526276826859e-02 1.523216962814331055e-01
3.446631431579589844e-01 1.923107653856277466e-01 -7.681720890104770660e-03 -1.437263339757919312e-01
3.485093712806701660e-01 -2.700329758226871490e-03 -1.055624801665544510e-02 1.465232819318771362e-01
3.484553396701812744e-01 1.925711929798126221e-01 -7.625781930983066559e-03 -1.494711488485336304e-01
3.523067831993103027e-01 -2.440738026052713394e-03 -1.061520539224147797e-02 1.407962739467620850e-01
3.522579669952392578e-01 1.928316205739974976e-01 -7.799279410392045975e-03 -1.552165746688842773e-01
3.561145961284637451e-01 -2.177793998271226883e-03 -1.090361084789037704e-02 1.349956840276718140e-01
3.560710251331329346e-01 1.930986195802688599e-01 -8.203697390854358673e-03 -1.611071228981018066e-01
3.599330186843872070e-01 -1.904924865812063217e-03 -1.142583973705768585e-02 1.289764940738677979e-01
3.598949015140533447e-01 1.933788210153579712e-01 -8.846309967339038849e-03 -1.672891229391098022e-01
3.637624979019165039e-01 -1.615389250218868256e-03 -1.219209190458059311e-02 1.225899681448936462e-01
3.637301921844482422e-01 1.936790943145751953e-01 -9.740293025970458984e-03 -1.739143729209899902e-01
3.676037490367889404e-01 -1.302109565585851669e-03 -1.321858074516057968e-02 1.156799569725990295e-01
3.675777316093444824e-01 1.940067261457443237e-01 -1.090498175472021103e-02 -1.811438500881195068e-01
3.714578449726104736e-01 -9.574990253895521164e-04 -1.452785823494195938e-02 1.080790981650352478e-01
3.714387118816375732e-01 1.943695843219757080e-01 -1.236627623438835144e-02 -1.891516596078872681e-01
3.753260970115661621e-01 -5.732774734497070312e-04 -1.614931039512157440e-02 9.960468858480453491e-02
3.753146231174468994e-01 1.947763562202453613e-01 -1.415721606463193893e-02 -1.981292366981506348e-01
3.792101740837097168e-01 -1.402725756634026766e-04 -1.811980083584785461e-02 9.005431830883026123e-02
3.792073428630828857e-01 -1.949978768825531006e-01 -1.631871424615383148e-02 3.769658207893371582e-01
3.753074109554290771e-01 3.519966558087617159e-04 -8.779398165643215179e-03 7.918253540992736816e-02
3.753144443035125732e-01 1.955986917018890381e-01 -7.195746991783380508e-03 -2.162573337554931641e-01
3.792264163494110107e-01 5.803492967970669270e-04 -1.152089424431324005e-02 7.414707541465759277e-02
3.792380094528198242e-01 1.958655565977096558e-01 -1.003795210272073746e-02 -2.221483588218688965e-01
3.831553161144256592e-01 8.885062416084110737e-04 -1.448091957718133926e-02 6.735137104988098145e-02
3.831731081008911133e-01 -1.940228641033172607e-01 -1.313389185816049576e-02 3.554305434226989746e-01
3.792926371097564697e-01 1.283335033804178238e-03 -6.025281269103288651e-03 5.863524600863456726e-02
3.793182969093322754e-01 1.964911520481109619e-01 -4.852576646953821182e-03 -2.359425872564315796e-01
3.832481205463409424e-01 1.438870094716548920e-03 -9.571428410708904266e-03 5.520574003458023071e-02
3.832769095897674561e-01 -1.935445368289947510e-01 -8.467313833534717560e-03 3.448534905910491943e-01
3.794060051441192627e-01 1.696829800494015217e-03 -1.570243621245026588e-03 4.951258376240730286e-02
3.794399499893188477e-01 1.968412548303604126e-01 -5.799919599667191505e-04 -2.436653524637222290e-01
3.833767771720886230e-01 1.727599534206092358e-03 -5.453299265354871750e-03 4.883456975221633911e-02
3.834113180637359619e-01 1.969273239374160767e-01 -4.476607777178287506e-03 -2.455639243125915527e-01
3.873498737812042236e-01 1.869591651484370232e-03 -9.387886151671409607e-03 4.570362344384193420e-02
3.873872756958007812e-01 -1.931164860725402832e-01 -8.473813533782958984e-03 3.354098796844482422e-01
3.835249543190002441e-01 2.125023398548364639e-03 -1.765616121701896191e-03 4.006683453917503357e-02
3.835674524307250977e-01 1.972722560167312622e-01 -9.642794611863791943e-04 -2.531726360321044922e-01
3.875128924846649170e-01 2.164079574868083000e-03 -6.027732044458389282e-03 3.920597955584526062e-02
3.875561654567718506e-01 -1.928709149360656738e-01 -5.243612453341484070e-03 3.299810290336608887e-01
3.836987614631652832e-01 2.325283363461494446e-03 1.356007764115929604e-03 3.564912825822830200e-02
3.837452530860900879e-01 1.974277645349502563e-01 2.068990375846624374e-03 -2.566056549549102783e-01
3.876938223838806152e-01 2.276333514600992203e-03 -3.063122741878032684e-03 3.672914579510688782e-02
3.877393305301666260e-01 -1.928015649318695068e-01 -2.328539965674281120e-03 3.284440636634826660e-01
3.838832974433898926e-01 2.353464951738715172e-03 4.240341018885374069e-03 3.502772003412246704e-02
3.839303851127624512e-01 1.974143534898757935e-01 4.940895363688468933e-03 -2.563143372535705566e-01
3.878786563873291016e-01 2.222208306193351746e-03 -1.853908906923606992e-04 3.792293742299079895e-02
3.879230916500091553e-01 1.973468214273452759e-01 5.730678676627576351e-04 -2.548184692859649658e-01
3.918700516223907471e-01 2.216688590124249458e-03 -4.523301497101783752e-03 3.804514929652214050e-02
3.919143676757812500e-01 -1.928401142358779907e-01 -3.762398613616824150e-03 3.292975127696990967e-01
3.880575597286224365e-01 2.335201716050505638e-03 2.823551418259739876e-03 3.543047234416007996e-02
3.881042897701263428e-01 1.974165439605712891e-01 3.532160772010684013e-03 -2.563602626323699951e-01
3.920526206493377686e-01 2.244346309453248978e-03 -1.595044392161071301e-03 3.743467107415199280e-02
3.920975029468536377e-01 1.973891407251358032e-01 -8.463509730063378811e-04 -2.557510733604431152e-01
3.960452675819396973e-01 2.279277192428708076e-03 -5.961372517049312592e-03 3.666477277874946594e-02
3.960908651351928711e-01 -1.927566826343536377e-01 -5.228077061474323273e-03 3.274608850479125977e-01
3.922357261180877686e-01 2.439308911561965942e-03 1.321140327490866184e-03 3.313384577631950378e-02
3.922845125198364258e-01 1.975422948598861694e-01 1.983817201107740402e-03 -2.591319680213928223e-01
3.962353765964508057e-01 2.392073860391974449e-03 -3.198821796104311943e-03 3.417603671550750732e-02
3.962832093238830566e-01 1.975597441196441650e-01 -2.515301108360290527e-03 -2.595144212245941162e-01
4.002344012260437012e-01 2.473797416314482689e-03 -7.705589756369590759e-03 3.237407281994819641e-02
4.002838730812072754e-01 -1.925368160009384155e-01 -7.058108225464820862e-03 3.226158916950225830e-01
3.964331448078155518e-01 2.684933831915259361e-03 -6.057908176444470882e-04 2.771548926830291748e-02
3.964868485927581787e-01 1.978155672550201416e-01 -5.148102718521840870e-05 -2.651585042476654053e-01
4.004431366920471191e-01 2.694350900128483772e-03 -5.354651249945163727e-03 2.750817872583866119e-02
4.004970490932464600e-01 -1.923504024744033813e-01 -4.804487805813550949e-03 3.184968531131744385e-01
3.966500163078308105e-01 2.839645370841026306e-03 1.565449521876871586e-03 2.430264838039875031e-02
3.967068195343017578e-01 1.979391127824783325e-01 2.051502466201782227e-03 -2.678859531879425049e-01
4.006656110286712646e-01 2.787942765280604362e-03 -3.306216560304164886e-03 2.544332854449748993e-02
4.007213711738586426e-01 -1.922864317893981934e-01 -2.797350054606795311e-03 3.170812726020812988e-01
3.968756198883056641e-01 2.875244012102484703e-03 3.544275648891925812e-03 2.351747639477252960e-02
3.969331383705139160e-01 1.979461908340454102e-01 4.014625214040279388e-03 -2.680450975894927979e-01
4.008920490741729736e-01 2.767173573374748230e-03 -1.346276607364416122e-03 2.590137347579002380e-02
4.009473919868469238e-01 1.979084014892578125e-01 -8.282492053695023060e-04 -2.672060132026672363e-01
4.049055576324462891e-01 2.798284869641065598e-03 -6.172369699925184250e-03 2.521556057035923004e-02
4.049615263938903809e-01 -1.922346055507659912e-01 -5.668058060109615326e-03 3.159446716308593750e-01
4.011168479919433594e-01 2.967618871480226517e-03 6.508349324576556683e-04 2.147962525486946106e-02
4.011761844158172607e-01 1.980802267789840698e-01 1.080427435226738453e-03 -2.709978818893432617e-01
4.051378071308135986e-01 2.942878287285566330e-03 -4.339530132710933685e-03 2.202561683952808380e-02
4.051966667175292969e-01 -1.921165734529495239e-01 -3.899017814546823502e-03 3.133362233638763428e-01
4.013543426990509033e-01 3.060705959796905518e-03 2.367706503719091415e-03 1.942622102797031403e-02
4.014155566692352295e-01 1.981486231088638306e-01 2.756230765953660011e-03 -2.725087404251098633e-01
4.053785204887390137e-01 2.987450687214732170e-03 -2.693943679332733154e-03 2.104224823415279388e-02
4.054382741451263428e-01 -1.920957565307617188e-01 -2.273098798468708992e-03 3.128739893436431885e-01
4.015963375568389893e-01 3.058496629819273949e-03 3.984380979090929031e-03 1.947506330907344818e-02
4.016575217247009277e-01 1.981230825185775757e-01 4.373882431536912918e-03 -2.719480991363525391e-01
4.056199789047241211e-01 2.938991878181695938e-03 -1.065079472027719021e-03 2.211116440594196320e-02
4.056787490844726562e-01 1.980762034654617310e-01 -6.228561396710574627e-04 -2.709076106548309326e-01
4.096402823925018311e-01 2.963143633678555489e-03 -6.041008513420820236e-03 2.157879434525966644e-02
4.096995592117309570e-01 -1.920716613531112671e-01 -5.609432701021432877e-03 3.123496174812316895e-01
4.058581292629241943e-01 3.129758872091770172e-03 6.375596276484429836e-04 1.790292933583259583e-02
4.059207141399383545e-01 1.982425600290298462e-01 9.956181747838854790e-04 -2.745787799358367920e-01
4.098855555057525635e-01 3.106418531388044357e-03 -4.495957400649785995e-03 1.841800846159458160e-02
4.099476933479309082e-01 -1.919507682323455811e-01 -4.127596970647573471e-03 3.096790313720703125e-01
4.061086773872375488e-01 3.229748923331499100e-03 2.065983368083834648e-03 1.569723337888717651e-02
4.061732590198516846e-01 1.983220130205154419e-01 2.379928017035126686e-03 -2.763331234455108643e-01
4.101397097110748291e-01 3.166185924783349037e-03 -3.146734787151217461e-03 1.709946990013122559e-02
4.102030396461486816e-01 -1.919104903936386108e-01 -2.804745221510529518e-03 3.087879121303558350e-01
4.063648283481597900e-01 3.251305548474192619e-03 3.371012862771749496e-03 1.522176060825586319e-02
4.064298570156097412e-01 1.983247548341751099e-01 3.675448009744286537e-03 -2.763956785202026367e-01
4.103963375091552734e-01 3.150555305182933807e-03 -1.852465327829122543e-03 1.744422689080238342e-02
4.104593694210052490e-01 -1.919447779655456543e-01 -1.503580831922590733e-03 3.095420897006988525e-01
4.066204726696014404e-01 3.198561491444706917e-03 4.687261302024126053e-03 1.638536900281906128e-02
4.066844284534454346e-01 1.982529759407043457e-01 5.014968570321798325e-03 -2.748149931430816650e-01
4.106494784355163574e-01 3.059835871681571007e-03 -4.813312552869319916e-04 1.944543421268463135e-02
4.107106924057006836e-01 1.981886923313140869e-01 -9.242258965969085693e-05 -2.733893096446990967e-01
4.146744608879089355e-01 3.068054094910621643e-03 -5.560209043323993683e-03 1.926445588469505310e-02
4.147358238697052002e-01 -1.919737160205841064e-01 -5.174919962882995605e-03 3.101879060268402100e-01
4.108963608741760254e-01 3.221579594537615776e-03 1.028838101774454117e-03 1.587745174765586853e-02
4.109607934951782227e-01 1.983287632465362549e-01 1.346387085504829884e-03 -2.764806747436523438e-01
4.149273633956909180e-01 3.187626833096146584e-03 -4.183226730674505234e-03 1.662658713757991791e-02
4.149911105632781982e-01 -1.918740868568420410e-01 -3.850694978609681129e-03 3.079867362976074219e-01
4.111536145210266113e-01 3.302524331957101822e-03 2.309039700776338577e-03 1.409188471734523773e-02
4.112196862697601318e-01 1.983912885189056396e-01 2.590877236798405647e-03 -2.778616249561309814e-01
4.151875078678131104e-01 3.232467919588088989e-03 -2.966355066746473312e-03 1.563734002411365509e-02
4.152521491050720215e-01 -1.918468177318572998e-01 -2.653608331456780434e-03 3.073828816413879395e-01
4.114152193069458008e-01 3.312845714390277863e-03 3.494049189612269402e-03 1.386425085365772247e-02
4.114814698696136475e-01 1.983845084905624390e-01 3.771334188058972359e-03 -2.777142226696014404e-01
4.154491722583770752e-01 3.208963666111230850e-03 -1.782950130291283131e-03 1.615579612553119659e-02
4.155133366584777832e-01 -1.918873786926269531e-01 -1.459834165871143341e-03 3.082756400108337402e-01
4.116756021976470947e-01 3.255349118262529373e-03 4.705678671598434448e-03 1.513268612325191498e-02
4.117406904697418213e-01 1.983094960451126099e-01 5.008332431316375732e-03 -2.760618329048156738e-01
4.157069027423858643e-01 3.116453764960169792e-03 -5.129041965119540691e-04 1.819650456309318542e-02
4.157692193984985352e-01 1.982457637786865234e-01 -1.489741262048482895e-04 -2.746482193470001221e-01
4.197341203689575195e-01 3.125931601971387863e-03 -5.641938187181949615e-03 1.798773184418678284e-02
4.197966456413269043e-01 -1.919146627187728882e-01 -5.282183643430471420e-03 3.088852465152740479e-01
4.159583747386932373e-01 3.282158635556697845e-03 8.955210796557366848e-04 1.454114262014627457e-02
4.160239994525909424e-01 1.983912587165832520e-01 1.186343957670032978e-03 -2.778590917587280273e-01
4.199918210506439209e-01 3.252399852499365807e-03 -4.370837938040494919e-03 1.519776042550802231e-02
4.200568795204162598e-01 -1.918065994977951050e-01 -4.066883120685815811e-03 3.064984381198883057e-01
4.162207543849945068e-01 3.373070387169718742e-03 2.063085790723562241e-03 1.253569871187210083e-02
4.162881970405578613e-01 1.984653770923614502e-01 2.313799923285841942e-03 -2.794955968856811523e-01
4.202575087547302246e-01 3.310492029413580894e-03 -3.276111790910363197e-03 1.391620840877294540e-02
4.203237295150756836e-01 -1.917643249034881592e-01 -2.997787669301033020e-03 3.055636882781982422e-01
4.164884388446807861e-01 3.400219371542334557e-03 3.113485872745513916e-03 1.193683873862028122e-02
4.165564477443695068e-01 1.984773874282836914e-01 3.352222731336951256e-03 -2.797621190547943115e-01
4.205259978771209717e-01 3.307770937681198120e-03 -2.243019640445709229e-03 1.397620048373937607e-02
4.205921590328216553e-01 -1.917819380760192871e-01 -1.963495742529630661e-03 3.059505820274353027e-01
4.167565107345581055e-01 3.367935307323932648e-03 4.155516158789396286e-03 1.264906767755746841e-02
4.168238639831542969e-01 1.984300464391708374e-01 4.408497363328933716e-03 -2.787198424339294434e-01
4.207924604415893555e-01 3.245482221245765686e-03 -1.165899680927395821e-03 1.535024028271436691e-02
4.208573698997497559e-01 1.983841359615325928e-01 -8.588948403485119343e-04 -2.777003049850463867e-01
4.248250722885131836e-01 3.274447051808238029e-03 -6.412900984287261963e-03 1.471159514039754868e-02
4.248905479907989502e-01 -1.917549520730972290e-01 -6.118669174611568451e-03 3.053643107414245605e-01
4.210554361343383789e-01 3.453657496720552444e-03 -1.138330298999790102e-05 1.075798738747835159e-02
4.211245179176330566e-01 1.985757648944854736e-01 2.037764497799798846e-04 -2.819285392761230469e-01
4.250960350036621094e-01 3.450914518907666206e-03 -5.434794351458549500e-03 1.081865932792425156e-02
4.251650571823120117e-01 -1.915926784276962280e-01 -5.218421109020709991e-03 3.017818927764892578e-01
4.213331937789916992e-01 3.603262826800346375e-03 8.172169909812510014e-04 7.457772269845008850e-03
4.214052557945251465e-01 1.987134814262390137e-01 9.663724340498447418e-04 -2.849672138690948486e-01
4.253795444965362549e-01 3.577763913199305534e-03 -4.732971545308828354e-03 8.020357228815555573e-03
4.254510998725891113e-01 -1.914759874343872070e-01 -4.572564270347356796e-03 2.992062270641326904e-01
4.216215610504150391e-01 3.710838500410318375e-03 1.411560107953846455e-03 5.084711126983165741e-03
4.216957986354827881e-01 1.988125145435333252e-01 1.513254246674478054e-03 -2.871525287628173828e-01
4.256720244884490967e-01 3.669018391519784927e-03 -4.229796119034290314e-03 6.007292773574590683e-03
4.257454276084899902e-01 -1.913920193910598755e-01 -4.109650384634733200e-03 2.973526716232299805e-01
4.219175875186920166e-01 3.788276342675089836e-03 1.837403280660510063e-03 3.376470878720283508e-03
4.219933450222015381e-01 1.988838315010070801e-01 1.904932665638625622e-03 -2.887261807918548584e-01
4.259710311889648438e-01 3.734764410182833672e-03 -3.869590582326054573e-03 4.556947387754917145e-03
4.260457158088684082e-01 -1.913314759731292725e-01 -3.778451820835471153e-03 2.960164546966552734e-01
4.222190976142883301e-01 3.844134276732802391e-03 2.141877543181180954e-03 2.144273137673735619e-03
4.222959578037261963e-01 1.989353001117706299e-01 2.184763085097074509e-03 -2.898620963096618652e-01
4.262746870517730713e-01 3.782265819609165192e-03 -3.612478962168097496e-03 3.509079571813344955e-03
4.263503253459930420e-01 -1.912876963615417480e-01 -3.542297286912798882e-03 2.950500249862670898e-01
4.225245714187622070e-01 3.884581150487065315e-03 2.358703408390283585e-03 1.252034562639892101e-03
4.226022660732269287e-01 1.989726275205612183e-01 2.383744111284613609e-03 -2.906857728958129883e-01
4.265817105770111084e-01 3.816765965893864632e-03 -3.429970936849713326e-03 2.748017897829413414e-03
4.266580343246459961e-01 -1.912558227777481079e-01 -3.375010564923286438e-03 2.943467795848846436e-01
4.228329360485076904e-01 3.914078697562217712e-03 2.511924831196665764e-03 6.013343809172511101e-04
4.229111969470977783e-01 1.989999115467071533e-01 2.523951465263962746e-03 -2.912879884243011475e-01
4.268912076950073242e-01 3.842066740617156029e-03 -3.301808377727866173e-03 2.189888851717114449e-03
4.269680380821228027e-01 -1.912323832511901855e-01 -3.258010605350136757e-03 2.938292324542999268e-01
4.231434166431427002e-01 3.935873042792081833e-03 2.618574071675539017e-03 1.205547960125841200e-04
4.232221245765686035e-01 1.990201771259307861e-01 2.620985265821218491e-03 -2.917350232601165771e-01
4.272025227546691895e-01 3.860948374494910240e-03 -3.213715506717562675e-03 1.773368334397673607e-03
4.272797405719757080e-01 -1.912147700786590576e-01 -3.178248181939125061e-03 2.934406101703643799e-01
4.234554469585418701e-01 3.952354192733764648e-03 2.690563909709453583e-03 -2.430066961096599698e-04
4.235344827175140381e-01 1.990356147289276123e-01 2.685703802853822708e-03 -2.920758128166198730e-01
4.275152087211608887e-01 3.875473979860544205e-03 -3.155812621116638184e-03 1.452937489375472069e-03
4.275927245616912842e-01 -1.912010759115219116e-01 -3.126753726974129677e-03 2.931385040283203125e-01
4.237686991691589355e-01 3.965314943343400955e-03 2.736016176640987396e-03 -5.289216060191392899e-04
4.238480031490325928e-01 1.990479230880737305e-01 2.725437749177217484e-03 -2.923473417758941650e-01
4.278289675712585449e-01 3.887216793373227119e-03 -3.121509216725826263e-03 1.193899428471922874e-03
4.279066920280456543e-01 -1.911898255348205566e-01 -3.097631270065903664e-03 2.928903102874755859e-01
4.240829050540924072e-01 3.976150415837764740e-03 2.760175149887800217e-03 -7.679467089474201202e-04
4.241624176502227783e-01 1.990584135055541992e-01 2.744816243648529053e-03 -2.925787270069122314e-01
4.281435906887054443e-01 3.897429443895816803e-03 -3.106758231297135353e-03 9.686123812571167946e-04
4.282215535640716553e-01 -1.911798268556594849e-01 -3.087386023253202438e-03 2.926697134971618652e-01
4.243979454040527344e-01 3.986005671322345734e-03 2.766008023172616959e-03 -9.853442898020148277e-04
4.244776666164398193e-01 1.990681737661361694e-01 2.746301004663109779e-03 -2.927942872047424316e-01
4.284590482711791992e-01 3.907179459929466248e-03 -3.109584562480449677e-03 7.535269251093268394e-04
4.285371899604797363e-01 -1.911700367927551270e-01 -3.094513900578022003e-03 2.924537360668182373e-01
4.247137904167175293e-01 3.995897714048624039e-03 2.754560438916087151e-03 -1.203565741889178753e-03
4.247936904430389404e-01 1.990782320499420166e-01 2.730489242821931839e-03 -2.930161356925964355e-01
4.287752509117126465e-01 3.917461726814508438e-03 -3.129833377897739410e-03 5.267102969810366631e-04
4.288536012172698975e-01 -1.911594569683074951e-01 -3.119299188256263733e-03 2.922205030918121338e-01
4.250304102897644043e-01 4.006823524832725525e-03 2.725110854953527451e-03 -1.444583875127136707e-03
4.251105487346649170e-01 1.990895867347717285e-01 2.696219133213162422e-03 -2.932664752006530762e-01
4.290923476219177246e-01 3.929298371076583862e-03 -3.169110044836997986e-03 2.655957359820604324e-04
4.291709363460540771e-01 -1.911470592021942139e-01 -3.163798246532678604e-03 2.919469475746154785e-01
4.253479838371276855e-01 4.019858315587043762e-03 2.675140742212533951e-03 -1.732120290398597717e-03
4.254283905029296875e-01 1.991033405065536499e-01 2.640498336404561996e-03 -2.935698032379150391e-01
4.294104576110839844e-01 3.943843767046928406e-03 -3.230897942557930946e-03 -5.527630491997115314e-05
4.294893443584442139e-01 -1.911316215991973877e-01 -3.232003422453999519e-03 2.916065156459808350e-01
4.256666898727416992e-01 4.036262631416320801e-03 2.600126899778842926e-03 -2.093991963192820549e-03
4.257474243640899658e-01 1.991208344697952271e-01 2.558247186243534088e-03 -2.939554154872894287e-01
4.297298491001129150e-01 3.962496761232614517e-03 -3.320861142128705978e-03 -4.667519242502748966e-04
4.298090934753417969e-01 -1.911116689443588257e-01 -3.330196253955364227e-03 2.911665439605712891e-01
4.259868562221527100e-01 4.057605750858783722e-03 2.493134932592511177e-03 -2.564812544733285904e-03
4.260680079460144043e-01 1.991437077522277832e-01 2.441838616505265236e-03 -2.944600880146026611e-01
4.300508797168731689e-01 3.987033851444721222e-03 -3.447363153100013733e-03 -1.008037826977670193e-03
4.301306307315826416e-01 -1.910853087902069092e-01 -3.467523725703358650e-03 2.905852198600769043e-01
4.263089299201965332e-01 4.085915163159370422e-03 2.344180364161729813e-03 -3.189310897141695023e-03
4.263906478881835938e-01 -1.910695731639862061e-01 2.280394313856959343e-03 2.902323007583618164e-01
4.225692451000213623e-01 4.019783809781074524e-03 8.085040375590324402e-03 -1.730533665977418423e-03
4.226496517658233643e-01 1.990248560905456543e-01 8.050429634749889374e-03 -2.918516099452972412e-01
4.266301393508911133e-01 3.789049806073307991e-03 2.213397761806845665e-03 3.359414637088775635e-03
4.267059266567230225e-01 1.988791823387145996e-01 2.280585933476686478e-03 -2.886243462562561035e-01
4.306834936141967773e-01 3.724789479747414589e-03 -3.491900861263275146e-03 4.776990972459316254e-03
4.307579994201660156e-01 -1.913469135761260986e-01 -3.396360902115702629e-03 2.963561415672302246e-01
4.269310534000396729e-01 3.823294537141919136e-03 2.530761761590838432e-03 2.603992819786071777e-03
4.270075261592864990e-01 1.989088654518127441e-01 2.582841552793979645e-03 -2.892793715000152588e-01
4.309857189655303955e-01 3.750173142179846764e-03 -3.202745923772454262e-03 4.217033740133047104e-03
4.310607016086578369e-01 -1.913256943225860596e-01 -3.118405118584632874e-03 2.958877384662628174e-01
4.272342026233673096e-01 3.840568242594599724e-03 2.799349604174494743e-03 2.222948241978883743e-03
4.273110032081604004e-01 1.989222615957260132e-01 2.843808615580201149e-03 -2.895754277706146240e-01
4.312894642353057861e-01 3.759873798117041588e-03 -2.947700209915637970e-03 4.003039095550775528e-03
4.313646554946899414e-01 -1.913196742534637451e-01 -2.867639297619462013e-03 2.957544624805450439e-01
4.275382459163665771e-01 3.843035548925399780e-03 3.047449979931116104e-03 2.168521285057067871e-03
4.276151061058044434e-01 1.989211440086364746e-01 3.090820508077740669e-03 -2.895513474941253662e-01
4.315935373306274414e-01 3.755260957404971123e-03 -2.700206357985734940e-03 4.104792140424251556e-03
4.316686391830444336e-01 -1.913278549909591675e-01 -2.618110505864024162e-03 2.959345579147338867e-01
4.278420805931091309e-01 3.831315552815794945e-03 3.300580428913235664e-03 2.427063416689634323e-03
4.279187023639678955e-01 1.989057809114456177e-01 3.349121659994125366e-03 -2.892126739025115967e-01
4.318968355655670166e-01 3.736227750778198242e-03 -2.435131464153528214e-03 4.524656105786561966e-03
4.319715499877929688e-01 -1.913507133722305298e-01 -2.344638342037796974e-03 2.964382767677307129e-01
4.281445443630218506e-01 3.804581472650170326e-03 3.584127174690365791e-03 3.016811329871416092e-03
4.282206296920776367e-01 1.988749504089355469e-01 3.644463373348116875e-03 -2.885331213474273682e-01
4.321981370449066162e-01 3.701216308400034904e-03 -2.126199193298816681e-03 5.296995397657155991e-03
4.322721660137176514e-01 -1.913901716470718384e-01 -2.020259387791156769e-03 2.973083257675170898e-01
4.284443557262420654e-01 3.760514315217733383e-03 3.925906959921121597e-03 3.988926298916339874e-03
4.285195469856262207e-01 1.988259404897689819e-01 4.005685448646545410e-03 -2.874527573585510254e-01
4.324960708618164062e-01 3.647096920758485794e-03 -1.743369270116090775e-03 6.490840576589107513e-03
4.325690269470214844e-01 -1.914498060941696167e-01 -1.613552565686404705e-03 2.986232042312622070e-01
4.287400245666503906e-01 3.695105900987982750e-03 4.358911421149969101e-03 5.431829020380973816e-03
4.288139343261718750e-01 1.987542808055877686e-01 4.467548336833715439e-03 -2.858726382255554199e-01
4.327890276908874512e-01 3.568893298506736755e-03 -1.249904395081102848e-03 8.215975947678089142e-03
4.328604042530059814e-01 1.987087428569793701e-01 -1.085584866814315319e-03 -2.848610579967498779e-01
4.368345737457275391e-01 3.602296113967895508e-03 -6.782806012779474258e-03 7.479294668883085251e-03
4.369066059589385986e-01 -1.914217323064804077e-01 -6.633219774812459946e-03 2.980144619941711426e-01
4.330781698226928711e-01 3.794148797169327736e-03 -6.729305605404078960e-04 3.246946493163704872e-03
4.331540465354919434e-01 -1.913181394338607788e-01 -6.079916493035852909e-04 2.957174777984619141e-01
4.293276965618133545e-01 3.812468377873301506e-03 5.306357983499765396e-03 2.842863788828253746e-03
4.294039607048034668e-01 1.988579183816909790e-01 5.363215226680040359e-03 -2.881611287593841553e-01
4.333811104297637939e-01 3.659897483885288239e-03 -4.000073531642556190e-04 6.208467762917280197e-03
4.334543049335479736e-01 1.987875849008560181e-01 -2.758379851002246141e-04 -2.866006493568420410e-01
4.374300539493560791e-01 3.669566707685589790e-03 -6.007850635796785355e-03 5.995277781039476395e-03
4.375034570693969727e-01 -1.913657039403915405e-01 -5.887945182621479034e-03 2.967766225337982178e-01
4.336761236190795898e-01 3.839679528027772903e-03 4.758708746521733701e-05 2.242560731247067451e-03
4.337529242038726807e-01 1.989609450101852417e-01 9.243829845217987895e-05 -2.904253602027893066e-01
4.377321302890777588e-01 3.837679047137498856e-03 -5.716068670153617859e-03 2.286728005856275558e-03
4.378089010715484619e-01 -1.912018358707427979e-01 -5.670334212481975555e-03 2.931607067584991455e-01
4.339848756790161133e-01 4.000504966825246811e-03 1.928798010339960456e-04 -1.305167214013636112e-03
4.340648651123046875e-01 -1.911242157220840454e-01 1.667764590820297599e-04 2.914386093616485596e-01
4.302423894405364990e-01 3.995360806584358215e-03 5.995548795908689499e-03 -1.191713614389300346e-03
4.303222894668579102e-01 1.990308165550231934e-01 5.971714388579130173e-03 -2.919769585132598877e-01
4.343028962612152100e-01 3.824229817837476730e-03 1.321752060903236270e-04 2.583374269306659698e-03
4.343793988227844238e-01 1.989442855119705200e-01 1.838426978792995214e-04 -2.900578379631042480e-01
4.383582770824432373e-01 3.819713136181235313e-03 -5.617314018309116364e-03 2.683056285604834557e-03
4.384346604347229004e-01 -1.912212222814559937e-01 -5.563653074204921722e-03 2.935883700847625732e-01
4.346102476119995117e-01 3.979601431638002396e-03 3.081143368035554886e-04 -8.440475794486701488e-04
4.346898496150970459e-01 -1.911467611789703369e-01 2.912333875428885221e-04 2.919360697269439697e-01
4.308668971061706543e-01 3.971030469983816147e-03 6.129954941570758820e-03 -6.549840909428894520e-04
4.309463202953338623e-01 1.990045309066772461e-01 6.116855423897504807e-03 -2.913975417613983154e-01
4.349264204502105713e-01 3.795902477577328682e-03 2.889042661990970373e-04 3.208265872672200203e-03
4.350023269653320312e-01 1.989137083292007446e-01 3.530695685185492039e-04 -2.893835008144378662e-01
4.389806091785430908e-01 3.786724992096424103e-03 -5.434600170701742172e-03 3.410766366869211197e-03
4.390563368797302246e-01 -1.912568658590316772e-01 -5.366384983062744141e-03 2.943740785121917725e-01
4.352312088012695312e-01 3.941180184483528137e-03 5.210964009165763855e-04 3.504583673930028453e-06
4.353100359439849854e-01 1.990556567907333374e-01 5.211664829403162003e-04 -2.925149500370025635e-01
4.392911493778228760e-01 3.926276229321956635e-03 -5.329133011400699615e-03 3.322859411127865314e-04
4.393696784973144531e-01 -1.911188364028930664e-01 -5.322487093508243561e-03 2.913290560245513916e-01
4.355472922325134277e-01 4.078593105077743530e-03 5.040939431637525558e-04 -3.027758095413446426e-03
4.356288611888885498e-01 -1.910505890846252441e-01 4.435387963894754648e-04 2.898141741752624512e-01
4.318078458309173584e-01 4.065040033310651779e-03 6.239822134375572205e-03 -2.728832419961690903e-03
4.318891465663909912e-01 1.990969479084014893e-01 6.185245700180530548e-03 -2.934364974498748779e-01
4.358710944652557373e-01 3.887361381202936172e-03 3.165155067108571529e-04 1.190726063214242458e-03
4.359488487243652344e-01 1.990047693252563477e-01 3.403300361242145300e-04 -2.913923263549804688e-01
4.399289488792419434e-01 3.877969691529870033e-03 -5.487516522407531738e-03 1.397923915646970272e-03
4.400064945220947266e-01 -1.911648511886596680e-01 -5.459557753056287766e-03 2.923444211483001709e-01
4.361831843852996826e-01 4.034512210637331009e-03 3.873308014590293169e-04 -2.055355114862322807e-03
4.362638890743255615e-01 -1.910929977893829346e-01 3.462236782070249319e-04 2.907497584819793701e-01
4.324420392513275146e-01 4.024021327495574951e-03 6.161218974739313126e-03 -1.823957776650786400e-03
4.325225055217742920e-01 1.990570724010467529e-01 6.124739535152912140e-03 -2.925565838813781738e-01
4.365036487579345703e-01 3.848332446068525314e-03 2.736077294684946537e-04 2.051685005426406860e-03
4.365806281566619873e-01 1.989663541316986084e-01 3.146414237562566996e-04 -2.905448973178863525e-01
4.405599534511566162e-01 3.839922370389103889e-03 -5.496256519109010696e-03 2.237241715192794800e-03
4.406367540359497070e-01 -1.912027746438980103e-01 -5.451511591672897339e-03 2.931809723377227783e-01
4.368126988410949707e-01 3.996475599706172943e-03 4.121077363379299641e-04 -1.216284232214093208e-03
4.368926286697387695e-01 1.991125196218490601e-01 3.877820563502609730e-04 -2.937691509723663330e-01
4.408748745918273926e-01 3.985036630183458328e-03 -5.487601272761821747e-03 -9.639550116844475269e-04
4.409545660018920898e-01 -1.910577863454818726e-01 -5.506880115717649460e-03 2.899825274944305420e-01
4.371334016323089600e-01 4.142255056649446487e-03 2.927703608293086290e-04 -4.432109650224447250e-03
4.372162520885467529e-01 -1.909838914871215820e-01 2.041281695710495114e-04 2.883431613445281982e-01
4.333965778350830078e-01 4.135146271437406540e-03 5.970991682261228561e-03 -4.275364335626363754e-03
4.334792792797088623e-01 1.991709619760513306e-01 5.885484162718057632e-03 -2.950684130191802979e-01
4.374626874923706055e-01 3.965596668422222137e-03 -1.588372288097161800e-05 -5.351129802875220776e-04
4.375420212745666504e-01 -1.911561340093612671e-01 -2.658598168636672199e-05 2.921428084373474121e-01
4.337188899517059326e-01 3.966203890740871429e-03 5.816270131617784500e-03 -5.485092988237738609e-04
4.337982237339019775e-01 1.990042626857757568e-01 5.805300083011388779e-03 -2.913906574249267578e-01
4.377782940864562988e-01 3.800016595050692558e-03 -2.251355908811092377e-05 3.117508022114634514e-03
4.378542900085449219e-01 1.989222913980484009e-01 3.983660280937328935e-05 -2.895725071430206299e-01
4.418327510356903076e-01 3.799771424382925034e-03 -5.751613993197679520e-03 3.122968599200248718e-03
4.419087469577789307e-01 -1.912392228841781616e-01 -5.689154379069805145e-03 2.939856648445129395e-01
4.380839467048645020e-01 3.963375464081764221e-03 1.905586686916649342e-04 -4.861051565967500210e-04
4.381632208824157715e-01 1.990825980901718140e-01 1.808365632314234972e-04 -2.931089103221893311e-01
4.421448707580566406e-01 3.958064131438732147e-03 -5.681341513991355896e-03 -3.689475706778466702e-04
4.422240257263183594e-01 -1.910819560289382935e-01 -5.688720382750034332e-03 2.905160486698150635e-01
4.384023845195770264e-01 4.120653960853815079e-03 1.216004748130217195e-04 -3.955596126616001129e-03
4.384848177433013916e-01 -1.910030394792556763e-01 4.248855111654847860e-05 2.887656986713409424e-01
