3.788270428776741028e-02 3.332453966140747070e-02 -1.524553261697292328e-02 9.374476037919521332e-03
3.854919597506523132e-02 -1.615754812955856323e-01 -1.505804341286420822e-02 2.972085177898406982e-01
3.531768545508384705e-02 3.375784680247306824e-02 -9.113872423768043518e-03 -1.851499255280941725e-04
3.599284216761589050e-02 -1.612322181463241577e-01 -9.117575362324714661e-03 2.896083593368530273e-01
3.276819735765457153e-02 3.401855006814002991e-02 -3.325408324599266052e-03 -5.936149042099714279e-03
3.344856947660446167e-02 -1.610555499792098999e-01 -3.444131230935454369e-03 2.856957316398620605e-01
3.022745810449123383e-02 3.411534801125526428e-02 2.269783057272434235e-03 -8.071469143033027649e-03
3.090976551175117493e-02 -1.610390841960906982e-01 2.108353655785322189e-03 2.853267490863800049e-01
2.768898382782936096e-02 3.405273705720901489e-02 7.814888842403888702e-03 -6.690484937280416489e-03
2.837003767490386963e-02 -1.611804068088531494e-01 7.681078743189573288e-03 2.884478569030761719e-01
2.514643035829067230e-02 3.383116424083709717e-02 1.345003582537174225e-02 -1.802672515623271465e-03
2.582305297255516052e-02 -1.614810675382614136e-01 1.341398246586322784e-02 2.950933873653411865e-01
2.259343117475509644e-02 3.344710171222686768e-02 1.931584998965263367e-02 6.671014241874217987e-03
2.326237410306930542e-02 2.282867878675460815e-01 1.944926939904689789e-02 -2.798554897308349609e-01
2.782811038196086884e-02 3.289286792278289795e-02 1.385216042399406433e-02 1.889768242835998535e-02
2.848596684634685516e-02 2.278134524822235107e-01 1.423011440783739090e-02 -2.693827450275421143e-01
3.304223716259002686e-02 3.249134868383407593e-02 8.842458948493003845e-03 2.775426581501960754e-02
3.369206190109252930e-02 -1.627562791109085083e-01 9.397544898092746735e-03 3.232139050960540771e-01
3.043693676590919495e-02 3.223059698939323425e-02 1.586182229220867157e-02 3.350934758782386780e-02
3.108154982328414917e-02 2.271215319633483887e-01 1.653200946748256683e-02 -2.541271150112152100e-01
3.562397882342338562e-02 3.176748007535934448e-02 1.144946739077568054e-02 4.372412338852882385e-02
3.625933080911636353e-02 2.267234027385711670e-01 1.232395041733980179e-02 -2.453245073556900024e-01
4.079379886388778687e-02 3.142761439085006714e-02 7.417459972202777863e-03 5.122006312012672424e-02
4.142234846949577332e-02 -1.637999117374420166e-01 8.441860787570476532e-03 3.462339937686920166e-01
3.814635053277015686e-02 3.120095282793045044e-02 1.536654122173786163e-02 5.622501298785209656e-02
3.877037018537521362e-02 2.260992377996444702e-01 1.649104245007038116e-02 -2.315703183412551880e-01
4.329235479235649109e-02 3.074557520449161530e-02 1.185963489115238190e-02 6.626848131418228149e-02
4.390726611018180847e-02 2.256955057382583618e-01 1.318500470370054245e-02 -2.226491868495941162e-01
4.842117801308631897e-02 3.038760274648666382e-02 8.732020854949951172e-03 7.416347414255142212e-02
4.902892932295799255e-02 2.253832966089248657e-01 1.021529082208871841e-02 -2.157517224550247192e-01
5.353659391403198242e-02 3.011680021882057190e-02 5.900255870074033737e-03 8.013596385717391968e-02
5.413893237709999084e-02 2.251536697149276733e-01 7.502975407987833023e-03 -2.106795907020568848e-01
5.864200368523597717e-02 2.992525324225425720e-02 3.289383370429277420e-03 8.436065912246704102e-02
5.924050882458686829e-02 -1.652437001466751099e-01 4.976596683263778687e-03 3.780795633792877197e-01
5.593563616275787354e-02 2.980722673237323761e-02 1.253818813711404800e-02 8.696992695331573486e-02
5.653177946805953979e-02 2.247472256422042847e-01 1.427758671343326569e-02 -2.017309665679931641e-01
6.102672591805458069e-02 2.942402660846710205e-02 1.024296693503856659e-02 9.542144834995269775e-02
6.161520630121231079e-02 2.243976891040802002e-01 1.215139590203762054e-02 -1.940123140811920166e-01
6.610316038131713867e-02 2.910403721034526825e-02 8.271149359643459320e-03 1.024789512157440186e-01
6.668523699045181274e-02 2.241064757108688354e-01 1.032072864472866058e-02 -1.875830292701721191e-01
7.116737216711044312e-02 2.883840166032314301e-02 6.569068413227796555e-03 1.083377376198768616e-01
7.174413651227951050e-02 2.238655984401702881e-01 8.735823445022106171e-03 -1.822654604911804199e-01
7.622145116329193115e-02 2.861974947154521942e-02 5.090513732284307480e-03 1.131604462862014771e-01
7.679384201765060425e-02 2.236683964729309082e-01 7.353722583502531052e-03 -1.779121160507202148e-01
8.126721531152725220e-02 2.844198048114776611e-02 3.795480122789740562e-03 1.170815527439117432e-01
8.183605223894119263e-02 2.235093414783477783e-01 6.137111224234104156e-03 -1.744015216827392578e-01
8.630623668432235718e-02 2.830009907484054565e-02 2.649080939590930939e-03 1.202111318707466125e-01
8.687224239110946655e-02 2.233839929103851318e-01 5.053303670138120651e-03 -1.716348528861999512e-01
9.133992344141006470e-02 2.819008566439151764e-02 1.620606402866542339e-03 1.226379349827766418e-01
9.190372377634048462e-02 2.232887744903564453e-01 4.073365125805139542e-03 -1.695332676172256470e-01
9.636949747800827026e-02 2.810876257717609406e-02 6.826999015174806118e-04 1.244319006800651550e-01
9.693167358636856079e-02 2.232209295034408569e-01 3.171338001266121864e-03 -1.680355668067932129e-01
1.013960912823677063e-01 2.805372513830661774e-02 -1.893733715405687690e-04 1.256461441516876221e-01
1.019571647047996521e-01 2.231783866882324219e-01 2.323549473658204079e-03 -1.670965254306793213e-01
1.064207330346107483e-01 2.802325598895549774e-02 -1.018381211906671524e-03 1.263184994459152222e-01
1.069812029600143433e-01 2.231597751379013062e-01 1.507988898083567619e-03 -1.666855365037918091e-01
1.114443913102149963e-01 2.801627665758132935e-02 -1.825721818022429943e-03 1.264727413654327393e-01
1.120047196745872498e-01 -1.670794785022735596e-01 7.037329487502574921e-04 4.185791015625000000e-01
1.086631342768669128e-01 2.803250029683113098e-02 9.075314737856388092e-03 1.261181235313415527e-01
1.092237830162048340e-01 2.230232656002044678e-01 1.159767806529998779e-02 -1.636878848075866699e-01
1.136842444539070129e-01 2.773723192512989044e-02 8.323919959366321564e-03 1.326311230659484863e-01
1.142389923334121704e-01 2.227389663457870483e-01 1.097654271870851517e-02 -1.574141532182693481e-01
1.186937689781188965e-01 2.746159397065639496e-02 7.828259840607643127e-03 1.387113034725189209e-01
1.192430034279823303e-01 2.224705517292022705e-01 1.060248538851737976e-02 -1.514916867017745972e-01
1.236924156546592712e-01 2.719840221107006073e-02 7.572651840746402740e-03 1.445171535015106201e-01
1.242363825440406799e-01 2.222110927104949951e-01 1.046299468725919724e-02 -1.457671523094177246e-01
1.286806017160415649e-01 2.694087661802768707e-02 7.547651417553424835e-03 1.501981914043426514e-01
1.292194277048110962e-01 2.219539433717727661e-01 1.055161561816930771e-02 -1.400940865278244019e-01
1.336584985256195068e-01 2.668246813118457794e-02 7.749733515083789825e-03 1.558989435434341431e-01
1.341921538114547729e-01 2.216926068067550659e-01 1.086771208792924881e-02 -1.343290954828262329e-01
1.386259943246841431e-01 2.641668915748596191e-02 8.181130513548851013e-03 1.617625355720520020e-01
1.391543298959732056e-01 2.214205712080001831e-01 1.141638122498989105e-02 -1.283282637596130371e-01
1.435827463865280151e-01 2.613695152103900909e-02 8.849816396832466125e-03 1.679344177246093750e-01
1.441054791212081909e-01 2.211311161518096924e-01 1.220850460231304169e-02 -1.219435706734657288e-01
1.485281139612197876e-01 2.583640068769454956e-02 9.769632481038570404e-03 1.745658814907073975e-01
1.490448415279388428e-01 2.208171784877777100e-01 1.326095033437013626e-02 -1.150190979242324829e-01
1.534611731767654419e-01 2.550775185227394104e-02 1.096056867390871048e-02 1.818178892135620117e-01
1.539713293313980103e-01 2.204711586236953735e-01 1.459692604839801788e-02 -1.073873266577720642e-01
1.583807617425918579e-01 4.153809249401092529e-01 1.244917977601289749e-02 -3.954294919967651367e-01
1.666883826255798340e-01 2.200845777988433838e-01 4.540590103715658188e-03 -9.884767979383468628e-02
1.710900664329528809e-01 2.489784173667430878e-02 2.563636517152190208e-03 1.952643245458602905e-01
1.715880185365676880e-01 2.199830263853073120e-01 6.468922831118106842e-03 -9.660878032445907593e-02
1.759876906871795654e-01 4.150116741657257080e-01 4.536747466772794724e-03 -3.872437775135040283e-01
1.842879205942153931e-01 2.198256105184555054e-01 -3.208128269761800766e-03 -9.313390403985977173e-02
1.886844336986541748e-01 2.474979124963283539e-02 -5.070806480944156647e-03 1.985351294279098511e-01
1.891794204711914062e-01 2.199438959360122681e-01 -1.100103487260639668e-03 -9.574307501316070557e-02
1.935783028602600098e-01 2.483773417770862579e-02 -3.014964982867240906e-03 1.965925693511962891e-01
1.940750628709793091e-01 2.200026810169219971e-01 9.168862598016858101e-04 -9.703992307186126709e-02
1.984751075506210327e-01 2.486759983003139496e-02 -1.023912103846669197e-03 1.959321349859237671e-01
1.989724636077880859e-01 2.200041860342025757e-01 2.894730772823095322e-03 -9.707360714673995972e-02
2.033725529909133911e-01 4.150845408439636230e-01 9.532584808766841888e-04 -3.888418376445770264e-01
2.116742432117462158e-01 2.199490517377853394e-01 -6.823578383773565292e-03 -9.585852175951004028e-02
2.160732150077819824e-01 2.492556720972061157e-02 -8.740749210119247437e-03 1.946637928485870361e-01
2.165717333555221558e-01 2.201714515686035156e-01 -4.847472999244928360e-03 -1.007635965943336487e-01
2.209751605987548828e-01 2.511930651962757111e-02 -6.862745154649019241e-03 1.903860270977020264e-01
2.214775532484054565e-01 2.203387618064880371e-01 -3.055024659261107445e-03 -1.044538915157318115e-01
2.258843183517456055e-01 2.526072412729263306e-02 -5.144102498888969421e-03 1.872636228799819946e-01
2.263895422220230103e-01 2.204558998346328735e-01 -1.398829859681427479e-03 -1.070376113057136536e-01
2.307986617088317871e-01 2.535401657223701477e-02 -3.539582015946507454e-03 1.852036565542221069e-01
2.313057333230972290e-01 2.205264270305633545e-01 1.644910662434995174e-04 -1.085937619209289551e-01
2.357162684202194214e-01 2.540212497115135193e-02 -2.007384318858385086e-03 1.841410547494888306e-01
2.362243086099624634e-01 2.205527424812316895e-01 1.675436855293810368e-03 -1.091744527220726013e-01
2.406353652477264404e-01 4.156506359577178955e-01 -5.080522387288510799e-04 -4.013283252716064453e-01
2.489483803510665894e-01 2.205359041690826416e-01 -8.534618653357028961e-03 -1.088056117296218872e-01
2.533590793609619141e-01 2.553728409111499786e-02 -1.071073114871978760e-02 1.811725199222564697e-01
2.538698315620422363e-01 2.208108454942703247e-01 -7.087280508130788803e-03 -1.148699223995208740e-01
2.582860589027404785e-01 2.579116262495517731e-02 -9.384678676724433899e-03 1.755686104297637939e-01
2.588018774986267090e-01 2.210461497306823730e-01 -5.873306654393672943e-03 -1.200600340962409973e-01
2.632228136062622070e-01 2.600884437561035156e-02 -8.274506777524948120e-03 1.707641482353210449e-01
2.637429833412170410e-01 2.212482392787933350e-01 -4.859224427491426468e-03 -1.245176047086715698e-01
2.681679427623748779e-01 2.619624510407447815e-02 -7.349576335400342941e-03 1.666283309459686279e-01
2.686918675899505615e-01 2.214226275682449341e-01 -4.017009399831295013e-03 -1.283640861511230469e-01
2.731203138828277588e-01 2.635844796895980835e-02 -6.584291346371173859e-03 1.630488187074661255e-01
2.736474871635437012e-01 2.215740382671356201e-01 -3.323314711451530457e-03 -1.317039728164672852e-01
2.780789732933044434e-01 2.649984695017337799e-02 -5.957394372671842575e-03 1.599286347627639771e-01
2.786089777946472168e-01 2.217065840959548950e-01 -2.758821472525596619e-03 -1.346277296543121338e-01
2.830430865287780762e-01 2.662425115704536438e-02 -5.451376084238290787e-03 1.571835577487945557e-01
2.835755944252014160e-01 2.218238264322280884e-01 -2.307704882696270943e-03 -1.372141540050506592e-01
2.880120575428009033e-01 2.673500403761863708e-02 -5.051987711340188980e-03 1.547398418188095093e-01
2.885467708110809326e-01 2.219289243221282959e-01 -1.957191154360771179e-03 -1.395325809717178345e-01
2.929853498935699463e-01 2.683505974709987640e-02 -4.747842904180288315e-03 1.525322347879409790e-01
2.935220301151275635e-01 2.220246642827987671e-01 -1.697198022156953812e-03 -1.416447460651397705e-01
2.979625463485717773e-01 2.692706882953643799e-02 -4.530092701315879822e-03 1.505022644996643066e-01
2.985010743141174316e-01 2.221135944128036499e-01 -1.520047546364367008e-03 -1.436063647270202637e-01
3.029433488845825195e-01 2.701344527304172516e-02 -4.392174538224935532e-03 1.485966295003890991e-01
3.034836053848266602e-01 2.221980094909667969e-01 -1.420242013409733772e-03 -1.454686969518661499e-01
3.079275786876678467e-01 2.709643170237541199e-02 -4.329615738242864609e-03 1.467658281326293945e-01
3.084695041179656982e-01 2.222801148891448975e-01 -1.394299208186566830e-03 -1.472798436880111694e-01
3.129151165485382080e-01 2.717815898358821869e-02 -4.339896142482757568e-03 1.449628770351409912e-01
3.134586811065673828e-01 2.223619967699050903e-01 -1.440638676285743713e-03 -1.490860432386398315e-01
3.179059028625488281e-01 2.726070024073123932e-02 -4.422359634190797806e-03 1.431420445442199707e-01
3.184511363506317139e-01 2.224457114934921265e-01 -1.559518626891076565e-03 -1.509327739477157593e-01
3.229000270366668701e-01 2.734612114727497101e-02 -4.578174091875553131e-03 1.412577480077743530e-01
3.234469592571258545e-01 2.225333452224731445e-01 -1.753018936142325401e-03 -1.528659909963607788e-01
3.278976380825042725e-01 2.743653394281864166e-02 -4.810338839888572693e-03 1.392633914947509766e-01
3.284463584423065186e-01 2.226270437240600586e-01 -2.025070833042263985e-03 -1.549332290887832642e-01
3.328988850116729736e-01 2.753415144979953766e-02 -5.123735405504703522e-03 1.371101438999176025e-01
3.334495723247528076e-01 2.227291166782379150e-01 -2.381532685831189156e-03 -1.571848243474960327e-01
3.379041552543640137e-01 2.764134295284748077e-02 -5.525229498744010925e-03 1.347458362579345703e-01
3.384569883346557617e-01 2.228419929742813110e-01 -2.830312820151448250e-03 -1.596750915050506592e-01
3.429138362407684326e-01 2.776068076491355896e-02 -6.023814436048269272e-03 1.321136057376861572e-01
3.434690535068511963e-01 2.229683995246887207e-01 -3.381542628630995750e-03 -1.624636650085449219e-01
3.479284048080444336e-01 2.789502032101154327e-02 -6.630816031247377396e-03 1.291505694389343262e-01
3.484863042831420898e-01 2.231113314628601074e-01 -4.047804512083530426e-03 -1.656168997287750244e-01
3.529485464096069336e-01 2.804755419492721558e-02 -7.360142655670642853e-03 1.257863044738769531e-01
3.535094857215881348e-01 2.232741713523864746e-01 -4.844416398555040359e-03 -1.692095398902893066e-01
3.579749763011932373e-01 2.822189219295978546e-02 -8.228607475757598877e-03 1.219411864876747131e-01
3.585394024848937988e-01 2.234607636928558350e-01 -5.789783783257007599e-03 -1.733263880014419556e-01
3.630086183547973633e-01 2.842215076088905334e-02 -9.256311692297458649e-03 1.175244376063346863e-01
3.635770678520202637e-01 2.236754894256591797e-01 -6.905822549015283585e-03 -1.780643463134765625e-01
3.680505752563476562e-01 2.865304797887802124e-02 -1.046710927039384842e-02 1.124320551753044128e-01
3.686236441135406494e-01 2.239234000444412231e-01 -8.218468166887760162e-03 -1.835347115993499756e-01
3.731020987033843994e-01 2.892000786960124969e-02 -1.188916247338056564e-02 1.065443009138107300e-01
3.736805021762847900e-01 2.242103070020675659e-01 -9.758276864886283875e-03 -1.898657679557800293e-01
3.781647086143493652e-01 2.922930382192134857e-02 -1.355559192597866058e-02 9.972291439771652222e-02
3.787493109703063965e-01 2.245428860187530518e-01 -1.156113389879465103e-02 -1.972057521343231201e-01
3.832401633262634277e-01 2.958818525075912476e-02 -1.550524868071079254e-02 9.180784970521926880e-02
3.838319182395935059e-01 2.249289005994796753e-01 -1.366909220814704895e-02 -2.057263702154159546e-01
3.883304893970489502e-01 3.000506572425365448e-02 -1.778361946344375610e-02 8.261349052190780640e-02
3.889305889606475830e-01 2.253773659467697144e-01 -1.613134890794754028e-02 -2.156267315149307251e-01
3.934381604194641113e-01 3.048970177769660950e-02 -2.044388465583324432e-02 7.192432135343551636e-02
3.940479457378387451e-01 2.258986830711364746e-01 -1.900539733469486237e-02 -2.271379977464675903e-01
3.985659182071685791e-01 3.105342946946620941e-02 -2.354815788567066193e-02 5.948986113071441650e-02
3.991869986057281494e-01 -1.637231111526489258e-01 -2.235835976898670197e-02 3.446511626243591309e-01
3.959125280380249023e-01 3.170964494347572327e-02 -1.546533685177564621e-02 4.500247538089752197e-02
3.965467214584350586e-01 -1.631871610879898071e-01 -1.456528808921575546e-02 3.327661156654357910e-01
3.932829797267913818e-01 3.213904052972793579e-02 -7.909965701401233673e-03 3.552583232522010803e-02
3.939257562160491943e-01 2.273735255002975464e-01 -7.199448999017477036e-03 -2.596422433853149414e-01
3.984732329845428467e-01 3.235508501529693604e-02 -1.239229366183280945e-02 3.076121956110000610e-02
3.991203308105468750e-01 -1.625869870185852051e-01 -1.177706941962242126e-02 3.195086121559143066e-01
3.958685994148254395e-01 3.270069882273674011e-02 -5.386896897107362747e-03 2.313503995537757874e-02
3.965226113796234131e-01 2.278994917869567871e-01 -4.924195818603038788e-03 -2.712426483631134033e-01
4.010805785655975342e-01 3.284814953804016113e-02 -1.034904830157756805e-02 1.988312043249607086e-02
4.017375409603118896e-01 -1.621238738298416138e-01 -9.951386600732803345e-03 3.092829287052154541e-01
3.984950780868530273e-01 3.313844650983810425e-02 -3.765727858990430832e-03 1.347828935831785202e-02
3.991578519344329834e-01 2.283142060041427612e-01 -3.496162127703428268e-03 -2.803903818130493164e-01
4.037241339683532715e-01 3.324229270219802856e-02 -9.103969670832157135e-03 1.118781324476003647e-02
4.043889641761779785e-01 -1.617479175329208374e-01 -8.880213834345340729e-03 3.009844720363616943e-01
4.011540114879608154e-01 3.349947184324264526e-02 -2.860523993149399757e-03 5.514197517186403275e-03
4.018239974975585938e-01 2.286623269319534302e-01 -2.750240033492445946e-03 -2.880698740482330322e-01
4.063972532749176025e-01 3.357970342040061951e-02 -8.511637337505817413e-03 3.744374494999647141e-03
4.070688486099243164e-01 -1.614191532135009766e-01 -8.436750620603561401e-03 2.937296628952026367e-01
4.038404524326324463e-01 3.382206335663795471e-02 -2.562156878411769867e-03 -1.602104050107300282e-03
4.045169055461883545e-01 2.289806604385375977e-01 -2.594199031591415405e-03 -2.950923144817352295e-01
4.090965092182159424e-01 3.389579430222511292e-02 -8.496045134961605072e-03 -3.228691639378666878e-03
4.097744226455688477e-01 -1.611032932996749878e-01 -8.560619316995143890e-03 2.867615520954132080e-01
4.065523743629455566e-01 3.413969650864601135e-02 -2.825387753546237946e-03 -8.608968928456306458e-03
4.072351753711700439e-01 -1.609416157007217407e-01 -2.997567178681492805e-03 2.831811904907226562e-01
4.040163159370422363e-01 3.422295674681663513e-02 2.666056388989090919e-03 -1.044565811753273010e-02
4.047007858753204346e-01 2.293065786361694336e-01 2.457143273204565048e-03 -3.022862076759338379e-01
4.092869162559509277e-01 3.414968773722648621e-02 -3.588581224903464317e-03 -8.829377591609954834e-03
4.099699258804321289e-01 -1.609206199645996094e-01 -3.765168832615017891e-03 2.827191650867462158e-01
4.067515134811401367e-01 3.425483778119087219e-02 1.889214268885552883e-03 -1.114890910685062408e-02
4.074366092681884766e-01 2.293496429920196533e-01 1.666235970333218575e-03 -3.032351732254028320e-01
4.120236039161682129e-01 3.420398756861686707e-02 -4.398467484861612320e-03 -1.002721395343542099e-02
4.127076566219329834e-01 -1.608546078205108643e-01 -4.599011503159999847e-03 2.812646925449371338e-01
4.094905853271484375e-01 3.433264046907424927e-02 1.026282436214387417e-03 -1.286517921835184097e-02
4.101772308349609375e-01 2.294398546218872070e-01 7.689789053983986378e-04 -3.052241206169128418e-01
4.147660136222839355e-01 3.430695831775665283e-02 -5.335503723472356796e-03 -1.229877956211566925e-02
4.154521524906158447e-01 -1.607380658388137817e-01 -5.581479053944349289e-03 2.786959707736968994e-01
4.122374057769775391e-01 3.446305543184280396e-02 -7.559841378679266199e-06 -1.574211008846759796e-02
4.129266738891601562e-01 2.295851111412048340e-01 -3.224020474590361118e-04 -3.084274232387542725e-01
4.175183773040771484e-01 3.446776047348976135e-02 -6.490950472652912140e-03 -1.584618911147117615e-02
4.182077348232269287e-01 -1.605605036020278931e-01 -6.807874422520399094e-03 2.747817039489746094e-01
4.149965047836303711e-01 3.465791419148445129e-02 -1.312239910475909710e-03 -2.004062570631504059e-02
4.156896770000457764e-01 -1.604451984167098999e-01 -1.713052392005920410e-03 2.722279727458953857e-01
4.124807715415954590e-01 3.470116108655929565e-02 3.731507342308759689e-03 -2.099475078284740448e-02
4.131747782230377197e-01 2.297693938016891479e-01 3.311612177640199661e-03 -3.124980032444000244e-01
4.177701771259307861e-01 3.460042923688888550e-02 -2.938347868621349335e-03 -1.877254620194435120e-02
4.184621870517730713e-01 -1.604792624711990356e-01 -3.313798923045396805e-03 2.729818522930145264e-01
4.152525961399078369e-01 3.468981757760047913e-02 2.145837992429733276e-03 -2.074441500008106232e-02
4.159463942050933838e-01 2.297809273004531860e-01 1.730949850752949715e-03 -3.127495348453521729e-01
4.205420315265655518e-01 3.463436290621757507e-02 -4.524040967226028442e-03 -1.952122151851654053e-02
4.212346971035003662e-01 -1.604224145412445068e-01 -4.914465360343456268e-03 2.717308998107910156e-01
4.180262684822082520e-01 3.476931154727935791e-02 5.201525636948645115e-04 -2.249801717698574066e-02
4.187216460704803467e-01 -1.603600978851318359e-01 7.019224722171202302e-05 2.703489661216735840e-01
4.155144393444061279e-01 3.476085513830184937e-02 5.477171856909990311e-03 -2.231180854141712189e-02
4.162096679210662842e-01 2.298038303852081299e-01 5.030935630202293396e-03 -3.132615983486175537e-01
4.208057224750518799e-01 3.461057320237159729e-02 -1.234296476468443871e-03 -1.899633370339870453e-02
4.214979410171508789e-01 -1.604936569929122925e-01 -1.614223117940127850e-03 2.732968926429748535e-01
4.182880818843841553e-01 3.465129062533378601e-02 3.851715009659528732e-03 -1.989471726119518280e-02
4.189811050891876221e-01 2.297177910804748535e-01 3.453820478171110153e-03 -3.113599121570587158e-01
4.235754609107971191e-01 3.454680740833282471e-02 -2.773377345874905586e-03 -1.758974418044090271e-02
4.242663979530334473e-01 -1.605352610349655151e-01 -3.125172341242432594e-03 2.742168605327606201e-01
4.210556745529174805e-01 3.463114053010940552e-02 2.359164878726005554e-03 -1.945011131465435028e-02
4.217483103275299072e-01 2.297191768884658813e-01 1.970162615180015564e-03 -3.113877475261688232e-01
4.263426959514617920e-01 3.456921502947807312e-02 -4.257592372596263885e-03 -1.808415539562702179e-02
4.270340800285339355e-01 -1.604914218187332153e-01 -4.619275685399770737e-03 2.732524275779724121e-01
4.238242506980895996e-01 3.469613939523696899e-02 8.457726216875016689e-04 -2.088385820388793945e-02
4.245181679725646973e-01 2.298059463500976562e-01 4.280954890418797731e-04 -3.132998049259185791e-01
4.291142821311950684e-01 3.467790409922599792e-02 -5.837900564074516296e-03 -2.048190869390964508e-02
4.298078417778015137e-01 -1.603598445653915405e-01 -6.247539073228836060e-03 2.703533768653869629e-01
4.266006648540496826e-01 3.485070168972015381e-02 -8.404711261391639709e-04 -2.429347671568393707e-02
4.272976517677307129e-01 -1.602591872215270996e-01 -1.326340716332197189e-03 2.681241631507873535e-01
4.240924715995788574e-01 3.488167002797126770e-02 4.036142490804195404e-03 -2.497681602835655212e-02
4.247901141643524170e-01 2.299455106258392334e-01 3.536605974659323692e-03 -3.163835704326629639e-01
4.293890297412872314e-01 3.477336093783378601e-02 -2.791065257042646408e-03 -2.258741669356822968e-02
4.300844967365264893e-01 -1.603084504604339600e-01 -3.242813516408205032e-03 2.692135870456695557e-01
4.268783330917358398e-01 3.485962375998497009e-02 2.141458215191960335e-03 -2.449037134647369385e-02
4.275755286216735840e-01 2.299508005380630493e-01 1.651650876738131046e-03 -3.164968788623809814e-01
4.321745336055755615e-01 3.480536118149757385e-02 -4.678286612033843994e-03 -2.329353243112564087e-02
4.328706264495849609e-01 -1.602491885423660278e-01 -5.144157446920871735e-03 2.679096758365631104e-01
4.296656548976898193e-01 3.494580090045928955e-02 2.140362339559942484e-04 -2.639130316674709320e-02
4.303645789623260498e-01 2.300646752119064331e-01 -3.137898456770926714e-04 -3.190066814422607422e-01
4.349658787250518799e-01 3.494719788432121277e-02 -6.693923845887184143e-03 -2.642273902893066406e-02
4.356648027896881104e-01 -1.600781232118606567e-01 -7.222378626465797424e-03 2.641406953334808350e-01
4.324632585048675537e-01 3.514617308974266052e-02 -1.939564710482954979e-03 -3.081147372722625732e-02
4.331661760807037354e-01 -1.599479168653488159e-01 -2.555794315412640572e-03 2.612588703632354736e-01
4.299672245979309082e-01 3.521043062210083008e-02 2.669383073225617409e-03 -3.222908824682235718e-02
4.306714236736297607e-01 2.302940040826797485e-01 2.024801447987556458e-03 -3.240686058998107910e-01
4.352773129940032959e-01 3.514327481389045715e-02 -4.456570837646722794e-03 -3.074782714247703552e-02
4.359801709651947021e-01 -1.599144786596298218e-01 -5.071527324616909027e-03 2.605256736278533936e-01
4.327818751335144043e-01 3.527949750423431396e-02 1.389863609801977873e-04 -3.375254943966865540e-02
4.334874749183654785e-01 -1.598444432020187378e-01 -5.360646173357963562e-04 2.589742243289947510e-01
4.302905797958374023e-01 3.528515249490737915e-02 4.643419757485389709e-03 -3.387773409485816956e-02
4.309962689876556396e-01 2.303402125835418701e-01 3.965865354984998703e-03 -3.250920176506042480e-01
4.356030821800231934e-01 3.516201674938201904e-02 -2.535974839702248573e-03 -3.116105496883392334e-02
4.363063275814056396e-01 -1.599234789609909058e-01 -3.159195883199572563e-03 2.607206702232360840e-01
4.331078529357910156e-01 3.524342924356460571e-02 2.055217511951923370e-03 -3.295703232288360596e-02
4.338127374649047852e-01 2.303358465433120728e-01 1.396076753735542297e-03 -3.249908089637756348e-01
4.384194314479827881e-01 3.519404679536819458e-02 -5.103739444166421890e-03 -3.186794742941856384e-02
4.391233325004577637e-01 -1.598543375730514526e-01 -5.741098430007696152e-03 2.592003345489501953e-01
4.359262287616729736e-01 3.534909337759017944e-02 -5.570916109718382359e-04 -3.528786823153495789e-02
4.366332292556762695e-01 -1.597648710012435913e-01 -1.262848963961005211e-03 2.572192251682281494e-01
4.334379136562347412e-01 3.537509217858314514e-02 3.881535725668072701e-03 -3.586174175143241882e-02
4.341454207897186279e-01 2.304411679506301880e-01 3.164300927892327309e-03 -3.273174762725830078e-01
4.387542307376861572e-01 3.527431190013885498e-02 -3.382048802450299263e-03 -3.363835811614990234e-02
4.394597411155700684e-01 -1.597989797592163086e-01 -4.054815974086523056e-03 2.579755783081054688e-01
4.362637400627136230e-01 3.538062795996665955e-02 1.104695722460746765e-03 -3.598353266716003418e-02
4.369713664054870605e-01 -1.597571521997451782e-01 3.850250795949250460e-04 2.570477426052093506e-01
4.337762296199798584e-01 3.535930439829826355e-02 5.525979679077863693e-03 -3.551372513175010681e-02
4.344834089279174805e-01 2.304015755653381348e-01 4.815705120563507080e-03 -3.264480531215667725e-01
4.390914440155029297e-01 3.521139547228813171e-02 -1.713255536742508411e-03 -3.225034847855567932e-02
4.397956728935241699e-01 -1.598859429359436035e-01 -2.358262659981846809e-03 2.598915398120880127e-01
4.365979433059692383e-01 3.526959195733070374e-02 2.839568071067333221e-03 -3.353428468108177185e-02
4.373033344745635986e-01 2.303507030010223389e-01 2.168882405385375023e-03 -3.253199458122253418e-01
4.419103562831878662e-01 3.519793972373008728e-02 -4.337516613304615021e-03 -3.195383772253990173e-02
4.426143169403076172e-01 -1.598615348339080811e-01 -4.976593423634767532e-03 2.593573927879333496e-01
4.394170939922332764e-01 3.533110022544860840e-02 2.105549356201663613e-04 -3.489104285836219788e-02
4.401237070560455322e-01 -1.597938686609268188e-01 -4.872659046668559313e-04 2.578583061695098877e-01
4.369278252124786377e-01 3.533503413200378418e-02 4.669900517910718918e-03 -3.497826680541038513e-02
4.376345276832580566e-01 2.303897142410278320e-01 3.970334772020578384e-03 -3.261841535568237305e-01
4.422423243522644043e-01 3.521145507693290710e-02 -2.553347963839769363e-03 -3.225179389119148254e-02
4.429465532302856445e-01 -1.598737835884094238e-01 -3.198383841663599014e-03 2.596244215965270996e-01
4.397490620613098145e-01 3.529367595911026001e-02 1.994104823097586632e-03 -3.406558930873870850e-02
4.404549598693847656e-01 2.303869724273681641e-01 1.312793116085231304e-03 -3.261186778545379639e-01
4.450626969337463379e-01 3.524635732173919678e-02 -5.209580529481172562e-03 -3.302205353975296021e-02
4.457676112651824951e-01 -1.598004996776580811e-01 -5.870021879673004150e-03 2.580126523971557617e-01
4.425716102123260498e-01 3.540476039052009583e-02 -7.097686757333576679e-04 -3.651596978306770325e-02
4.432797133922576904e-01 -1.597070097923278809e-01 -1.440088031813502312e-03 2.559429407119750977e-01
4.400855600833892822e-01 3.543547540903091431e-02 3.678770503029227257e-03 -3.719387203454971313e-02
4.407942593097686768e-01 2.305044829845428467e-01 2.934893127530813217e-03 -3.287138342857360840e-01
4.454043507575988770e-01 3.534087166190147400e-02 -3.639383707195520401e-03 -3.510683402419090271e-02
4.461111724376678467e-01 -1.597287058830261230e-01 -4.341520369052886963e-03 2.564256191253662109e-01
4.429166018962860107e-01 3.545496612787246704e-02 7.869919063523411751e-04 -3.762353211641311646e-02
4.436256885528564453e-01 -1.596782654523849487e-01 3.452129749348387122e-05 2.553075850009918213e-01
4.404321312904357910e-01 3.544319793581962585e-02 5.140673369169235229e-03 -3.736444190144538879e-02
4.411410093307495117e-01 2.304910570383071899e-01 4.393384326249361038e-03 -3.284209966659545898e-01
4.457508325576782227e-01 3.530683368444442749e-02 -2.175035886466503143e-03 -3.435585647821426392e-02
4.464569687843322754e-01 -1.597838550806045532e-01 -2.862152876332402229e-03 2.576400339603424072e-01
4.432612955570220947e-01 3.537883609533309937e-02 2.290647709742188454e-03 -3.594428673386573792e-02
4.439688622951507568e-01 2.304678708314895630e-01 1.571761909872293472e-03 -3.279035985469818115e-01
4.485782086849212646e-01 3.532357141375541687e-02 -4.986310377717018127e-03 -3.472543507814407349e-02
4.492846727371215820e-01 -1.597265154123306274e-01 -5.680819042026996613e-03 2.563801109790802002e-01
4.460901618003845215e-01 3.547607734799385071e-02 -5.532170180231332779e-04 -3.808922320604324341e-02
4.467996656894683838e-01 -1.596379429101943970e-01 -1.315001514740288258e-03 2.544191181659698486e-01
4.436069130897521973e-01 3.550276532769203186e-02 3.773380536586046219e-03 -3.867830336093902588e-02
4.443169832229614258e-01 2.305704057216644287e-01 2.999814460054039955e-03 -3.301683068275451660e-01
4.489283859729766846e-01 3.540587797760963440e-02 -3.603551536798477173e-03 -3.654089197516441345e-02
4.496364891529083252e-01 -1.596642136573791504e-01 -4.334369674324989319e-03 2.550029158592224121e-01
4.464432299137115479e-01 3.551935404539108276e-02 7.656886009499430656e-04 -3.904400020837783813e-02
4.471535980701446533e-01 -1.596135646104812622e-01 -1.519144643680192530e-05 2.538804113864898682e-01
4.439613223075866699e-01 3.550859913229942322e-02 5.062416661530733109e-03 -3.880731016397476196e-02
4.446715116500854492e-01 2.305575907230377197e-01 4.286270588636398315e-03 -3.298887014389038086e-01
4.492826461791992188e-01 3.537488728761672974e-02 -2.311503514647483826e-03 -3.585717454552650452e-02
4.499901533126831055e-01 -1.597138345241546631e-01 -3.028647042810916901e-03 2.560955584049224854e-01
4.467958807945251465e-01 3.545122221112251282e-02 2.093263901770114899e-03 -3.754111751914024353e-02
4.475049078464508057e-01 2.305430918931961060e-01 1.342441653832793236e-03 -3.295628726482391357e-01
4.521157741546630859e-01 3.540205582976341248e-02 -5.248815752565860748e-03 -3.645689785480499268e-02
4.528238177299499512e-01 -1.596442312002182007e-01 -5.977953784167766571e-03 2.545653581619262695e-01
4.496309161186218262e-01 3.556255996227264404e-02 -8.866463322192430496e-04 -3.999710083007812500e-02
4.503421783447265625e-01 -1.595466583967208862e-01 -1.686588395386934280e-03 2.524059414863586426e-01
4.471512436866760254e-01 3.559932857751846313e-02 3.361530601978302002e-03 -4.080848395824432373e-02
4.478632211685180664e-01 2.306729108095169067e-01 2.545360941439867020e-03 -3.324289321899414062e-01
4.524766802787780762e-01 3.551482781767845154e-02 -4.103217739611864090e-03 -3.894440457224845886e-02
4.531869888305664062e-01 -1.595480442047119141e-01 -4.882105626165866852e-03 2.524411082267761230e-01
4.499960243701934814e-01 3.564327582716941833e-02 1.667163305683061481e-04 -4.177772998809814453e-02
4.507088959217071533e-01 -1.594810634851455688e-01 -6.688382709398865700e-04 2.509577870368957520e-01
4.475192725658416748e-01 3.565043210983276367e-02 4.350317642092704773e-03 -4.193602502346038818e-02
4.482322633266448975e-01 2.307097315788269043e-01 3.511597169563174248e-03 -3.332432210445404053e-01
4.528464674949645996e-01 3.553797677159309387e-02 -3.153267083689570427e-03 -3.945497795939445496e-02
4.535572230815887451e-01 -1.595386117696762085e-01 -3.942366689443588257e-03 2.522313892841339111e-01
4.503664374351501465e-01 3.563940525054931641e-02 1.102261128835380077e-03 -4.169241711497306824e-02
4.510792493820190430e-01 2.307455390691757202e-01 2.684128121472895145e-04 -3.340273797512054443e-01
4.556941390037536621e-01 3.561976552009582520e-02 -6.412134505808353424e-03 -4.125980660319328308e-02
4.564065337181091309e-01 -1.594096571207046509e-01 -7.237330544739961624e-03 2.493931502103805542e-01
4.532183408737182617e-01 3.581489995121955872e-02 -2.249467652291059494e-03 -4.556376859545707703e-02
4.539346396923065186e-01 -1.592747271060943604e-01 -3.160743042826652527e-03 2.464085817337036133e-01
4.507491588592529297e-01 3.589222952723503113e-02 1.767428591847419739e-03 -4.726963862776756287e-02
4.514670073986053467e-01 -1.592550277709960938e-01 8.220358868129551411e-04 2.459703981876373291e-01
4.482819139957427979e-01 3.585517778992652893e-02 5.741443950682878494e-03 -4.645311832427978516e-02
4.489990174770355225e-01 2.308943271636962891e-01 4.812381695955991745e-03 -3.373190462589263916e-01
4.536168873310089111e-01 3.570422902703285217e-02 -1.933999476023018360e-03 -4.312245547771453857e-02
4.543309807777404785e-01 -1.593899279832839966e-01 -2.796448534354567528e-03 2.489496469497680664e-01
4.511431753635406494e-01 3.577183932065963745e-02 2.182544441893696785e-03 -4.461402446031570435e-02
4.518586099147796631e-01 2.308624237775802612e-01 1.290263840928673744e-03 -3.366075456142425537e-01
4.564758539199829102e-01 3.572214022278785706e-02 -5.441886838525533676e-03 -4.351801425218582153e-02
4.571903049945831299e-01 -1.593213528394699097e-01 -6.312247365713119507e-03 2.474429905414581299e-01
4.540038704872131348e-01 3.589017316699028015e-02 -1.363387331366539001e-03 -4.722425714135169983e-02
4.547216892242431641e-01 -1.592122018337249756e-01 -2.307872520759701729e-03 2.450281977653503418e-01
4.515374302864074707e-01 3.594263643026351929e-02 2.592691453173756599e-03 -4.838179424405097961e-02
4.522562921047210693e-01 2.310273200273513794e-01 1.625055563636124134e-03 -3.402455747127532959e-01
4.568768441677093506e-01 3.588227927684783936e-02 -5.179855972528457642e-03 -4.705064371228218079e-02
4.575944840908050537e-01 -1.591650098562240601e-01 -6.120868958532810211e-03 2.439935058355331421e-01
4.544111788272857666e-01 3.604382649064064026e-02 -1.240998972207307816e-03 -5.061379820108413696e-02
4.551320672035217285e-01 -1.590603142976760864e-01 -2.253274898976087570e-03 2.416773289442062378e-01
4.519508481025695801e-01 3.609375655651092529e-02 2.580271568149328232e-03 -5.171549320220947266e-02
4.526727199554443359e-01 -1.590650975704193115e-01 1.545961713418364525e-03 2.417804151773452759e-01
4.494914114475250244e-01 3.603473678231239319e-02 6.381569895893335342e-03 -5.041447654366493225e-02
4.502121210098266602e-01 2.310646027326583862e-01 5.373280495405197144e-03 -3.410771489143371582e-01
4.548334181308746338e-01 3.586661443114280701e-02 -1.448262715712189674e-03 -4.670466110110282898e-02
4.555507302284240723e-01 -1.592345386743545532e-01 -2.382355974987149239e-03 2.455209791660308838e-01
4.523660540580749512e-01 3.592135757207870483e-02 2.528063487261533737e-03 -4.791245236992835999e-02
4.530844688415527344e-01 2.310069650411605835e-01 1.569814630784094334e-03 -3.397966921329498291e-01
4.577046334743499756e-01 3.586271405220031738e-02 -5.226118955761194229e-03 -4.661913588643074036e-02
4.584218859672546387e-01 -1.591839045286178589e-01 -6.158501841127872467e-03 2.444103360176086426e-01
4.552381932735443115e-01 3.602546080946922302e-02 -1.270295120775699615e-03 -5.020875856280326843e-02
4.559586942195892334e-01 -1.590782552957534790e-01 -2.274470403790473938e-03 2.420731037855148315e-01
4.527771472930908203e-01 3.607611358165740967e-02 2.566991839557886124e-03 -5.132637917995452881e-02
4.534986615180969238e-01 -1.590825468301773071e-01 1.540464232675731182e-03 2.421653419733047485e-01
4.503170251846313477e-01 3.601736202836036682e-02 6.383771076798439026e-03 -5.003127828240394592e-02
4.510373473167419434e-01 2.310471981763839722e-01 5.383145529776811600e-03 -3.406932651996612549e-01
4.556583166122436523e-01 3.584906831383705139e-02 -1.430719275958836079e-03 -4.631766304373741150e-02
4.563752710819244385e-01 -1.592523306608200073e-01 -2.357072662562131882e-03 2.459135204553604126e-01
4.531902372837066650e-01 3.590320050716400146e-02 2.561197616159915924e-03 -4.751195758581161499e-02
4.539082944393157959e-01 2.309883385896682739e-01 1.610958483070135117e-03 -3.393857181072235107e-01
4.585280716419219971e-01 3.584349527955055237e-02 -5.176755599677562714e-03 -4.619520530104637146e-02
4.592449367046356201e-01 -1.592038422822952271e-01 -6.100659724324941635e-03 2.448499202728271484e-01
4.560608565807342529e-01 3.600470721721649170e-02 -1.203661202453076839e-03 -4.975104331970214844e-02
4.567809402942657471e-01 -1.590999662876129150e-01 -2.198682166635990143e-03 2.425518780946731567e-01
4.535989463329315186e-01 3.605332598090171814e-02 2.652355469763278961e-03 -5.082375928759574890e-02
4.543200135231018066e-01 2.311371415853500366e-01 1.635880209505558014e-03 -3.426686823368072510e-01
4.589427709579467773e-01 3.599195927381515503e-02 -5.217493046075105667e-03 -4.947033151984214783e-02
4.596626162528991699e-01 -1.590547859668731689e-01 -6.206899881362915039e-03 2.415618747472763062e-01
4.564815163612365723e-01 3.615526854991912842e-02 -1.375662162899971008e-03 -5.307239294052124023e-02
4.572046101093292236e-01 -1.589469313621520996e-01 -2.437110058963298798e-03 2.391761839389801025e-01
4.540256857872009277e-01 3.620975464582443237e-02 2.346413675695657730e-03 -5.427447706460952759e-02
4.547498822212219238e-01 -1.589457690715789795e-01 1.260924036614596844e-03 2.391478419303894043e-01
4.515709578990936279e-01 3.615815192461013794e-02 6.043880712240934372e-03 -5.313709378242492676e-02
4.522941112518310547e-01 2.311929166316986084e-01 4.981138743460178375e-03 -3.439070284366607666e-01
4.569179713726043701e-01 3.600046411156654358e-02 -1.897001406177878380e-03 -4.965751245617866516e-02
4.576379954814910889e-01 -1.590942293405532837e-01 -2.890151692554354668e-03 2.424262911081314087e-01
4.544560909271240234e-01 3.606887906789779663e-02 1.958374166861176491e-03 -5.116686224937438965e-02
4.551774859428405762e-01 -1.590811014175415039e-01 9.350368636660277843e-04 2.421333044767379761e-01
4.519958496093750000e-01 3.602748736739158630e-02 5.777703132480382919e-03 -5.025454238057136536e-02
4.527164101600646973e-01 2.310661226511001587e-01 4.772611893713474274e-03 -3.411089777946472168e-01
4.573377370834350586e-01 3.587658703327178955e-02 -2.049567177891731262e-03 -4.692486673593521118e-02
4.580552577972412109e-01 -1.592159122228622437e-01 -2.988064661622047424e-03 2.451107054948806763e-01
4.548709392547607422e-01 3.594858571887016296e-02 1.914149383082985878e-03 -4.851323738694190979e-02
4.555899202823638916e-01 2.310430407524108887e-01 9.438846609555184841e-04 -3.405916094779968262e-01
4.602107703685760498e-01 3.590767085552215576e-02 -5.867947824299335480e-03 -4.761119186878204346e-02
4.609289169311523438e-01 -1.591296494007110596e-01 -6.820171605795621872e-03 2.432145774364471436e-01
4.577463269233703613e-01 3.608905151486396790e-02 -1.955879852175712585e-03 -5.161177366971969604e-02
4.584681093692779541e-01 -1.590048074722290039e-01 -2.988115418702363968e-03 2.404534220695495605e-01
4.552880227565765381e-01 3.615970909595489502e-02 1.820952980779111385e-03 -5.317054688930511475e-02
4.560112059116363525e-01 -1.589883118867874146e-01 7.575420313514769077e-04 2.400863468647003174e-01
4.528314471244812012e-01 3.612281754612922668e-02 5.559268873184919357e-03 -5.235753208398818970e-02
4.535539150238037109e-01 2.311646193265914917e-01 4.512118641287088394e-03 -3.432812988758087158e-01
4.581772089004516602e-01 3.597876429557800293e-02 -2.353507326915860176e-03 -4.917893558740615845e-02
4.588967859745025635e-01 -1.591093689203262329e-01 -3.337086178362369537e-03 2.427605092525482178e-01
4.557145833969116211e-01 3.606009855866432190e-02 1.518124132417142391e-03 -5.097314715385437012e-02
4.564357995986938477e-01 -1.590835899114608765e-01 4.986611311323940754e-04 2.421883791685104370e-01
4.532541036605834961e-01 3.603123500943183899e-02 5.342428572475910187e-03 -5.033722147345542908e-02
4.539747536182403564e-01 2.310761809349060059e-01 4.335684236139059067e-03 -3.413297832012176514e-01
4.585962593555450439e-01 3.589280694723129272e-02 -2.490911632776260376e-03 -4.728280007839202881e-02
4.593141078948974609e-01 -1.591933369636535645e-01 -3.436567727476358414e-03 2.446131855249404907e-01
4.561302661895751953e-01 3.597752749919891357e-02 1.455695834010839462e-03 -4.915174096822738647e-02
4.568498134613037109e-01 -1.591652631759643555e-01 4.726610786747187376e-04 2.439901083707809448e-01
4.536665081977844238e-01 3.594993054866790771e-02 5.352463573217391968e-03 -4.854368418455123901e-02
4.543854892253875732e-01 2.309947311878204346e-01 4.381589591503143311e-03 -3.395330607891082764e-01
4.590053856372833252e-01 3.581070154905319214e-02 -2.409071661531925201e-03 -4.547166079282760620e-02
4.597215950489044189e-01 -1.592766195535659790e-01 -3.318504896014928818e-03 2.464502006769180298e-01
4.565360844135284424e-01 3.589256852865219116e-02 1.610499224625527859e-03 -4.727760329842567444e-02
4.572539329528808594e-01 2.309913933277130127e-01 6.649471470154821873e-04 -3.394519686698913574e-01
4.618737399578094482e-01 3.585998341441154480e-02 -6.124092265963554382e-03 -4.655942693352699280e-02
4.625909626483917236e-01 -1.591736227273941040e-01 -7.055280730128288269e-03 2.441850155591964722e-01
4.594074785709381104e-01 3.604838997125625610e-02 -2.171580446884036064e-03 -5.071494355797767639e-02
4.601284563541412354e-01 -1.590423583984375000e-01 -3.185879206284880638e-03 2.412820458412170410e-01
4.569475948810577393e-01 3.612495958805084229e-02 1.639761496335268021e-03 -5.240409448742866516e-02
4.576700925827026367e-01 -1.590204685926437378e-01 5.916796508245170116e-04 2.407957464456558228e-01
4.544896781444549561e-01 3.609302639961242676e-02 5.407594610005617142e-03 -5.170049518346786499e-02
4.552115499973297119e-01 2.311370223760604858e-01 4.373584408313035965e-03 -3.426723778247833252e-01
4.598342776298522949e-01 3.595312312245368958e-02 -2.479863120242953300e-03 -4.861350730061531067e-02
4.605533480644226074e-01 -1.591331809759140015e-01 -3.452133387327194214e-03 2.432859688997268677e-01
4.573706984519958496e-01 3.603791072964668274e-02 1.413585967384278774e-03 -5.048384517431259155e-02
4.580914378166198730e-01 -1.591042876243591309e-01 4.039090417791157961e-04 2.426447421312332153e-01
4.549093544483184814e-01 3.601189702749252319e-02 5.256803706288337708e-03 -4.991075396537780762e-02
4.556295871734619141e-01 2.310580760240554810e-01 4.258588887751102448e-03 -3.409304916858673096e-01
4.602507650852203369e-01 3.587579727172851562e-02 -2.560020890086889267e-03 -4.690769687294960022e-02
4.609682857990264893e-01 -1.592093557119369507e-01 -3.498174948617815971e-03 2.449664175510406494e-01
4.577840864658355713e-01 3.596238791942596436e-02 1.401153509505093098e-03 -4.881785809993743896e-02
4.585033357143402100e-01 2.310642153024673462e-01 4.247963661327958107e-04 -3.410583734512329102e-01
4.631246328353881836e-01 3.593622520565986633e-02 -6.396371405571699142e-03 -4.824152588844299316e-02
4.638433456420898438e-01 -1.590934246778488159e-01 -7.361201569437980652e-03 2.424164414405822754e-01
4.606614708900451660e-01 3.613289818167686462e-02 -2.512872917577624321e-03 -5.257927998900413513e-02
4.613841474056243896e-01 -1.589529365301132202e-01 -3.564458573237061501e-03 2.393097579479217529e-01
4.582050740718841553e-01 3.621975705027580261e-02 1.221736660227179527e-03 -5.449536442756652832e-02
4.589294791221618652e-01 -1.589196920394897461e-01 1.318294089287519455e-04 2.385727763175964355e-01
4.557510912418365479e-01 3.620037809014320374e-02 4.903284832835197449e-03 -5.406856164336204529e-02
4.564750790596008301e-01 2.312516868114471436e-01 3.821913851425051689e-03 -3.452004492282867432e-01
4.611001312732696533e-01 3.607556968927383423e-02 -3.082094946876168251e-03 -5.131477490067481995e-02
4.618216454982757568e-01 -1.590020507574081421e-01 -4.108390305191278458e-03 2.403941303491592407e-01
4.586415886878967285e-01 3.617834672331809998e-02 6.994922296144068241e-04 -5.358185619115829468e-02
4.593651592731475830e-01 -1.589536219835281372e-01 -3.721448883879929781e-04 2.393216788768768311e-01
4.561860859394073486e-01 3.617363795638084412e-02 4.414288792759180069e-03 -5.347860231995582581e-02
4.569095671176910400e-01 2.312320172786712646e-01 3.344716737046837807e-03 -3.447655141353607178e-01
4.615342020988464355e-01 3.606264665722846985e-02 -3.550593741238117218e-03 -5.102976039052009583e-02
4.622554481029510498e-01 -1.590082198381423950e-01 -4.571188706904649734e-03 2.405308187007904053e-01
4.590752720832824707e-01 3.617873787879943848e-02 2.394273906247690320e-04 -5.359048023819923401e-02
4.597988724708557129e-01 -1.589466482400894165e-01 -8.323821821250021458e-04 2.391679733991622925e-01
4.566199183464050293e-01 3.618718683719635010e-02 3.950977232307195663e-03 -5.377738922834396362e-02
4.573436677455902100e-01 2.312522679567337036e-01 2.875429578125476837e-03 -3.452111482620239258e-01
4.619687199592590332e-01 3.608952462673187256e-02 -4.028792958706617355e-03 -5.162286758422851562e-02
4.626905024051666260e-01 -1.589744240045547485e-01 -5.061250645667314529e-03 2.397862225770950317e-01
4.595110118389129639e-01 3.621945902705192566e-02 -2.655259449966251850e-04 -5.448885634541511536e-02
4.602354168891906738e-01 -1.588986814022064209e-01 -1.355303102172911167e-03 2.381102889776229858e-01
4.570574462413787842e-01 3.624260425567626953e-02 3.406902542337775230e-03 -5.499983578920364380e-02
4.577822983264923096e-01 2.313155382871627808e-01 2.306905807927250862e-03 -3.466059267520904541e-01
4.624086022377014160e-01 3.616085276007652283e-02 -4.625212401151657104e-03 -5.319643020629882812e-02
4.631318151950836182e-01 -1.588944792747497559e-01 -5.689140874892473221e-03 2.380236238241195679e-01
4.599539339542388916e-01 3.630828857421875000e-02 -9.286685381084680557e-04 -5.644838139414787292e-02
4.606800973415374756e-01 -1.588003337383270264e-01 -2.057636156678199768e-03 2.359413951635360718e-01
4.575040936470031738e-01 3.635095059871673584e-02 2.661191858351230621e-03 -5.738985911011695862e-02
4.582310914993286133e-01 -1.588090509176254272e-01 1.513394643552601337e-03 2.361315041780471802e-01
4.550549089908599854e-01 3.629124164581298828e-02 6.236024666577577591e-03 -5.607366934418678284e-02
4.557807445526123047e-01 2.313232272863388062e-01 5.114551167935132980e-03 -3.467825651168823242e-01
4.604071974754333496e-01 3.612890094518661499e-02 -1.821100246161222458e-03 -5.249124392867088318e-02
4.611297845840454102e-01 -1.589668989181518555e-01 -2.870925003662705421e-03 2.396165579557418823e-01
4.579504430294036865e-01 3.619595244526863098e-02 1.921406015753746033e-03 -5.397056043148040771e-02
4.586743712425231934e-01 -1.589534878730773926e-01 8.419948280788958073e-04 2.393179684877395630e-01
4.554952979087829590e-01 3.615641966462135315e-02 5.628353916108608246e-03 -5.309925228357315063e-02
4.562184214591979980e-01 2.311972081661224365e-01 4.566369112581014633e-03 -3.440010845661163330e-01
4.608423709869384766e-01 3.601060062646865845e-02 -2.313652541488409042e-03 -4.988171160221099854e-02
4.615625739097595215e-01 -1.590780913829803467e-01 -3.311286913231015205e-03 2.420703470706939697e-01
4.583810269832611084e-01 3.609099611639976501e-02 1.530120032839477062e-03 -5.165521055459976196e-02
4.591028392314910889e-01 -1.590528637170791626e-01 4.970157751813530922e-04 2.415100932121276855e-01
4.559217989444732666e-01 3.606198728084564209e-02 5.327217746526002884e-03 -5.101602524518966675e-02
4.566430151462554932e-01 2.311071455478668213e-01 4.306897055357694626e-03 -3.420134186744689941e-01
4.612651765346527100e-01 3.592418506741523743e-02 -2.533371327444911003e-03 -4.797546938061714172e-02
4.619836509227752686e-01 -1.591613441705703735e-01 -3.492880612611770630e-03 2.439070791006088257e-01
4.588004350662231445e-01 3.601032122969627380e-02 1.385260955430567265e-03 -4.987553879618644714e-02
4.595206379890441895e-01 -1.591314673423767090e-01 3.877501294482499361e-04 2.432441264390945435e-01
4.563379883766174316e-01 3.598494455218315125e-02 5.252632778137922287e-03 -4.931646585464477539e-02
4.570577144622802734e-01 2.310311794281005859e-01 4.266303498297929764e-03 -3.403375148773193359e-01
4.616783261299133301e-01 3.584878891706466675e-02 -2.540447283536195755e-03 -4.631230980157852173e-02
4.623953104019165039e-01 -1.592366397380828857e-01 -3.466693451628088951e-03 2.455680072307586670e-01
4.592105746269226074e-01 3.593465313315391541e-02 1.444666646420955658e-03 -4.820638522505760193e-02
4.599292576313018799e-01 2.310358583927154541e-01 4.805389326065778732e-04 -3.404331505298614502e-01
4.645499885082244873e-01 3.590707480907440186e-02 -6.328124087303876877e-03 -4.759873449802398682e-02
4.652681052684783936e-01 -1.591235697269439697e-01 -7.280098740011453629e-03 2.430809140205383301e-01
