-4.996360093355178833e-02 2.648692578077316284e-02 2.624399028718471527e-03 3.770960867404937744e-02
-4.943386092782020569e-02 2.215711474418640137e-01 3.378591267392039299e-03 -2.541441321372985840e-01
-4.500243812799453735e-02 2.640111744403839111e-02 -1.704291556961834431e-03 3.960253670811653137e-02
-4.447441920638084412e-02 2.215474694967269897e-01 -9.122408227995038033e-04 -2.536176145076751709e-01
-4.004346951842308044e-02 2.643855102360248566e-02 -5.984593182802200317e-03 3.877742588520050049e-02
-3.951469808816909790e-02 2.216458022594451904e-01 -5.209044553339481354e-03 -2.557876706123352051e-01
-3.508178144693374634e-02 2.659861557185649872e-02 -1.032479852437973022e-02 3.524769470095634460e-02
-3.454980999231338501e-02 2.218670994043350220e-01 -9.619844146072864532e-03 -2.606748342514038086e-01
-3.011246770620346069e-02 2.688377909362316132e-02 -1.483334135264158249e-02 2.895839884877204895e-02
-2.957479096949100494e-02 -1.680223494768142700e-01 -1.425417326390743256e-02 3.169245719909667969e-01
-3.293523937463760376e-02 2.729970403015613556e-02 -7.915682159364223480e-03 1.978068798780441284e-02
-3.238924220204353333e-02 -1.677078455686569214e-01 -7.520067971199750900e-03 3.099556565284729004e-01
-3.574340045452117920e-02 2.752044424414634705e-02 -1.320954877883195877e-03 1.491062715649604797e-02
-3.519299253821372986e-02 2.226613163948059082e-01 -1.022742362692952156e-03 -2.781887948513031006e-01
-3.073976561427116394e-02 2.755396813154220581e-02 -6.586518138647079468e-03 1.417139545083045959e-02
-3.018868714570999146e-02 -1.674729138612747192e-01 -6.303090136498212814e-03 3.047689497470855713e-01
-3.353814408183097839e-02 2.773829922080039978e-02 -2.077113022096455097e-04 1.010485365986824036e-02
-3.298337757587432861e-02 2.228632271289825439e-01 -5.614234396489337087e-06 -2.826436161994934082e-01
-2.852611429989337921e-02 2.774135582149028778e-02 -5.658486392349004745e-03 1.003755442798137665e-02
-2.797128632664680481e-02 -1.672989875078201294e-01 -5.457735154777765274e-03 3.009298145771026611e-01
-3.131726756691932678e-02 2.790032513439655304e-02 5.608609062619507313e-04 6.530627142637968063e-03
-3.075926005840301514e-02 2.230142354965209961e-01 6.914734258316457272e-04 -2.859752774238586426e-01
-2.629897557199001312e-02 2.788242138922214508e-02 -5.028032232075929642e-03 6.925643421709537506e-03
-2.574132755398750305e-02 -1.671670675277709961e-01 -4.889519419521093369e-03 2.980179190635681152e-01
-2.908466756343841553e-02 2.802424691617488861e-02 1.070839236490428448e-03 3.796959063038229942e-03
-2.852418273687362671e-02 2.231308221817016602e-01 1.146778347901999950e-03 -2.885479032993316650e-01
-2.406156621873378754e-02 2.799253910779953003e-02 -4.624180030077695847e-03 4.496476147323846817e-03
-2.350171655416488647e-02 -1.670627892017364502e-01 -4.534250125288963318e-03 2.957168519496917725e-01
-2.684297226369380951e-02 2.812350727617740631e-02 1.380086410790681839e-03 1.607336453162133694e-03
-2.628050185739994049e-02 2.232256382703781128e-01 1.412233221344649792e-03 -2.906398475170135498e-01
-2.181598916649818420e-02 2.808357961475849152e-02 -4.400563426315784454e-03 2.488157246261835098e-03
-2.125431783497333527e-02 -1.669749915599822998e-01 -4.350800532847642899e-03 2.937794029712677002e-01
-2.459381707012653351e-02 2.820872515439987183e-02 1.524787745438516140e-03 -2.725155500229448080e-04
-2.402964234352111816e-02 2.233087718486785889e-01 1.519337529316544533e-03 -2.924739718437194824e-01
-1.956346631050109863e-02 2.816519327461719513e-02 -4.330141935497522354e-03 6.877551786601543427e-04
-1.900016330182552338e-02 -1.668943911790847778e-01 -4.316386766731739044e-03 2.920013368129730225e-01
-2.233805134892463684e-02 2.828883938491344452e-02 1.523639890365302563e-03 -2.039799233898520470e-03
-2.177227474749088287e-02 -1.668549329042434692e-01 1.482843887060880661e-03 2.911234796047210693e-01
-2.510937303304672241e-02 2.824584580957889557e-02 7.305313367396593094e-03 -1.091421814635396004e-03
-2.454445511102676392e-02 2.232622653245925903e-01 7.283484563231468201e-03 -2.914605140686035156e-01
-2.007921040058135986e-02 2.803722769021987915e-02 1.454274635761976242e-03 3.510611131787300110e-03
-1.951846666634082794e-02 2.231382876634597778e-01 1.524486811831593513e-03 -2.887131273746490479e-01
-1.505570020526647568e-02 2.799463644623756409e-02 -4.249775782227516174e-03 4.450225271284580231e-03
-1.449580769985914230e-02 -1.670661121606826782e-01 -4.160771146416664124e-03 2.957892715930938721e-01
-1.783712953329086304e-02 2.811490930616855621e-02 1.755014411173760891e-03 1.797013566829264164e-03
-1.727483049035072327e-02 -1.670321673154830933e-01 1.790954614989459515e-03 2.950331568717956543e-01
-2.061547525227069855e-02 2.806420437991619110e-02 7.691617589443922043e-03 2.915602410212159157e-03
-2.005419135093688965e-02 2.230750024318695068e-01 7.749929558485746384e-03 -2.873306274414062500e-01
-1.559269055724143982e-02 2.784339711070060730e-02 2.003317000344395638e-03 7.786441594362258911e-03
-1.503582205623388290e-02 2.229365557432174683e-01 2.159045776352286339e-03 -2.842637300491333008e-01
-1.057709101587533951e-02 2.778388373553752899e-02 -3.526228945702314377e-03 9.099352173507213593e-03
-1.002141367644071579e-02 -1.672873198986053467e-01 -3.344241995364427567e-03 3.006676435470581055e-01
-1.336716022342443466e-02 2.788213826715946198e-02 2.669110661372542381e-03 6.931874435395002365e-03
-1.280951686203479767e-02 -1.672779917716979980e-01 2.807748038321733475e-03 3.004557490348815918e-01
-1.615507714450359344e-02 2.780382893979549408e-02 8.816863410174846649e-03 8.659643121063709259e-03
-1.559900026768445969e-02 2.227982282638549805e-01 8.990055881440639496e-03 -2.812284827232360840e-01
-1.114303618669509888e-02 2.754920348525047302e-02 3.365486394613981247e-03 1.427627727389335632e-02
-1.059205178171396255e-02 2.226227223873138428e-01 3.651011968031525612e-03 -2.773429155349731445e-01
-6.139597389847040176e-03 2.744888141751289368e-02 -1.895845984108746052e-03 1.648931391537189484e-02
-5.590619519352912903e-03 -1.676458269357681274e-01 -1.566059770993888378e-03 3.085734844207763672e-01
-8.943536318838596344e-03 2.749839983880519867e-02 4.605409689247608185e-03 1.539706904441118240e-02
-8.393567986786365509e-03 2.225539982318878174e-01 4.913351032882928848e-03 -2.758292555809020996e-01
-3.942488227039575577e-03 2.736229822039604187e-02 -6.032337551005184650e-04 1.839929632842540741e-02
-3.395242150872945786e-03 -1.677509993314743042e-01 -2.352478186367079616e-04 3.108918368816375732e-01
-6.750262342393398285e-03 2.737430483102798462e-02 5.982588976621627808e-03 1.813472807407379150e-02
-6.202775985002517700e-03 2.224099487066268921e-01 6.345283240079879761e-03 -2.726546227931976318e-01
-1.754577038809657097e-03 2.719803526997566223e-02 8.921907283365726471e-04 2.202284336090087891e-02
-1.210616319440305233e-03 -1.679366976022720337e-01 1.332647632807493210e-03 3.149871230125427246e-01
-4.569350276142358780e-03 2.716624364256858826e-02 7.632390130311250687e-03 2.272477746009826660e-02
-4.026025533676147461e-03 2.221779078245162964e-01 8.086886256933212280e-03 -2.675403058528900146e-01
4.175328358542174101e-04 2.694148756563663483e-02 2.736079739406704903e-03 2.768227458000183105e-02
9.563625790178775787e-04 2.220240980386734009e-01 3.289725165814161301e-03 -2.641361355781555176e-01
5.396844353526830673e-03 2.685534209012985229e-02 -1.992997480556368828e-03 2.958258613944053650e-02
5.933951120823621750e-03 -1.682379692792892456e-01 -1.401345711201429367e-03 3.216360211372375488e-01
2.569191856309771538e-03 2.690390869975090027e-02 5.031374748796224594e-03 2.851150929927825928e-02
3.107269993051886559e-03 2.219533473253250122e-01 5.601604934781789780e-03 -2.625797390937805176e-01
7.546336855739355087e-03 2.675188519060611725e-02 3.500106104183942080e-04 3.186473250389099121e-02
8.081374689936637878e-03 -1.683750897645950317e-01 9.873053058981895447e-04 3.246580660343170166e-01
4.713872913271188736e-03 2.673279680311679840e-02 7.480466738343238831e-03 3.228666260838508606e-02
5.248528905212879181e-03 2.217466831207275391e-01 8.126200176775455475e-03 -2.580267488956451416e-01
9.683462791144847870e-03 2.650966309010982513e-02 2.965665189549326897e-03 3.720818832516670227e-02
1.021365541964769363e-02 -1.686546951532363892e-01 3.709828946739435196e-03 3.308253288269042969e-01
6.840561982244253159e-03 2.641425654292106628e-02 1.032633520662784576e-02 3.931461647152900696e-02
7.368847262114286423e-03 2.213866114616394043e-01 1.111262757331132889e-02 -2.500924468040466309e-01
1.179657969623804092e-02 2.610775269567966461e-02 6.110779009759426117e-03 4.607481509447097778e-02
1.231873501092195511e-02 2.211415469646453857e-01 7.032275199890136719e-03 -2.446738630533218384e-01
1.674156635999679565e-02 2.591986395418643951e-02 2.138798357918858528e-03 5.021889880299568176e-02
1.725996285676956177e-02 -1.692326962947845459e-01 3.143176203593611717e-03 3.435758650302886963e-01
1.387530937790870667e-02 2.584440447390079498e-02 1.001469325274229050e-02 5.188576132059097290e-02
1.439219713211059570e-02 2.208213359117507935e-01 1.105240918695926666e-02 -2.376206964254379272e-01
1.880862377583980560e-02 2.554324269294738770e-02 6.299994885921478271e-03 5.852789431810379028e-02
1.931948959827423096e-02 2.205743044614791870e-01 7.470552809536457062e-03 -2.321607023477554321e-01
2.373097464442253113e-02 2.534640394151210785e-02 2.827338641509413719e-03 6.286929547786712646e-02
2.423790283501148224e-02 2.204277068376541138e-01 4.084724467247724533e-03 -2.289202511310577393e-01
2.864645607769489288e-02 2.524762041866779327e-02 -4.936804180033504963e-04 6.504833698272705078e-02
2.915140986442565918e-02 -1.698672473430633545e-01 8.072863565757870674e-04 3.575754761695861816e-01
2.575406432151794434e-02 2.524321526288986206e-02 7.958795875310897827e-03 6.514720618724822998e-02
2.625892870128154755e-02 2.202501595020294189e-01 9.261739440262317657e-03 -2.250140905380249023e-01
3.066393174231052399e-02 2.499707229435443878e-02 4.761457908898591995e-03 7.057590037584304810e-02
3.116387315094470978e-02 2.200504392385482788e-01 6.172975990921258926e-03 -2.206009775400161743e-01
3.556488081812858582e-02 2.484079636633396149e-02 1.760956598445773125e-03 7.402275502681732178e-02
3.606169670820236206e-02 -1.703063547611236572e-01 3.241411643102765083e-03 3.672607541084289551e-01
3.265557065606117249e-02 2.476938627660274506e-02 1.058662682771682739e-02 7.560164481401443481e-02
3.315095975995063782e-02 2.197379767894744873e-01 1.209865976125001907e-02 -2.137224525213241577e-01
3.754571825265884399e-02 2.444516494870185852e-02 7.824210450053215027e-03 8.275225758552551270e-02
3.803462162613868713e-02 2.194540947675704956e-01 9.479256346821784973e-03 -2.074518799781799316e-01
4.242370277643203735e-02 2.419788204133510590e-02 5.330218467861413956e-03 8.820613473653793335e-02
4.290766268968582153e-02 2.192430198192596436e-01 7.094340864568948746e-03 -2.027903497219085693e-01
4.729252308607101440e-02 2.402033843100070953e-02 3.038533963263034821e-03 9.212203323841094971e-02
4.777292907238006592e-02 2.190986126661300659e-01 4.880974534898996353e-03 -1.996006965637207031e-01
5.215489864349365234e-02 2.390718646347522736e-02 8.889606688171625137e-04 9.461794793605804443e-02
5.263304337859153748e-02 -1.712274998426437378e-01 2.781319664791226387e-03 3.875811994075775146e-01
4.920849576592445374e-02 2.385486476123332977e-02 1.053294353187084198e-02 9.577650576829910278e-02
4.968558996915817261e-02 2.188242822885513306e-01 1.244847383350133896e-02 -1.935647577047348022e-01
5.406207591295242310e-02 2.352648787200450897e-02 8.577179163694381714e-03 1.030189841985702515e-01
5.453260615468025208e-02 2.185244709253311157e-01 1.063755806535482407e-02 -1.869455724954605103e-01
5.890309810638427734e-02 2.325195632874965668e-02 6.898646708577871323e-03 1.090740114450454712e-01
5.936813727021217346e-02 2.182743698358535767e-01 9.080126881599426270e-03 -1.814244687557220459e-01
6.373362243175506592e-02 2.302367985248565674e-02 5.451637785881757736e-03 1.141090244054794312e-01
6.419409811496734619e-02 2.180670946836471558e-01 7.733818143606185913e-03 -1.768489778041839600e-01
6.855543702840805054e-02 2.283532172441482544e-02 4.196838475763797760e-03 1.182636395096778870e-01
6.901214271783828735e-02 2.178968936204910278e-01 6.562111433595418930e-03 -1.730922758579254150e-01
7.337008416652679443e-02 2.268163859844207764e-02 3.100265981629490852e-03 1.216535493731498718e-01
7.382371276617050171e-02 2.177590280771255493e-01 5.533337127417325974e-03 -1.700496673583984375e-01
7.817889750003814697e-02 2.255832403898239136e-02 2.132343826815485954e-03 1.243737190961837769e-01
7.863005995750427246e-02 2.176496535539627075e-01 4.619818180799484253e-03 -1.676357090473175049e-01
8.298305422067642212e-02 2.246188744902610779e-02 1.267103827558457851e-03 1.265010386705398560e-01
8.343229442834854126e-02 2.175656557083129883e-01 3.797124605625867844e-03 -1.657818555831909180e-01
8.778360486030578613e-02 2.238956280052661896e-02 4.814875719603151083e-04 1.280965358018875122e-01
8.823139965534210205e-02 2.175046205520629883e-01 3.043418284505605698e-03 -1.644344478845596313e-01
9.258148819208145142e-02 2.233922854065895081e-02 -2.452707849442958832e-04 1.292070299386978149e-01
9.302827715873718262e-02 2.174646854400634766e-01 2.338869962841272354e-03 -1.635532677173614502e-01
9.737756848335266113e-02 2.230933867394924164e-02 -9.321953402832150459e-04 1.298666000366210938e-01
9.782375395298004150e-02 -1.727992445230484009e-01 1.665136544033885002e-03 4.222552776336669922e-01
9.436777234077453613e-02 2.229907363653182983e-02 1.011024229228496552e-02 1.300977617502212524e-01
9.481374919414520264e-02 2.172747403383255005e-01 1.271219737827777863e-02 -1.593784540891647339e-01
9.915924817323684692e-02 2.197312936186790466e-02 9.524628520011901855e-03 1.372876018285751343e-01
9.959871321916580200e-02 2.169573754072189331e-01 1.227038074284791946e-02 -1.523753106594085693e-01
1.039378568530082703e-01 2.166189253330230713e-02 9.222874417901039124e-03 1.441532671451568604e-01
1.043710932135581970e-01 2.166505604982376099e-01 1.210593990981578827e-02 -1.456058025360107422e-01
1.087041050195693970e-01 2.135734818875789642e-02 9.193823672831058502e-03 1.508716046810150146e-01
1.091312542557716370e-01 2.163464576005935669e-01 1.221125572919845581e-02 -1.388967484235763550e-01
1.134581789374351501e-01 2.105175144970417023e-02 9.433320723474025726e-03 1.576134860515594482e-01
1.138792186975479126e-01 2.160373777151107788e-01 1.258558966219425201e-02 -1.320786029100418091e-01
1.181999668478965759e-01 2.073743194341659546e-02 9.944017976522445679e-03 1.645481884479522705e-01
1.186147108674049377e-01 2.157156318426132202e-01 1.323498226702213287e-02 -1.249811574816703796e-01
1.229290291666984558e-01 2.040660008788108826e-02 1.073535904288291931e-02 1.718477010726928711e-01
1.233371570706367493e-01 2.153732627630233765e-01 1.417231280356645584e-02 -1.174293085932731628e-01
1.276446282863616943e-01 2.005115337669849396e-02 1.182372681796550751e-02 1.796909570693969727e-01
1.280456483364105225e-01 2.150019258260726929e-01 1.541754603385925293e-02 -1.092386618256568909e-01
1.323456913232803345e-01 1.966247893869876862e-02 1.323277316987514496e-02 1.882682591676712036e-01
1.327389329671859741e-01 2.145926356315612793e-01 1.699813827872276306e-02 -1.002110466361045837e-01
1.370307803153991699e-01 4.094668924808502197e-01 1.499391719698905945e-02 -3.874830007553100586e-01
1.452201306819915771e-01 2.141353636980056763e-01 7.244257256388664246e-03 -9.011057764291763306e-02
1.495028287172317505e-01 1.891032420098781586e-02 5.442045629024505615e-03 2.048490792512893677e-01
1.498810350894927979e-01 2.139540314674377441e-01 9.539026767015457153e-03 -8.611219376325607300e-02
1.541601121425628662e-01 4.089379608631134033e-01 7.816783152520656586e-03 -3.757703304290771484e-01
1.623388826847076416e-01 2.137058526277542114e-01 3.013764217030256987e-04 -8.063302934169769287e-02
1.666129976511001587e-01 1.857958547770977020e-02 -1.311284140683710575e-03 2.121449708938598633e-01
1.669845879077911377e-01 2.137202620506286621e-01 2.931615104898810387e-03 -8.095131069421768188e-02
1.712589859962463379e-01 1.855640672147274017e-02 1.312588923610746861e-03 2.126551121473312378e-01
1.716301143169403076e-01 2.136595696210861206e-01 5.565691273659467697e-03 -7.961348444223403931e-02
1.759033054113388062e-01 4.087013006210327148e-01 3.973421640694141388e-03 -3.705352246761322021e-01
1.840773373842239380e-01 2.135231196880340576e-01 -3.437283216044306755e-03 -7.660209387540817261e-02
1.883478015661239624e-01 1.845060661435127258e-02 -4.969324916601181030e-03 2.149943709373474121e-01
1.887168139219284058e-01 2.136432528495788574e-01 -6.694375770166516304e-04 -7.925194501876831055e-02
1.929896771907806396e-01 1.853089965879917145e-02 -2.254476537927985191e-03 2.132197022438049316e-01
1.933602988719940186e-01 2.136850059032440186e-01 2.009917516261339188e-03 -8.017353713512420654e-02
1.976339966058731079e-01 4.087781012058258057e-01 4.064466629642993212e-04 -3.722216486930847168e-01
2.058095633983612061e-01 2.136503756046295166e-01 -7.037986535578966141e-03 -7.941059768199920654e-02
2.100825607776641846e-01 1.863001286983489990e-02 -8.626198396086692810e-03 2.110435366630554199e-01
2.104551643133163452e-01 2.138742357492446899e-01 -4.405327606946229935e-03 -8.434796333312988281e-02
2.147326469421386719e-01 1.881570555269718170e-02 -6.092287134379148483e-03 2.069418281316757202e-01
2.151089608669281006e-01 2.140242457389831543e-01 -1.953450497239828110e-03 -8.765666931867599487e-02
2.193894535303115845e-01 1.893034577369689941e-02 -3.706583986058831215e-03 2.044093012809753418e-01
2.197680622339248657e-01 2.141051143407821655e-01 3.816021198872476816e-04 -8.944056183099746704e-02
2.240501642227172852e-01 4.092215895652770996e-01 -1.407209085300564766e-03 -3.820030689239501953e-01
2.322345823049545288e-01 2.141196429729461670e-01 -9.047270752489566803e-03 -8.976416289806365967e-02
2.365169823169708252e-01 1.912853494286537170e-02 -1.084255333989858627e-02 2.000506669282913208e-01
2.368995547294616699e-01 2.144038677215576172e-01 -6.841540336608886719e-03 -9.603276103734970093e-02
2.411876320838928223e-01 1.938063837587833405e-02 -8.762195706367492676e-03 1.944838464260101318e-01
2.415752410888671875e-01 2.146268188953399658e-01 -4.872518591582775116e-03 -1.009502485394477844e-01
2.458677738904953003e-01 1.957504265010356903e-02 -6.891523953527212143e-03 1.901914328336715698e-01
2.462592869997024536e-01 2.147949039936065674e-01 -3.087695222347974777e-03 -1.046574935317039490e-01
2.505551874637603760e-01 1.971733756363391876e-02 -5.180845037102699280e-03 1.870496720075607300e-01
2.509495317935943604e-01 2.149130254983901978e-01 -1.439851475879549980e-03 -1.072630882263183594e-01
2.552477717399597168e-01 1.981174014508724213e-02 -3.585113212466239929e-03 1.849652230739593506e-01
2.556440234184265137e-01 2.149848043918609619e-01 1.141912143793888390e-04 -1.088465079665184021e-01
2.599437236785888672e-01 4.101051092147827148e-01 -2.062739105895161629e-03 -4.014934003353118896e-01
2.681458294391632080e-01 2.150124907493591309e-01 -1.009260676801204681e-02 -1.094615310430526733e-01
2.724460661411285400e-01 2.003660239279270172e-02 -1.228183787316083908e-02 1.800202280282974243e-01
2.728467881679534912e-01 2.153321355581283569e-01 -8.681433275341987610e-03 -1.165117472410202026e-01
2.771534323692321777e-01 2.033563889563083649e-02 -1.101166848093271255e-02 1.734196692705154419e-01
2.775601446628570557e-01 2.156134396791458130e-01 -7.543274667114019394e-03 -1.227166503667831421e-01
2.818724215030670166e-01 2.060037292540073395e-02 -9.997608140110969543e-03 1.675769388675689697e-01
2.822844386100769043e-01 2.158639878034591675e-01 -6.646069232374429703e-03 -1.282431036233901978e-01
2.866017222404479980e-01 2.083787694573402405e-02 -9.210931137204170227e-03 1.623356789350509644e-01
2.870184779167175293e-01 2.160904705524444580e-01 -5.964217707514762878e-03 -1.332387626171112061e-01
2.913402915000915527e-01 2.105445601046085358e-02 -8.628993295133113861e-03 1.575565785169601440e-01
2.917613685131072998e-01 2.162988781929016113e-01 -5.477861501276493073e-03 -1.378360390663146973e-01
2.960873544216156006e-01 2.125581540167331696e-02 -8.234582841396331787e-03 1.531136780977249146e-01
2.965124547481536865e-01 2.164946943521499634e-01 -5.172309000045061111e-03 -1.421556621789932251e-01
3.008423447608947754e-01 2.144720591604709625e-02 -8.015422150492668152e-03 1.488910168409347534e-01
3.012712895870208740e-01 2.166830152273178101e-01 -5.037601571530103683e-03 -1.463097929954528809e-01
3.056049644947052002e-01 2.163356542587280273e-02 -7.963797077536582947e-03 1.447796225547790527e-01
3.060376346111297607e-01 2.168686538934707642e-01 -5.068205296993255615e-03 -1.504050642251968384e-01
3.103750050067901611e-01 2.181964367628097534e-02 -8.076306432485580444e-03 1.406746506690979004e-01
3.108114004135131836e-01 2.170563340187072754e-01 -5.262813530862331390e-03 -1.545452326536178589e-01
3.151525259017944336e-01 2.201012521982192993e-02 -8.353717625141143799e-03 1.364727616310119629e-01
3.155927360057830811e-01 2.172507196664810181e-01 -5.624262616038322449e-03 -1.588338911533355713e-01
3.199377357959747314e-01 2.220974676311016083e-02 -8.800940588116645813e-03 1.320694237947463989e-01
3.203819394111633301e-01 2.174566537141799927e-01 -6.159551907330751419e-03 -1.633770316839218140e-01
3.247310817241668701e-01 2.242341823875904083e-02 -9.427092038094997406e-03 1.273563802242279053e-01
3.251795470714569092e-01 2.176791429519653320e-01 -6.879964843392372131e-03 -1.682857125997543335e-01
3.295331299304962158e-01 2.265634015202522278e-02 -1.024567894637584686e-02 1.222188696265220642e-01
3.299862444400787354e-01 2.179235666990280151e-01 -7.801301777362823486e-03 -1.736787855625152588e-01
3.343447148799896240e-01 2.291413582861423492e-02 -1.127487793564796448e-02 1.165329068899154663e-01
3.348030149936676025e-01 2.181958109140396118e-01 -8.944219909608364105e-03 -1.796857267618179321e-01
3.391669094562530518e-01 2.320297993719577789e-02 -1.253793388605117798e-02 1.101622506976127625e-01
3.396309912204742432e-01 2.185023277997970581e-01 -1.033468917012214661e-02 -1.864498108625411987e-01
3.440010249614715576e-01 2.352975681424140930e-02 -1.406368520110845566e-02 1.029550954699516296e-01
3.444716334342956543e-01 2.188504040241241455e-01 -1.200458314269781113e-02 -1.941314935684204102e-01
3.488486409187316895e-01 2.390221133828163147e-02 -1.588721200823783875e-02 9.474046528339385986e-02
3.493266701698303223e-01 2.192482203245162964e-01 -1.399240363389253616e-02 -2.029122263193130493e-01
3.537116348743438721e-01 2.432914823293685913e-02 -1.805064827203750610e-02 8.532413840293884277e-02
3.541982173919677734e-01 -1.705294698476791382e-01 -1.634416542947292328e-02 3.722578585147857666e-01
3.507876396179199219e-01 2.482081204652786255e-02 -8.899007923901081085e-03 7.446659356355667114e-02
3.512840569019317627e-01 2.200691998004913330e-01 -7.409676443785429001e-03 -2.210106700658798218e-01
3.556854426860809326e-01 2.505394257605075836e-02 -1.182988937944173813e-02 6.932576745748519897e-02
3.561865091323852539e-01 2.203434854745864868e-01 -1.044337451457977295e-02 -2.270659506320953369e-01
3.605933785438537598e-01 2.537232264876365662e-02 -1.498469337821006775e-02 6.230454146862030029e-02
3.611008226871490479e-01 -1.695316135883331299e-01 -1.373860239982604980e-02 3.502222895622253418e-01
3.577101826667785645e-01 2.578300423920154572e-02 -6.734156515449285507e-03 5.323898792266845703e-02
3.582258522510528564e-01 2.210008651018142700e-01 -5.669376812875270844e-03 -2.415609806776046753e-01
3.626458644866943359e-01 2.596035413444042206e-02 -1.050059683620929718e-02 4.932828620076179504e-02
3.631650805473327637e-01 -1.690094619989395142e-01 -9.514031000435352325e-03 3.386797904968261719e-01
3.597849011421203613e-01 2.624656260013580322e-02 -2.740435302257537842e-03 4.301190376281738281e-02
3.603098094463348389e-01 2.214076966047286987e-01 -1.880197320133447647e-03 -2.505343854427337646e-01
3.647379875183105469e-01 2.631265297532081604e-02 -6.890885066241025925e-03 4.155488684773445129e-02
3.652642369270324707e-01 2.215327322483062744e-01 -6.059787701815366745e-03 -2.532941997051239014e-01
3.696948885917663574e-01 2.649783343076705933e-02 -1.112567167729139328e-02 3.747122362256050110e-02
3.702248334884643555e-01 -1.684628278017044067e-01 -1.037624664604663849e-02 3.266232311725616455e-01
3.668555915355682373e-01 2.680531144142150879e-02 -3.843782236799597740e-03 3.068623505532741547e-02
3.673916757106781006e-01 2.219821661710739136e-01 -3.230057423934340477e-03 -2.632069587707519531e-01
3.718313276767730713e-01 2.690647542476654053e-02 -8.494196459650993347e-03 2.845542132854461670e-02
3.723694682121276855e-01 -1.680926382541656494e-01 -7.925088517367839813e-03 3.184462785720825195e-01
3.690076172351837158e-01 2.714128233492374420e-02 -1.556162838824093342e-03 2.327463962137699127e-02
3.695504367351531982e-01 2.222855240106582642e-01 -1.090670004487037659e-03 -2.698988616466522217e-01
3.739961385726928711e-01 2.717914618551731110e-02 -6.488647311925888062e-03 2.243985608220100403e-02
3.745397329330444336e-01 -1.678491532802581787e-01 -6.039850413799285889e-03 3.130685091018676758e-01
3.711827397346496582e-01 2.735831774771213531e-02 2.215196291217580438e-04 1.848692633211612701e-02
3.717299103736877441e-01 2.224770933389663696e-01 5.912581691518425941e-04 -2.741261124610900879e-01
3.761794567108154297e-01 2.734670974314212799e-02 -4.891263786703348160e-03 1.874325238168239594e-02
3.767263889312744141e-01 -1.677047610282897949e-01 -4.516398999840021133e-03 3.098789155483245850e-01
3.733722865581512451e-01 2.748125232756137848e-02 1.681179739534854889e-03 1.577508077025413513e-02
3.739219307899475098e-01 2.225790470838546753e-01 1.996681327000260353e-03 -2.763769328594207764e-01
3.783735036849975586e-01 2.742867171764373779e-02 -3.530857386067509651e-03 1.693507283926010132e-02
3.789220750331878662e-01 -1.676424592733383179e-01 -3.192156087607145309e-03 3.085018694400787354e-01
3.755692243576049805e-01 2.752482518553733826e-02 2.977881580591201782e-03 1.481394935399293900e-02
3.761197030544281006e-01 2.226039469242095947e-01 3.274160670116543770e-03 -2.769279479980468750e-01
3.805717825889587402e-01 2.743543311953544617e-02 -2.264398150146007538e-03 1.678586192429065704e-02
3.811205029487609863e-01 2.225897908210754395e-01 -1.928680809214711189e-03 -2.766106426715850830e-01
3.855723142623901367e-01 2.749540284276008606e-02 -7.460893597453832626e-03 1.546334754675626755e-02
3.861221969127655029e-01 -1.675187647342681885e-01 -7.151626981794834137e-03 3.057829737663269043e-01
3.827718198299407959e-01 2.770437113940715790e-02 -1.035967492498457432e-03 1.085320115089416504e-02
3.833259344100952148e-01 2.228411585092544556e-01 -8.189034997485578060e-04 -2.821564078330993652e-01
3.877827525138854980e-01 2.773090265691280365e-02 -6.462031509727239609e-03 1.026813033968210220e-02
3.883373737335205078e-01 -1.672977805137634277e-01 -6.256668828427791595e-03 3.009052276611328125e-01
3.849914073944091797e-01 2.791278623044490814e-02 -2.385645057074725628e-04 6.255656015127897263e-03
3.855496644973754883e-01 2.230381518602371216e-01 -1.134513877332210541e-04 -2.865025401115417480e-01
3.900104165077209473e-01 2.791782468557357788e-02 -5.843502003699541092e-03 6.144611630588769913e-03
3.905687928199768066e-01 -1.671198308467864990e-01 -5.720609799027442932e-03 2.969781160354614258e-01
3.872263729572296143e-01 2.808319404721260071e-02 2.189528167946264148e-04 2.496523084118962288e-03
3.877880573272705078e-01 2.232020050287246704e-01 2.688832755666226149e-04 -2.901173233985900879e-01
3.922520875930786133e-01 2.807622030377388000e-02 -5.533462855964899063e-03 2.650404116138815880e-03
3.928136229515075684e-01 -1.669659316539764404e-01 -5.480454768985509872e-03 2.935823202133178711e-01
3.894743025302886963e-01 2.823371998965740204e-02 3.911917447112500668e-04 -8.240027236752212048e-04
3.900389671325683594e-01 2.233500629663467407e-01 3.747116716112941504e-04 -2.933834791183471680e-01
3.945059776306152344e-01 2.822276763617992401e-02 -5.492957774549722672e-03 -5.823959363624453545e-04
3.950704336166381836e-01 -1.668199747800827026e-01 -5.504605825990438461e-03 2.903623878955841064e-01
3.917340338230133057e-01 2.838003076612949371e-02 3.026419435627758503e-04 -4.051535390317440033e-03
3.923016190528869629e-01 -1.667462587356567383e-01 2.216112188762053847e-04 2.887268662452697754e-01
3.889667093753814697e-01 2.837252989411354065e-02 5.996148567646741867e-03 -3.886161604896187782e-03
3.895341455936431885e-01 2.234079837799072266e-01 5.918425042182207108e-03 -2.946712076663970947e-01
3.940023183822631836e-01 2.820215187966823578e-02 2.500094160495791584e-05 -1.275970134884119034e-04
3.945663571357727051e-01 2.233237475156784058e-01 2.244900133518967777e-05 -2.928026318550109863e-01
3.990328311920166016e-01 2.820147201418876648e-02 -5.833603907376527786e-03 -1.126287825172767043e-04
3.995968699455261230e-01 -1.668363362550735474e-01 -5.835856311023235321e-03 2.907240390777587891e-01
3.962601423263549805e-01 2.836834453046321869e-02 -2.137566661986056715e-05 -3.793729469180107117e-03
3.968274891376495361e-01 -1.667533069849014282e-01 -9.725025302032008767e-05 2.888824641704559326e-01
3.934924304485321045e-01 2.837003767490386963e-02 5.680399015545845032e-03 -3.831143956631422043e-03
3.940598368644714355e-01 2.234100699424743652e-01 5.603775847703218460e-03 -2.947164475917816162e-01
3.985280394554138184e-01 2.820867113769054413e-02 -2.905527944676578045e-04 -2.714437723625451326e-04
3.990921974182128906e-01 2.233347892761230469e-01 -2.959816774819046259e-04 -2.930460274219512939e-01
4.035589098930358887e-01 2.821705862879753113e-02 -6.156902294605970383e-03 -4.564659029711037874e-04
4.041232466697692871e-01 -1.668160557746887207e-01 -6.166031584143638611e-03 2.902775406837463379e-01
4.007869362831115723e-01 2.839327417314052582e-02 -3.604807425290346146e-04 -4.343687091022729874e-03
4.013547897338867188e-01 -1.667235046625137329e-01 -4.473545122891664505e-04 2.882254719734191895e-01
3.980203270912170410e-01 2.840482257306575775e-02 5.317155271768569946e-03 -4.598503001034259796e-03
3.985884189605712891e-01 2.234501093626022339e-01 5.225185304880142212e-03 -2.955990731716156006e-01
4.030574262142181396e-01 2.825406379997730255e-02 -6.867963238619267941e-04 -1.272793859243392944e-03
4.036225080490112305e-01 2.233858555555343628e-01 -7.122522220015525818e-04 -2.941723465919494629e-01
4.080902040004730225e-01 2.827406860888004303e-02 -6.595699116587638855e-03 -1.714126439765095711e-03
4.086557030677795410e-01 -1.667526662349700928e-01 -6.629981566220521927e-03 2.888804972171783447e-01
4.053206443786621094e-01 2.846319228410720825e-02 -8.523713913746178150e-04 -5.886060185730457306e-03
4.058898985385894775e-01 -1.666465252637863159e-01 -9.700926020741462708e-04 2.865278124809265137e-01
4.025569856166839600e-01 2.848924882709980011e-02 4.760463722050189972e-03 -6.460917182266712189e-03
4.031267762184143066e-01 2.235426008701324463e-01 4.631245043128728867e-03 -2.976380586624145508e-01
4.075976014137268066e-01 2.835494279861450195e-02 -1.321516116149723530e-03 -3.498131409287452698e-03
4.081647098064422607e-01 2.234958261251449585e-01 -1.391478697769343853e-03 -2.965977191925048828e-01
4.126346409320831299e-01 2.839373424649238586e-02 -7.323433179408311844e-03 -4.353966563940048218e-03
4.132024943828582764e-01 -1.666224300861358643e-01 -7.410512305796146393e-03 2.860093712806701660e-01
4.098700582981109619e-01 2.860442362725734711e-02 -1.690325210802257061e-03 -9.001542814075946808e-03
4.104421436786651611e-01 -1.664932519197463989e-01 -1.870356034487485886e-03 2.831475734710693359e-01
4.071122705936431885e-01 2.865533158183097839e-02 3.792595583945512772e-03 -1.012465357780456543e-02
4.076853990554809570e-01 2.237226814031600952e-01 3.590102540329098701e-03 -3.016085624694824219e-01
4.121598303318023682e-01 2.854975312948226929e-02 -2.442068653181195259e-03 -7.795557379722595215e-03
4.127308428287506104e-01 -1.665370911359786987e-01 -2.597979735583066940e-03 2.841158807277679443e-01
4.094001054763793945e-01 2.862181700766086578e-02 3.084337571635842323e-03 -9.385312907397747040e-03
4.099725186824798584e-01 2.236994057893753052e-01 2.896631369367241859e-03 -3.010934889316558838e-01
4.144465327262878418e-01 2.853628247976303101e-02 -3.125238697975873947e-03 -7.498444523662328720e-03
4.150172472000122070e-01 -1.665407121181488037e-01 -3.275207709521055222e-03 2.841967940330505371e-01
4.116864204406738281e-01 2.862780168652534485e-02 2.408728236332535744e-03 -9.517310187220573425e-03
4.122589826583862305e-01 2.237151265144348145e-01 2.218382200226187706e-03 -3.014392852783203125e-01
4.167332947254180908e-01 2.856162749230861664e-02 -3.810403635725378990e-03 -8.057549595832824707e-03
4.173045158386230469e-01 -1.665054708719253540e-01 -3.971554338932037354e-03 2.834207117557525635e-01
4.139744043350219727e-01 2.867290191352367401e-02 1.696859835647046566e-03 -1.051216572523117065e-02
4.145478606224060059e-01 2.237704694271087646e-01 1.486616441980004311e-03 -3.026592433452606201e-01
4.190232753753662109e-01 2.862736955285072327e-02 -4.566567949950695038e-03 -9.507828392088413239e-03
4.195958375930786133e-01 -1.664287894964218140e-01 -4.756724927574396133e-03 2.817308008670806885e-01
4.162672460079193115e-01 2.876068279147148132e-02 8.778913179412484169e-04 -1.244857534766197205e-02
4.168424606323242188e-01 2.238700389862060547e-01 6.289198063313961029e-04 -3.048543930053710938e-01
4.213198721408843994e-01 2.873912453651428223e-02 -5.468167830258607864e-03 -1.197318080812692642e-02
4.218946397304534912e-01 -1.663039773702621460e-01 -5.707631353288888931e-03 2.789794802665710449e-01
4.185685813426971436e-01 2.889892645180225372e-02 -1.280421565752476454e-04 -1.549815479665994644e-02
4.191465377807617188e-01 -1.662211865186691284e-01 -4.380052560009062290e-04 2.771443724632263184e-01
4.158221185207366943e-01 2.890700846910476685e-02 5.104882176965475082e-03 -1.567667163908481598e-02
4.164002537727355957e-01 2.239553779363632202e-01 4.791348706930875778e-03 -3.067445755004882812e-01
4.208793640136718750e-01 2.876548096537590027e-02 -1.343542942777276039e-03 -1.255444902926683426e-02
4.214546680450439453e-01 -1.663371771574020386e-01 -1.594631932675838470e-03 2.797042727470397949e-01
4.181279242038726807e-01 2.880748547613620758e-02 3.999453503638505936e-03 -1.348117180168628693e-02
4.187040925025939941e-01 2.238718569278717041e-01 3.729830030351877213e-03 -3.048995435237884521e-01
4.231815338134765625e-01 2.869694679975509644e-02 -2.368160989135503769e-03 -1.104265637695789337e-02
4.237554669380187988e-01 -1.663909554481506348e-01 -2.589014125987887383e-03 2.808921337127685547e-01
4.204276502132415771e-01 2.876782603561878204e-02 3.028828883543610573e-03 -1.260622031986713409e-02
4.210030138492584229e-01 2.238462120294570923e-01 2.776704495772719383e-03 -3.043319880962371826e-01
4.254799187183380127e-01 2.868479676544666290e-02 -3.309935098513960838e-03 -1.077463850378990173e-02
4.260536134243011475e-01 -1.663895249366760254e-01 -3.525427775457501411e-03 2.808621227741241455e-01
4.227258265018463135e-01 2.878253161907196045e-02 2.091814763844013214e-03 -1.293061859905719757e-02
4.233014881610870361e-01 2.238744199275970459e-01 1.833202317357063293e-03 -3.049528300762176514e-01
4.277789592742919922e-01 2.872639335691928864e-02 -4.265854135155677795e-03 -1.169230882078409195e-02
4.283534884452819824e-01 -1.663341224193572998e-01 -4.499700386077165604e-03 2.796416282653808594e-01
4.250268042087554932e-01 2.885172888636589050e-02 1.093132654204964638e-03 -1.445707585662603378e-02
4.256038367748260498e-01 2.239579856395721436e-01 8.039911626838147640e-04 -3.067949116230010986e-01
4.300830066204071045e-01 2.882458828389644623e-02 -5.331906955689191818e-03 -1.385852880775928497e-02
4.306595027446746826e-01 -1.662204861640930176e-01 -5.609077401459217072e-03 2.771373689174652100e-01
4.273350834846496582e-01 2.898102998733520508e-02 -6.633035081904381514e-05 -1.730937696993350983e-02
4.279147088527679443e-01 2.241039276123046875e-01 -4.125178966205567122e-04 -3.100132346153259277e-01
4.323967993259429932e-01 2.898786030709743500e-02 -6.612782366573810577e-03 -1.746043004095554352e-02
4.329765439033508301e-01 -1.660386323928833008e-01 -6.961991079151630402e-03 2.731287777423858643e-01
4.296557605266571045e-01 2.918196097016334534e-02 -1.499415724538266659e-03 -2.174183167517185211e-02
4.302394092082977295e-01 -1.659184545278549194e-01 -1.934252330102026463e-03 2.704676389694213867e-01
4.269210398197174072e-01 2.923104353249073029e-02 3.475100500509142876e-03 -2.282473631203174591e-02
4.275056719779968262e-01 2.243029922246932983e-01 3.018605755642056465e-03 -3.144091963768005371e-01
4.319917261600494385e-01 2.913816645741462708e-02 -3.269578330218791962e-03 -2.077583968639373779e-02
4.325744807720184326e-01 -1.659367382526397705e-01 -3.685095114633440971e-03 2.708736956119537354e-01
4.292557537555694580e-01 2.923759818077087402e-02 1.732378965243697166e-03 -2.296923473477363586e-02
4.298405051231384277e-01 2.243346571922302246e-01 1.272994210012257099e-03 -3.151050806045532227e-01
4.343271851539611816e-01 2.919460274279117584e-02 -5.029107443988323212e-03 -2.202095836400985718e-02
4.349111020565032959e-01 -1.658548712730407715e-01 -5.469526164233684540e-03 2.690709829330444336e-01
4.315939843654632568e-01 2.934470959007740021e-02 -8.810649160295724869e-05 -2.533202432096004486e-02
4.321808815002441406e-01 -1.657759845256805420e-01 -5.947469617240130901e-04 2.673231065273284912e-01
4.288653731346130371e-01 2.935445681214332581e-02 4.751714877784252167e-03 -2.554735355079174042e-02
4.294524490833282471e-01 2.244079411029815674e-01 4.240768030285835266e-03 -3.167272806167602539e-01
4.339406192302703857e-01 2.922584488987922668e-02 -2.093777526170015335e-03 -2.270998433232307434e-02
4.345251321792602539e-01 -1.658660173416137695e-01 -2.547977259382605553e-03 2.693116068840026855e-01
4.312078058719635010e-01 2.929220348596572876e-02 2.838254673406481743e-03 -2.417388744652271271e-02
4.317936599254608154e-01 2.243733406066894531e-01 2.354776952415704727e-03 -3.159599602222442627e-01
4.362811148166656494e-01 2.921792306005954742e-02 -3.964422270655632019e-03 -2.253535017371177673e-02
4.368654787540435791e-01 -1.658469438552856445e-01 -4.415129311382770538e-03 2.688941359519958496e-01
4.335485398769378662e-01 2.933773025870323181e-02 9.627530816942453384e-04 -2.517808601260185242e-02
4.341352880001068115e-01 2.244458645582199097e-01 4.591913602780550718e-04 -3.175570964813232422e-01
4.386242032051086426e-01 2.931737154722213745e-02 -5.891950801014900208e-03 -2.472939342260360718e-02
4.392105638980865479e-01 -1.657195836305618286e-01 -6.386538501828908920e-03 2.660887539386749268e-01
4.358961582183837891e-01 2.949292771518230438e-02 -1.064763520844280720e-03 -2.860168553888797760e-02
4.364860355854034424e-01 -1.656137406826019287e-01 -1.636797212995588779e-03 2.637450993061065674e-01
4.331737458705902100e-01 2.953153848648071289e-02 3.638104768469929695e-03 -2.945363335311412811e-02
4.337643980979919434e-01 2.246011346578598022e-01 3.049032064154744148e-03 -3.209864795207977295e-01
4.382564127445220947e-01 2.943588793277740479e-02 -3.370697377249598503e-03 -2.734356932342052460e-02
4.388451278209686279e-01 -1.656375676393508911e-01 -3.917568828910589218e-03 2.642739713191986084e-01
4.355323612689971924e-01 2.954008616507053375e-02 1.367910299450159073e-03 -2.964202687144279480e-02
4.361231625080108643e-01 -1.656014621257781982e-01 7.750698132440447807e-04 2.634721696376800537e-01
4.328111410140991211e-01 2.950942330062389374e-02 6.044513545930385590e-03 -2.896618470549583435e-02
4.334013462066650391e-01 2.245441675186157227e-01 5.465189460664987564e-03 -3.197358846664428711e-01
4.378922283649444580e-01 2.934481762349605560e-02 -9.295280906371772289e-04 -2.533446811139583588e-02
4.384791254997253418e-01 -1.657637953758239746e-01 -1.436217455193400383e-03 2.670550346374511719e-01
4.351638257503509521e-01 2.937862649559974670e-02 3.904883284121751785e-03 -2.608053758740425110e-02
4.357514083385467529e-01 2.244443595409393311e-01 3.383272560313344002e-03 -3.175288736820220947e-01
4.402402937412261963e-01 2.927438728511333466e-02 -2.967305015772581100e-03 -2.378090843558311462e-02
4.408257901668548584e-01 -1.658048778772354126e-01 -3.442923305556178093e-03 2.679643332958221436e-01
4.375096857547760010e-01 2.936603128910064697e-02 1.916363253258168697e-03 -2.580253221094608307e-02
4.380970001220703125e-01 2.244604527950286865e-01 1.400312641635537148e-03 -3.178802132606506348e-01
4.425862133502960205e-01 2.931858040392398834e-02 -4.957291763275861740e-03 -2.475600317120552063e-02
4.431726038455963135e-01 -1.657319217920303345e-01 -5.452411714941263199e-03 2.663587331771850586e-01
4.398579597473144531e-01 2.946741320192813873e-02 -1.252370711881667376e-04 -2.803893573582172394e-02
4.404473006725311279e-01 -1.656527370214462280e-01 -6.860157591290771961e-04 2.646044790744781494e-01
4.371342360973358154e-01 2.947899512946605682e-02 4.606073722243309021e-03 -2.829474955797195435e-02
4.377238154411315918e-01 2.245345860719680786e-01 4.040178842842578888e-03 -3.195208609104156494e-01
4.422145187854766846e-01 2.935533411800861359e-02 -2.350238384678959846e-03 -2.556655183434486389e-02
4.428016245365142822e-01 -1.657328307628631592e-01 -2.861569402739405632e-03 2.663739323616027832e-01
4.394869804382324219e-01 2.942983992397785187e-02 2.465909114107489586e-03 -2.721019089221954346e-02
4.400755763053894043e-01 2.245163470506668091e-01 1.921705203130841255e-03 -3.191140890121459961e-01
4.445658922195434570e-01 2.936707437038421631e-02 -4.460576456040143967e-03 -2.582573518157005310e-02
4.451532363891601562e-01 -1.656906306743621826e-01 -4.977091215550899506e-03 2.654464840888977051e-01
4.418394267559051514e-01 2.950200811028480530e-02 3.318389644846320152e-04 -2.880208380520343781e-02
4.424294531345367432e-01 -1.656247079372406006e-01 -2.442027034703642130e-04 2.639855146408081055e-01
4.391169548034667969e-01 2.950073406100273132e-02 5.035507958382368088e-03 -2.877441607415676117e-02
4.397069811820983887e-01 2.245501130819320679e-01 4.460019525140523911e-03 -3.198643326759338379e-01
4.441979825496673584e-01 2.936492860317230225e-02 -1.937267370522022247e-03 -2.577823586761951447e-02
4.447852671146392822e-01 -1.657291799783706665e-01 -2.452832181006669998e-03 2.662928402423858643e-01
4.414706826210021973e-01 2.942768484354019165e-02 2.873024670407176018e-03 -2.716272696852684021e-02
4.420592486858367920e-01 2.245083153247833252e-01 2.329770009964704514e-03 -3.189378082752227783e-01
4.465494155883789062e-01 2.935326285660266876e-02 -4.048985894769430161e-03 -2.552106045186519623e-02
4.471364915370941162e-01 -1.657103896141052246e-01 -4.559407010674476624e-03 2.658816277980804443e-01
4.438222646713256836e-01 2.947633899748325348e-02 7.582251564599573612e-04 -2.823588997125625610e-02
4.444118142127990723e-01 2.245874106884002686e-01 1.935073814820498228e-04 -3.206794857978820801e-01
4.489035606384277344e-01 2.946270257234573364e-02 -6.220082286745309830e-03 -2.793554589152336121e-02
4.494928121566772461e-01 -1.655694991350173950e-01 -6.778793409466743469e-03 2.627784013748168945e-01
4.461814165115356445e-01 2.964855358004570007e-02 -1.523225335404276848e-03 -3.203489631414413452e-02
4.467743933200836182e-01 -1.654515266418457031e-01 -2.163923345506191254e-03 2.601670324802398682e-01
4.434653520584106445e-01 2.970125526189804077e-02 3.039417788386344910e-03 -3.319762274622917175e-02
4.440593719482421875e-01 2.247794866561889648e-01 2.375465119257569313e-03 -3.249200284481048584e-01
4.485549628734588623e-01 2.962379343807697296e-02 -4.122935701161623001e-03 -3.148893266916275024e-02
4.491474330425262451e-01 -1.654387861490249634e-01 -4.752714186906814575e-03 2.598903179168701172e-01
4.458386600017547607e-01 2.975068427622318268e-02 4.450921260286122561e-04 -3.428788483142852783e-02
4.464336931705474854e-01 -1.653776466846466064e-01 -2.406655257800593972e-04 2.585354447364807129e-01
4.431261420249938965e-01 2.974773943424224854e-02 4.930043127387762070e-03 -3.422338515520095825e-02
4.437210857868194580e-01 2.247986495494842529e-01 4.245575517416000366e-03 -3.253467679023742676e-01
4.482170641422271729e-01 2.961650490760803223e-02 -2.261359710246324539e-03 -3.132799267768859863e-02
4.488093852996826172e-01 -1.654729396104812622e-01 -2.887919545173645020e-03 2.606405913829803467e-01
4.454999268054962158e-01 2.969011291861534119e-02 2.324892440810799599e-03 -3.295181691646575928e-02
4.460937380790710449e-01 2.247786521911621094e-01 1.665855990722775459e-03 -3.249002993106842041e-01
4.505892992019653320e-01 2.963301725685596466e-02 -4.832150414586067200e-03 -3.169250860810279846e-02
4.511819779872894287e-01 -1.654193103313446045e-01 -5.466000642627477646e-03 2.594619095325469971e-01
4.478735923767089844e-01 2.978024631738662720e-02 -2.767621481325477362e-04 -3.494004160165786743e-02
4.484691917896270752e-01 -1.653377413749694824e-01 -9.755629580467939377e-04 2.576555609703063965e-01
4.451624155044555664e-01 2.979813143610954285e-02 4.177547991275787354e-03 -3.533492237329483032e-02
4.457584023475646973e-01 2.248599231243133545e-01 3.470849711447954178e-03 -3.266968727111816406e-01
4.502556025981903076e-01 2.968873269855976105e-02 -3.063087817281484604e-03 -3.292141109704971313e-02
4.508493542671203613e-01 -1.653891652822494507e-01 -3.721515880897641182e-03 2.587935030460357666e-01
4.475415945053100586e-01 2.978572249412536621e-02 1.454354147426784039e-03 -3.506091237068176270e-02
4.481372833251953125e-01 2.248867899179458618e-01 7.531359442509710789e-04 -3.272846341133117676e-01
4.526350200176239014e-01 2.975412271916866302e-02 -5.792556330561637878e-03 -3.436428308486938477e-02
4.532301127910614014e-01 -1.652842909097671509e-01 -6.479842122644186020e-03 2.564854323863983154e-01
4.499244391918182373e-01 2.992957830429077148e-02 -1.350133679807186127e-03 -3.823428973555564880e-02
4.505230188369750977e-01 -1.651729792356491089e-01 -2.114819595590233803e-03 2.540223598480224609e-01
4.472195506095886230e-01 2.997909858822822571e-02 2.965627470985054970e-03 -3.932687640190124512e-02
4.478191435337066650e-01 2.250583916902542114e-01 2.179089933633804321e-03 -3.310726583003997803e-01
4.523203074932098389e-01 2.990549616515636444e-02 -4.442363046109676361e-03 -3.770333528518676758e-02
4.529184103012084961e-01 -1.651524752378463745e-01 -5.196429789066314697e-03 2.535746693611145020e-01
4.496153593063354492e-01 3.004329092800617218e-02 -1.249361230293288827e-04 -4.074275866150856018e-02
4.502162337303161621e-01 -1.650768667459487915e-01 -9.397912654094398022e-04 2.519007623195648193e-01
4.469147026538848877e-01 3.005849011242389679e-02 4.098223522305488586e-03 -4.107845947146415710e-02
4.475158751010894775e-01 2.251214385032653809e-01 3.276654519140720367e-03 -3.324655294418334961e-01
4.520182907581329346e-01 2.995299920439720154e-02 -3.372656414285302162e-03 -3.875112533569335938e-02
4.526173472404479980e-01 -1.651204228401184082e-01 -4.147679079324007034e-03 2.528657913208007812e-01
4.493149518966674805e-01 3.006050363183021545e-02 9.096368448808789253e-04 -4.112250357866287231e-02
4.499161541461944580e-01 -1.650744825601577759e-01 8.718678145669400692e-05 2.518472969532012939e-01
4.466146826744079590e-01 3.004622645676136017e-02 5.124132614582777023e-03 -4.080814123153686523e-02
4.472155869007110596e-01 2.250943183898925781e-01 4.307969473302364349e-03 -3.318699598312377930e-01
4.517174661159515381e-01 2.991131879389286041e-02 -2.329429611563682556e-03 -3.783163055777549744e-02
4.523157179355621338e-01 -1.651771515607833862e-01 -3.086062148213386536e-03 2.541154325008392334e-01
4.490121603012084961e-01 2.998872846364974976e-02 1.996246399357914925e-03 -3.953929618000984192e-02
4.496119320392608643e-01 -1.651617884635925293e-01 1.205460634082555771e-03 2.537727952003479004e-01
4.463087022304534912e-01 2.994292601943016052e-02 6.280916742980480194e-03 -3.852966055274009705e-02
4.469075500965118408e-01 2.249742448329925537e-01 5.510323215276002884e-03 -3.292242884635925293e-01
4.514070451259613037e-01 2.977428957819938660e-02 -1.074162661097943783e-03 -3.480877727270126343e-02
4.520025253295898438e-01 -1.653322428464889526e-01 -1.770338159985840321e-03 2.575350403785705566e-01
4.486958980560302734e-01 2.981493994593620300e-02 3.380362875759601593e-03 -3.570574522018432617e-02
4.492921829223632812e-01 2.248882502317428589e-01 2.666248008608818054e-03 -3.273202180862426758e-01
4.537899494171142578e-01 2.972844429314136505e-02 -3.880156436935067177e-03 -3.379767015576362610e-02
4.543845057487487793e-01 -1.653376519680023193e-01 -4.556109663099050522e-03 2.576585114002227783e-01
4.510777592658996582e-01 2.984905056655406952e-02 5.970603087916970253e-04 -3.645799681544303894e-02
4.516747593879699707e-01 -1.652814596891403198e-01 -1.320996525464579463e-04 2.564132511615753174e-01
4.483691155910491943e-01 2.984237857162952423e-02 4.996165167540311813e-03 -3.631134331226348877e-02
4.489659667015075684e-01 2.248923331499099731e-01 4.269938450306653976e-03 -3.274137377738952637e-01
4.534638226032257080e-01 2.970984950661659241e-02 -2.278336556628346443e-03 -3.338734060525894165e-02
4.540580213069915771e-01 -1.653793603181838989e-01 -2.946083201095461845e-03 2.585758864879608154e-01
4.507504105567932129e-01 2.978453040122985840e-02 2.225434407591819763e-03 -3.503482788801193237e-02
4.513460993766784668e-01 2.248744964599609375e-01 1.524737803265452385e-03 -3.270147740840911865e-01
4.558435976505279541e-01 2.973087131977081299e-02 -5.015557631850242615e-03 -3.385140374302864075e-02
4.564382135868072510e-01 -1.653188019990921021e-01 -5.692585837095975876e-03 2.572448551654815674e-01
4.531318545341491699e-01 2.988396212458610535e-02 -5.476888618431985378e-04 -3.722815588116645813e-02
4.537295103073120117e-01 -1.652301251888275146e-01 -1.292251981794834137e-03 2.552819252014160156e-01
4.504249095916748047e-01 2.991024591028690338e-02 3.813386429101228714e-03 -3.780832514166831970e-02
4.510231316089630127e-01 2.249772995710372925e-01 3.057220019400119781e-03 -3.292856514453887939e-01
4.555226862430572510e-01 2.981196716427803040e-02 -3.528493223711848259e-03 -3.564019128680229187e-02
4.561189115047454834e-01 -1.652592122554779053e-01 -4.241297021508216858e-03 2.559273838996887207e-01
4.528137147426605225e-01 2.992304228246212006e-02 8.772504515945911407e-04 -3.809030354022979736e-02
4.534121751785278320e-01 -1.652114838361740112e-01 1.154443743871524930e-04 2.548692822456359863e-01
