-1.424496434628963470e-02 -1.588828489184379578e-02 5.401358474045991898e-03 3.412952646613121033e-02
-1.456272974610328674e-02 1.791557967662811279e-01 6.083949003368616104e-03 -2.568443417549133301e-01
-1.097961422055959702e-02 -1.605248637497425079e-02 9.470624499954283237e-04 3.775134310126304626e-02
-1.130066346377134323e-02 -2.111880034208297729e-01 1.702089328318834305e-03 3.307329118251800537e-01
-1.552442368119955063e-02 -1.609032414853572845e-02 8.316747844219207764e-03 3.858724236488342285e-02
-1.584623008966445923e-02 1.789113879203796387e-01 9.088492952287197113e-03 -2.514601051807403564e-01
-1.226800307631492615e-02 -1.633916236460208893e-02 4.059290513396263123e-03 4.407559707760810852e-02
-1.259478647261857986e-02 1.787243485450744629e-01 4.940802231431007385e-03 -2.473238259553909302e-01
-9.020299650728702545e-03 -1.646781899034976959e-02 -5.674120984622277319e-06 4.691343382000923157e-02
-9.349655359983444214e-03 -2.115896940231323242e-01 9.325945866294205189e-04 3.395945727825164795e-01
-1.358144916594028473e-02 -1.648102141916751862e-02 7.724485825747251511e-03 4.720588028430938721e-02
-1.391106937080621719e-02 1.785293221473693848e-01 8.668603375554084778e-03 -2.430299222469329834e-01
-1.034048385918140411e-02 -1.671537198126316071e-02 3.808005014434456825e-03 5.237464234232902527e-02
-1.067479047924280167e-02 1.783517748117446899e-01 4.855497740209102631e-03 -2.391044050455093384e-01
-7.107755634933710098e-03 -1.683920808136463165e-02 7.340993033722043037e-05 5.510612577199935913e-02
-7.444539573043584824e-03 1.782816946506500244e-01 1.175532466731965542e-03 -2.375536412000656128e-01
-3.878905670717358589e-03 -1.685703359544277191e-02 -3.575540147721767426e-03 5.549985542893409729e-02
-4.216046538203954697e-03 -2.119275331497192383e-01 -2.465543104335665703e-03 3.470525443553924561e-01
-8.454597555100917816e-03 -1.677060127258300781e-02 4.475507419556379318e-03 5.359315127134323120e-02
-8.790009655058383942e-03 1.782868951559066772e-01 5.547370295971632004e-03 -2.376743704080581665e-01
-5.224271211773157120e-03 -1.691387034952640533e-02 7.938831695355474949e-04 5.675319209694862366e-02
-5.562548991292715073e-03 1.781966835260391235e-01 1.928947051055729389e-03 -2.356791496276855469e-01
-1.998614985495805740e-03 -1.695276796817779541e-02 -2.784636104479432106e-03 5.761159956455230713e-02
-2.337670419365167618e-03 -2.120346873998641968e-01 -1.632404047995805740e-03 3.494146466255187988e-01
-6.578363943845033646e-03 -1.688955351710319519e-02 5.355888977646827698e-03 5.621742084622383118e-02
-6.916155107319355011e-03 1.781551986932754517e-01 6.480237469077110291e-03 -2.347708791494369507e-01
-3.353051142767071724e-03 -1.705874130129814148e-02 1.784819760359823704e-03 5.994905158877372742e-02
-3.694226033985614777e-03 1.780375689268112183e-01 2.983800834044814110e-03 -2.321702241897583008e-01
-1.334744883934035897e-04 -1.712688431143760681e-02 -1.659603556618094444e-03 6.145240366458892822e-02
-4.760121810249984264e-04 -2.122250050306320190e-01 -4.305555194150656462e-04 3.536112606525421143e-01
-4.720512311905622482e-03 -1.709693111479282379e-02 6.641669664531946182e-03 6.079259142279624939e-02
-5.062450654804706573e-03 1.779291629791259766e-01 7.857521064579486847e-03 -2.297874689102172852e-01
-1.503867446444928646e-03 -1.730418205261230469e-02 3.261771984398365021e-03 6.536360085010528564e-02
-1.849951106123626232e-03 1.777708530426025391e-01 4.569043871015310287e-03 -2.262884378433227539e-01
1.705465954728424549e-03 -1.741609722375869751e-02 4.327533315517939627e-05 6.783223152160644531e-02
1.357143977656960487e-03 1.777052283287048340e-01 1.399919972755014896e-03 -2.248370498418807983e-01
4.911248572170734406e-03 -1.743669807910919189e-02 -3.096821019425988197e-03 6.828714162111282349e-02
4.562514834105968475e-03 -2.125141173601150513e-01 -1.731078024022281170e-03 3.599914014339447021e-01
3.122324706055223942e-04 -1.736759766936302185e-02 5.468749906867742538e-03 6.676312536001205444e-02
-3.511948671075515449e-05 1.776755154132843018e-01 6.804012693464756012e-03 -2.241893708705902100e-01
3.518390934914350510e-03 -1.754301041364669800e-02 2.320225117728114128e-03 7.063201069831848145e-02
3.167530754581093788e-03 1.775456070899963379e-01 3.732865210622549057e-03 -2.213179767131805420e-01
6.718442775309085846e-03 -1.762950792908668518e-02 -6.934940465725958347e-04 7.254011183977127075e-02
6.365852430462837219e-03 -2.127415090799331665e-01 7.573082111775875092e-04 3.650041520595550537e-01
2.111022360622882843e-03 -1.763032935559749603e-02 8.057391270995140076e-03 7.256011664867401123e-02
1.758415717631578445e-03 1.773751825094223022e-01 9.508593939244747162e-03 -2.175698131322860718e-01
5.305919330567121506e-03 -1.788139343261718750e-02 5.157197359949350357e-03 7.809729874134063721e-02
4.948291461914777756e-03 1.771662533283233643e-01 6.719143595546483994e-03 -2.129540592432022095e-01
8.491616696119308472e-03 -1.805111952126026154e-02 2.460062270984053612e-03 8.184079080820083618e-02
8.130594156682491302e-03 1.770354807376861572e-01 4.096878226846456528e-03 -2.100649625062942505e-01
1.167130377143621445e-02 -1.814480870962142944e-02 -1.044210512191057205e-04 8.390749245882034302e-02
1.130840741097927094e-02 1.769786328077316284e-01 1.573728863149881363e-03 -2.088083773851394653e-01
1.484798081219196320e-02 -1.816578023135662079e-02 -2.602438675239682198e-03 8.437056839466094971e-02
1.448466442525386810e-02 -2.132503241300582886e-01 -9.150273981504142284e-04 3.762312829494476318e-01
1.021965779364109039e-02 -1.811539381742477417e-02 6.609598174691200256e-03 8.325998485088348389e-02
9.857350029051303864e-03 1.769111901521682739e-01 8.274798281490802765e-03 -2.073303014039993286e-01
1.339557394385337830e-02 -1.832810416817665100e-02 4.128192085772752762e-03 8.795138448476791382e-02
1.302901189774274826e-02 1.767344325780868530e-01 5.887219682335853577e-03 -2.034262418746948242e-01
1.656370051205158234e-02 -1.847121492028236389e-02 1.818694872781634331e-03 9.110798686742782593e-02
1.619427651166915894e-02 1.766246259212493896e-01 3.640854498371481895e-03 -2.010005861520767212e-01
1.972676813602447510e-02 -1.854921318590641022e-02 -3.791571652982383966e-04 9.282863140106201172e-02
1.935578510165214539e-02 1.765781641006469727e-01 1.477415440604090691e-03 -1.999738961458206177e-01
2.288734726607799530e-02 -1.856487989425659180e-02 -2.522062510251998901e-03 9.317471832036972046e-02
2.251605130732059479e-02 -2.136505842208862305e-01 -6.585679948329925537e-04 3.850608766078948975e-01
1.824303902685642242e-02 -1.851929724216461182e-02 7.042649667710065842e-03 9.217037260532379150e-02
1.787265203893184662e-02 1.765010058879852295e-01 8.886056952178478241e-03 -1.982823014259338379e-01
2.140267193317413330e-02 -1.874690875411033630e-02 4.920410923659801483e-03 9.719046950340270996e-02
2.102773450314998627e-02 1.763041764497756958e-01 6.864220369607210159e-03 -1.939360201358795166e-01
2.455381862819194794e-02 -1.891528815031051636e-02 2.985500032082200050e-03 1.009043455123901367e-01
2.417551167309284210e-02 1.761637479066848755e-01 5.003586877137422562e-03 -1.908351778984069824e-01
2.769878692924976349e-02 -1.902942359447479248e-02 1.186883426271378994e-03 1.034219712018966675e-01
2.731819823384284973e-02 1.760755032300949097e-01 3.255322808399796486e-03 -1.888862550258636475e-01
3.083970956504344940e-02 -1.909287460148334503e-02 -5.224023479968309402e-04 1.048218086361885071e-01
3.045785054564476013e-02 -2.142073363065719604e-01 1.574033871293067932e-03 3.973398804664611816e-01
2.617370523512363434e-02 -1.910775154829025269e-02 9.520831517875194550e-03 1.051536276936531067e-01
2.579155005514621735e-02 1.758764684200286865e-01 1.162390410900115967e-02 -1.845103800296783447e-01
2.930907905101776123e-02 -1.940984837710857391e-02 7.933696731925010681e-03 1.118166744709014893e-01
2.892088145017623901e-02 1.755975186824798584e-01 1.017002947628498077e-02 -1.783526986837387085e-01
3.243283182382583618e-02 -1.966847479343414307e-02 6.602976005524396896e-03 1.175210922956466675e-01
3.203946352005004883e-02 1.753582507371902466e-01 8.953397162258625031e-03 -1.730713546276092529e-01
3.554662689566612244e-02 -1.989069394767284393e-02 5.491970572620630264e-03 1.224225834012031555e-01
3.514881432056427002e-02 1.751521527767181396e-01 7.940421812236309052e-03 -1.685226410627365112e-01
3.865185752511024475e-02 -2.008255571126937866e-02 4.569969139993190765e-03 1.266546398401260376e-01
3.825020790100097656e-02 1.749736219644546509e-01 7.103062234818935394e-03 -1.645830124616622925e-01
4.174967855215072632e-02 -2.024927921593189240e-02 3.811402013525366783e-03 1.303322464227676392e-01
4.134469479322433472e-02 1.748178750276565552e-01 6.418047007173299789e-03 -1.611457914113998413e-01
4.484105110168457031e-02 -2.039537392556667328e-02 3.195130964741110802e-03 1.335549205541610718e-01
4.443314298987388611e-02 1.746806651353836060e-01 5.866229534149169922e-03 -1.581182777881622314e-01
4.792675748467445374e-02 -2.052478119730949402e-02 2.703864127397537231e-03 1.364095211029052734e-01
4.751626029610633850e-02 1.745583415031433105e-01 5.432054400444030762e-03 -1.554191559553146362e-01
5.100742727518081665e-02 -2.064096555113792419e-02 2.323671476915478706e-03 1.389724910259246826e-01
5.059460923075675964e-02 1.744476258754730225e-01 5.103121511638164520e-03 -1.529764384031295776e-01
5.408355966210365295e-02 -2.074702084064483643e-02 2.043592510744929314e-03 1.413120329380035400e-01
5.366862192749977112e-02 1.743455976247787476e-01 4.869833122938871384e-03 -1.507254838943481445e-01
5.715553089976310730e-02 -2.084574103355407715e-02 1.855323440395295620e-03 1.434897929430007935e-01
5.673861876130104065e-02 1.742495894432067871e-01 4.725119099020957947e-03 -1.486072391271591187e-01
6.022360920906066895e-02 -2.093970403075218201e-02 1.752974465489387512e-03 1.455626189708709717e-01
5.980481579899787903e-02 1.741570979356765747e-01 4.664226900786161423e-03 -1.465667635202407837e-01
6.328795850276947021e-02 -2.103133499622344971e-02 1.732891425490379333e-03 1.475839763879776001e-01
6.286732852458953857e-02 1.740657538175582886e-01 4.684570711106061935e-03 -1.445517539978027344e-01
6.634864211082458496e-02 -2.112296596169471741e-02 1.793535775505006313e-03 1.496053785085678101e-01
6.592618674039840698e-02 1.739732623100280762e-01 4.785643424838781357e-03 -1.425111889839172363e-01
6.940565258264541626e-02 -2.121690474450588226e-02 1.935419742949306965e-03 1.516776829957962036e-01
6.898131221532821655e-02 1.738772839307785034e-01 4.968973342329263687e-03 -1.403940320014953613e-01
7.245885580778121948e-02 -2.131548523902893066e-02 2.161092590540647507e-03 1.538523733615875244e-01
7.203254848718643188e-02 1.737754493951797485e-01 5.238140001893043518e-03 -1.381479948759078979e-01
7.550805807113647461e-02 -2.142112702131271362e-02 2.475179964676499367e-03 1.561828553676605225e-01
7.507963478565216064e-02 1.736653000116348267e-01 5.598837044090032578e-03 -1.357181817293167114e-01
7.855293899774551392e-02 -2.153639867901802063e-02 2.884473651647567749e-03 1.587258279323577881e-01
7.812221348285675049e-02 1.735441386699676514e-01 6.058990024030208588e-03 -1.330457180738449097e-01
8.159309625625610352e-02 -2.166407741606235504e-02 3.398075699806213379e-03 1.615425497293472290e-01
8.115981519222259521e-02 1.734090596437454224e-01 6.628926843404769897e-03 -1.300664395093917847e-01
8.462799340486526489e-02 -2.180721610784530640e-02 4.027598071843385696e-03 1.647004485130310059e-01
8.419185131788253784e-02 1.732568442821502686e-01 7.321606855839490891e-03 -1.267091631889343262e-01
8.765698969364166260e-02 -2.196922153234481812e-02 4.787423647940158844e-03 1.682746261358261108e-01
8.721760660409927368e-02 1.730838716030120850e-01 8.152916096150875092e-03 -1.228941828012466431e-01
9.067928045988082886e-02 -2.215392328798770905e-02 5.695032421499490738e-03 1.723497211933135986e-01
9.023620188236236572e-02 1.728860586881637573e-01 9.142027236521244049e-03 -1.185311749577522278e-01
9.369392693042755127e-02 -2.236567810177803040e-02 6.771403364837169647e-03 1.770219057798385620e-01
9.324660897254943848e-02 1.726587116718292236e-01 1.031184103339910507e-02 -1.135172024369239807e-01
9.669978916645050049e-02 -2.260946109890937805e-02 8.041497319936752319e-03 1.824011206626892090e-01
9.624759852886199951e-02 1.723965108394622803e-01 1.168951950967311859e-02 -1.077341958880424500e-01
9.969552606344223022e-02 -2.289099059998989105e-02 9.534835815429687500e-03 1.886136680841445923e-01
9.923771023750305176e-02 1.720932573080062866e-01 1.330710947513580322e-02 -1.010462045669555664e-01
1.026795729994773865e-01 -2.321684919297695160e-02 1.128618512302637100e-02 1.958051919937133789e-01
1.022152379155158997e-01 1.717418581247329712e-01 1.520228944718837738e-02 -9.329617768526077271e-02
1.056500747799873352e-01 -2.359464764595031738e-02 1.333636511117219925e-02 2.041440308094024658e-01
1.051781773567199707e-01 1.713340729475021362e-01 1.741924509406089783e-02 -8.430226892232894897e-02
1.086048632860183716e-01 -2.403319254517555237e-02 1.573320105671882629e-02 2.138251662254333496e-01
1.081241965293884277e-01 1.708603352308273315e-01 2.000970393419265747e-02 -7.385357469320297241e-02
1.115414053201675415e-01 -2.454268187284469604e-02 1.853263191878795624e-02 2.250747233629226685e-01
1.110505461692810059e-01 1.703095585107803345e-01 2.303412742912769318e-02 -6.170516833662986755e-02
1.144567430019378662e-01 3.650938272476196289e-01 2.180002257227897644e-02 -3.470326066017150879e-01
1.217586174607276917e-01 1.696686744689941406e-01 1.485937181860208511e-02 -4.755584523081779480e-02
1.251519918441772461e-01 3.645744323730468750e-01 1.390825491398572922e-02 -3.355137109756469727e-01
1.324434727430343628e-01 1.692573428153991699e-01 7.197980303317308426e-03 -3.847751021385192871e-02
1.358286291360855103e-01 -2.596708945930004120e-02 6.428430322557687759e-03 2.564677298069000244e-01
1.353092789649963379e-01 1.690624952316284180e-01 1.155778486281633377e-02 -3.418065235018730164e-02
1.386905312538146973e-01 3.640168011188507080e-01 1.087417174130678177e-02 -3.231946825981140137e-01
1.459708660840988159e-01 1.687417179346084595e-01 4.410278052091598511e-03 -2.710242010653018951e-02
1.493457108736038208e-01 3.638001382350921631e-01 3.868229687213897705e-03 -3.183906078338623047e-01
1.566217094659805298e-01 1.686233133077621460e-01 -2.499582245945930481e-03 -2.449028566479682922e-02
1.599941700696945190e-01 -2.646269835531711578e-02 -2.989388071000576019e-03 2.674029469490051270e-01
1.594649255275726318e-01 1.687017828226089478e-01 2.358670812100172043e-03 -2.622135356068611145e-02
1.628389507532119751e-01 3.637898266315460205e-01 1.834243768826127052e-03 -3.181591629981994629e-01
1.701147556304931641e-01 1.686418056488037109e-01 -4.528939258307218552e-03 -2.489834465086460114e-02
1.734875887632369995e-01 -2.641490288078784943e-02 -5.026906263083219528e-03 2.663522064685821533e-01
1.729592978954315186e-01 1.687784343957901001e-01 3.001379955094307661e-04 -2.791199088096618652e-02
1.763348579406738281e-01 3.638960719108581543e-01 -2.581017906777560711e-04 -3.205001950263977051e-01
1.836127787828445435e-01 1.687778085470199585e-01 -6.668105721473693848e-03 -2.789868414402008057e-02
1.869883388280868530e-01 -2.624789252877235413e-02 -7.226079702377319336e-03 2.626729309558868408e-01
1.864633858203887939e-01 1.689764559268951416e-01 -1.972620608285069466e-03 -3.228038176894187927e-02
1.898429095745086670e-01 -2.611715160310268402e-02 -2.618228318169713020e-03 2.597795128822326660e-01
1.893205642700195312e-01 1.690420806407928467e-01 2.577361883595585823e-03 -3.372808918356895447e-02
1.927014142274856567e-01 3.641269803047180176e-01 1.902800169773399830e-03 -3.255967199802398682e-01
1.999839395284652710e-01 1.689779758453369141e-01 -4.609134048223495483e-03 -3.231433779001235962e-02
2.033635079860687256e-01 -2.607756853103637695e-02 -5.255421157926321030e-03 2.589108049869537354e-01
2.028419524431228638e-01 1.691190153360366821e-01 -7.720495341345667839e-05 -3.542511537671089172e-02
2.062243372201919556e-01 3.642420768737792969e-01 -7.857072632759809494e-04 -3.281323909759521484e-01
2.135091722011566162e-01 1.691313087940216064e-01 -7.348355371505022049e-03 -3.569735214114189148e-02
2.168917953968048096e-01 -2.588449232280254364e-02 -8.062302134931087494e-03 2.546580731868743896e-01
2.163741141557693481e-01 1.693516373634338379e-01 -2.969141118228435516e-03 -4.055690765380859375e-02
2.197611480951309204e-01 -2.572760917246341705e-02 -3.780279075726866722e-03 2.511877417564392090e-01
2.192465960979461670e-01 1.694481223821640015e-01 1.243475824594497681e-03 -4.268515110015869141e-02
2.226355522871017456e-01 3.645522296428680420e-01 3.897727292496711016e-04 -3.349754810333251953e-01
2.299266010522842407e-01 1.694247275590896606e-01 -6.309736985713243484e-03 -4.216967523097991943e-02
2.333150953054428101e-01 -2.560618333518505096e-02 -7.153130602091550827e-03 2.485158145427703857e-01
2.328029721975326538e-01 1.696171909570693970e-01 -2.182814525440335274e-03 -4.641475901007652283e-02
2.361953109502792358e-01 3.647703826427459717e-01 -3.111109603196382523e-03 -3.397855758666992188e-01
2.434907257556915283e-01 1.696928292512893677e-01 -9.906820952892303467e-03 -4.808534681797027588e-02
2.468845844268798828e-01 -2.528567798435688019e-02 -1.086852792650461197e-02 2.414554953575134277e-01
2.463788688182830811e-01 1.699898242950439453e-01 -6.039418280124664307e-03 -5.463574081659317017e-02
2.497786581516265869e-01 -2.504501119256019592e-02 -7.132133003324270248e-03 2.361356019973754883e-01
2.492777556180953979e-01 1.701781004667282104e-01 -2.409421140328049660e-03 -5.878845974802970886e-02
2.526813149452209473e-01 -2.490921504795551300e-02 -3.585190279409289360e-03 2.331333011388778687e-01
2.521831393241882324e-01 1.702637821435928345e-01 1.077475841157138348e-03 -6.067834794521331787e-02
2.555884122848510742e-01 3.653702735900878906e-01 -1.360911264782771468e-04 -3.530211150646209717e-01
2.628958225250244141e-01 1.702502518892288208e-01 -7.196513470262289047e-03 -6.038111820816993713e-02
2.663008272647857666e-01 -2.476778440177440643e-02 -8.404135704040527344e-03 2.300225943326950073e-01
2.658054828643798828e-01 1.704732477664947510e-01 -3.803684143349528313e-03 -6.529939174652099609e-02
2.692149281501770020e-01 -2.459396421909332275e-02 -5.109671968966722488e-03 2.261810302734375000e-01
2.687230408191680908e-01 1.706006377935409546e-01 -5.860513192601501942e-04 -6.810928881168365479e-02
2.721350789070129395e-01 3.657310009002685547e-01 -1.948237186297774315e-03 -3.609770536422729492e-01
2.794497013092041016e-01 1.706367880105972290e-01 -9.167778305709362030e-03 -6.890909373760223389e-02
2.828624248504638672e-01 -2.435253933072090149e-02 -1.054596062749624252e-02 2.208673059940338135e-01
2.823753654956817627e-01 1.709185540676116943e-01 -6.128613837063312531e-03 -7.512349635362625122e-02
2.857937514781951904e-01 -2.411500364542007446e-02 -7.631083950400352478e-03 2.156195491552352905e-01
2.853114306926727295e-01 1.711152046918869019e-01 -3.318693023175001144e-03 -7.946076244115829468e-02
2.887337505817413330e-01 -2.395901456475257874e-02 -4.907908383756875992e-03 2.121732681989669800e-01
2.882545590400695801e-01 1.712327599525451660e-01 -6.644428358413279057e-04 -8.205379545688629150e-02
2.916792333126068115e-01 3.663642406463623047e-01 -2.305518835783004761e-03 -3.749462664127349854e-01
2.990065217018127441e-01 1.712751090526580811e-01 -9.804444387555122375e-03 -8.299119025468826294e-02
3.024320006370544434e-01 -2.370493859052658081e-02 -1.146426796913146973e-02 2.065823674201965332e-01
3.019579052925109863e-01 1.715790629386901855e-01 -7.332620676606893539e-03 -8.969480544328689575e-02
3.053894937038421631e-01 -2.343702875077724457e-02 -9.126516990363597870e-03 2.006656825542449951e-01
3.049207627773284912e-01 1.718142479658126831e-01 -5.113203078508377075e-03 -9.488219767808914185e-02
3.083570301532745361e-01 -2.323403768241405487e-02 -7.010847330093383789e-03 1.961831450462341309e-01
3.078923523426055908e-01 1.719874888658523560e-01 -3.087184391915798187e-03 -9.870312362909317017e-02
3.113321065902709961e-01 -2.309007942676544189e-02 -5.061246920377016068e-03 1.930042058229446411e-01
3.108702898025512695e-01 1.721039116382598877e-01 -1.201162813231348991e-03 -1.012710258364677429e-01
3.143123686313629150e-01 -2.300081029534339905e-02 -3.226583357900381088e-03 1.910326927900314331e-01
3.138523697853088379e-01 1.721671521663665771e-01 5.940705887041985989e-04 -1.026663333177566528e-01
3.172957003116607666e-01 -2.296330966055393219e-02 -1.459256163798272610e-03 1.902039647102355957e-01
3.168364465236663818e-01 1.721794903278350830e-01 2.344822976738214493e-03 -1.029389426112174988e-01
3.202800452709197998e-01 3.672677576541900635e-01 2.860441454686224461e-04 -3.948811590671539307e-01
3.276253938674926758e-01 1.721417456865310669e-01 -7.611579261720180511e-03 -1.021080687642097473e-01
3.310682177543640137e-01 -2.287029661238193512e-02 -9.653740562498569489e-03 1.881637424230575562e-01
3.306108117103576660e-01 1.723884344100952148e-01 -5.890465807169675827e-03 -1.075488552451133728e-01
3.340585827827453613e-01 -2.264861762523651123e-02 -8.041443303227424622e-03 1.832698583602905273e-01
3.336056172847747803e-01 1.725874692201614380e-01 -4.376045893877744675e-03 -1.119389683008193970e-01
3.370573520660400391e-01 -2.247150614857673645e-02 -6.614825222641229630e-03 1.793601363897323608e-01
3.366079330444335938e-01 1.727444827556610107e-01 -3.027622355148196220e-03 -1.154021695256233215e-01
3.400628268718719482e-01 -2.233396284282207489e-02 -5.335665773600339890e-03 1.763240247964859009e-01
3.396161496639251709e-01 1.728639453649520874e-01 -1.809185254387557507e-03 -1.180373355746269226e-01
3.430734276771545410e-01 -2.223204262554645538e-02 -4.169932100921869278e-03 1.740742623805999756e-01
3.426287770271301270e-01 1.729493439197540283e-01 -6.884469185024499893e-04 -1.199212297797203064e-01
3.460877537727355957e-01 -2.216274105012416840e-02 -3.086871467530727386e-03 1.725444197654724121e-01
3.456445038318634033e-01 1.730032563209533691e-01 3.640169743448495865e-04 -1.211107149720191956e-01
3.491045832633972168e-01 -2.212391048669815063e-02 -2.058197278529405594e-03 1.716870367527008057e-01
3.486621081829071045e-01 1.730274409055709839e-01 1.375543302856385708e-03 -1.216444820165634155e-01
3.521226346492767334e-01 3.681296408176422119e-01 -1.057346351444721222e-03 -4.138931334018707275e-01
3.594852387905120850e-01 1.730227023363113403e-01 -9.335208684206008911e-03 -1.215437203645706177e-01
3.629457056522369385e-01 -2.196426317095756531e-02 -1.176608353853225708e-02 1.681794822216033936e-01
3.625064194202423096e-01 1.733241081237792969e-01 -8.402493782341480255e-03 -1.281919628381729126e-01
3.659729063510894775e-01 -2.167646773159503937e-02 -1.096633262932300568e-02 1.618282794952392578e-01
3.655393719673156738e-01 1.736007481813430786e-01 -7.729766890406608582e-03 -1.342939585447311401e-01
3.690113723278045654e-01 -2.140963636338710785e-02 -1.041564624756574631e-02 1.559403538703918457e-01
3.685831725597381592e-01 1.738598793745040894e-01 -7.296839263290166855e-03 -1.400101929903030396e-01
3.720603883266448975e-01 -2.115680463612079620e-02 -1.009704265743494034e-02 1.503618061542510986e-01
3.716372549533843994e-01 1.741082668304443359e-01 -7.089806720614433289e-03 -1.454893499612808228e-01
3.751194179058074951e-01 -2.091144211590290070e-02 -9.999593719840049744e-03 1.449484676122665405e-01
3.747011721134185791e-01 1.743522733449935913e-01 -7.100624497979879379e-03 -1.508722901344299316e-01
3.781882226467132568e-01 -2.066728472709655762e-02 -1.011807005852460861e-02 1.395621001720428467e-01
3.777748942375183105e-01 1.745981127023696899e-01 -7.326828315854072571e-03 -1.562956571578979492e-01
3.812668323516845703e-01 -2.041817642748355865e-02 -1.045274175703525543e-02 1.340668499469757080e-01
3.808584809303283691e-01 1.748519241809844971e-01 -7.771403994411230087e-03 -1.618953496217727661e-01
3.843555152416229248e-01 -2.015791274607181549e-02 -1.100931130349636078e-02 1.283258050680160522e-01
3.839523494243621826e-01 1.751200109720230103e-01 -8.442794904112815857e-03 -1.678099930286407471e-01
3.874547481536865234e-01 -1.988008245825767517e-02 -1.179899461567401886e-02 1.221975609660148621e-01
3.870571553707122803e-01 1.754088997840881348e-01 -9.355043992400169373e-03 -1.741843521595001221e-01
3.905653357505798340e-01 -1.957791671156883240e-02 -1.283873058855533600e-02 1.155327409505844116e-01
3.901737928390502930e-01 1.757256239652633667e-01 -1.052807550877332687e-02 -1.811729073524475098e-01
3.936882913112640381e-01 -1.924411207437515259e-02 -1.415153406560420990e-02 1.081702858209609985e-01
3.933034241199493408e-01 1.760777384042739868e-01 -1.198812853544950485e-02 -1.889435648918151855e-01
3.968249559402465820e-01 -1.887066476047039032e-02 -1.576699875295162201e-02 9.993360936641693115e-02
3.964475393295288086e-01 1.764736622571945190e-01 -1.376832742244005203e-02 -1.976817697286605835e-01
3.999770283699035645e-01 -1.844867691397666931e-02 -1.772196218371391296e-02 9.062626212835311890e-02
3.996080458164215088e-01 -2.133121788501739502e-01 -1.590943709015846252e-02 3.776656389236450195e-01
3.953418135643005371e-01 -1.796793937683105469e-02 -8.356124162673950195e-03 8.000918477773666382e-02
3.949824571609497070e-01 1.772727966308593750e-01 -6.755941081792116165e-03 -2.152983695268630981e-01
3.985278904438018799e-01 -1.775192283093929291e-02 -1.106190867722034454e-02 7.524579763412475586e-02
3.981728553771972656e-01 -2.127135545015335083e-01 -9.556991979479789734e-03 3.644182384014129639e-01
3.939186036586761475e-01 -1.745709776878356934e-02 -2.268627751618623734e-03 6.873720139265060425e-02
3.935694396495819092e-01 1.776973009109497070e-01 -8.938838145695626736e-04 -2.246606349945068359e-01
3.971233963966369629e-01 -1.741185970604419708e-02 -5.387096200138330460e-03 6.774020195007324219e-02
3.967751562595367432e-01 1.777869164943695068e-01 -4.032292403280735016e-03 -2.266375124454498291e-01
4.003309011459350586e-01 -1.727718301117420197e-02 -8.565042167901992798e-03 6.477076560258865356e-02
3.999853432178497314e-01 -2.122752964496612549e-01 -7.269626948982477188e-03 3.547390997409820557e-01
3.957398533821105957e-01 -1.705073565244674683e-02 -1.748449722072109580e-04 5.977275967597961426e-02
3.953988254070281982e-01 1.780737191438674927e-01 1.020610216073691845e-03 -2.329653203487396240e-01
3.989603221416473389e-01 -1.706279814243316650e-02 -3.638696391135454178e-03 6.003936007618904114e-02
3.986190557479858398e-01 1.781111359596252441e-01 -2.437909133732318878e-03 -2.337893694639205933e-01
4.021812677383422852e-01 -1.697589829564094543e-02 -7.113696541637182236e-03 5.812355875968933105e-02
4.018417596817016602e-01 -2.119951397180557251e-01 -5.951225291937589645e-03 3.485535979270935059e-01
3.976018428802490234e-01 -1.678904518485069275e-02 1.019846531562507153e-03 5.400000512599945068e-02
3.972660899162292480e-01 1.783182621002197266e-01 2.099846722558140755e-03 -2.383609712123870850e-01
4.008324444293975830e-01 -1.683361828327178955e-02 -2.667372813448309898e-03 5.498356372117996216e-02
4.004957675933837891e-01 1.783264726400375366e-01 -1.567701576277613640e-03 -2.385397404432296753e-01
4.040623009204864502e-01 -1.677304320037364960e-02 -6.338496692478656769e-03 5.364827066659927368e-02
4.037268459796905518e-01 -2.118035405874252319e-01 -5.265531130135059357e-03 3.443246185779571533e-01
3.994907736778259277e-01 -1.660707779228687286e-02 1.620961469598114491e-03 4.998593777418136597e-02
3.991586267948150635e-01 1.784915924072265625e-01 2.620680257678031921e-03 -2.421851158142089844e-01
4.027284681797027588e-01 -1.666769385337829590e-02 -2.223022282123565674e-03 5.132328346371650696e-02
4.023950994014739990e-01 1.784860640764236450e-01 -1.196556491777300835e-03 -2.420601993799209595e-01
4.059648215770721436e-01 -1.661877706646919250e-02 -6.037760525941848755e-03 5.024506896734237671e-02
4.056324362754821777e-01 -2.116536349058151245e-01 -5.032858811318874359e-03 3.410169184207916260e-01
4.013993740081787109e-01 -1.646043919026851654e-02 1.787479617632925510e-03 4.675118997693061829e-02
4.010701775550842285e-01 1.786358356475830078e-01 2.722503384575247765e-03 -2.453672289848327637e-01
4.046428799629211426e-01 -1.652489416301250458e-02 -2.184841316193342209e-03 4.817318916320800781e-02
4.043123722076416016e-01 1.786283105611801147e-01 -1.221377518959343433e-03 -2.451982647180557251e-01
4.078849554061889648e-01 -1.647616736590862274e-02 -6.125343032181262970e-03 4.709915444254875183e-02
4.075554311275482178e-01 -2.115097492933273315e-01 -5.183360073715448380e-03 3.378432095050811768e-01
4.033252298831939697e-01 -1.631442643702030182e-02 1.573504181578755379e-03 4.353024438023567200e-02
4.029989540576934814e-01 1.787849217653274536e-01 2.444109180942177773e-03 -2.486558109521865845e-01
4.065746366977691650e-01 -1.637184433639049530e-02 -2.529007149860262871e-03 4.479703679680824280e-02
4.062471985816955566e-01 1.787862777709960938e-01 -1.633066334761679173e-03 -2.486827373504638672e-01
4.098229408264160156e-01 -1.631231233477592468e-02 -6.606721319258213043e-03 4.348463565111160278e-02
4.094966948032379150e-01 -2.113389074802398682e-01 -5.737028550356626511e-03 3.340757787227630615e-01
4.052699208259582520e-01 -1.613577269017696381e-02 9.444872266612946987e-04 3.958922252058982849e-02
4.049471914768218994e-01 1.789726167917251587e-01 1.736271660774946213e-03 -2.527955472469329834e-01
4.085266590118408203e-01 -1.617407985031604767e-02 -3.319639479741454124e-03 4.043451324105262756e-02
4.082031548023223877e-01 -2.112482637166976929e-01 -2.510949270799756050e-03 3.320682048797607422e-01
4.039781987667083740e-01 -1.609066873788833618e-02 4.130415152758359909e-03 3.859451785683631897e-02
4.036563932895660400e-01 1.789718121290206909e-01 4.902305547147989273e-03 -2.527823746204376221e-01
4.072358310222625732e-01 -1.621979847550392151e-02 -1.533418544568121433e-04 4.144280031323432922e-02
4.069114327430725098e-01 1.789043545722961426e-01 6.755141657777130604e-04 -2.512885034084320068e-01
4.104894995689392090e-01 -1.622723974287509918e-02 -4.350255709141492844e-03 4.160741716623306274e-02
4.101649522781372070e-01 -2.112865447998046875e-01 -3.518107580021023750e-03 3.329146206378936768e-01
4.059392213821411133e-01 -1.611469127237796783e-02 3.140185028314590454e-03 3.912434726953506470e-02
4.056169390678405762e-01 1.789620965719223022e-01 3.922672010958194733e-03 -2.525661587715148926e-01
4.091961979866027832e-01 -1.621565409004688263e-02 -1.128651550970971584e-03 4.135145619511604309e-02
4.088718593120574951e-01 1.789224594831466675e-01 -3.016223781742155552e-04 -2.516873478889465332e-01
4.124503135681152344e-01 -1.619517803192138672e-02 -5.335369613021612167e-03 4.090041667222976685e-02
4.121264219284057617e-01 -2.112402170896530151e-01 -4.517361056059598923e-03 3.318952322006225586e-01
4.079016149044036865e-01 -1.605425775051116943e-02 2.120543038472533226e-03 3.779116645455360413e-02
4.075805246829986572e-01 1.790372133255004883e-01 2.876366488635540009e-03 -2.542219460010528564e-01
4.111612737178802490e-01 -1.612568274140357971e-02 -2.208072692155838013e-03 3.936684131622314453e-02
4.108387529850006104e-01 -2.112158983945846558e-01 -1.420735730789601803e-03 3.313522934913635254e-01
4.066144526004791260e-01 -1.607375405728816986e-02 5.206309724599123001e-03 3.822166100144386292e-02
4.062929749488830566e-01 1.789731532335281372e-01 5.970743019133806229e-03 -2.528140842914581299e-01
4.098724424839019775e-01 -1.623354479670524597e-02 9.144613868556916714e-04 4.174612835049629211e-02
4.095477461814880371e-01 1.788752824068069458e-01 1.749383984133601189e-03 -2.506481409072875977e-01
4.131252765655517578e-01 -1.627160795032978058e-02 -3.263578750193119049e-03 4.258606955409049988e-02
4.127998352050781250e-01 -2.113466113805770874e-01 -2.411857480183243752e-03 3.342375159263610840e-01
4.085729122161865234e-01 -1.619041338562965393e-02 4.272893071174621582e-03 4.079499468207359314e-02
4.082490801811218262e-01 1.788700073957443237e-01 5.088793113827705383e-03 -2.505367398262023926e-01
4.118264913558959961e-01 -1.632424443960189819e-02 7.805819041095674038e-05 4.374694451689720154e-02
4.115000069141387939e-01 1.787965893745422363e-01 9.529970702715218067e-04 -2.489113509654998779e-01
4.150759279727935791e-01 -1.633895933628082275e-02 -4.025229718536138535e-03 4.407201707363128662e-02
4.147491455078125000e-01 -2.114029675722122192e-01 -3.143789479508996010e-03 3.354822397232055664e-01
4.105210900306701660e-01 -1.623640954494476318e-02 3.565855091437697411e-03 4.180958122014999390e-02
4.101963639259338379e-01 1.788342297077178955e-01 4.402046557515859604e-03 -2.497461587190628052e-01
4.137730598449707031e-01 -1.635031029582023621e-02 -5.928763421252369881e-04 4.432201385498046875e-02
4.134460389614105225e-01 1.787801384925842285e-01 2.935638767667114735e-04 -2.485479116439819336e-01
4.170216619968414307e-01 -1.634600572288036346e-02 -4.677394405007362366e-03 4.422759637236595154e-02
4.166947305202484131e-01 -2.114005684852600098e-01 -3.792842384427785873e-03 3.354310989379882812e-01
4.124667346477508545e-01 -1.622484996914863586e-02 2.915779594331979752e-03 4.155452549457550049e-02
4.121422171592712402e-01 1.788551658391952515e-01 3.746869973838329315e-03 -2.502070069313049316e-01
4.157193303108215332e-01 -1.632008887827396393e-02 -1.257270341739058495e-03 4.365538805723190308e-02
4.153929352760314941e-01 1.788198649883270264e-01 -3.841626166831701994e-04 -2.494239509105682373e-01
4.189693331718444824e-01 -1.629659347236156464e-02 -5.372641608119010925e-03 4.313777387142181396e-02
4.186433851718902588e-01 -2.113410979509353638e-01 -4.509886261075735092e-03 3.341207504272460938e-01
4.144165813922882080e-01 -1.615524478256702423e-02 2.172528766095638275e-03 4.001905769109725952e-02
4.140934646129608154e-01 1.789354830980300903e-01 2.972909947857260704e-03 -2.519776225090026855e-01
4.176721870899200439e-01 -1.622879132628440857e-02 -2.066642511636018753e-03 4.164152964949607849e-02
4.173476099967956543e-01 1.789227277040481567e-01 -1.233811955899000168e-03 -2.516927123069763184e-01
4.209260642528533936e-01 -1.618157699704170227e-02 -6.267666351050138474e-03 4.060077667236328125e-02
4.206024110317230225e-01 -2.112130969762802124e-01 -5.455650854855775833e-03 3.312996327877044678e-01
4.163781702518463135e-01 -1.601391099393367767e-02 1.170341507531702518e-03 3.690125420689582825e-02
4.160578846931457520e-01 1.790912449359893799e-01 1.908366568386554718e-03 -2.554121911525726318e-01
4.196397066116333008e-01 -1.605790853500366211e-02 -3.199877217411994934e-03 3.787205740809440613e-02
4.193185567855834961e-01 -2.111338227987289429e-01 -2.442436059936881065e-03 3.295436799526214600e-01
4.150958657264709473e-01 -1.597719267010688782e-02 4.148437641561031342e-03 3.609152138233184814e-02
4.147763252258300781e-01 1.790850311517715454e-01 4.870268050581216812e-03 -2.552796602249145508e-01
4.183580279350280762e-01 -1.610612310469150543e-02 -2.353251329623162746e-04 3.893545269966125488e-02
4.180358946323394775e-01 1.790191978216171265e-01 5.433839396573603153e-04 -2.538217008113861084e-01
4.216162860393524170e-01 -1.611050404608249664e-02 -4.533050116151571274e-03 3.903255984187126160e-02
4.212940931320190430e-01 -2.111671566963195801e-01 -3.752399235963821411e-03 3.302818238735198975e-01
4.170707464218139648e-01 -1.599199511110782623e-02 2.853237325325608253e-03 3.641793131828308105e-02
4.167509078979492188e-01 1.790889203548431396e-01 3.581596072763204575e-03 -2.553634047508239746e-01
4.203326702117919922e-01 -1.608397997915744781e-02 -1.525672152638435364e-03 3.844706341624259949e-02
4.200109839439392090e-01 1.790598183870315552e-01 -7.567308493889868259e-04 -2.547168433666229248e-01
4.235921800136566162e-01 -1.605132222175598145e-02 -5.851067602634429932e-03 3.772730752825737000e-02
4.232711493968963623e-01 -2.110888808965682983e-01 -5.096521694213151932e-03 3.285584449768066406e-01
4.190493822097778320e-01 -1.589474827051162720e-02 1.474647200666368008e-03 3.427266702055931091e-02
4.187314808368682861e-01 1.792060285806655884e-01 2.160100499168038368e-03 -2.579446434974670410e-01
4.223155975341796875e-01 -1.594669930636882782e-02 -2.998792100697755814e-03 3.541884198784828186e-02
4.219966828823089600e-01 -2.110255211591720581e-01 -2.290415344759821892e-03 3.271540999412536621e-01
4.177761673927307129e-01 -1.587103307247161865e-02 4.252667073160409927e-03 3.374977037310600281e-02
4.174587428569793701e-01 1.791896820068359375e-01 4.927662201225757599e-03 -2.575883567333221436e-01
4.210425317287445068e-01 -1.600227877497673035e-02 -2.241050242446362972e-04 3.664473444223403931e-02
4.207224845886230469e-01 1.791228801012039185e-01 5.087896715849637985e-04 -2.561088800430297852e-01
4.243049621582031250e-01 -1.600632630288600922e-02 -4.613388329744338989e-03 3.673447296023368835e-02
4.239848256111145020e-01 -2.110618203878402710e-01 -3.878698684275150299e-03 3.279582560062408447e-01
4.197635948657989502e-01 -1.588486321270465851e-02 2.680466743186116219e-03 3.405470028519630432e-02
4.194459021091461182e-01 1.791985481977462769e-01 3.361560637131333351e-03 -2.577812969684600830e-01
4.230298697948455811e-01 -1.597123406827449799e-02 -1.794065348803997040e-03 3.596000745892524719e-02
4.227104485034942627e-01 1.791764050722122192e-01 -1.074865227565169334e-03 -2.572884261608123779e-01
4.262939691543579102e-01 -1.593019068241119385e-02 -6.220633629709482193e-03 3.505527973175048828e-02
4.259753525257110596e-01 -2.109623849391937256e-01 -5.519527941942214966e-03 3.257690668106079102e-01
4.217561185359954834e-01 -1.576228439807891846e-02 9.958531009033322334e-04 3.135063499212265015e-02
4.214408695697784424e-01 1.793453693389892578e-01 1.622865907847881317e-03 -2.610179185867309570e-01
4.250277876853942871e-01 -1.579970866441726685e-02 -3.597492584958672523e-03 3.217643499374389648e-02
4.247117936611175537e-01 -2.108698934316635132e-01 -2.953963819891214371e-03 3.237221539020538330e-01
4.204943776130676270e-01 -1.570599712431430817e-02 3.520478960126638412e-03 3.010912612080574036e-02
4.201802611351013184e-01 1.793652921915054321e-01 4.122661426663398743e-03 -2.614609897136688232e-01
4.237675666809082031e-01 -1.581526733934879303e-02 -1.106558018364012241e-03 3.251943364739418030e-02
4.234512746334075928e-01 1.793225407600402832e-01 -4.561693640425801277e-04 -2.605124115943908691e-01
4.270377159118652344e-01 -1.579290069639682770e-02 -5.666418001055717468e-03 3.202658891677856445e-02
4.267218708992004395e-01 -2.108331322669982910e-01 -5.025885999202728271e-03 3.229163289070129395e-01
4.225051999092102051e-01 -1.563997939229011536e-02 1.432440592907369137e-03 2.865268848836421967e-02
4.221923947334289551e-01 1.794614046812057495e-01 2.005494432523846626e-03 -2.635779380798339844e-01
4.257816374301910400e-01 -1.568911969661712646e-02 -3.266064450144767761e-03 2.973686158657073975e-02
4.254678487777709961e-01 -2.107640802860260010e-01 -2.671327209100127220e-03 3.213875293731689453e-01
4.212525486946105957e-01 -1.560419052839279175e-02 3.756423247978091240e-03 2.786336094141006470e-02
4.209404885768890381e-01 1.794636845588684082e-01 4.313690587878227234e-03 -2.636319994926452637e-01
4.245297610759735107e-01 -1.571956649422645569e-02 -9.589497931301593781e-04 3.040837310254573822e-02
4.242153465747833252e-01 1.794161200523376465e-01 -3.507823275867849588e-04 -2.625769674777984619e-01
4.278036952018737793e-01 -1.570081897079944611e-02 -5.602321587502956390e-03 2.999530732631683350e-02
4.274896681308746338e-01 -2.107419818639755249e-01 -5.002415273338556290e-03 3.209053874015808105e-01
4.232748150825500488e-01 -1.554915215820074081e-02 1.415692386217415333e-03 2.664910070598125458e-02
4.229638278484344482e-01 1.795524656772613525e-01 1.948674442246556282e-03 -2.655868232250213623e-01
4.265548884868621826e-01 -1.559724099934101105e-02 -3.363061929121613503e-03 2.771009504795074463e-02
4.262429475784301758e-01 -2.106707990169525146e-01 -2.808860037475824356e-03 3.193300366401672363e-01
4.220295250415802002e-01 -1.550896000117063522e-02 3.577740630134940147e-03 2.576263248920440674e-02
4.217193424701690674e-01 1.795614957809448242e-01 4.092993214726448059e-03 -2.657893300056457520e-01
4.253105819225311279e-01 -1.561862789094448090e-02 -1.222793245688080788e-03 2.818174287676811218e-02
4.249981939792633057e-01 -2.107230275869369507e-01 -6.591584533452987671e-04 3.204786181449890137e-01
4.207837581634521484e-01 -1.559168938547372818e-02 5.750413984060287476e-03 2.758788689970970154e-02
4.204719066619873047e-01 1.794473230838775635e-01 6.302171852439641953e-03 -2.632751762866973877e-01
4.240608513355255127e-01 -1.576401107013225555e-02 1.036667847074568272e-03 3.138883039355278015e-02
4.237455725669860840e-01 1.793430596590042114e-01 1.664444454945623875e-03 -2.609668374061584473e-01
4.273324310779571533e-01 -1.580261252820491791e-02 -3.554892260581254959e-03 3.224061056971549988e-02
4.270163774490356445e-01 -2.108734101057052612e-01 -2.910079900175333023e-03 3.237998187541961670e-01
4.227989315986633301e-01 -1.571013964712619781e-02 3.565916325896978378e-03 3.020059317350387573e-02
4.224847257137298584e-01 1.793604940176010132e-01 4.169928375631570816e-03 -2.613551318645477295e-01
4.260719418525695801e-01 -1.582073234021663666e-02 -1.057174173183739185e-03 3.264013305306434631e-02
4.257555007934570312e-01 1.793163567781448364e-01 -4.043715598527342081e-04 -2.603761553764343262e-01
4.293418526649475098e-01 -1.579981297254562378e-02 -5.611894652247428894e-03 3.217919915914535522e-02
4.290258586406707764e-01 -2.108408361673355103e-01 -4.968310706317424774e-03 3.230862319469451904e-01
4.248090386390686035e-01 -1.564849540591239929e-02 1.493414165452122688e-03 2.884066291153430939e-02
4.244960546493530273e-01 1.794520020484924316e-01 2.070227405056357384e-03 -2.633706927299499512e-01
4.280850887298583984e-01 -1.569943316280841827e-02 -3.197186626493930817e-03 2.996447682380676270e-02
4.277711212635040283e-01 -2.107753902673721313e-01 -2.597897080704569817e-03 3.216369450092315674e-01
4.235556125640869141e-01 -1.561653893440961838e-02 3.834841772913932800e-03 2.813587523996829987e-02
4.232432842254638672e-01 1.794502139091491699e-01 4.397559445351362228e-03 -2.633346617221832275e-01
4.268322885036468506e-01 -1.573423482477664948e-02 -8.691338589414954185e-04 3.073205985128879547e-02
4.265175759792327881e-01 1.794001758098602295e-01 -2.544926537666469812e-04 -2.622249722480773926e-01
4.301055967807769775e-01 -1.571814902126789093e-02 -5.498991813510656357e-03 3.037768416106700897e-02
4.297912418842315674e-01 -2.107608169317245483e-01 -4.891437944024801254e-03 3.213205635547637939e-01
4.255760014057159424e-01 -1.556954532861709595e-02 1.534973038360476494e-03 2.709908597171306610e-02
4.252646267414093018e-01 1.795303523540496826e-01 2.076954813674092293e-03 -2.650991380214691162e-01
4.288552403450012207e-01 -1.562117412686347961e-02 -3.225028049200773239e-03 2.823814935982227325e-02
4.285427927970886230e-01 -2.106967270374298096e-01 -2.660265192389488220e-03 3.199017941951751709e-01
4.243288636207580566e-01 -1.553699187934398651e-02 3.737770952284336090e-03 2.638111636042594910e-02
4.240181446075439453e-01 1.795311570167541504e-01 4.265393130481243134e-03 -2.651201486587524414e-01
4.276087582111358643e-01 -1.565141230821609497e-02 -1.037010108120739460e-03 2.890505082905292511e-02
4.272957146167755127e-01 1.794853955507278442e-01 -4.589090240187942982e-04 -2.641048729419708252e-01
4.308854341506958008e-01 -1.563000306487083435e-02 -5.741006694734096527e-03 2.843326330184936523e-02
4.305728375911712646e-01 -2.106691598892211914e-01 -5.172341596335172653e-03 3.192993104457855225e-01
4.263594448566436768e-01 -1.547392271459102631e-02 1.213645096868276596e-03 2.498973160982131958e-02
4.260499775409698486e-01 1.796306073665618896e-01 1.713439705781638622e-03 -2.673100233078002930e-01
4.296425879001617432e-01 -1.551576051861047745e-02 -3.632760839536786079e-03 2.591283619403839111e-02
4.293322861194610596e-01 -2.105854302644729614e-01 -3.114504273980855942e-03 3.174473643302917480e-01
4.251205623149871826e-01 -1.541925407946109772e-02 3.234443254768848419e-03 2.378387376666069031e-02
4.248121678829193115e-01 1.796561628580093384e-01 3.710120683535933495e-03 -2.678768038749694824e-01
4.284053146839141846e-01 -1.551854051649570465e-02 -1.647415105253458023e-03 2.597401477396488190e-02
4.280949234962463379e-01 -2.106168270111083984e-01 -1.127934781834483147e-03 3.181367218494415283e-01
4.238826036453247070e-01 -1.547882985323667526e-02 5.234799347817897797e-03 2.509828656911849976e-02
4.235730171203613281e-01 1.795676648616790771e-01 5.736764986068010330e-03 -2.659284174442291260e-01
4.271643757820129395e-01 -1.563569717109203339e-02 4.181967524345964193e-04 2.855840139091014862e-02
4.268516600131988525e-01 1.794802546501159668e-01 9.893648093566298485e-04 -2.639925479888916016e-01
4.304412603378295898e-01 -1.565580442547798157e-02 -4.290486220270395279e-03 2.900226786732673645e-02
4.301281571388244629e-01 -2.107159644365310669e-01 -3.710440825670957565e-03 3.203284144401550293e-01
4.259138405323028564e-01 -1.554136909544467926e-02 2.696127397939562798e-03 2.647767029702663422e-02
4.256030023097991943e-01 1.795418113470077515e-01 3.225680906325578690e-03 -2.653533816337585449e-01
4.291938245296478271e-01 -1.562602818012237549e-02 -2.081386744976043701e-03 2.834520861506462097e-02
4.288813173770904541e-01 -2.107180655002593994e-01 -1.514482544735074043e-03 3.203707039356231689e-01
4.246669411659240723e-01 -1.557458192110061646e-02 4.892931785434484482e-03 2.721055597066879272e-02
4.243554472923278809e-01 1.794768571853637695e-01 5.437142681330442429e-03 -2.639245986938476562e-01
4.279449880123138428e-01 -1.572227478027343750e-02 1.586509606568142772e-04 3.046829812228679657e-02
4.276305437088012695e-01 1.793974041938781738e-01 7.680169073864817619e-04 -2.621645629405975342e-01
4.312185049057006836e-01 -1.573550328612327576e-02 -4.475274588912725449e-03 3.076050058007240295e-02
4.309037923812866211e-01 -2.107929885387420654e-01 -3.860064549371600151e-03 3.220280706882476807e-01
4.266879260540008545e-01 -1.561628654599189758e-02 2.580497181043028831e-03 2.813034132122993469e-02
4.263755977153778076e-01 1.794685572385787964e-01 3.143104026094079018e-03 -2.637372910976409912e-01
4.299649894237518311e-01 -1.569810882210731506e-02 -2.131641842424869537e-03 2.993534132838249207e-02
4.296510219573974609e-01 1.794543415307998657e-01 -1.532935071736574173e-03 -2.634193897247314453e-01
4.332401156425476074e-01 -1.564569026231765747e-02 -6.801322568207979202e-03 2.877965010702610016e-02
4.329271912574768066e-01 -2.106694430112838745e-01 -6.225729826837778091e-03 3.193089365959167480e-01
4.287137985229492188e-01 -1.545938756316900253e-02 1.604492717888206244e-04 2.466917783021926880e-02
4.284045994281768799e-01 1.796602606773376465e-01 6.538328016176819801e-04 -2.679631114006042480e-01
4.319978058338165283e-01 -1.547101419419050217e-02 -4.705429542809724808e-03 2.492595650255680084e-02
4.316883981227874756e-01 -2.105251699686050415e-01 -4.206910263746976852e-03 3.161205649375915527e-01
4.274778962135314941e-01 -1.534354966133832932e-02 2.115500858053565025e-03 2.211389318108558655e-02
4.271710216999053955e-01 1.797479987144470215e-01 2.557778730988502502e-03 -2.699008285999298096e-01
4.307659864425659180e-01 -1.541035808622837067e-02 -2.840237691998481750e-03 2.358774654567241669e-02
4.304577708244323730e-01 -2.104914635419845581e-01 -2.368482761085033417e-03 3.153731822967529297e-01
4.262479543685913086e-01 -1.533585414290428162e-02 3.938980866223573685e-03 2.194426953792572021e-02
4.259412288665771484e-01 1.797293871641159058e-01 4.377866629511117935e-03 -2.694932520389556885e-01
4.295358061790466309e-01 -1.545476447790861130e-02 -1.011998858302831650e-03 2.456724457442760468e-02
4.292267262935638428e-01 -2.105621844530105591e-01 -5.206539644859731197e-04 3.169307112693786621e-01
4.250154793262481689e-01 -1.543282531201839447e-02 5.817960016429424286e-03 2.408362552523612976e-02
4.247068166732788086e-01 1.796052157878875732e-01 6.299632601439952850e-03 -2.667579948902130127e-01
4.282989203929901123e-01 -1.560608018189668655e-02 9.644724777899682522e-04 2.790519967675209045e-02
4.279868006706237793e-01 1.795020252466201782e-01 1.522576436400413513e-03 -2.644732594490051270e-01
4.315768480300903320e-01 -1.564162410795688629e-02 -3.766888985410332680e-03 2.868950366973876953e-02
4.312640130519866943e-01 -2.107093483209609985e-01 -3.193098818883299828e-03 3.201815485954284668e-01
4.270498156547546387e-01 -1.554207317531108856e-02 3.210532246157526970e-03 2.649336308240890503e-02
4.267389774322509766e-01 1.795336902141571045e-01 3.740399610251188278e-03 -2.651748657226562500e-01
4.303296506404876709e-01 -1.564144715666770935e-02 -1.563097932375967503e-03 2.868545427918434143e-02
4.300168156623840332e-01 1.795028895139694214e-01 -9.893889073282480240e-04 -2.644902467727661133e-01
4.336068928241729736e-01 -1.560493092983961105e-02 -6.279193796217441559e-03 2.788046188652515411e-02
4.332947731018066406e-01 -2.106362730264663696e-01 -5.721584428101778030e-03 3.185756504535675049e-01
4.290820658206939697e-01 -1.543330308049917221e-02 6.499284063465893269e-04 2.409383840858936310e-02
4.287734031677246094e-01 1.796793192625045776e-01 1.131805125623941422e-03 -2.683839499950408936e-01
4.323669672012329102e-01 -1.545876357704401016e-02 -4.235873930156230927e-03 2.465573325753211975e-02
4.320577979087829590e-01 -2.105197161436080933e-01 -3.742759348824620247e-03 3.159991800785064697e-01
4.278474152088165283e-01 -1.534465048462152481e-02 2.577224513515830040e-03 2.213827706873416901e-02
4.275405108928680420e-01 1.797402501106262207e-01 3.019989933818578720e-03 -2.697303891181945801e-01
4.311353266239166260e-01 -1.542467065155506134e-02 -2.374617848545312881e-03 2.390352450311183929e-02
4.308268427848815918e-01 -2.105124890804290771e-01 -1.896547386422753334e-03 3.158362805843353271e-01
4.266165792942047119e-01 -1.536357309669256210e-02 4.420178476721048355e-03 2.255585603415966034e-02
4.263093173503875732e-01 1.796947121620178223e-01 4.871295299381017685e-03 -2.687291800975799561e-01
4.299032092094421387e-01 -1.549641881138086319e-02 -5.032881745137274265e-04 2.548619359731674194e-02
4.295932650566101074e-01 1.796327531337738037e-01 6.435685008909786120e-06 -2.673554718494415283e-01
4.331859350204467773e-01 -1.548929698765277863e-02 -5.340673960745334625e-03 2.532947249710559845e-02
4.328761398792266846e-01 -2.105342596769332886e-01 -4.834084305912256241e-03 3.163225948810577393e-01
4.286654591560363770e-01 -1.534378062933683395e-02 1.492367126047611237e-03 2.211908064782619476e-02
4.283585846424102783e-01 1.797567307949066162e-01 1.934748725034296513e-03 -2.700926065444946289e-01
