2.887358516454696655e-02 3.102160431444644928e-02 2.145571447908878326e-02 2.462862990796566010e-02
2.949401736259460449e-02 2.258293926715850830e-01 2.194828726351261139e-02 -2.612082958221435547e-01
3.401060402393341064e-02 3.040112368762493134e-02 1.672412268817424774e-02 3.831578046083450317e-02
3.461862727999687195e-02 2.252793014049530029e-01 1.749043725430965424e-02 -2.490439563989639282e-01
3.912421315908432007e-02 2.991199865937232971e-02 1.250955834984779358e-02 4.910410940647125244e-02
3.972245380282402039e-02 2.248523533344268799e-01 1.349164079874753952e-02 -2.396058440208435059e-01
4.421950131654739380e-02 2.954030036926269531e-02 8.699523285031318665e-03 5.730200931429862976e-02
4.481030628085136414e-02 -1.657052934169769287e-01 9.845564141869544983e-03 3.527169525623321533e-01
4.149619862437248230e-02 2.927527204155921936e-02 1.689990237355232239e-02 6.315482407808303833e-02
4.208170622587203979e-02 2.241508960723876953e-01 1.816299930214881897e-02 -2.241485416889190674e-01
4.656472429633140564e-02 2.877412177622318268e-02 1.368002872914075851e-02 7.420790940523147583e-02
4.714020714163780212e-02 2.236973047256469727e-01 1.516418717801570892e-02 -2.141277045011520386e-01
5.161415413022041321e-02 2.836188115179538727e-02 1.088163256645202637e-02 8.329984545707702637e-02
5.218138918280601501e-02 2.233261764049530029e-01 1.254762988537549973e-02 -2.059301286935806274e-01
5.664791166782379150e-02 2.802705578505992889e-02 8.429027162492275238e-03 9.068438410758972168e-02
5.720845609903335571e-02 2.230271846055984497e-01 1.024271454662084579e-02 -1.993273049592971802e-01
6.166899949312210083e-02 2.776024118065834045e-02 6.256168242543935776e-03 9.656903892755508423e-02
6.222420185804367065e-02 2.227919697761535645e-01 8.187549188733100891e-03 -1.941335201263427734e-01
6.668004393577575684e-02 2.755386196076869965e-02 4.304878879338502884e-03 1.011209338903427124e-01
6.723111867904663086e-02 2.226138561964035034e-01 6.327297538518905640e-03 -1.902007162570953369e-01
7.168339937925338745e-02 2.740195766091346741e-02 2.523283008486032486e-03 1.044714823365211487e-01
7.223143428564071655e-02 2.224876582622528076e-01 4.612712655216455460e-03 -1.874142885208129883e-01
7.668118923902511597e-02 2.730001695454120636e-02 8.644268964417278767e-04 1.067201867699623108e-01
7.722719013690948486e-02 -1.678343117237091064e-01 2.998830750584602356e-03 3.996757268905639648e-01
7.387050241231918335e-02 2.724497206509113312e-02 1.099234540015459061e-02 1.079397574067115784e-01
7.441540062427520752e-02 2.222076952457427979e-01 1.315113995224237442e-02 -1.812549680471420288e-01
7.885956019163131714e-02 2.690004743635654449e-02 9.526040405035018921e-03 1.155474856495857239e-01
7.939755916595458984e-02 2.218842208385467529e-01 1.183699071407318115e-02 -1.741148829460144043e-01
8.383524417877197266e-02 2.659487538039684296e-02 8.354692719876766205e-03 1.222786009311676025e-01
8.436714112758636475e-02 2.215961366891860962e-01 1.080026477575302124e-02 -1.677568405866622925e-01
8.879905939102172852e-02 2.632127143442630768e-02 7.445128168910741806e-03 1.283136010169982910e-01
8.932548761367797852e-02 2.213357836008071899e-01 1.001140009611845016e-02 -1.620112061500549316e-01
9.375220537185668945e-02 2.607195079326629639e-02 6.771175656467676163e-03 1.338131576776504517e-01
9.427364170551300049e-02 2.210962623357772827e-01 9.447438642382621765e-03 -1.567258834838867188e-01
9.869556874036788940e-02 2.584032900631427765e-02 6.312921177595853806e-03 1.389224380254745483e-01
9.921237081289291382e-02 2.208712995052337646e-01 9.091369807720184326e-03 -1.517621874809265137e-01
1.036297976970672607e-01 2.562035247683525085e-02 6.056126207113265991e-03 1.437749415636062622e-01
1.041422039270401001e-01 2.206550538539886475e-01 8.931625634431838989e-03 -1.469912528991699219e-01
1.085553094744682312e-01 2.540634199976921082e-02 5.991800222545862198e-03 1.484960019588470459e-01
1.090634316205978394e-01 2.204419821500778198e-01 8.961720392107963562e-03 -1.422906219959259033e-01
1.134722754359245300e-01 2.519283629953861237e-02 6.115907803177833557e-03 1.532060354948043823e-01
1.139761283993721008e-01 2.202266901731491089e-01 9.180028922855854034e-03 -1.375412046909332275e-01
1.183806657791137695e-01 2.497445978224277496e-02 6.429204717278480530e-03 1.580236852169036865e-01
1.188801527023315430e-01 2.200037837028503418e-01 9.589678607881069183e-03 -1.326240599155426025e-01
1.232802271842956543e-01 2.474578283727169037e-02 6.937196943908929825e-03 1.630687862634658813e-01
1.237751469016075134e-01 2.197677344083786011e-01 1.019857265055179596e-02 -1.274175941944122314e-01
1.281705051660537720e-01 2.450118400156497955e-02 7.650220766663551331e-03 1.684653311967849731e-01
1.286605298519134521e-01 2.195128053426742554e-01 1.101952698081731796e-02 -1.217943876981735229e-01
1.330507844686508179e-01 2.423472143709659576e-02 8.583639748394489288e-03 1.743446141481399536e-01
1.335354745388031006e-01 2.192327827215194702e-01 1.207053195685148239e-02 -1.156181320548057556e-01
1.379201263189315796e-01 2.393997460603713989e-02 9.758169762790203094e-03 1.808483898639678955e-01
1.383989304304122925e-01 2.189209461212158203e-01 1.337513700127601624e-02 -1.087402850389480591e-01
1.427773535251617432e-01 2.360990457236766815e-02 1.120033115148544312e-02 1.881322413682937622e-01
1.432495415210723877e-01 2.185698449611663818e-01 1.496297586709260941e-02 -1.009964868426322937e-01
1.476209461688995361e-01 4.134741723537445068e-01 1.294304616749286652e-02 -3.889213204383850098e-01
1.558904200792312622e-01 2.181709408760070801e-01 5.164619535207748413e-03 -9.218584746122360229e-02
1.602538526058197021e-01 2.297534234821796417e-02 3.320902585983276367e-03 2.021220326423645020e-01
1.607133597135543823e-01 2.180496454238891602e-01 7.363343145698308945e-03 -8.951146155595779419e-02
1.650743484497070312e-01 4.130652844905853271e-01 5.573113914579153061e-03 -3.798621892929077148e-01
1.733356565237045288e-01 2.178646326065063477e-01 -2.024129731580615044e-03 -8.542727679014205933e-02
1.776929497718811035e-01 2.277175523340702057e-02 -3.732675220817327499e-03 2.066163420677185059e-01
1.781483739614486694e-01 2.179468870162963867e-01 3.996517625637352467e-04 -8.724170923233032227e-02
1.825073212385177612e-01 2.281920611858367920e-02 -1.345182419754564762e-03 2.055672854185104370e-01
1.829636991024017334e-01 2.179603725671768188e-01 2.766163321211934090e-03 -8.753968030214309692e-02
1.873229146003723145e-01 4.130425453186035156e-01 1.015369663946330547e-03 -3.793486058712005615e-01
1.955837607383728027e-01 2.179062068462371826e-01 -6.571602076292037964e-03 -8.634569495916366577e-02
1.999418884515762329e-01 2.287906408309936523e-02 -8.298516273498535156e-03 2.042566537857055664e-01
2.003994584083557129e-01 2.181186974048614502e-01 -4.213382955640554428e-03 -9.103244543075561523e-02
2.047618329524993896e-01 2.305739559233188629e-02 -6.034031976014375687e-03 2.003181874752044678e-01
2.052229791879653931e-01 2.182651311159133911e-01 -2.027668058872222900e-03 -9.426207095384597778e-02
2.095882892608642578e-01 2.317229472100734711e-02 -3.912909422069787979e-03 1.977804303169250488e-01
2.100517302751541138e-01 2.183499932289123535e-01 4.269908822607249022e-05 -9.613426774740219116e-02
2.144187390804290771e-01 2.322743088006973267e-02 -1.879986259154975414e-03 1.965621262788772583e-01
2.148832827806472778e-01 2.183762192726135254e-01 2.051256364211440086e-03 -9.671325236558914185e-02
2.192508131265640259e-01 4.134687185287475586e-01 1.169914248748682439e-04 -3.887483179569244385e-01
2.275201827287673950e-01 2.183451056480407715e-01 -7.657974492758512497e-03 -9.602849185466766357e-02
2.318870872259140015e-01 2.333374135196208954e-02 -9.578544646501541138e-03 1.942285448312759399e-01
2.323537617921829224e-01 2.185913920402526855e-01 -5.693973507732152939e-03 -1.014605388045310974e-01
2.367255836725234985e-01 2.355150319635868073e-02 -7.723184302449226379e-03 1.894205361604690552e-01
2.371966093778610229e-01 2.187830954790115356e-01 -3.934774082154035568e-03 -1.056887134909629822e-01
2.415722757577896118e-01 2.371774613857269287e-02 -6.048548035323619843e-03 1.857502162456512451e-01
2.420466393232345581e-01 2.189257144927978516e-01 -2.333543729037046432e-03 -1.088346391916275024e-01
2.464251518249511719e-01 2.383727952837944031e-02 -4.510236438363790512e-03 1.831111609935760498e-01
2.469018995761871338e-01 2.190234810113906860e-01 -8.480133838020265102e-04 -1.109911650419235229e-01
2.512823641300201416e-01 2.391368709504604340e-02 -3.067836631089448929e-03 1.814240962266921997e-01
2.517606317996978760e-01 2.190794050693511963e-01 5.606452468782663345e-04 -1.122250407934188843e-01
2.561422288417816162e-01 4.141933023929595947e-01 -1.683855662122368813e-03 -4.047310352325439453e-01
2.644260823726654053e-01 2.190952897071838379e-01 -9.778476320207118988e-03 -1.125794574618339539e-01
2.688080072402954102e-01 2.411480434238910675e-02 -1.203006505966186523e-02 1.770024597644805908e-01
2.692902982234954834e-01 2.194068282842636108e-01 -8.490016683936119080e-03 -1.194511428475379944e-01
2.736784219741821289e-01 2.440754510462284088e-02 -1.087903976440429688e-02 1.705412119626998901e-01
2.741665840148925781e-01 2.196834981441497803e-01 -7.468215189874172211e-03 -1.255537718534469604e-01
2.785602509975433350e-01 2.466933615505695343e-02 -9.979290887713432312e-03 1.647636890411376953e-01
2.790536284446716309e-01 2.199327051639556885e-01 -6.684016901999711990e-03 -1.310506463050842285e-01
2.834523022174835205e-01 2.490713819861412048e-02 -9.305030107498168945e-03 1.595160812139511108e-01
2.839504480361938477e-01 2.201610654592514038e-01 -6.114708259701728821e-03 -1.360877603292465210e-01
2.883536517620086670e-01 2.512722648680210114e-02 -8.836463093757629395e-03 1.546598076820373535e-01
2.888562083244323730e-01 2.203745692968368530e-01 -5.743267014622688293e-03 -1.407976597547531128e-01
2.932637035846710205e-01 2.533534914255142212e-02 -8.559220470488071442e-03 1.500678360462188721e-01
2.937704026699066162e-01 2.205788195133209229e-01 -5.557863507419824600e-03 -1.453030109405517578e-01
2.981819808483123779e-01 2.553689293563365936e-02 -8.463923819363117218e-03 1.456213444471359253e-01
2.986927032470703125e-01 2.207790315151214600e-01 -5.551496520638465881e-03 -1.497197300195693970e-01
3.031083047389984131e-01 2.573700807988643646e-02 -8.545891381800174713e-03 1.412066668272018433e-01
3.036230206489562988e-01 2.209803014993667603e-01 -5.721758119761943817e-03 -1.541600525379180908e-01
3.080426454544067383e-01 2.594074420630931854e-02 -8.804959245026111603e-03 1.367123126983642578e-01
3.085614442825317383e-01 2.211876958608627319e-01 -6.070712581276893616e-03 -1.587353795766830444e-01
3.129852116107940674e-01 2.615318261086940765e-02 -9.245419874787330627e-03 1.320262104272842407e-01
3.135082721710205078e-01 2.214063405990600586e-01 -6.604895927011966705e-03 -1.635591238737106323e-01
3.179363906383514404e-01 2.637956105172634125e-02 -9.876077994704246521e-03 1.270328462123870850e-01
3.184639811515808105e-01 2.216415852308273315e-01 -7.335421629250049591e-03 -1.687494367361068726e-01
3.228968083858489990e-01 2.662540040910243988e-02 -1.071040984243154526e-02 1.216103807091712952e-01
3.234293162822723389e-01 2.218991518020629883e-01 -8.278202265501022339e-03 -1.744322329759597778e-01
3.278672993183135986e-01 2.689664624631404877e-02 -1.176684722304344177e-02 1.156277284026145935e-01
3.284052312374114990e-01 2.221852093935012817e-01 -9.454292245209217072e-03 -1.807442009449005127e-01
3.328489363193511963e-01 2.719980664551258087e-02 -1.306917704641819000e-02 1.089413017034530640e-01
3.333929479122161865e-01 2.225065827369689941e-01 -1.089035067707300186e-02 -1.878360658884048462e-01
3.378430902957916260e-01 2.754211239516735077e-02 -1.464707218110561371e-02 1.013915911316871643e-01
3.383939266204833984e-01 2.228708863258361816e-01 -1.261924020946025848e-02 -1.958762109279632568e-01
3.428513407707214355e-01 2.793168835341930389e-02 -1.653676480054855347e-02 9.279932826757431030e-02
3.434099853038787842e-01 2.232867181301116943e-01 -1.468077767640352249e-02 -2.050547152757644653e-01
3.478757143020629883e-01 2.837774530053138733e-02 -1.878187246620655060e-02 8.296123147010803223e-02
3.484432697296142578e-01 -1.664700061082839966e-01 -1.712264679372310638e-02 3.696597516536712646e-01
3.451138734817504883e-01 2.889098599553108215e-02 -9.729452431201934814e-03 7.162741571664810181e-02
3.456916809082031250e-01 2.241510599851608276e-01 -8.296904154121875763e-03 -2.241092473268508911e-01
3.501746952533721924e-01 2.914866991341114044e-02 -1.277908869087696075e-02 6.594500690698623657e-02
3.507576882839202881e-01 2.244514822959899902e-01 -1.146018877625465393e-02 -2.307422459125518799e-01
3.552466928958892822e-01 2.949515357613563538e-02 -1.607503369450569153e-02 5.830382928252220154e-02
3.558366000652313232e-01 -1.653926670551300049e-01 -1.490895729511976242e-02 3.458719253540039062e-01
3.525287508964538574e-01 2.993815205991268158e-02 -7.991518825292587280e-03 4.852519556879997253e-02
3.531275093555450439e-01 2.251737713813781738e-01 -7.021014578640460968e-03 -2.466683685779571533e-01
3.576309978961944580e-01 3.015280142426490784e-02 -1.195438206195831299e-02 4.379171878099441528e-02
3.582340478897094727e-01 -1.647957116365432739e-01 -1.107854768633842468e-02 3.326790928840637207e-01
3.549381196498870850e-01 3.048216365277767181e-02 -4.424965940415859222e-03 3.652322664856910706e-02
3.555477857589721680e-01 2.256672829389572144e-01 -3.694501472637057304e-03 -2.575525343418121338e-01
3.600611090660095215e-01 3.059827908873558044e-02 -8.845551870763301849e-03 3.396280854940414429e-02
3.606730997562408447e-01 -1.643957197666168213e-01 -8.166296407580375671e-03 3.238418102264404297e-01
3.573851883411407471e-01 3.084155917167663574e-02 -1.689460012130439281e-03 2.859478443861007690e-02
3.580020070075988770e-01 2.259877026081085205e-01 -1.117564272135496140e-03 -2.646206915378570557e-01
3.625217676162719727e-01 3.088171593844890594e-02 -6.409978494048118591e-03 2.770952135324478149e-02
3.631393909454345703e-01 -1.641477346420288086e-01 -5.855788011103868484e-03 3.183631598949432373e-01
3.598564267158508301e-01 3.105713240802288055e-02 5.114750820212066174e-04 2.383929304778575897e-02
3.604775965213775635e-01 2.261717468500137329e-01 9.882609592750668526e-04 -2.686822116374969482e-01
3.650010228157043457e-01 3.103570453822612762e-02 -4.385383334010839462e-03 2.431225217878818512e-02
3.656217455863952637e-01 -1.640230864286422729e-01 -3.899138187989592552e-03 3.156083226203918457e-01
3.623412549495697021e-01 3.115419112145900726e-02 2.413028152659535408e-03 2.169829234480857849e-02
3.629643619060516357e-01 2.262414544820785522e-01 2.846993971616029739e-03 -2.702223062515258789e-01
3.674891889095306396e-01 3.107899241149425507e-02 -2.557452302426099777e-03 2.335720136761665344e-02
3.681107759475708008e-01 2.262375205755233765e-01 -2.090308349579572678e-03 -2.701315283775329590e-01
3.726355135440826416e-01 3.114546649158000946e-02 -7.492939010262489319e-03 2.189136855304241180e-02
3.732584118843078613e-01 -1.638682335615158081e-01 -7.055111695080995560e-03 3.122008144855499268e-01
3.699810504913330078e-01 3.135351464152336121e-02 -8.110955823212862015e-04 1.730128191411495209e-02
3.706081211566925049e-01 2.264870852231979370e-01 -4.650699265766888857e-04 -2.756374478340148926e-01
3.751378655433654785e-01 3.137177601456642151e-02 -5.977818742394447327e-03 1.689876243472099304e-02
3.757652938365936279e-01 -1.636639386415481567e-01 -5.639843642711639404e-03 3.076896369457244873e-01
3.724920153617858887e-01 3.153792023658752441e-02 5.139491986483335495e-04 1.323340367525815964e-02
3.731227815151214600e-01 2.266525030136108398e-01 7.786172791384160519e-04 -2.792873084545135498e-01
3.776558339595794678e-01 3.151944652199745178e-02 -4.807129036635160446e-03 1.364107802510261536e-02
3.782862126827239990e-01 -1.635332405567169189e-01 -4.534307401627302170e-03 3.048034310340881348e-01
3.750155568122863770e-01 3.165303915739059448e-02 1.561761018820106983e-03 1.069394592195749283e-02
3.756486177444458008e-01 2.267525643110275269e-01 1.775639946572482586e-03 -2.814958095550537109e-01
3.801836669445037842e-01 3.160532191395759583e-02 -3.854276379570364952e-03 1.174661051481962204e-02
3.808157742023468018e-01 -1.634611338376998901e-01 -3.619344206526875496e-03 3.032109737396240234e-01
3.775465488433837891e-01 3.171220421791076660e-02 2.444875426590442657e-03 9.388793259859085083e-03
3.781808018684387207e-01 2.267990112304687500e-01 2.632651245221495628e-03 -2.825217545032501221e-01
3.827167749404907227e-01 3.163960576057434082e-02 -3.017783630639314651e-03 1.099034398794174194e-02
3.833495676517486572e-01 2.268047034740447998e-01 -2.797976834699511528e-03 -2.826431989669799805e-01
3.878856599330902100e-01 3.172277286648750305e-02 -8.450840599834918976e-03 9.155946783721446991e-03
3.885201215744018555e-01 -1.632769703865051270e-01 -8.267722092568874359e-03 2.991605997085571289e-01
3.852545917034149170e-01 3.196185082197189331e-02 -2.284509828314185143e-03 3.881694981828331947e-03
3.858938217163085938e-01 -1.631272584199905396e-01 -2.206875942647457123e-03 2.958429455757141113e-01
3.826312720775604248e-01 3.202608227729797363e-02 3.709983080625534058e-03 2.464833902195096016e-03
3.832717835903167725e-01 2.270946353673934937e-01 3.759279847145080566e-03 -2.890452444553375244e-01
3.878136873245239258e-01 3.191927447915077209e-02 -2.021624939516186714e-03 4.820948466658592224e-03
3.884520828723907471e-01 2.270701527595520020e-01 -1.925206044688820839e-03 -2.884991466999053955e-01
3.929934799671173096e-01 3.197571635246276855e-02 -7.695188745856285095e-03 3.575974376872181892e-03
3.936329782009124756e-01 -1.630350351333618164e-01 -7.623669225722551346e-03 2.938210666179656982e-01
3.903722763061523438e-01 3.219477459788322449e-02 -1.747247879393398762e-03 -1.256464631296694279e-03
3.910161852836608887e-01 -1.629020720720291138e-01 -1.772377174347639084e-03 2.908746600151062012e-01
3.877581357955932617e-01 3.224510326981544495e-02 4.045116249471902847e-03 -2.366714179515838623e-03
3.884030580520629883e-01 2.273088097572326660e-01 3.997782245278358459e-03 -2.937706112861633301e-01
3.929492235183715820e-01 3.213008865714073181e-02 -1.877630362287163734e-03 1.704674650682136416e-04
3.935918211936950684e-01 -1.629648804664611816e-01 -1.874221023172140121e-03 2.922603785991668701e-01
3.903325200080871582e-01 3.218374028801918030e-02 3.970986697822809219e-03 -1.013054279610514641e-03
3.909761905670166016e-01 2.272485196590423584e-01 3.950725775212049484e-03 -2.924404442310333252e-01
3.955211639404296875e-01 3.207045793533325195e-02 -1.898083253763616085e-03 1.485865679569542408e-03
3.961625695228576660e-01 2.272195816040039062e-01 -1.868365914560854435e-03 -2.917953133583068848e-01
4.007069766521453857e-01 3.212431818246841431e-02 -7.704272400587797165e-03 2.977577096316963434e-04
4.013494551181793213e-01 -1.628863066434860229e-01 -7.698317058384418488e-03 2.905399799346923828e-01
3.980917334556579590e-01 3.234457224607467651e-02 -1.887517864815890789e-03 -4.560942295938730240e-03
3.987386226654052734e-01 -1.627502590417861938e-01 -1.978736603632569313e-03 2.875258624553680420e-01
3.954836130142211914e-01 3.239985555410385132e-02 3.771780291572213173e-03 -5.780493374913930893e-03
3.961316049098968506e-01 2.274675071239471436e-01 3.656170563772320747e-03 -2.972709834575653076e-01
4.006809592247009277e-01 3.229363262653350830e-02 -2.289249328896403313e-03 -3.437220817431807518e-03
4.013268351554870605e-01 -1.627954095602035522e-01 -2.357993740588426590e-03 2.885225415229797363e-01
3.980709314346313477e-01 3.236008435487747192e-02 3.412456950172781944e-03 -4.903140012174844742e-03
3.987181186676025391e-01 2.274329215288162231e-01 3.314394271001219749e-03 -2.965074479579925537e-01
4.032667875289916992e-01 3.226388618350028992e-02 -2.615754725411534309e-03 -2.781057963147759438e-03
4.039120674133300781e-01 -1.628204584121704102e-01 -2.671375870704650879e-03 2.890754342079162598e-01
4.006556570529937744e-01 3.233948722481727600e-02 3.110132645815610886e-03 -4.448833409696817398e-03
4.013024568557739258e-01 2.274166941642761230e-01 3.021155949681997299e-03 -2.961488664150238037e-01
4.058507680892944336e-01 3.225180879235267639e-02 -2.901821164414286613e-03 -2.514637773856520653e-03
4.064958095550537109e-01 -1.628284007310867310e-01 -2.952113980427384377e-03 2.892513275146484375e-01
4.032392501831054688e-01 3.233551606535911560e-02 2.832912374287843704e-03 -4.361210856586694717e-03
4.038859605789184570e-01 2.274167239665985107e-01 2.745688194409012794e-03 -2.961489856243133545e-01
4.084343016147613525e-01 3.225573897361755371e-02 -3.177291247993707657e-03 -2.601368585601449013e-03
4.090794026851654053e-01 -1.628205031156539917e-01 -3.229318652302026749e-03 2.890774011611938477e-01
4.058229923248291016e-01 3.234735131263732910e-02 2.552229212597012520e-03 -4.622276406735181808e-03
4.064699411392211914e-01 2.274326086044311523e-01 2.459783572703599930e-03 -2.964988648891448975e-01
4.110186100006103516e-01 3.227567672729492188e-02 -3.470193361863493919e-03 -3.041166346520185471e-03
4.116640985012054443e-01 -1.627963334321975708e-01 -3.531016642227768898e-03 2.885448634624481201e-01
4.084081947803497314e-01 3.237579017877578735e-02 2.239880384877324104e-03 -5.249625537544488907e-03
4.090557098388671875e-01 2.274655401706695557e-01 2.134887967258691788e-03 -2.972249984741210938e-01
4.136050045490264893e-01 3.231322765350341797e-02 -3.809612244367599487e-03 -3.869533305987715721e-03
4.142512679100036621e-01 -1.627538800239562988e-01 -3.887002822011709213e-03 2.876089811325073242e-01
4.109961986541748047e-01 3.242328390479087830e-02 1.865176833234727383e-03 -6.297329906374216080e-03
4.116446673870086670e-01 2.275184392929077148e-01 1.739230239763855934e-03 -2.983911931514739990e-01
4.161950349807739258e-01 3.237173706293106079e-02 -4.228593315929174423e-03 -5.160246975719928741e-03
4.168424606323242188e-01 -1.626893132925033569e-01 -4.331798292696475983e-03 2.861855030059814453e-01
4.135886728763580322e-01 3.249414637684822083e-02 1.391911762766540051e-03 -7.860476151108741760e-03
4.142385721206665039e-01 2.275961041450500488e-01 1.234702300280332565e-03 -3.001039028167724609e-01
4.187904894351959229e-01 3.245657682418823242e-02 -4.767375998198986053e-03 -7.031840737909078598e-03
4.194396138191223145e-01 -1.625966727733612061e-01 -4.908012691885232925e-03 2.841431200504302979e-01
4.161876738071441650e-01 3.259493038058280945e-02 7.748495554551482201e-04 -1.008371822535991669e-02
4.168395698070526123e-01 2.277057617902755737e-01 5.731752025894820690e-04 -3.025220632553100586e-01
4.213936924934387207e-01 3.257564455270767212e-02 -5.477266386151313782e-03 -9.658431634306907654e-03
4.220452010631561279e-01 -1.624673306941986084e-01 -5.670434795320034027e-03 2.812913358211517334e-01
4.187958538532257080e-01 3.273504599928855896e-02 -4.460822674445807934e-05 -1.317462231963872910e-02
4.194505512714385986e-01 2.278576344251632690e-01 -3.081006871070712805e-04 -3.058716356754302979e-01
4.240077137947082520e-01 3.274007514119148254e-02 -6.425532978028059006e-03 -1.328587997704744339e-02
4.246625304222106934e-01 -1.622891426086425781e-01 -6.691250950098037720e-03 2.773628234863281250e-01
4.214167296886444092e-01 3.292763233184814453e-02 -1.143994508311152458e-03 -1.742300204932689667e-02
4.220753014087677002e-01 -1.621778905391693115e-01 -1.492454670369625092e-03 2.748987674713134766e-01
4.188317358493804932e-01 3.296531736850738525e-02 4.005520604550838470e-03 -1.825451478362083435e-02
4.194910526275634766e-01 2.280295938253402710e-01 3.640430280938744545e-03 -3.096709549427032471e-01
4.240516424179077148e-01 3.285596892237663269e-02 -2.552988938987255096e-03 -1.584217697381973267e-02
4.247087538242340088e-01 -1.622292846441268921e-01 -2.869832562282681465e-03 2.760341465473175049e-01
4.214641749858856201e-01 3.293349966406822205e-02 2.650850685313344002e-03 -1.755253039300441742e-02
4.221228361129760742e-01 2.280173301696777344e-01 2.299800049513578415e-03 -3.093979060649871826e-01
4.266831874847412109e-01 3.286269307136535645e-02 -3.888158127665519714e-03 -1.599057391285896301e-02
4.273404479026794434e-01 -1.622032821178436279e-01 -4.207969643175601959e-03 2.754630744457244873e-01
4.240963757038116455e-01 3.297844901680946350e-02 1.301291631534695625e-03 -1.854408718645572662e-02
4.247559309005737305e-01 2.280817180871963501e-01 9.304098784923553467e-04 -3.108161687850952148e-01
4.293175637722015381e-01 3.294651955366134644e-02 -5.285913124680519104e-03 -1.783995330333709717e-02
4.299764931201934814e-01 -1.620992273092269897e-01 -5.642712116241455078e-03 2.731705307960510254e-01
4.267345070838928223e-01 3.310278058052062988e-02 -1.793016999727115035e-04 -2.128676883876323700e-02
4.273965656757354736e-01 2.282273024320602417e-01 -6.050370866432785988e-04 -3.140262663364410400e-01
4.319611191749572754e-01 3.311397880315780640e-02 -6.885562557727098465e-03 -2.153420634567737579e-02
4.326233863830566406e-01 -1.619085520505905151e-01 -7.316246628761291504e-03 2.689683139324188232e-01
4.293852150440216064e-01 3.331703692674636841e-02 -1.936880173161625862e-03 -2.601319178938865662e-02
4.300515651702880859e-01 -1.617770791053771973e-01 -2.457143971696496010e-03 2.660579979419708252e-01
4.268160164356231689e-01 3.337984904646873474e-02 2.864015987142920494e-03 -2.739891782402992249e-02
4.274836182594299316e-01 2.284606099128723145e-01 2.316037658601999283e-03 -3.191768527030944824e-01
4.320528507232666016e-01 3.330575302243232727e-02 -4.067499190568923950e-03 -2.576442249119281769e-02
4.327189624309539795e-01 -1.617576330900192261e-01 -4.582787398248910904e-03 2.656323909759521484e-01
4.294838011264801025e-01 3.342942893505096436e-02 7.298602722585201263e-04 -2.849245630204677582e-02
4.301523864269256592e-01 -1.617029756307601929e-01 1.600111281732097268e-04 2.644206583499908447e-01
4.269183278083801270e-01 3.341668471693992615e-02 5.448424257338047028e-03 -2.821179293096065521e-02
4.275866746902465820e-01 2.284600734710693359e-01 4.884188529103994370e-03 -3.191707134246826172e-01
4.321558773517608643e-01 3.326890990138053894e-02 -1.499225851148366928e-03 -2.495150454342365265e-02
4.328212440013885498e-01 -1.618315130472183228e-01 -1.998255960643291473e-03 2.672580182552337646e-01
4.295846223831176758e-01 3.331890329718589783e-02 3.346904413774609566e-03 -2.605449967086315155e-02
4.302510023117065430e-01 2.283926904201507568e-01 2.825814532116055489e-03 -3.176795542240142822e-01
4.348188340663909912e-01 3.323061019182205200e-02 -3.527776803821325302e-03 -2.410681731998920441e-02
4.354834556579589844e-01 -1.618405729532241821e-01 -4.009913187474012375e-03 2.674609720706939697e-01
4.322466552257537842e-01 3.333837911486625671e-02 1.339306356385350227e-03 -2.648400887846946716e-02
4.329134225845336914e-01 2.284411042928695679e-01 8.096261299215257168e-04 -3.187440633773803711e-01
4.374822378158569336e-01 3.330762311816215515e-02 -5.565255414694547653e-03 -2.580592595040798187e-02
4.381483793258666992e-01 -1.617340743541717529e-01 -6.081373896449804306e-03 2.651159167289733887e-01
4.349136948585510254e-01 3.347414359450340271e-02 -7.790554082021117210e-04 -2.947890944778919220e-02
4.355831742286682129e-01 -1.616366207599639893e-01 -1.368633587844669819e-03 2.629581093788146973e-01
4.323504567146301270e-01 3.350483253598213196e-02 3.890528576448559761e-03 -3.015618026256561279e-02
4.330205619335174561e-01 2.285707741975784302e-01 3.287405008450150490e-03 -3.216090798377990723e-01
4.375919699668884277e-01 3.340216726064682007e-02 -3.144776215776801109e-03 -2.789123728871345520e-02
4.382600188255310059e-01 -1.616745442152023315e-01 -3.702600952237844467e-03 2.637978196144104004e-01
4.350265264511108398e-01 3.350005671381950378e-02 1.573355402797460556e-03 -3.005064092576503754e-02
4.356965124607086182e-01 2.285994142293930054e-01 9.723425027914345264e-04 -3.222367465496063232e-01
4.402685165405273438e-01 3.346362709999084473e-02 -5.472392309457063675e-03 -2.924733608961105347e-02
4.409377872943878174e-01 -1.615794152021408081e-01 -6.057339254766702652e-03 2.617039680480957031e-01
4.377062022686004639e-01 3.362847119569778442e-02 -8.232594700530171394e-04 -3.288333117961883545e-02
4.383787512779235840e-01 -1.614816635847091675e-01 -1.480926177464425564e-03 2.595397233963012695e-01
4.351491332054138184e-01 3.366139531135559082e-02 3.709868527948856354e-03 -3.360993042588233948e-02
4.358223676681518555e-01 2.287299484014511108e-01 3.037669928744435310e-03 -3.251200616359710693e-01
4.403969645500183105e-01 3.356488049030303955e-02 -3.464731154963374138e-03 -3.148071840405464172e-02
4.410682618618011475e-01 -1.615072190761566162e-01 -4.094345495104789734e-03 2.601070404052734375e-01
4.378381073474884033e-01 3.367294371128082275e-02 1.107795280404388905e-03 -3.386448323726654053e-02
4.385115802288055420e-01 -1.614648699760437012e-01 4.305056063458323479e-04 2.591677606105804443e-01
4.352822601795196533e-01 3.365092724561691284e-02 5.613860674202442169e-03 -3.337934985756874084e-02
4.359552860260009766e-01 2.286919206380844116e-01 4.946273751556873322e-03 -3.242857754230499268e-01
4.405291378498077393e-01 3.349989652633666992e-02 -1.539441640488803387e-03 -3.004710935056209564e-02
4.411991238594055176e-01 -1.615999490022659302e-01 -2.140383934602141380e-03 2.621497213840484619e-01
4.379671216011047363e-01 3.355249390006065369e-02 3.102610353380441666e-03 -3.120755031704902649e-02
4.386381804943084717e-01 2.286298125982284546e-01 2.478459384292364120e-03 -3.229099512100219727e-01
4.432107806205749512e-01 3.347266092896461487e-02 -3.979739733040332794e-03 -2.944645658135414124e-02
4.438802301883697510e-01 -1.615919917821884155e-01 -4.568669013679027557e-03 2.619781792163848877e-01
4.406483769416809082e-01 3.359487280249595642e-02 6.708944565616548061e-04 -3.214226290583610535e-02
4.413202702999114990e-01 2.287071943283081055e-01 2.804920586640946567e-05 -3.246134519577026367e-01
4.458944201469421387e-01 3.358484804630279541e-02 -6.464219652116298676e-03 -3.192166611552238464e-02
4.465661346912384033e-01 -1.614438146352767944e-01 -7.102652918547391891e-03 2.587147355079650879e-01
4.433372616767883301e-01 3.377881273627281189e-02 -1.928358105942606926e-03 -3.619997575879096985e-02
4.440128207206726074e-01 -1.613154262304306030e-01 -2.652357565239071846e-03 2.558739185333251953e-01
4.407865107059478760e-01 3.384428843855857849e-02 2.465120516717433929e-03 -3.764443099498748779e-02
4.414634108543395996e-01 2.289308011531829834e-01 1.712232013233006001e-03 -3.295485675334930420e-01
4.460420310497283936e-01 3.378451988101005554e-02 -4.878739360719919205e-03 -3.632617741823196411e-02
4.467177093029022217e-01 -1.612671315670013428e-01 -5.605262704193592072e-03 2.548134624958038330e-01
4.434923529624938965e-01 3.393440321087837219e-02 -5.089934566058218479e-04 -3.963216394186019897e-02
4.441710412502288818e-01 -1.611802428960800171e-01 -1.301636686548590660e-03 2.528901398181915283e-01
4.409474432468414307e-01 3.396026790142059326e-02 3.756165737286210060e-03 -4.020307585597038269e-02
4.416266679763793945e-01 2.290281504392623901e-01 2.952104201540350914e-03 -3.316985368728637695e-01
4.462072253227233887e-01 3.386430814862251282e-02 -3.681866452097892761e-03 -3.808612003922462463e-02
4.468845129013061523e-01 -1.612046509981155396e-01 -4.443588666617870331e-03 2.534328699111938477e-01
4.436604082584381104e-01 3.398046642541885376e-02 6.250685546547174454e-04 -4.064832627773284912e-02
4.443400204181671143e-01 -1.611504405736923218e-01 -1.878979819593951106e-04 2.522317469120025635e-01
4.411170184612274170e-01 3.397418931126594543e-02 4.856736864894628525e-03 -4.051043838262557983e-02
4.417964816093444824e-01 2.290261536836624146e-01 4.046528134495019913e-03 -3.316570818424224854e-01
4.463770091533660889e-01 3.384684398770332336e-02 -2.586613176390528679e-03 -3.770081698894500732e-02
4.470539689064025879e-01 -1.612379252910614014e-01 -3.340629395097494125e-03 2.541648745536804199e-01
4.438292086124420166e-01 3.393157199025154114e-02 1.742668333463370800e-03 -3.956985846161842346e-02
4.445078372955322266e-01 -1.612153202295303345e-01 9.512711549177765846e-04 2.536623775959014893e-01
4.412835240364074707e-01 3.389303013682365417e-02 6.024518981575965881e-03 -3.872033953666687012e-02
4.419613778591156006e-01 2.289280742406845093e-01 5.250112153589725494e-03 -3.294963836669921875e-01
4.465399384498596191e-01 3.373177722096443176e-02 -1.339815789833664894e-03 -3.516246750950813293e-02
4.472145736217498779e-01 -1.613709330558776855e-01 -2.043065149337053299e-03 2.570974230766296387e-01
4.439871609210968018e-01 3.378012776374816895e-02 3.098883433267474174e-03 -3.622920438647270203e-02
4.446627497673034668e-01 2.288575023412704468e-01 2.374299336224794388e-03 -3.279328048229217529e-01
4.492399096488952637e-01 3.370182961225509644e-02 -4.184356424957513809e-03 -3.450206667184829712e-02
4.499139487743377686e-01 -1.613598614931106567e-01 -4.874398000538349152e-03 2.568577229976654053e-01
4.466867446899414062e-01 3.383133560419082642e-02 2.627565700095146894e-04 -3.735867515206336975e-02
4.473633766174316406e-01 -1.612943857908248901e-01 -4.844169015996158123e-04 2.554071545600891113e-01
4.441374838352203369e-01 3.383448347449302673e-02 4.623726010322570801e-03 -3.742853552103042603e-02
4.448141753673553467e-01 2.288898229598999023e-01 3.875155234709382057e-03 -3.286490440368652344e-01
4.493919909000396729e-01 3.371291980147361755e-02 -2.697825897485017776e-03 -3.474660217761993408e-02
4.500662386417388916e-01 -1.613702327013015747e-01 -3.392757847905158997e-03 2.570839226245880127e-01
4.468388259410858154e-01 3.379998728632926941e-02 1.748920301906764507e-03 -3.666720911860466003e-02
4.475148320198059082e-01 2.288968116044998169e-01 1.015576184727251530e-03 -3.287978172302246094e-01
4.520927667617797852e-01 3.376042097806930542e-02 -5.560380406677722931e-03 -3.579480201005935669e-02
4.527679681777954102e-01 -1.612813472747802734e-01 -6.276276428252458572e-03 2.551285922527313232e-01
4.495423436164855957e-01 3.392964228987693787e-02 -1.173704396933317184e-03 -3.952734917402267456e-02
4.502209424972534180e-01 -1.611754596233367920e-01 -1.964251277968287468e-03 2.527850270271301270e-01
4.469974339008331299e-01 3.397448733448982239e-02 3.091449150815606117e-03 -4.051680862903594971e-02
4.476769268512725830e-01 2.290519773960113525e-01 2.281113062053918839e-03 -3.322227597236633301e-01
4.522579610347747803e-01 3.389762714505195618e-02 -4.363342188298702240e-03 -3.882135078310966492e-02
4.529359042644500732e-01 -1.611614823341369629e-01 -5.139769054949283600e-03 2.524816989898681641e-01
4.497126936912536621e-01 3.403348103165626526e-02 -9.013474482344463468e-05 -4.181795194745063782e-02
4.503933489322662354e-01 -1.610871851444244385e-01 -9.264937834814190865e-04 2.508365213871002197e-01
4.471715986728668213e-01 3.404799103736877441e-02 4.090236965566873550e-03 -4.213848337531089783e-02
4.478525817394256592e-01 2.291110455989837646e-01 3.247467102482914925e-03 -3.335281014442443848e-01
4.524347782135009766e-01 3.394303098320960999e-02 -3.423094749450683594e-03 -3.982285782694816589e-02
4.531136453151702881e-01 -1.611296683549880981e-01 -4.219552036374807358e-03 2.517780959606170654e-01
4.498910605907440186e-01 3.405228257179260254e-02 8.160097640939056873e-04 -4.223277792334556580e-02
4.505721032619476318e-01 -1.610813587903976440e-01 -2.864579437300562859e-05 2.507075071334838867e-01
4.473504722118377686e-01 3.404099866747856140e-02 4.985504318028688431e-03 -4.198446497321128845e-02
4.480313062667846680e-01 2.290911078453063965e-01 4.145815037190914154e-03 -3.330902457237243652e-01
4.526131153106689453e-01 3.391039371490478516e-02 -2.515990287065505981e-03 -3.910283744335174561e-02
4.532913267612457275e-01 -1.611753851175308228e-01 -3.298046998679637909e-03 2.527852058410644531e-01
4.500678181648254395e-01 3.399350121617317200e-02 1.757657155394554138e-03 -4.093615710735321045e-02
4.507476985454559326e-01 2.290901988744735718e-01 9.389339829795062542e-04 -3.330640196800231934e-01
4.553295075893402100e-01 3.395489975810050964e-02 -5.722346249967813492e-03 -4.008513689041137695e-02
4.560085833072662354e-01 -1.610845327377319336e-01 -6.524048745632171631e-03 2.507868409156799316e-01
4.527868926525115967e-01 3.412997722625732422e-02 -1.508311717770993710e-03 -4.394672811031341553e-02
4.534695148468017578e-01 -1.609703153371810913e-01 -2.387246349826455116e-03 2.482599318027496338e-01
4.502500891685485840e-01 3.418564796447753906e-02 2.577952342107892036e-03 -4.517502710223197937e-02
4.509338140487670898e-01 2.292705327272415161e-01 1.674451748840510845e-03 -3.370434641838073730e-01
4.555192291736602783e-01 3.412479907274246216e-02 -5.066417623311281204e-03 -4.383298382163047791e-02
4.562017023563385010e-01 -1.609241366386413574e-01 -5.943077150732278824e-03 2.472471445798873901e-01
4.529832303524017334e-01 3.428218513727188110e-02 -9.981344919651746750e-04 -4.730442538857460022e-02
4.536688625812530518e-01 -1.608254313468933105e-01 -1.944222953170537949e-03 2.450634092092514038e-01
4.504523575305938721e-01 3.432422876358032227e-02 2.957045333459973335e-03 -4.823213070631027222e-02
4.511388540267944336e-01 -1.608400046825408936e-01 1.992402598261833191e-03 2.453822940587997437e-01
4.479220509529113770e-01 3.425343707203865051e-02 6.900048814713954926e-03 -4.667150974273681641e-02
4.486071169376373291e-01 2.292757779359817505e-01 5.966618657112121582e-03 -3.371694386005401611e-01
4.531926214694976807e-01 3.406942263245582581e-02 -7.767705246806144714e-04 -4.261096194386482239e-02
4.538740217685699463e-01 -1.610413789749145508e-01 -1.628989703021943569e-03 2.498267889022827148e-01
4.506531953811645508e-01 3.410379588603973389e-02 3.367546014487743378e-03 -4.336951300501823425e-02
4.513352811336517334e-01 2.291772961616516113e-01 2.500155707821249962e-03 -3.349880576133728027e-01
4.559188187122344971e-01 3.401985019445419312e-02 -4.199604969471693039e-03 -4.151774942874908447e-02
4.565992057323455811e-01 -1.610416322946548462e-01 -5.029960069805383682e-03 2.498372048139572144e-01
4.533783793449401855e-01 3.415179252624511719e-02 -3.321604526718147099e-05 -4.442802071571350098e-02
4.540614187717437744e-01 -1.609696894884109497e-01 -9.217764600180089474e-04 2.482444196939468384e-01
4.508420228958129883e-01 3.416541963815689087e-02 4.043112043291330338e-03 -4.472910612821578979e-02
4.515253305435180664e-01 2.292291671037673950e-01 3.148529911413788795e-03 -3.361336588859558105e-01
4.561099112033843994e-01 3.406254574656486511e-02 -3.574143163859844208e-03 -4.245951771736145020e-02
4.567911624908447266e-01 -1.610079705715179443e-01 -4.423333331942558289e-03 2.490935921669006348e-01
4.535710215568542480e-01 3.417686745524406433e-02 5.585383623838424683e-04 -4.498125612735748291e-02
4.542545378208160400e-01 -1.609530895948410034e-01 -3.410867648199200630e-04 2.478778362274169922e-01
4.510354697704315186e-01 3.417373448610305786e-02 4.616470076143741608e-03 -4.491265118122100830e-02
4.517189562320709229e-01 2.292291820049285889e-01 3.718216903507709503e-03 -3.361354768276214600e-01
4.563035368919372559e-01 3.405451402068138123e-02 -3.004492493346333504e-03 -4.228233918547630310e-02
4.569846391677856445e-01 -1.610242277383804321e-01 -3.850139211863279343e-03 2.494511306285858154e-01
4.537641406059265137e-01 3.415249660611152649e-02 1.138883293606340885e-03 -4.444372281432151794e-02
4.544472098350524902e-01 -1.609857678413391113e-01 2.500088303349912167e-04 2.485983073711395264e-01
4.512274861335754395e-01 3.413261473178863525e-02 5.221975035965442657e-03 -4.400574415922164917e-02
4.519101381301879883e-01 2.291792929172515869e-01 4.341860301792621613e-03 -3.350365161895751953e-01
4.564937055110931396e-01 3.399582207202911377e-02 -2.358870347961783409e-03 -4.098756983876228333e-02
4.571736454963684082e-01 -1.610922217369079590e-01 -3.178621642291545868e-03 2.509501874446868896e-01
4.539518058300018311e-01 3.407497331500053406e-02 1.840381883084774017e-03 -4.273365437984466553e-02
4.546332955360412598e-01 2.291704863309860229e-01 9.857087861746549606e-04 -3.348353505134582520e-01
4.592167139053344727e-01 3.403452038764953613e-02 -5.710998084396123886e-03 -4.184174910187721252e-02
4.598973989486694336e-01 -1.610050797462463379e-01 -6.547833327203989029e-03 2.490338385105133057e-01
4.566772878170013428e-01 3.420977294445037842e-02 -1.567156403325498104e-03 -4.570719599723815918e-02
4.573614895343780518e-01 -1.608896702527999878e-01 -2.481300383806228638e-03 2.464808672666549683e-01
4.541437029838562012e-01 3.426763042807579041e-02 2.448317129164934158e-03 -4.698368534445762634e-02
4.548290371894836426e-01 2.293543815612792969e-01 1.508643385022878647e-03 -3.388931453227996826e-01
4.594161212444305420e-01 3.421100229024887085e-02 -5.269219633191823959e-03 -4.573485255241394043e-02
4.601003527641296387e-01 -1.608349978923797607e-01 -6.183916702866554260e-03 2.452809363603591919e-01
4.568836390972137451e-01 3.437472879886627197e-02 -1.278297742828726768e-03 -4.934611171483993530e-02
4.575711488723754883e-01 -1.607288718223571777e-01 -2.265220042318105698e-03 2.429332286119461060e-01
4.543565809726715088e-01 3.442536666989326477e-02 2.593444660305976868e-03 -5.046334490180015564e-02
4.550450742244720459e-01 -1.607336699962615967e-01 1.584177720360457897e-03 2.430367022752761841e-01
4.518304169178009033e-01 3.436560928821563721e-02 6.444911938160657883e-03 -4.914611205458641052e-02
4.525177180767059326e-01 2.293945550918579102e-01 5.461989436298608780e-03 -3.397886753082275391e-01
4.571056067943572998e-01 3.419531509280204773e-02 -1.333783729933202267e-03 -4.538835212588310242e-02
4.577895104885101318e-01 -1.609074771404266357e-01 -2.241550944745540619e-03 2.468734532594680786e-01
4.545713663101196289e-01 3.424641117453575134e-02 2.695918316021561623e-03 -4.651566594839096069e-02
4.552562832832336426e-01 2.293296009302139282e-01 1.765604945831000805e-03 -3.383467793464660645e-01
4.598428905010223389e-01 3.418256714940071106e-02 -5.001330748200416565e-03 -4.510761052370071411e-02
4.605265259742736816e-01 -1.608673036098480225e-01 -5.903482902795076370e-03 2.459931671619415283e-01
4.573091864585876465e-01 3.433845564723014832e-02 -9.836198296397924423e-04 -4.854600131511688232e-02
4.579959511756896973e-01 -1.607693731784820557e-01 -1.954539678990840912e-03 2.438264191150665283e-01
4.547805786132812500e-01 3.438043966889381409e-02 2.921988721936941147e-03 -4.947237297892570496e-02
4.554681777954101562e-01 2.294603735208511353e-01 1.932541257701814175e-03 -3.412319421768188477e-01
4.600573778152465820e-01 3.431097418069839478e-02 -4.892097786068916321e-03 -4.794024676084518433e-02
4.607436060905456543e-01 -1.607404798269271851e-01 -5.850902758538722992e-03 2.431951761245727539e-01
4.575287997722625732e-01 3.446454554796218872e-02 -9.869992500171065331e-04 -5.132751911878585815e-02
4.582180976867675781e-01 -1.606432348489761353e-01 -2.013549674302339554e-03 2.410438358783721924e-01
4.550052285194396973e-01 3.450741991400718689e-02 2.807327080518007278e-03 -5.227353423833847046e-02
4.556953608989715576e-01 -1.606546789407730103e-01 1.761856488883495331e-03 2.412938028573989868e-01
4.524822831153869629e-01 3.444206714630126953e-02 6.587732583284378052e-03 -5.083286762237548828e-02
4.531711041927337646e-01 2.294689416885375977e-01 5.571075249463319778e-03 -3.414300382137298584e-01
4.577604830265045166e-01 3.426817059516906738e-02 -1.257525756955146790e-03 -4.699555039405822754e-02
4.584458470344543457e-01 -1.608357280492782593e-01 -2.197436755523085594e-03 2.452903538942337036e-01
4.552291333675384521e-01 3.431754186749458313e-02 2.708370098844170570e-03 -4.808489233255386353e-02
4.559155106544494629e-01 2.294005453586578369e-01 1.746672322042286396e-03 -3.399120867252349854e-01
4.605035185813903809e-01 3.425379097461700439e-02 -5.051569081842899323e-03 -4.667885974049568176e-02
4.611885845661163330e-01 -1.607953608036041260e-01 -5.985146388411521912e-03 2.444059848785400391e-01
4.579726755619049072e-01 3.441156446933746338e-02 -1.097026630304753780e-03 -5.015878379344940186e-02
4.586609005928039551e-01 -1.606946438550949097e-01 -2.100202254951000214e-03 2.421778142452239990e-01
4.554470181465148926e-01 3.445724770426750183e-02 2.743354067206382751e-03 -5.116682499647140503e-02
4.561361670494079590e-01 -1.607039272785186768e-01 1.720017637126147747e-03 2.423803955316543579e-01
4.529220759868621826e-01 3.439340740442276001e-02 6.567625328898429871e-03 -4.975950345396995544e-02
4.536099433898925781e-01 2.294205725193023682e-01 5.572435446083545685e-03 -3.403630852699279785e-01
4.581983685493469238e-01 3.421977907419204712e-02 -1.234826049767434597e-03 -4.592814296483993530e-02
4.588827490806579590e-01 -1.608844399452209473e-01 -2.153388923034071922e-03 2.463649362325668335e-01
4.556650817394256592e-01 3.426819667220115662e-02 2.773909829556941986e-03 -4.699644818902015686e-02
4.563504457473754883e-01 2.293502688407897949e-01 1.833980786614120007e-03 -3.388029038906097412e-01
4.609374403953552246e-01 3.420226275920867920e-02 -4.942077212035655975e-03 -4.554219171404838562e-02
4.616214931011199951e-01 -1.608484685420989990e-01 -5.852920934557914734e-03 2.455773800611495972e-01
4.584045112133026123e-01 3.435657918453216553e-02 -9.413734078407287598e-04 -4.894594103097915649e-02
4.590916335582733154e-01 -1.607518643140792847e-01 -1.920292270369827747e-03 2.434398233890533447e-01
4.558766186237335205e-01 3.439746797084808350e-02 2.948504174128174782e-03 -4.984819144010543823e-02
4.565645456314086914e-01 2.294770181179046631e-01 1.951540471054613590e-03 -3.415993750095367432e-01
4.611541032791137695e-01 3.432735428214073181e-02 -4.880447406321763992e-03 -4.830169305205345154e-02
4.618406295776367188e-01 -1.607242822647094727e-01 -5.846481304615736008e-03 2.428374141454696655e-01
4.586261510848999023e-01 3.448069468140602112e-02 -9.897326817736029625e-04 -5.168388783931732178e-02
4.593157768249511719e-01 -1.606270521879196167e-01 -2.023410517722368240e-03 2.406866103410720825e-01
4.561032354831695557e-01 3.452374413609504700e-02 2.790321595966815948e-03 -5.263387411832809448e-02
4.567936956882476807e-01 -1.606381088495254517e-01 1.737644197419285774e-03 2.409281134605407715e-01
4.535809457302093506e-01 3.445898368954658508e-02 6.556206382811069489e-03 -5.120620504021644592e-02
4.542701244354248047e-01 2.294863164424896240e-01 5.532082635909318924e-03 -3.418134152889251709e-01
4.588598608970642090e-01 3.428609296679496765e-02 -1.304185716435313225e-03 -4.739113152027130127e-02
4.595455825328826904e-01 -1.608171314001083374e-01 -2.252008300274610519e-03 2.448800355195999146e-01
4.563292264938354492e-01 3.433691337704658508e-02 2.645592205226421356e-03 -4.851238429546356201e-02
4.570159614086151123e-01 2.294208258390426636e-01 1.675344654358923435e-03 -3.403594195842742920e-01
4.616043865680694580e-01 3.427507728338241577e-02 -5.131843965500593185e-03 -4.714866727590560913e-02
4.622898995876312256e-01 -1.607729047536849976e-01 -6.074817385524511337e-03 2.439107149839401245e-01
4.590744376182556152e-01 3.443527966737747192e-02 -1.196603174321353436e-03 -5.068216100335121155e-02
4.597631394863128662e-01 -1.606694906949996948e-01 -2.210246399044990540e-03 2.416229844093322754e-01
4.565497338771820068e-01 3.448396176099777222e-02 2.622213214635848999e-03 -5.175628885626792908e-02
4.572394192218780518e-01 -1.606754958629608154e-01 1.587087521329522133e-03 2.417528182268142700e-01
4.540259242057800293e-01 3.442375361919403076e-02 6.422143895179033279e-03 -5.042908340692520142e-02
4.547143876552581787e-01 2.294530272483825684e-01 5.413562059402465820e-03 -3.410788774490356445e-01
4.593034386634826660e-01 3.425447642803192139e-02 -1.408015261404216290e-03 -4.669374972581863403e-02
4.599885344505310059e-01 -1.608472615480422974e-01 -2.341890241950750351e-03 2.455445975065231323e-01
4.567715823650360107e-01 3.430806472897529602e-02 2.569001866504549980e-03 -4.787608981132507324e-02
4.574577510356903076e-01 2.293930798768997192e-01 1.611480023711919785e-03 -3.397473692893981934e-01
4.620456099510192871e-01 3.424824029207229614e-02 -5.183467175811529160e-03 -4.655670747160911560e-02
4.627305865287780762e-01 -1.607989966869354248e-01 -6.114601623266935349e-03 2.444862872362136841e-01
4.595145881175994873e-01 3.440975025296211243e-02 -1.224875566549599171e-03 -5.011904239654541016e-02
4.602027833461761475e-01 -1.606946140527725220e-01 -2.227256540209054947e-03 2.421771734952926636e-01
4.569889008998870850e-01 3.445908054709434509e-02 2.616286976262927055e-03 -5.120745301246643066e-02
4.576780796051025391e-01 2.295434176921844482e-01 1.592137967236340046e-03 -3.430637717247009277e-01
4.622689485549926758e-01 3.439885377883911133e-02 -5.269137676805257797e-03 -4.987920820713043213e-02
4.629569351673126221e-01 -1.606471538543701172e-01 -6.266721524298191071e-03 2.411366105079650879e-01
4.597439765930175781e-01 3.456375747919082642e-02 -1.443989342078566551e-03 -5.351639911532402039e-02
4.604352712631225586e-01 -1.605374664068222046e-01 -2.514317398890852928e-03 2.387105822563171387e-01
4.572245180606842041e-01 3.462031856179237366e-02 2.259894274175167084e-03 -5.476436391472816467e-02
4.579169154167175293e-01 -1.605339646339416504e-01 1.164607005193829536e-03 2.386307120323181152e-01
4.547062516212463379e-01 3.457133099436759949e-02 5.937221460044384003e-03 -5.368462949991226196e-02
4.553976655006408691e-01 2.296076565980911255e-01 4.863529000431299210e-03 -3.444884121417999268e-01
4.599898159503936768e-01 3.441685065627098083e-02 -2.026239642873406410e-03 -5.027581006288528442e-02
4.606781601905822754e-01 -1.606759876012802124e-01 -3.031755797564983368e-03 2.417671382427215576e-01
4.574646353721618652e-01 3.448913991451263428e-02 1.803586841560900211e-03 -5.187054723501205444e-02
4.581544101238250732e-01 -1.606586277484893799e-01 7.661758572794497013e-04 2.413808852434158325e-01
4.549412429332733154e-01 3.445237129926681519e-02 5.593793466687202454e-03 -5.106027796864509583e-02
4.556303024291992188e-01 2.294936627149581909e-01 4.572588019073009491e-03 -3.419730663299560547e-01
4.602201581001281738e-01 3.430696204304695129e-02 -2.266873605549335480e-03 -4.785174131393432617e-02
4.609062969684600830e-01 -1.607824116945266724e-01 -3.223908599466085434e-03 2.441150993108749390e-01
4.576906561851501465e-01 3.438543900847434998e-02 1.658393652178347111e-03 -4.958297684788703918e-02
4.583783745765686035e-01 -1.607602536678314209e-01 6.667340639978647232e-04 2.436227202415466309e-01
4.551631510257720947e-01 3.435216844081878662e-02 5.539188627153635025e-03 -4.884982109069824219e-02
4.558502137660980225e-01 2.293942570686340332e-01 4.562192130833864212e-03 -3.397799432277679443e-01
