3.107519354671239853e-03 2.094370080158114433e-03 -9.020048193633556366e-03 -1.289511099457740784e-02
3.149406751617789268e-03 -1.928970664739608765e-01 -9.277950972318649292e-03 2.769282758235931396e-01
-7.085345569066703320e-04 2.356010954827070236e-03 -3.739385167136788368e-03 -1.866640150547027588e-02
-6.614143494516611099e-04 -1.927121132612228394e-01 -4.112713038921356201e-03 2.728343605995178223e-01
-4.515656735748052597e-03 2.468278398737311363e-03 1.343974145129323006e-03 -2.114288508892059326e-02
-4.466291051357984543e-03 -1.926729232072830200e-01 9.211165015585720539e-04 2.719637751579284668e-01
-8.319749496877193451e-03 2.435874426737427711e-03 6.360392086207866669e-03 -2.042848244309425354e-02
-8.271032012999057770e-03 -1.927767097949981689e-01 5.951822269707918167e-03 2.742544114589691162e-01
-1.212656591087579727e-02 2.259815344586968422e-03 1.143691036850214005e-02 -1.654536649584770203e-02
-1.208136975765228271e-02 -1.930242776870727539e-01 1.110600307583808899e-02 2.797239720821380615e-01
-1.594185456633567810e-02 1.937504741363227367e-03 1.670048385858535767e-02 -9.435546584427356720e-03
-1.590310595929622650e-02 1.968160122632980347e-01 1.651177182793617249e-02 -2.968028485774993896e-01
-1.196678541600704193e-02 1.462620566599071026e-03 1.057571545243263245e-02 1.041552866809070110e-03
-1.193753257393836975e-02 1.964313089847564697e-01 1.059654634445905685e-02 -2.882859408855438232e-01
-8.008906617760658264e-03 1.159869949333369732e-03 4.830827936530113220e-03 7.720117457211017609e-03
-7.985709235072135925e-03 -1.940310299396514893e-01 4.985230043530464172e-03 3.019233047962188721e-01
-1.186632923781871796e-02 1.019517774693667889e-03 1.102369651198387146e-02 1.081677433103322983e-02
-1.184593886137008667e-02 1.959816515445709229e-01 1.124003157019615173e-02 -2.783677577972412109e-01
-7.926305755972862244e-03 7.011723937466740608e-04 5.672676488757133484e-03 1.783895865082740784e-02
-7.912282831966876984e-03 -1.945016682147979736e-01 6.029455922544002533e-03 3.123062551021575928e-01
-1.180231571197509766e-02 5.338668124750256538e-04 1.227558124810457230e-02 2.153093181550502777e-02
-1.179163809865713120e-02 1.954776495695114136e-01 1.270619966089725494e-02 -2.672537565231323242e-01
-7.882085628807544708e-03 1.766774221323430538e-04 7.361124269664287567e-03 2.940955199301242828e-02
-7.878552190959453583e-03 1.951922923326492310e-01 7.949315011501312256e-03 -2.609418034553527832e-01
-3.974706400185823441e-03 -4.222429197398014367e-05 2.730479463934898376e-03 3.423780202865600586e-02
-3.975550644099712372e-03 -1.952032297849655151e-01 3.415235551074147224e-03 3.277809619903564453e-01
-7.879614830017089844e-03 -1.300611766055226326e-04 9.970854967832565308e-03 3.617700934410095215e-02
-7.882216013967990875e-03 1.948474943637847900e-01 1.069439481943845749e-02 -2.533434033393859863e-01
-3.985266666859388351e-03 -4.255117964930832386e-04 5.627526901662349701e-03 4.269344732165336609e-02
-3.993776626884937286e-03 1.946152895689010620e-01 6.481396034359931946e-03 -2.482086420059204102e-01
-1.014708977891132236e-04 -5.986195174045860767e-04 1.517223194241523743e-03 4.651159420609474182e-02
-1.134432823164388537e-04 -1.957422941923141479e-01 2.447454957291483879e-03 3.396728336811065674e-01
-4.028289113193750381e-03 -6.552525446750223637e-04 9.240911342203617096e-03 4.776269569993019104e-02
-4.041394218802452087e-03 1.943329870700836182e-01 1.019616518169641495e-02 -2.419903725385665894e-01
-1.547346037114039063e-04 -9.331209002994000912e-04 5.356357898563146591e-03 5.389117449522018433e-02
-1.733970275381579995e-04 1.941116154193878174e-01 6.434181705117225647e-03 -2.370969802141189575e-01
3.708835458382964134e-03 -1.101660542190074921e-03 1.692241989076137543e-03 5.760851502418518066e-02
3.686802228912711143e-03 1.939959824085235596e-01 2.844412345439195633e-03 -2.345400154590606689e-01
7.566721644252538681e-03 -1.166489790193736553e-03 -1.846387982368469238e-03 5.903876945376396179e-02
7.543392013758420944e-03 -1.962619125843048096e-01 -6.656125769950449467e-04 3.511385917663574219e-01
3.618153743445873260e-03 -1.130508142523467541e-03 6.357158999890089035e-03 5.824583396315574646e-02
3.595543559640645981e-03 1.938997209072113037e-01 7.522075902670621872e-03 -2.324246019124984741e-01
7.473537698388099670e-03 -1.328901038505136967e-03 2.873583696782588959e-03 6.262151151895523071e-02
7.446960080415010452e-03 1.937517374753952026e-01 4.126013722270727158e-03 -2.291533946990966797e-01
1.132199447602033615e-02 -1.428937073796987534e-03 -4.570539749693125486e-04 6.482815742492675781e-02
1.129341591149568558e-02 -1.965443342924118042e-01 8.395092445425689220e-04 3.573668599128723145e-01
7.362529169768095016e-03 -1.434326404705643654e-03 7.986846379935741425e-03 6.494875997304916382e-02
7.333842571824789047e-03 1.935722082853317261e-01 9.285821579396724701e-03 -2.252036035060882568e-01
1.120528671890497208e-02 -1.681215129792690277e-03 4.781749099493026733e-03 7.039389759302139282e-02
1.117166224867105484e-02 1.933718621730804443e-01 6.189627107232809067e-03 -2.207765430212020874e-01
1.503909938037395477e-02 -1.838019117712974548e-03 1.774096395820379257e-03 7.385240495204925537e-02
1.500233914703130722e-02 1.932584494352340698e-01 3.251144429668784142e-03 -2.182702571153640747e-01
1.886750757694244385e-02 -1.909821410663425922e-03 -1.114260754548013210e-03 7.543644309043884277e-02
1.882931217551231384e-02 -1.970157772302627563e-01 3.944680502172559500e-04 3.677676022052764893e-01
1.488899625837802887e-02 -1.899437163956463337e-03 7.749820128083229065e-03 7.520908862352371216e-02
1.485100761055946350e-02 1.931105554103851318e-01 9.254002012312412262e-03 -2.150187045335769653e-01
1.871321909129619598e-02 -2.142458222806453705e-03 4.953627940267324448e-03 8.056892454624176025e-02
1.867036893963813782e-02 1.929081380367279053e-01 6.565006449818611145e-03 -2.105470150709152222e-01
2.252853289246559143e-02 -2.307067625224590302e-03 2.354065887629985809e-03 8.419957756996154785e-02
2.248239144682884216e-02 1.927810609340667725e-01 4.038057290017604828e-03 -2.077397108078002930e-01
2.633801288902759552e-02 -2.398399403318762779e-03 -1.167367227026261389e-04 8.621427416801452637e-02
2.629004418849945068e-02 -1.975186765193939209e-01 1.607548794709146023e-03 3.788603842258453369e-01
2.233966998755931854e-02 -2.419592114165425301e-03 9.184756316244602203e-03 8.668474107980728149e-02
2.229127846658229828e-02 1.925695091485977173e-01 1.091845147311687469e-02 -2.030862867832183838e-01
2.614266797900199890e-02 -2.706875326111912727e-03 6.856725085526704788e-03 9.302078187465667725e-02
2.608853206038475037e-02 1.923161298036575317e-01 8.717141114175319672e-03 -1.974909901618957520e-01
2.993485331535339355e-02 -2.929413691163063049e-03 4.767321050167083740e-03 9.792900830507278442e-02
2.987626567482948303e-02 1.921238899230957031e-01 6.725901272147893906e-03 -1.932460367679595947e-01
3.371874243021011353e-02 -3.093627979978919029e-03 2.860980806872248650e-03 1.015510186553001404e-01
3.365686908364295959e-02 1.919872015714645386e-01 4.892000928521156311e-03 -1.902279108762741089e-01
3.749661520123481750e-02 -3.204389242455363274e-03 1.087442971765995026e-03 1.039942279458045959e-01
3.743252903223037720e-02 1.919019669294357300e-01 3.167327493429183960e-03 -1.883454173803329468e-01
4.127056524157524109e-02 -3.265161067247390747e-03 -5.995808169245719910e-04 1.053349897265434265e-01
4.120526462793350220e-02 -1.983785182237625122e-01 1.507118926383554935e-03 3.978286981582641602e-01
3.723769262433052063e-02 -3.277977462857961655e-03 9.463693015277385712e-03 1.056213080883026123e-01
3.717213496565818787e-02 1.917070895433425903e-01 1.157611887902021408e-02 -1.840609014034271240e-01
4.100627452135086060e-02 -3.578573698177933693e-03 7.894900627434253693e-03 1.122512593865394592e-01
4.093470424413681030e-02 1.914293617010116577e-01 1.013992633670568466e-02 -1.779304593801498413e-01
4.476328939199447632e-02 -3.836215008050203323e-03 6.581317167729139328e-03 1.179339438676834106e-01
4.468656703829765320e-02 1.911908239126205444e-01 8.939996361732482910e-03 -1.726653873920440674e-01
4.851038381457328796e-02 -4.057930782437324524e-03 5.486688110977411270e-03 1.228243708610534668e-01
4.842922464013099670e-02 1.909849792718887329e-01 7.943175733089447021e-03 -1.681225299835205078e-01
5.224892497062683105e-02 -4.249756690114736557e-03 4.580724984407424927e-03 1.270556151866912842e-01
5.216392874717712402e-02 1.908062696456909180e-01 7.121837232261896133e-03 -1.641786247491836548e-01
5.598005279898643494e-02 -4.416899755597114563e-03 3.838264849036931992e-03 1.307425051927566528e-01
5.589171499013900757e-02 1.906498521566390991e-01 6.453115027397871017e-03 -1.607270240783691406e-01
5.970471352338790894e-02 -4.563878756016492844e-03 3.238574368879199028e-03 1.339846849441528320e-01
5.961343646049499512e-02 1.905115395784378052e-01 5.918268114328384399e-03 -1.576747596263885498e-01
6.342366337776184082e-02 -4.694648087024688721e-03 2.764772856608033180e-03 1.368693411350250244e-01
6.332977116107940674e-02 1.903875917196273804e-01 5.502159707248210907e-03 -1.549400538206100464e-01
6.713752448558807373e-02 -4.812703933566808701e-03 2.403358696028590202e-03 1.394735872745513916e-01
6.704127043485641479e-02 1.902747452259063721e-01 5.192830227315425873e-03 -1.524501591920852661e-01
7.084676623344421387e-02 -4.921176470816135406e-03 2.143827266991138458e-03 1.418664604425430298e-01
7.074834406375885010e-02 1.901700049638748169e-01 4.981156438589096069e-03 -1.501393467187881470e-01
7.455174624919891357e-02 -5.022917874157428741e-03 1.978369429707527161e-03 1.441108584403991699e-01
7.445128262042999268e-02 1.900706440210342407e-01 4.860586486756801605e-03 -1.479472815990447998e-01
7.825269550085067749e-02 -5.120571702718734741e-03 1.901641022413969040e-03 1.462650895118713379e-01
7.815028727054595947e-02 1.899740993976593018e-01 4.826942924410104752e-03 -1.458172947168350220e-01
8.194977045059204102e-02 -5.216647405177354813e-03 1.910597085952758789e-03 1.483845263719558716e-01
8.184543251991271973e-02 1.898778975009918213e-01 4.878287669271230698e-03 -1.436950415372848511e-01
8.564299345016479492e-02 -5.313581787049770355e-03 2.004386857151985168e-03 1.505229026079177856e-01
8.553671836853027344e-02 1.897796094417572021e-01 5.014844704419374466e-03 -1.415270119905471802e-01
8.933231234550476074e-02 -5.413802340626716614e-03 2.184304641559720039e-03 1.527337878942489624e-01
8.922404050827026367e-02 1.896768063306808472e-01 5.238980520516633987e-03 -1.392592340707778931e-01
9.301757067441940308e-02 -5.519788712263107300e-03 2.453795634210109711e-03 1.550718843936920166e-01
9.290717542171478271e-02 1.895669400691986084e-01 5.555233452469110489e-03 -1.368359178304672241e-01
9.669851511716842651e-02 -5.634134635329246521e-03 2.818515058606863022e-03 1.575944125652313232e-01
9.658583253622055054e-02 1.894473433494567871e-01 5.970403552055358887e-03 -1.341980099678039551e-01
1.003747805953025818e-01 -5.759609397500753403e-03 3.286443185061216354e-03 1.603624969720840454e-01
1.002595871686935425e-01 1.893151402473449707e-01 6.493693217635154724e-03 -1.312818229198455811e-01
1.040458902716636658e-01 -5.899227689951658249e-03 3.868056461215019226e-03 1.634426712989807129e-01
1.039279103279113770e-01 1.891671419143676758e-01 7.136910222470760345e-03 -1.280174702405929565e-01
1.077112480998039246e-01 -6.056322250515222549e-03 4.576560575515031815e-03 1.669084876775741577e-01
1.075901240110397339e-01 1.889998167753219604e-01 7.914730347692966461e-03 -1.243271529674530029e-01
1.113701164722442627e-01 -6.234620232135057449e-03 5.428187083452939987e-03 1.708422452211380005e-01
1.112454310059547424e-01 1.888092160224914551e-01 8.845032192766666412e-03 -1.201233267784118652e-01
1.150216087698936462e-01 -6.438334938138723373e-03 6.442565470933914185e-03 1.753369569778442383e-01
1.148928478360176086e-01 1.885908246040344238e-01 9.949304163455963135e-03 -1.153066158294677734e-01
1.186646595597267151e-01 -6.672261748462915421e-03 7.643172051757574081e-03 1.804985702037811279e-01
1.185312196612358093e-01 1.883394867181777954e-01 1.125314366072416306e-02 -1.097634434700012207e-01
1.222980096936225891e-01 -6.941894069314002991e-03 9.057874791324138641e-03 1.864484399557113647e-01
1.221591681241989136e-01 1.880493015050888062e-01 1.278684288263320923e-02 -1.033633798360824585e-01
1.259201467037200928e-01 -7.253545802086591721e-03 1.071957591921091080e-02 1.933261752128601074e-01
1.257750838994979858e-01 1.877134293317794800e-01 1.458609942346811295e-02 -9.595600515604019165e-02
1.295293569564819336e-01 -7.614501286298036575e-03 1.266697887331247330e-02 2.012928873300552368e-01
1.293770670890808105e-01 1.873240172863006592e-01 1.669283770024776459e-02 -8.736743777990341187e-02
1.331235468387603760e-01 -8.033180609345436096e-03 1.494548842310905457e-02 2.105350047349929810e-01
1.329628825187683105e-01 1.868719160556793213e-01 1.915618777275085449e-02 -7.739619165658950806e-02
1.367003172636032104e-01 3.817141056060791016e-01 1.760826446115970612e-02 -3.639742434024810791e-01
1.443345993757247925e-01 1.863463819026947021e-01 1.032877899706363678e-02 -6.579153984785079956e-02
1.480615288019180298e-01 -8.922128006815910339e-03 9.012948721647262573e-03 2.301321923732757568e-01
1.478830873966217041e-01 1.860698759555816650e-01 1.361559238284826279e-02 -5.969415977597236633e-02
1.516044884920120239e-01 3.809939920902252197e-01 1.242170948535203934e-02 -3.480503559112548828e-01
1.592243611812591553e-01 1.856975853443145752e-01 5.460702348500490189e-03 -5.147646740078926086e-02
1.629383116960525513e-01 3.807408213615417480e-01 4.431172739714384079e-03 -3.424315154552459717e-01
1.705531328916549683e-01 1.855560988187789917e-01 -2.417457289993762970e-03 -4.835455119609832764e-02
1.742642521858215332e-01 -9.531105868518352509e-03 -3.384548239409923553e-03 2.435646653175354004e-01
1.740736216306686401e-01 1.856390237808227539e-01 1.486745080910623074e-03 -5.018390715122222900e-02
1.777864098548889160e-01 -9.504212997853755951e-03 4.830668913200497627e-04 2.429677248001098633e-01
1.775963306427001953e-01 1.856108307838439941e-01 5.342421587556600571e-03 -4.956278577446937561e-02
1.813085377216339111e-01 3.806557655334472656e-01 4.351165611296892166e-03 -3.405553698539733887e-01
1.889216601848602295e-01 1.854721903800964355e-01 -2.459941431879997253e-03 -4.650350660085678101e-02
1.926310956478118896e-01 -9.614406153559684753e-03 -3.390011610463261604e-03 2.454022765159606934e-01
1.924388110637664795e-01 1.855558007955551147e-01 1.518033910542726517e-03 -4.834801331162452698e-02
1.961499303579330444e-01 3.806559443473815918e-01 5.510736373253166676e-04 -3.405516147613525391e-01
2.037630528211593628e-01 1.855261623859405518e-01 -6.259958259761333466e-03 -4.769494757056236267e-02
2.074735760688781738e-01 -9.505468420684337616e-03 -7.213857490569353104e-03 2.430063486099243164e-01
2.072834670543670654e-01 1.857187747955322266e-01 -2.353730378672480583e-03 -5.194325372576713562e-02
2.109978348016738892e-01 3.808743953704833984e-01 -3.392595332115888596e-03 -3.453678786754608154e-01
2.186153233051300049e-01 1.858008652925491333e-01 -1.029995270073413849e-02 -5.375668779015541077e-02
2.223313450813293457e-01 -9.171889163553714752e-03 -1.137508638203144073e-02 2.356588095426559448e-01
2.221479117870330811e-01 1.861107200384140015e-01 -6.661910563707351685e-03 -6.059035286307334900e-02
2.258701175451278687e-01 -8.915084414184093475e-03 -7.873717695474624634e-03 2.299832701683044434e-01
2.256918251514434814e-01 1.863184869289398193e-01 -3.274052171036601067e-03 -6.517286598682403564e-02
2.294181883335113525e-01 -8.756366558372974396e-03 -4.577509127557277679e-03 2.264752835035324097e-01
2.292430549860000610e-01 1.864307075738906860e-01 -4.800365422852337360e-05 -6.764803826808929443e-02
2.329716682434082031e-01 3.815533518791198730e-01 -1.400964334607124329e-03 -3.603461086750030518e-01
2.406027466058731079e-01 1.864513307809829712e-01 -8.607886731624603271e-03 -6.810526549816131592e-02
2.443317621946334839e-01 -8.546154946088790894e-03 -9.969991631805896759e-03 2.218494415283203125e-01
2.441608458757400513e-01 1.867168694734573364e-01 -5.533002782613039017e-03 -7.396166771650314331e-02
2.478951811790466309e-01 -8.325322531163692474e-03 -7.012236397713422775e-03 2.169704437255859375e-01
2.477286756038665771e-01 1.868961602449417114e-01 -2.672827336937189102e-03 -7.791616767644882202e-02
2.514666020870208740e-01 -8.187365718185901642e-03 -4.231150727719068527e-03 2.139222770929336548e-01
2.513028383255004883e-01 1.869948208332061768e-01 4.729508145828731358e-05 -8.009233325719833374e-02
2.550427615642547607e-01 3.821160793304443359e-01 -1.554551650770008564e-03 -3.727603256702423096e-01
2.626850605010986328e-01 1.870162636041641235e-01 -9.009758010506629944e-03 -8.056797832250595093e-02
2.664254009723663330e-01 -7.975382730364799500e-03 -1.062111835926771164e-02 2.092587798833847046e-01
2.662658989429473877e-01 1.872968077659606934e-01 -6.435942370444536209e-03 -8.675554394721984863e-02
2.700118124485015869e-01 -7.732295431196689606e-03 -8.171053603291511536e-03 2.038899064064025879e-01
2.698571681976318359e-01 1.875055432319641113e-01 -4.093254916369915009e-03 -9.135934710502624512e-02
2.736072838306427002e-01 -7.557492703199386597e-03 -5.920441821217536926e-03 2.000293582677841187e-01
2.734561264514923096e-01 1.876486390829086304e-01 -1.919855014421045780e-03 -9.451530128717422485e-02
2.772091031074523926e-01 -7.445749361068010330e-03 -3.810161026194691658e-03 1.975612938404083252e-01
2.770602107048034668e-01 1.877304911613464355e-01 1.410647528246045113e-04 -9.632112830877304077e-02
2.808147966861724854e-01 3.828504085540771484e-01 -1.785357831977307796e-03 -3.889595568180084229e-01
2.884718179702758789e-01 1.877538561820983887e-01 -9.564548730850219727e-03 -9.684006124734878540e-02
2.922268807888031006e-01 -7.229715585708618164e-03 -1.150135044008493423e-02 1.928099840879440308e-01
2.920823097229003906e-01 1.880548596382141113e-01 -7.645150180906057358e-03 -1.034788265824317932e-01
2.958433926105499268e-01 -6.956698838621377945e-03 -9.714727289974689484e-03 1.867823153734207153e-01
2.957042753696441650e-01 1.883028894662857056e-01 -5.979080684483051300e-03 -1.089493334293365479e-01
2.994703054428100586e-01 -6.732875481247901917e-03 -8.158067241311073303e-03 1.818412393331527710e-01
2.993356585502624512e-01 1.885048598051071167e-01 -4.521242342889308929e-03 -1.134040504693984985e-01
3.031057715415954590e-01 -6.552020553499460220e-03 -6.789323408156633377e-03 1.778490245342254639e-01
3.029747307300567627e-01 1.886664330959320068e-01 -3.232342889532446861e-03 -1.169679388403892517e-01
3.067480325698852539e-01 -6.409060209989547729e-03 -5.571702029556035995e-03 1.746934503316879272e-01
3.066198527812957764e-01 1.887921839952468872e-01 -2.077832585200667381e-03 -1.197419390082359314e-01
3.103957176208496094e-01 -6.299933418631553650e-03 -4.472671542316675186e-03 1.722847223281860352e-01
3.102697134017944336e-01 1.888857483863830566e-01 -1.026976970024406910e-03 -1.218058243393898010e-01
3.140474259853363037e-01 -6.221476010978221893e-03 -3.463093657046556473e-03 1.705529242753982544e-01
3.139230012893676758e-01 1.889498680830001831e-01 -5.203514228924177587e-05 -1.232204884290695190e-01
3.177019953727722168e-01 -6.171334534883499146e-03 -2.516445005312561989e-03 1.694460213184356689e-01
3.175785541534423828e-01 1.889865398406982422e-01 8.724753861315548420e-04 -1.240297108888626099e-01
3.213582932949066162e-01 -6.147895008325576782e-03 -1.608118764124810696e-03 1.689283400774002075e-01
3.212353289127349854e-01 1.889970302581787109e-01 1.770448172464966774e-03 -1.242614611983299255e-01
3.250152766704559326e-01 3.840935826301574707e-01 -7.147809956222772598e-04 -4.163852930068969727e-01
3.326971530914306641e-01 1.889817714691162109e-01 -9.042487479746341705e-03 -1.239278018474578857e-01
3.364767730236053467e-01 -6.009478587657213211e-03 -1.152104325592517853e-02 1.658886522054672241e-01
3.363566100597381592e-01 1.892754733562469482e-01 -8.203269913792610168e-03 -1.304064542055130005e-01
3.401421010494232178e-01 -5.728004965931177139e-03 -1.081139966845512390e-02 1.596771925687789917e-01
3.400275409221649170e-01 1.895470470190048218e-01 -7.617855444550514221e-03 -1.363967508077621460e-01
3.438184857368469238e-01 -5.464967805892229080e-03 -1.034579053521156311e-02 1.538731455802917480e-01
3.437092006206512451e-01 1.898035854101181030e-01 -7.268327288329601288e-03 -1.420556008815765381e-01
3.475052714347839355e-01 -5.213527474552392960e-03 -1.010943949222564697e-02 1.483254581689834595e-01
3.474009931087493896e-01 1.900517195463180542e-01 -7.142930291593074799e-03 -1.475295722484588623e-01
3.512020111083984375e-01 -4.967217333614826202e-03 -1.009352132678031921e-02 1.428913772106170654e-01
3.511026799678802490e-01 1.902978271245956421e-01 -7.235694210976362228e-03 -1.529587060213088989e-01
3.549086451530456543e-01 -4.719779361039400101e-03 -1.029486861079931259e-02 1.374327540397644043e-01
3.548142313957214355e-01 1.905481070280075073e-01 -7.546212989836931229e-03 -1.584801822900772095e-01
3.586252033710479736e-01 -4.465003032237291336e-03 -1.071581616997718811e-02 1.318125873804092407e-01
3.585359156131744385e-01 1.908087879419326782e-01 -8.079565130174160004e-03 -1.642316877841949463e-01
3.623520731925964355e-01 -4.196569789201021194e-03 -1.136419828981161118e-02 1.258914470672607422e-01
3.622681498527526855e-01 1.910863220691680908e-01 -8.846369571983814240e-03 -1.703549772500991821e-01
3.660898804664611816e-01 -3.907896578311920166e-03 -1.225346978753805161e-02 1.195241063833236694e-01
3.660117089748382568e-01 1.913874596357345581e-01 -9.862987324595451355e-03 -1.769993603229522705e-01
3.698394596576690674e-01 -3.591970773413777351e-03 -1.340297423303127289e-02 1.125558838248252869e-01
3.697676360607147217e-01 1.917194426059722900e-01 -1.115185674279928207e-02 -1.843252778053283691e-01
3.736020028591156006e-01 -3.241183003410696983e-03 -1.483836211264133453e-02 1.048188954591751099e-01
3.735371828079223633e-01 1.920902281999588013e-01 -1.274198479950428009e-02 -1.925082951784133911e-01
3.773790001869201660e-01 -2.847142284736037254e-03 -1.659215055406093597e-02 9.612799435853958130e-02
3.773220479488372803e-01 1.925086379051208496e-01 -1.466959062963724136e-02 -2.017432153224945068e-01
3.811722397804260254e-01 -2.400475088506937027e-03 -1.870445534586906433e-02 8.627629280090332031e-02
3.811242282390594482e-01 -1.972493827342987061e-01 -1.697892881929874420e-02 3.729997575283050537e-01
3.771792352199554443e-01 -1.890405896119773388e-03 -9.518933482468128204e-03 7.501195371150970459e-02
3.771414160728454590e-01 1.933667063713073730e-01 -8.018694818019866943e-03 -2.206589728593826294e-01
3.810087442398071289e-01 -1.639714115299284458e-03 -1.243187393993139267e-02 6.948378682136535645e-02
3.809759616851806641e-01 -1.965812444686889648e-01 -1.104219816625118256e-02 3.582186102867126465e-01
3.770443201065063477e-01 -1.304071396589279175e-03 -3.877826267853379250e-03 6.207436323165893555e-02
3.770182430744171143e-01 1.938732564449310303e-01 -2.636339049786329269e-03 -2.318295091390609741e-01
3.808957040309906006e-01 -1.210917835123836994e-03 -7.272929418832063675e-03 6.002065539360046387e-02
3.808715045452117920e-01 1.940145492553710938e-01 -6.072516087442636490e-03 -2.349480241537094116e-01
3.847517967224121094e-01 -1.020112307742238045e-03 -1.077147666364908218e-02 5.581326782703399658e-02
3.847313821315765381e-01 -1.959859728813171387e-01 -9.655211120843887329e-03 3.450783491134643555e-01
3.808116614818572998e-01 -7.280154386535286903e-04 -2.753644483163952827e-03 4.936646670103073120e-02
3.807971179485321045e-01 1.944333165884017944e-01 -1.766315195709466934e-03 -2.441839873790740967e-01
3.846857845783233643e-01 -6.633659359067678452e-04 -6.649994757026433945e-03 4.794127866625785828e-02
3.846725225448608398e-01 -1.956893354654312134e-01 -5.691169295459985733e-03 3.385186791419982910e-01
3.807587325572967529e-01 -4.868628748226910830e-04 1.079204259440302849e-03 4.404652118682861328e-02
3.807489871978759766e-01 1.946195960044860840e-01 1.960134599357843399e-03 -2.482957094907760620e-01
3.846413791179656982e-01 -5.302932113409042358e-04 -3.005779581144452095e-03 4.500483721494674683e-02
3.846307694911956787e-01 1.946346312761306763e-01 -2.105682855471968651e-03 -2.486249208450317383e-01
3.885234594345092773e-01 -4.571863391902297735e-04 -7.078181020915508270e-03 4.339308291673660278e-02
3.885143101215362549e-01 -1.954769343137741089e-01 -6.210319697856903076e-03 3.338344097137451172e-01
3.846047818660736084e-01 -2.671396650839596987e-04 4.663685103878378868e-04 3.919954225420951843e-02
3.845994472503662109e-01 1.948481202125549316e-01 1.250359346158802509e-03 -2.533361911773681641e-01
3.884963989257812500e-01 -2.916618250310420990e-04 -3.816364798694849014e-03 3.974084556102752686e-02
3.884905576705932617e-01 -1.953586786985397339e-01 -3.021547803655266762e-03 3.312172293663024902e-01
3.845833837985992432e-01 -1.938487257575616241e-04 3.602796932682394981e-03 3.758298978209495544e-02
3.845795094966888428e-01 1.948762536048889160e-01 4.354456905275583267e-03 -2.539610564708709717e-01
3.884770274162292480e-01 -3.076016728300601244e-04 -7.247641333378851414e-04 4.009217023849487305e-02
3.884708881378173828e-01 1.948247402906417847e-01 7.707926852162927389e-05 -2.528193295001983643e-01
3.923673927783966064e-01 -2.983166777994483709e-04 -4.979307297617197037e-03 3.988789767026901245e-02
3.923614323139190674e-01 -1.953485161066055298e-01 -4.181549418717622757e-03 3.309956490993499756e-01
3.884544372558593750e-01 -1.672889920882880688e-04 2.438363619148731232e-03 3.699700906872749329e-02
3.884510993957519531e-01 1.949196159839630127e-01 3.178303828462958336e-03 -2.549155950546264648e-01
3.923494815826416016e-01 -2.475756336934864521e-04 -1.920008216984570026e-03 3.876812756061553955e-02
3.923445343971252441e-01 1.949018537998199463e-01 -1.144645619206130505e-03 -2.545199692249298096e-01
3.962425887584686279e-01 -2.037331869360059500e-04 -6.235044915229082108e-03 3.780170157551765442e-02
3.962385058403015137e-01 -1.952357143163681030e-01 -5.479010753333568573e-03 3.285109102725982666e-01
3.923337757587432861e-01 -3.619993003667332232e-05 1.091207377612590790e-03 3.410520032048225403e-02
3.923330605030059814e-01 1.950700879096984863e-01 1.773311290889978409e-03 -2.582332491874694824e-01
3.962344825267791748e-01 -7.713674131082370877e-05 -3.391353413462638855e-03 3.500848636031150818e-02
3.962329328060150146e-01 -1.951502859592437744e-01 -2.691183704882860184e-03 3.266194760799407959e-01
3.923299312591552734e-01 9.871777365333400667e-06 3.841205732896924019e-03 3.308908641338348389e-02
3.923301100730895996e-01 1.950765252113342285e-01 4.502987489104270935e-03 -2.583794295787811279e-01
3.962316513061523438e-01 -1.094183680834248662e-04 -6.646009278483688831e-04 3.572040051221847534e-02
3.962294459342956543e-01 1.950220614671707153e-01 4.980705125490203500e-05 -2.571721374988555908e-01
4.001299142837524414e-01 -1.006052116281352937e-04 -5.093635991215705872e-03 3.552649542689323425e-02
4.001278877258300781e-01 -1.951491385698318481e-01 -4.383105784654617310e-03 3.265979886054992676e-01
3.962249159812927246e-01 3.493657277431339025e-05 2.148853847756981850e-03 3.253604844212532043e-02
3.962256014347076416e-01 1.951260119676589966e-01 2.799574751406908035e-03 -2.594681084156036377e-01
4.001281261444091797e-01 -3.579872281989082694e-05 -2.389787696301937103e-03 3.409651666879653931e-02
4.001274108886718750e-01 1.951203346252441406e-01 -1.707857358269393444e-03 -2.593394517898559570e-01
4.040298163890838623e-01 2.281263550685252994e-05 -6.894646678119897842e-03 3.280429914593696594e-02
4.040302634239196777e-01 -1.949995905160903931e-01 -6.238560657948255539e-03 3.233039379119873047e-01
4.001302719116210938e-01 2.106355823343619704e-04 2.275184087920933962e-04 2.866017632186412811e-02
4.001345038414001465e-01 1.953293234109878540e-01 8.007219294086098671e-04 -2.639509439468383789e-01
4.040410816669464111e-01 1.959521468961611390e-04 -4.478297196328639984e-03 2.898441813886165619e-02
4.040449857711791992e-01 -1.948614865541458130e-01 -3.898608963936567307e-03 3.202510476112365723e-01
4.001477658748626709e-01 3.157632309012115002e-04 2.506411867216229439e-03 2.634118869900703430e-02
4.001540839672088623e-01 1.954016834497451782e-01 3.033235669136047363e-03 -2.655498981475830078e-01
4.040621221065521240e-01 2.365690743317827582e-04 -2.277762163430452347e-03 2.808820642530918121e-02
4.040668606758117676e-01 1.953911036252975464e-01 -1.715997932478785515e-03 -2.653124928474426270e-01
4.079746603965759277e-01 2.936936216428875923e-04 -7.022248115390539169e-03 2.682868391275405884e-02
4.079805314540863037e-01 -1.947268545627593994e-01 -6.485674530267715454e-03 3.172877728939056396e-01
4.040859937667846680e-01 4.868719843216240406e-04 -1.399190368829295039e-04 2.256656438112258911e-02
4.040957391262054443e-01 1.956108361482620239e-01 3.114122373517602682e-04 -2.701604962348937988e-01
4.080079495906829834e-01 4.844357317779213190e-04 -5.091798026114702225e-03 2.262062579393386841e-02
4.080176353454589844e-01 -1.945641189813613892e-01 -4.639385268092155457e-03 3.136926889419555664e-01
4.041263759136199951e-01 6.236076005734503269e-04 1.634468440897762775e-03 1.955026946961879730e-02
4.041388332843780518e-01 1.957220733165740967e-01 2.025473862886428833e-03 -2.726165056228637695e-01
4.080532789230346680e-01 5.712867132388055325e-04 -3.426856361329555511e-03 2.070456370711326599e-02
4.080646932125091553e-01 -1.945013552904129028e-01 -3.012765198945999146e-03 3.123043179512023926e-01
4.041746854782104492e-01 6.633895682170987129e-04 3.233321011066436768e-03 1.867277547717094421e-02
4.041879475116729736e-01 1.957388222217559814e-01 3.606776474043726921e-03 -2.729882597923278809e-01
4.081027209758758545e-01 5.655931890942156315e-04 -1.852988498285412788e-03 2.083007991313934326e-02
4.081140458583831787e-01 -1.945297420024871826e-01 -1.436386839486658573e-03 3.129277825355529785e-01
4.042234420776367188e-01 6.126491352915763855e-04 4.822168964892625809e-03 1.979221962392330170e-02
4.042356908321380615e-01 1.956651210784912109e-01 5.218013189733028412e-03 -2.713653743267059326e-01
4.081490039825439453e-01 4.690943751484155655e-04 -2.092939685098826885e-04 2.295876853168010712e-02
4.081583917140960693e-01 1.955940425395965576e-01 2.498813846614211798e-04 -2.697901725769042969e-01
4.120702743530273438e-01 4.685301682911813259e-04 -5.145922303199768066e-03 2.297154441475868225e-02
4.120796322822570801e-01 -1.945792436599731445e-01 -4.686491563916206360e-03 3.140264451503753662e-01
4.081880450248718262e-01 6.091498071327805519e-04 1.594037399627268314e-03 1.986923813819885254e-02
4.082002341747283936e-01 1.957082003355026245e-01 1.991422148421406746e-03 -2.723103165626525879e-01
4.121143817901611328e-01 5.578942364081740379e-04 -3.454784397035837173e-03 2.100003696978092194e-02
4.121255576610565186e-01 -1.945143491029739380e-01 -3.034783527255058289e-03 3.125909268856048584e-01
4.082352519035339355e-01 6.507115322165191174e-04 3.217035206034779549e-03 1.895248331129550934e-02
4.082482755184173584e-01 1.957263797521591187e-01 3.596084890887141228e-03 -2.727136909961700439e-01
4.121628105640411377e-01 5.533011863008141518e-04 -1.858189119957387447e-03 2.110127359628677368e-02
4.121738672256469727e-01 -1.945419460535049438e-01 -1.436163554899394512e-03 3.131973445415496826e-01
4.082830250263214111e-01 6.004284950904548168e-04 4.827783443033695221e-03 2.006184123456478119e-02
4.082950353622436523e-01 1.956528127193450928e-01 5.229020025581121445e-03 -2.710939645767211914e-01
4.122081100940704346e-01 4.566363641060888767e-04 -1.928592100739479065e-04 2.323362231254577637e-02
4.122172296047210693e-01 1.955813467502593994e-01 2.718132454901933670e-04 -2.695101499557495117e-01
4.161288440227508545e-01 4.555237537715584040e-04 -5.118389613926410675e-03 2.325849980115890503e-02
4.161379635334014893e-01 -1.945926547050476074e-01 -4.653219599276781082e-03 3.143221437931060791e-01
4.122461080551147461e-01 5.952740903012454510e-04 1.633222913369536400e-03 2.017536945641040802e-02
4.122580289840698242e-01 1.956937611103057861e-01 2.036730293184518814e-03 -2.719918191432952881e-01
4.161719083786010742e-01 5.428105359897017479e-04 -3.403106005862355232e-03 2.133281342685222626e-02
4.161827564239501953e-01 -1.945301741361618042e-01 -2.976449672132730484e-03 3.129400908946990967e-01
4.122921526432037354e-01 6.340550025925040245e-04 3.282351884990930557e-03 1.931996271014213562e-02
4.123048186302185059e-01 1.957087814807891846e-01 3.668751334771513939e-03 -2.723255455493927002e-01
4.162189960479736328e-01 5.346718826331198215e-04 -1.777759520336985588e-03 2.151226438581943512e-02
4.162296950817108154e-01 1.956820785999298096e-01 -1.347514218650758266e-03 -2.717310488224029541e-01
4.201433360576629639e-01 5.793757154606282711e-04 -6.782134994864463806e-03 2.052657492458820343e-02
4.201549291610717773e-01 -1.944446563720703125e-01 -6.371603347361087799e-03 3.110619783401489258e-01
4.162660241127014160e-01 7.674863445572555065e-04 -1.503641251474618912e-04 1.637645438313484192e-02
4.162813723087310791e-01 1.958915889263153076e-01 1.771649549482390285e-04 -2.763539254665374756e-01
4.201992154121398926e-01 7.671152707189321518e-04 -5.349913146346807480e-03 1.638488844037055969e-02
4.202145636081695557e-01 -1.942777037620544434e-01 -5.022215656936168671e-03 3.073750734329223633e-01
4.163289964199066162e-01 9.154480067081749439e-04 1.125285751186311245e-03 1.311250310391187668e-02
4.163473248481750488e-01 1.960212439298629761e-01 1.387535827234387398e-03 -2.792151570320129395e-01
4.202677309513092041e-01 8.795256726443767548e-04 -4.196767695248126984e-03 1.390505954623222351e-02
4.202853143215179443e-01 -1.941819936037063599e-01 -3.918666392564773560e-03 3.052608966827392578e-01
4.164016842842102051e-01 9.955866262316703796e-04 2.186551690101623535e-03 1.134470757097005844e-02
4.164215922355651855e-01 1.960861086845397949e-01 2.413445850834250450e-03 -2.806475460529327393e-01
4.203433096408843994e-01 9.298168006353080273e-04 -3.199504688382148743e-03 1.279560755938291550e-02
4.203619062900543213e-01 -1.941460967063903809e-01 -2.943592611700296402e-03 3.044673502445220947e-01
4.164789915084838867e-01 1.017672941088676453e-03 3.145754104480147362e-03 1.085752621293067932e-02
4.164993464946746826e-01 1.960943639278411865e-01 3.362904768437147141e-03 -2.808312177658081055e-01
4.204212427139282227e-01 9.246092522516846657e-04 -2.253719838336110115e-03 1.291045639663934708e-02
4.204397201538085938e-01 -1.941649466753005981e-01 -1.995510654523968697e-03 3.048814535140991211e-01
4.165564179420471191e-01 9.853835217654705048e-04 4.102118313312530518e-03 1.156986225396394730e-02
4.165761470794677734e-01 1.960482597351074219e-01 4.333515651524066925e-03 -2.798159718513488770e-01
4.204970896244049072e-01 8.647651993669569492e-04 -1.262803794816136360e-03 1.423057168722152710e-02
4.205144047737121582e-01 -1.942390501499176025e-01 -9.781924309208989143e-04 3.065147995948791504e-01
4.166296124458312988e-01 8.968235342763364315e-04 5.152103491127490997e-03 1.352353766560554504e-02
4.166475534439086914e-01 1.959445029497146606e-01 5.422574467957019806e-03 -2.775293886661529541e-01
4.205664396286010742e-01 7.456195889972150326e-04 -1.280135184060782194e-04 1.685886271297931671e-02
4.205813705921173096e-01 1.958694010972976685e-01 2.091637288685888052e-04 -2.758644521236419678e-01
4.244987368583679199e-01 7.444716175086796284e-04 -5.308125168085098267e-03 1.688443869352340698e-02
4.245136380195617676e-01 -1.943009495735168457e-01 -4.970436450093984604e-03 3.078878819942474365e-01
4.206276237964630127e-01 8.914667414501309395e-04 1.187321031466126442e-03 1.364155765622854233e-02
4.206454455852508545e-01 1.959963738918304443e-01 1.460152096115052700e-03 -2.786665260791778564e-01
4.245653748512268066e-01 8.536193054169416428e-04 -4.113178234547376633e-03 1.447657961398363113e-02
4.245824515819549561e-01 -1.942090988159179688e-01 -3.823646577075123787e-03 3.058589100837707520e-01
4.206982553005218506e-01 9.671266889199614525e-04 2.293531782925128937e-03 1.197256334125995636e-02
4.207175970077514648e-01 1.960561126470565796e-01 2.532982965931296349e-03 -2.799858450889587402e-01
4.246387183666229248e-01 8.981182472780346870e-04 -3.066733945161104202e-03 1.349490042775869370e-02
4.246566891670227051e-01 -1.941797137260437012e-01 -2.796835964545607567e-03 3.052086532115936279e-01
4.207730889320373535e-01 9.819777915254235268e-04 3.307337174192070961e-03 1.164499297738075256e-02
4.207927286624908447e-01 1.960563361644744873e-01 3.540237201377749443e-03 -2.799926102161407471e-01
4.247138500213623047e-01 8.840683149173855782e-04 -2.059614751487970352e-03 1.380480546504259109e-02
4.247315526008605957e-01 -1.942082792520523071e-01 -1.783518702723085880e-03 3.058371841907501221e-01
4.208473861217498779e-01 9.390363702550530434e-04 4.333225078880786896e-03 1.259231846779584885e-02
4.208661615848541260e-01 1.959985792636871338e-01 4.585071466863155365e-03 -2.787202894687652588e-01
4.247861206531524658e-01 8.115170639939606190e-04 -9.893341921269893646e-04 1.540523674339056015e-02
4.248023629188537598e-01 1.959476470947265625e-01 -6.812294013798236847e-04 -2.775896787643432617e-01
4.287213087081909180e-01 8.354165474884212017e-04 -6.233023013919591904e-03 1.487831771373748779e-02
4.287380278110504150e-01 -1.941965967416763306e-01 -5.935456603765487671e-03 3.055881559848785400e-01
4.248540997505187988e-01 1.009435160085558891e-03 1.763065374689176679e-04 1.103925332427024841e-02
4.248742759227752686e-01 1.961288601160049438e-01 3.970916150137782097e-04 -2.815880477428436279e-01
4.287968575954437256e-01 1.001244410872459412e-03 -5.234669428318738937e-03 1.122010033577680588e-02
4.288168847560882568e-01 -1.940452456474304199e-01 -5.010267253965139389e-03 3.022468388080596924e-01
4.249359667301177979e-01 1.147754490375518799e-03 1.034669578075408936e-03 7.988003082573413849e-03
4.249589443206787109e-01 1.962548494338989258e-01 1.194429700262844563e-03 -2.843683063983917236e-01
4.288840293884277344e-01 1.115885446779429913e-03 -4.492936190217733383e-03 8.691109716892242432e-03
4.289063513278961182e-01 -1.939413398504257202e-01 -4.319114144891500473e-03 2.999530732631683350e-01
4.250275194644927979e-01 1.241903635673224926e-03 1.679947599768638611e-03 5.911125801503658295e-03
4.250523447990417480e-01 1.963397264480590820e-01 1.798170153051614761e-03 -2.862412929534912109e-01
4.289791584014892578e-01 1.192172174341976643e-03 -3.926655277609825134e-03 7.008228916674852371e-03
4.290030002593994141e-01 -1.938732415437698364e-01 -3.786490997299551964e-03 2.984496653079986572e-01
4.251255393028259277e-01 1.302474993281066418e-03 2.182502299547195435e-03 4.574958700686693192e-03
4.251515865325927734e-01 1.963930577039718628e-01 2.274001482874155045e-03 -2.874185740947723389e-01
4.290794432163238525e-01 1.238751574419438839e-03 -3.474369645118713379e-03 5.980694666504859924e-03
4.291042089462280273e-01 -1.938332021236419678e-01 -3.354755695909261703e-03 2.975654006004333496e-01
4.252275526523590088e-01 1.336412038654088974e-03 2.596552018076181412e-03 3.826326224952936172e-03
4.252542853355407715e-01 1.964210271835327148e-01 2.673078561201691628e-03 -2.880362272262573242e-01
4.291827082633972168e-01 1.261060475371778011e-03 -3.087645862251520157e-03 5.488564260303974152e-03
4.292079210281372070e-01 -1.938164681196212769e-01 -2.977874595671892166e-03 2.971957027912139893e-01
4.253315925598144531e-01 1.347801066003739834e-03 2.966039348393678665e-03 3.575095906853675842e-03
4.253585338592529297e-01 1.964270919561386108e-01 3.037541406229138374e-03 -2.881705462932586670e-01
4.292870759963989258e-01 1.261953730136156082e-03 -2.725869417190551758e-03 5.468853749334812164e-03
4.293123185634613037e-01 -1.938208043575286865e-01 -2.616492332890629768e-03 2.972905039787292480e-01
4.254359006881713867e-01 1.338353264145553112e-03 3.329317551106214523e-03 3.783516585826873779e-03
4.254626929759979248e-01 1.964123994112014771e-01 3.404987743124365807e-03 -2.878471016883850098e-01
4.293909370899200439e-01 1.242056838236749172e-03 -2.351954346522688866e-03 5.907767917960882187e-03
4.294157624244689941e-01 -1.938460916280746460e-01 -2.233799081295728683e-03 2.978476881980895996e-01
4.255388379096984863e-01 1.307637430727481842e-03 3.723154775798320770e-03 4.461107775568962097e-03
4.255650043487548828e-01 1.963759958744049072e-01 3.812377108260989189e-03 -2.870447933673858643e-01
4.294925332069396973e-01 1.199884107336401939e-03 -1.928518875502049923e-03 6.838079541921615601e-03
4.295165240764617920e-01 -1.938943564891815186e-01 -1.791757298633456230e-03 2.989118993282318115e-01
4.256386160850524902e-01 1.253089169040322304e-03 4.186480771750211716e-03 5.664437077939510345e-03
4.256636798381805420e-01 1.963147521018981934e-01 4.299769643694162369e-03 -2.856946587562561035e-01
4.295899868011474609e-01 1.131741795688867569e-03 -1.414123689755797386e-03 8.341265842318534851e-03
4.296126067638397217e-01 -1.939699053764343262e-01 -1.247298438102006912e-03 3.005776703357696533e-01
4.257332086563110352e-01 1.169806695543229580e-03 4.764255136251449585e-03 7.501645479351282120e-03
4.257566332817077637e-01 1.962231099605560303e-01 4.914288409054279327e-03 -2.836742997169494629e-01
4.296810925006866455e-01 1.031411462463438511e-03 -7.591978646814823151e-04 1.055450458079576492e-02
4.297017157077789307e-01 1.961642354726791382e-01 -5.481077823787927628e-04 -2.823678553104400635e-01
4.336249828338623047e-01 1.050113467499613762e-03 -6.195465102791786194e-03 1.014214381575584412e-02
4.336459934711456299e-01 -1.939824372529983521e-01 -5.992622114717960358e-03 3.008638918399810791e-01
4.297663569450378418e-01 1.224409090355038643e-03 2.465598299750126898e-05 6.297067739069461823e-03
4.297908246517181396e-01 1.963459998369216919e-01 1.505973341409116983e-04 -2.863780856132507324e-01
4.337177574634552002e-01 1.221908139996230602e-03 -5.576964467763900757e-03 6.352340802550315857e-03
4.337421953678131104e-01 -1.938196122646331787e-01 -5.449917633086442947e-03 2.972704768180847168e-01
4.298658072948455811e-01 1.379596069455146790e-03 4.954918404109776020e-04 2.873720601201057434e-03
4.298934042453765869e-01 -1.937494575977325439e-01 5.529662594199180603e-04 2.957129478454589844e-01
4.260184168815612793e-01 1.364605966955423355e-03 6.467225030064582825e-03 3.204461187124252319e-03
4.260456860065460205e-01 1.963932067155838013e-01 6.531314458698034286e-03 -2.874309718608856201e-01
4.299735724925994873e-01 1.178732141852378845e-03 7.826946093700826168e-04 7.304687984287738800e-03
4.299971461296081543e-01 1.962894499301910400e-01 9.287883876822888851e-04 -2.851311862468719482e-01
4.339229166507720947e-01 1.154264202341437340e-03 -4.773835185915231705e-03 7.844529114663600922e-03
4.339460134506225586e-01 -1.938989013433456421e-01 -4.616944584995508194e-03 2.990174293518066406e-01
4.300680458545684814e-01 1.288557541556656361e-03 1.363403978757560253e-03 4.881996195763349533e-03
4.300937950611114502e-01 1.963909268379211426e-01 1.461043953895568848e-03 -2.873704433441162109e-01
4.340216219425201416e-01 1.248172600753605366e-03 -4.286365117877721786e-03 5.772920791059732437e-03
4.340465962886810303e-01 -1.938120424747467041e-01 -4.170906729996204376e-03 2.971003651618957520e-01
4.301703572273254395e-01 1.369115314446389675e-03 1.771100796759128571e-03 3.104934934526681900e-03
4.301977157592773438e-01 1.964656263589859009e-01 1.833199523389339447e-03 -2.890186607837677002e-01
4.341270327568054199e-01 1.317577087320387363e-03 -3.947173710912466049e-03 4.241873044520616531e-03
4.341533780097961426e-01 -1.937475502490997314e-01 -3.862336277961730957e-03 2.956767976284027100e-01
4.302784502506256104e-01 1.429255586117506027e-03 2.051200019195675850e-03 1.778269652277231216e-03
4.303070306777954102e-01 1.965217292308807373e-01 2.086765365675091743e-03 -2.902567684650421143e-01
4.342374503612518311e-01 1.370084937661886215e-03 -3.718370106071233749e-03 3.083564806729555130e-03
4.342648684978485107e-01 -1.936983466148376465e-01 -3.656698856502771378e-03 2.945909798145294189e-01
4.303908944129943848e-01 1.475550001487135887e-03 2.235120860859751701e-03 7.570363231934607029e-04
4.304203987121582031e-01 1.965653747320175171e-01 2.250261604785919189e-03 -2.912198305130004883e-01
4.343517124652862549e-01 1.411410397849977016e-03 -3.574135247617959976e-03 2.171936677768826485e-03
4.343799352645874023e-01 -1.936590969562530518e-01 -3.530696732923388481e-03 2.937250435352325439e-01
4.305067658424377441e-01 1.513010356575250626e-03 2.343804109841585159e-03 -6.932355609023943543e-05
4.305370151996612549e-01 1.966012716293334961e-01 2.342417836189270020e-03 -2.920118272304534912e-01
4.344690442085266113e-01 1.445998088456690311e-03 -3.497818950563669205e-03 1.408943440765142441e-03
4.344979524612426758e-01 -1.936256140470504761e-01 -3.469639923423528671e-03 2.929862141609191895e-01
4.306254386901855469e-01 1.545633072964847088e-03 2.390084322541952133e-03 -7.889654953032732010e-04
4.306563735008239746e-01 1.966332197189331055e-01 2.374304924160242081e-03 -2.927168309688568115e-01
4.345890283584594727e-01 1.477502402849495411e-03 -3.480031620711088181e-03 7.139702793210744858e-04
4.346185922622680664e-01 -1.935943663120269775e-01 -3.465752350166440010e-03 2.922968864440917969e-01
4.307467043399810791e-01 1.576826791279017925e-03 2.380185294896364212e-03 -1.477086218073964119e-03
4.307782351970672607e-01 1.966645568609237671e-01 2.350643509998917580e-03 -2.934080958366394043e-01
4.347115159034729004e-01 1.509175403043627739e-03 -3.517518285661935806e-03 1.527323001937475055e-05
4.347417056560516357e-01 -1.935621500015258789e-01 -3.517212811857461929e-03 2.915863096714019775e-01
4.308704733848571777e-01 1.609771163202822208e-03 2.314513316377997398e-03 -2.203826326876878738e-03
4.309026598930358887e-01 1.966984570026397705e-01 2.270436845719814301e-03 -2.941555976867675781e-01
4.348366260528564453e-01 1.544205355457961559e-03 -3.612675005570054054e-03 -7.574740448035299778e-04
4.348675012588500977e-01 -1.935257464647293091e-01 -3.627824597060680389e-03 2.907834351062774658e-01
4.309969842433929443e-01 1.647742814384400845e-03 2.187843900173902512e-03 -3.041465533897280693e-03
4.310299456119537354e-01 -1.935055106878280640e-01 2.127014566212892532e-03 2.903309464454650879e-01
4.271598458290100098e-01 1.586040365509688854e-03 7.933633401989936829e-03 -1.680382993072271347e-03
4.271915555000305176e-01 1.965933144092559814e-01 7.900025695562362671e-03 -2.918496429920196533e-01
4.311234354972839355e-01 1.359621877782046795e-03 2.063033403828740120e-03 3.314359113574028015e-03
4.311506152153015137e-01 1.964519321918487549e-01 2.129320520907640457e-03 -2.887169420719146729e-01
4.350796639919281006e-01 1.299674739129841328e-03 -3.645018441602587700e-03 4.636790137737989426e-03
4.351056516170501709e-01 -1.937698125839233398e-01 -3.552282461896538734e-03 2.961674332618713379e-01
4.312302470207214355e-01 1.402599038556218147e-03 2.371066249907016754e-03 2.366305096074938774e-03
4.312583208084106445e-01 1.964904665946960449e-01 2.418392337858676910e-03 -2.895675897598266602e-01
4.351881146430969238e-01 1.334112603217363358e-03 -3.372959094122052193e-03 3.877101000398397446e-03
4.352147877216339111e-01 -1.937393099069595337e-01 -3.295417176559567451e-03 2.954939007759094238e-01
4.313400089740753174e-01 1.429472700692713261e-03 2.614461118355393410e-03 1.773486845195293427e-03
4.313685894012451172e-01 1.965138316154479980e-01 2.649930771440267563e-03 -2.900834083557128906e-01
4.352988898754119873e-01 1.354194246232509613e-03 -3.151737153530120850e-03 3.434106241911649704e-03
4.353259503841400146e-01 -1.937224119901657104e-01 -3.083054907619953156e-03 2.951209545135498047e-01
4.314514994621276855e-01 1.443353714421391487e-03 2.819364191964268684e-03 1.467279158532619476e-03
4.314803779125213623e-01 1.965247541666030884e-01 2.848709700629115105e-03 -2.903247773647308350e-01
4.354108870029449463e-01 1.362302340567111969e-03 -2.957785734906792641e-03 3.255242714658379555e-03
4.354381263256072998e-01 -1.937171071767807007e-01 -2.892680931836366653e-03 2.950034737586975098e-01
4.315637648105621338e-01 1.445965957827866077e-03 3.007388906553387642e-03 1.409657648764550686e-03
4.315927028656005859e-01 1.965246647596359253e-01 3.035581903532147408e-03 -2.903228998184204102e-01
4.355231821537017822e-01 1.359553541988134384e-03 -2.770875813439488411e-03 3.315881360322237015e-03
4.355503916740417480e-01 -1.937225461006164551e-01 -2.704558195546269417e-03 2.951232790946960449e-01
4.316759407520294189e-01 1.437854138202965260e-03 3.197907470166683197e-03 1.588602201081812382e-03
4.317046999931335449e-01 1.965138018131256104e-01 3.229679539799690247e-03 -2.900836467742919922e-01
4.356349706649780273e-01 1.345941913314163685e-03 -2.571993041783571243e-03 3.616147208958864212e-03
4.356618821620941162e-01 -1.937390267848968506e-01 -2.499670255929231644e-03 2.954864799976348877e-01
4.317871034145355225e-01 1.418468891642987728e-03 3.410059260204434395e-03 2.016236074268817902e-03
4.318154752254486084e-01 1.964913457632064819e-01 3.450383897870779037e-03 -2.895888388156890869e-01
4.357452988624572754e-01 1.320367213338613510e-03 -2.341392682865262032e-03 4.180313553661108017e-03
4.357717037200927734e-01 -1.937679201364517212e-01 -2.257786458358168602e-03 2.961235940456390381e-01
4.318963587284088135e-01 1.386138261295855045e-03 3.664685413241386414e-03 2.729443600401282310e-03
4.319240748882293701e-01 1.964553445577621460e-01 3.719274187460541725e-03 -2.887949943542480469e-01
4.358531832695007324e-01 1.280550961382687092e-03 -2.056625438854098320e-03 5.058643408119678497e-03
4.358787834644317627e-01 -1.938118487596511841e-01 -1.955452607944607735e-03 2.970919609069824219e-01
4.320025444030761719e-01 1.337927184067666531e-03 3.986387047916650772e-03 3.792969975620508194e-03
4.320293068885803223e-01 1.964024752378463745e-01 4.062246065586805344e-03 -2.876295447349548340e-01
4.359573721885681152e-01 1.222836086526513100e-03 -1.690344535745680332e-03 6.331807468086481094e-03
4.359818100929260254e-01 -1.938748359680175781e-01 -1.563708414323627949e-03 2.984809279441833496e-01
4.321043193340301514e-01 1.269373693503439426e-03 4.405910149216651917e-03 5.305249709635972977e-03
4.321297109127044678e-01 1.963278651237487793e-01 4.512015264481306076e-03 -2.859843075275421143e-01
4.360562562942504883e-01 1.141853164881467819e-03 -1.207671011798083782e-03 8.118251338601112366e-03
4.360791146755218506e-01 1.962811052799224854e-01 -1.045305980369448662e-03 -2.849454581737518311e-01
