3.717153519392013550e-02 1.554067805409431458e-02 -1.665400341153144836e-02 1.482294127345085144e-02
3.748235106468200684e-02 -1.793385297060012817e-01 -1.635754480957984924e-02 3.022051453590393066e-01
3.389557823538780212e-02 1.601269468665122986e-02 -1.031344104558229446e-02 4.408625885844230652e-03
3.421583399176597595e-02 -1.789598464965820312e-01 -1.022526901215314865e-02 2.938197851181030273e-01
3.063663654029369354e-02 1.630639098584651947e-02 -4.348873160779476166e-03 -2.070435555651783943e-03
3.096276521682739258e-02 -1.787529140710830688e-01 -4.390282090753316879e-03 2.892372012138366699e-01
2.738770656287670135e-02 1.643135957419872284e-02 1.394462073221802711e-03 -4.827134776860475540e-03
2.771633304655551910e-02 -1.787105649709701538e-01 1.297919428907334805e-03 2.882954478263854980e-01
2.414212189614772797e-02 1.639285497367382050e-02 7.063827943056821823e-03 -3.977857530117034912e-03
2.446997910737991333e-02 -1.788296848535537720e-01 6.984271109104156494e-03 2.909253835678100586e-01
2.089338563382625580e-02 1.619198545813560486e-02 1.280277874320745468e-02 4.533838364295661449e-04
2.121722511947154999e-02 -1.791112124919891357e-01 1.281184609979391098e-02 2.971480786800384521e-01
1.763500086963176727e-02 1.582577824592590332e-02 1.875480823218822479e-02 8.533176034688949585e-03
1.795151643455028534e-02 2.106738090515136719e-01 1.892547123134136200e-02 -2.781738638877868652e-01
2.216499298810958862e-02 1.528705190867185593e-02 1.336199417710304260e-02 2.041752822697162628e-02
2.247073501348495483e-02 2.102148532867431641e-01 1.377034466713666916e-02 -2.680197656154632568e-01
2.667503058910369873e-02 1.489911600947380066e-02 8.409949950873851776e-03 2.897442132234573364e-02
2.697301283478736877e-02 -1.803424209356307983e-01 8.989438414573669434e-03 3.242988586425781250e-01
2.336616441607475281e-02 1.465038303285837173e-02 1.547541562467813492e-02 3.446433693170547485e-02
2.365917339920997620e-02 2.095470279455184937e-01 1.616470143198966980e-02 -2.532960474491119385e-01
2.785011380910873413e-02 1.419804245233535767e-02 1.109878160059452057e-02 4.444137588143348694e-02
2.813407406210899353e-02 2.091590911149978638e-01 1.198760885745286942e-02 -2.447192221879959106e-01
3.231725469231605530e-02 1.386799663305282593e-02 7.093224208801984787e-03 5.172065645456314087e-02
3.259461745619773865e-02 -1.813549399375915527e-01 8.127637207508087158e-03 3.466330766677856445e-01
2.896751649677753448e-02 1.365046389400959015e-02 1.506029907613992691e-02 5.652414262294769287e-02
2.924052625894546509e-02 2.085532695055007935e-01 1.619078218936920166e-02 -2.313693612813949585e-01
3.341159224510192871e-02 1.320375502109527588e-02 1.156339515000581741e-02 6.637639552354812622e-02
3.367566689848899841e-02 2.081580311059951782e-01 1.289092283695936203e-02 -2.226358950138092041e-01
3.783882781863212585e-02 1.285422034561634064e-02 8.438204415142536163e-03 7.408529520034790039e-02
3.809591382741928101e-02 2.078541964292526245e-01 9.919910691678524017e-03 -2.159234434366226196e-01
4.225299507379531860e-02 1.259183976799249649e-02 5.601441953331232071e-03 7.987207919359207153e-02
4.250483214855194092e-02 2.076330482959747314e-01 7.198883220553398132e-03 -2.110383212566375732e-01
4.665749520063400269e-02 1.240890938788652420e-02 2.978116739541292191e-03 8.390673995018005371e-02
4.690567031502723694e-02 -1.827556043863296509e-01 4.656251519918441772e-03 3.775277733802795410e-01
4.325056076049804688e-02 1.229990739375352859e-02 1.220680680125951767e-02 8.631661534309387207e-02
4.349655658006668091e-02 2.072447836399078369e-01 1.393313985317945480e-02 -2.024901807308197021e-01
4.764145240187644958e-02 1.192636135965585709e-02 9.883335791528224945e-03 9.455520659685134888e-02
4.787997901439666748e-02 2.069052755832672119e-01 1.177444029599428177e-02 -1.949932277202606201e-01
5.201808735728263855e-02 1.161689218133687973e-02 7.874575443565845490e-03 1.013806462287902832e-01
5.225042253732681274e-02 2.066251039505004883e-01 9.902188554406166077e-03 -1.888075023889541626e-01
5.638292431831359863e-02 1.136290095746517181e-02 6.126038264483213425e-03 1.069826409220695496e-01
5.661018565297126770e-02 2.063965350389480591e-01 8.265690878033638000e-03 -1.837612688541412354e-01
6.073811650276184082e-02 1.115729101002216339e-02 4.590465687215328217e-03 1.115176752209663391e-01
6.096126139163970947e-02 2.062131613492965698e-01 6.820819340646266937e-03 -1.797134578227996826e-01
6.508552283048629761e-02 1.099427510052919388e-02 3.226550063118338585e-03 1.151133626699447632e-01
6.530541181564331055e-02 2.060698419809341431e-01 5.528817418962717056e-03 -1.765498667955398560e-01
6.942680478096008301e-02 1.086920965462923050e-02 1.997820101678371429e-03 1.178720816969871521e-01
6.964419037103652954e-02 2.059624791145324707e-01 4.355261567980051041e-03 -1.741798818111419678e-01
7.376343756914138794e-02 1.077846810221672058e-02 8.716639713384211063e-04 1.198737993836402893e-01
7.397901266813278198e-02 -1.843559592962265015e-01 3.269139910116791725e-03 4.128316044807434082e-01
7.029189169406890869e-02 1.071949768811464310e-02 1.152577158063650131e-02 1.211811006069183350e-01
7.050628215074539185e-02 2.056744396686553955e-01 1.394939422607421875e-02 -1.678433865308761597e-01
7.461977005004882812e-02 1.035562064498662949e-02 1.059252675622701645e-02 1.292073279619216919e-01
7.482688128948211670e-02 2.053242474794387817e-01 1.317667309194803238e-02 -1.601150482892990112e-01
7.893336564302444458e-02 1.001615170389413834e-02 9.974371641874313354e-03 1.366954743862152100e-01
7.913368940353393555e-02 2.049938291311264038e-01 1.270828116685152054e-02 -1.528240740299224854e-01
8.323356509208679199e-02 9.692238643765449524e-03 9.651799686253070831e-03 1.438407897949218750e-01
8.342740684747695923e-02 2.046746462583541870e-01 1.252861600369215012e-02 -1.457816064357757568e-01
8.752090483903884888e-02 9.375534951686859131e-03 9.612984023988246918e-03 1.508273780345916748e-01
8.770841360092163086e-02 2.043585181236267090e-01 1.262953132390975952e-02 -1.388074159622192383e-01
9.179558604955673218e-02 9.057983756065368652e-03 9.853383526206016541e-03 1.578330099582672119e-01
9.197674691677093506e-02 2.040374875068664551e-01 1.301004365086555481e-02 -1.317251920700073242e-01
9.605749696493148804e-02 8.731612004339694977e-03 1.037553977221250534e-02 1.650336682796478271e-01
9.623212367296218872e-02 2.037035077810287476e-01 1.367621310055255890e-02 -1.243580877780914307e-01
1.003061980009078979e-01 8.388329297304153442e-03 1.118905190378427505e-02 1.726079732179641724e-01
1.004739627242088318e-01 2.033483684062957764e-01 1.464121136814355850e-02 -1.165242642164230347e-01
1.045409291982650757e-01 8.019725792109966278e-03 1.231072563678026199e-02 1.807416528463363647e-01
1.047013252973556519e-01 2.029633671045303345e-01 1.592555828392505646e-02 -1.080323904752731323e-01
1.087605953216552734e-01 7.616869173943996429e-03 1.376491133123636246e-02 1.896321177482604980e-01
1.089129298925399780e-01 2.025392204523086548e-01 1.755755394697189331e-02 -9.867694228887557983e-02
1.129637137055397034e-01 7.170089986175298691e-03 1.558401435613632202e-02 1.994932293891906738e-01
1.131071150302886963e-01 2.020657211542129517e-01 1.957387849688529968e-02 -8.823320269584655762e-02
1.171484291553497314e-01 3.969017267227172852e-01 1.780921593308448792e-02 -3.746768534183502197e-01
1.250864714384078979e-01 2.015313804149627686e-01 1.031567808240652084e-02 -7.643219083547592163e-02
1.291170865297317505e-01 6.263075396418571472e-03 8.787034079432487488e-03 2.194874435663223267e-01
1.292423605918884277e-01 2.012583315372467041e-01 1.317678298801183701e-02 -7.041078805923461914e-02
1.332675218582153320e-01 3.961889147758483887e-01 1.176856737583875656e-02 -3.589074313640594482e-01
1.411913037300109863e-01 2.009016573429107666e-01 4.590419121086597443e-03 -6.253694742918014526e-02
1.452093273401260376e-01 5.714190192520618439e-03 3.339679911732673645e-03 2.315907478332519531e-01
1.453236192464828491e-01 2.007882595062255859e-01 7.971494458615779877e-03 -6.003686413168907166e-02
1.493393778800964355e-01 3.957950174808502197e-01 6.770757492631673813e-03 -3.501940965652465820e-01
1.572552770376205444e-01 2.005774229764938354e-01 -2.331246068933978677e-04 -5.538385361433029175e-02
1.612668335437774658e-01 5.458822473883628845e-03 -1.340801711194217205e-03 2.372255176305770874e-01
1.613759994506835938e-01 2.005999088287353516e-01 3.403708571568131447e-03 -5.588004365563392639e-02
1.653880029916763306e-01 3.956728875637054443e-01 2.286107512190937996e-03 -3.474871218204498291e-01
1.733014583587646484e-01 2.005184888839721680e-01 -4.663635045289993286e-03 -5.408419296145439148e-02
1.773118376731872559e-01 5.463720764964818954e-03 -5.745318718254566193e-03 2.371236830949783325e-01
1.774211078882217407e-01 2.006672769784927368e-01 -1.002845354378223419e-03 -5.736594274640083313e-02
1.814344525337219238e-01 5.559721961617469788e-03 -2.150164218619465828e-03 2.350004166364669800e-01
1.815456449985504150e-01 2.007123231887817383e-01 2.549844095483422279e-03 -5.835996940732002258e-02
1.855598986148834229e-01 3.957976400852203369e-01 1.382644637487828732e-03 -3.502373099327087402e-01
1.934758424758911133e-01 2.006560415029525757e-01 -5.622101482003927231e-03 -5.711871385574340820e-02
1.974889636039733887e-01 5.615148227661848068e-03 -6.764475721865892410e-03 2.337851077318191528e-01
1.976012736558914185e-01 2.008330971002578735e-01 -2.088773762807250023e-03 -6.102384999394416809e-02
2.016179263591766357e-01 3.959849178791046143e-01 -3.309250809252262115e-03 -3.543650805950164795e-01
2.095376253128051758e-01 2.009101957082748413e-01 -1.039655227214097977e-02 -6.272747367620468140e-02
2.135558277368545532e-01 5.938832648098468781e-03 -1.165110152214765549e-02 2.266572266817092896e-01
2.136746048927307129e-01 2.012253403663635254e-01 -7.117957342416048050e-03 -6.967800110578536987e-02
2.176991105079650879e-01 6.206155288964509964e-03 -8.511517196893692017e-03 2.207507044076919556e-01
2.178232371807098389e-01 2.014487236738204956e-01 -4.096502903848886490e-03 -7.460490614175796509e-02
2.218522131443023682e-01 6.385744083672761917e-03 -5.588600877672433853e-03 2.167827486991882324e-01
2.219799309968948364e-01 2.015871405601501465e-01 -1.252946094609797001e-03 -7.765781134366989136e-02
2.260116785764694214e-01 3.967270255088806152e-01 -2.806102391332387924e-03 -3.707357943058013916e-01
2.339462190866470337e-01 2.016450613737106323e-01 -1.022081822156906128e-02 -7.893896847963333130e-02
2.379791140556335449e-01 6.671106908470392227e-03 -1.179959718137979507e-02 2.105018049478530884e-01
2.381125390529632568e-01 2.019597589969635010e-01 -7.589561399072408676e-03 -8.587978780269622803e-02
2.421517372131347656e-01 6.947423797100782394e-03 -9.307157248258590698e-03 2.043989896774291992e-01
2.422906756401062012e-01 2.022012323141098022e-01 -5.219176877290010452e-03 -9.120529145002365112e-02
2.463347017765045166e-01 7.154473103582859039e-03 -7.043282967060804367e-03 1.998264193534851074e-01
2.464777976274490356e-01 2.023764550685882568e-01 -3.046754514798521996e-03 -9.506998211145401001e-02
2.505253255367279053e-01 7.298298180103302002e-03 -4.948154091835021973e-03 1.966501325368881226e-01
2.506712973117828369e-01 2.024906724691390991e-01 -1.015151268802583218e-03 -9.758958965539932251e-02
2.547211050987243652e-01 7.383288349956274033e-03 -2.966943196952342987e-03 1.947728842496871948e-01
2.548687756061553955e-01 2.025475502014160156e-01 9.285145206376910210e-04 -9.884450584650039673e-02
2.589197158813476562e-01 3.976561725139617920e-01 -1.048375619575381279e-03 -3.912343382835388184e-01
2.668728530406951904e-01 2.025491297245025635e-01 -8.873062208294868469e-03 -9.888214617967605591e-02
2.709238231182098389e-01 7.555461954325437546e-03 -1.085070520639419556e-02 1.909881979227066040e-01
2.710749208927154541e-01 2.028309404850006104e-01 -7.030941545963287354e-03 -1.050978302955627441e-01
2.751315534114837646e-01 7.810456678271293640e-03 -9.132898412644863129e-03 1.853585988283157349e-01
2.752877771854400635e-01 2.030618786811828613e-01 -5.425726529210805893e-03 -1.101913675665855408e-01
2.793489992618560791e-01 8.018097840249538422e-03 -7.629553787410259247e-03 1.807748526334762573e-01
2.795093655586242676e-01 2.032483965158462524e-01 -4.014056641608476639e-03 -1.143051311373710632e-01
2.835743427276611328e-01 8.184183388948440552e-03 -6.300159264355897903e-03 1.771086901426315308e-01
2.837380170822143555e-01 2.033957242965698242e-01 -2.757985610514879227e-03 -1.175550520420074463e-01
2.878059148788452148e-01 8.313399739563465118e-03 -5.109086632728576660e-03 1.742564886808395386e-01
2.879721820354461670e-01 2.035080939531326294e-01 -1.623956952244043350e-03 -1.200338080525398254e-01
2.920423448085784912e-01 8.409450761973857880e-03 -4.024633206427097321e-03 1.721363365650177002e-01
2.922105491161346436e-01 2.035887688398361206e-01 -5.819064681418240070e-04 -1.218135207891464233e-01
2.962823212146759033e-01 8.475163951516151428e-03 -3.018176881596446037e-03 1.706857681274414062e-01
2.964518368244171143e-01 2.036401778459548950e-01 3.955384891014546156e-04 -1.229477748274803162e-01
3.005246222019195557e-01 3.987564742565155029e-01 -2.063417108729481697e-03 -4.155058860778808594e-01
3.084997534751892090e-01 2.036638259887695312e-01 -1.037353463470935822e-02 -1.234741881489753723e-01
3.125730454921722412e-01 8.692011237144470215e-03 -1.284301839768886566e-02 1.659180223941802979e-01
3.127468824386596680e-01 2.039954215288162231e-01 -9.524657391011714935e-03 -1.307886838912963867e-01
3.168267905712127686e-01 9.011200629174709320e-03 -1.214043144136667252e-02 1.588741838932037354e-01
3.170070052146911621e-01 2.043048441410064697e-01 -8.962947875261306763e-03 -1.376138776540756226e-01
3.210931122303009033e-01 9.312406182289123535e-03 -1.171522494405508041e-02 1.522279530763626099e-01
3.212793469429016113e-01 2.046001255512237549e-01 -8.670666255056858063e-03 -1.441277265548706055e-01
3.253713548183441162e-01 9.603418409824371338e-03 -1.155322138220071793e-02 1.458071917295455933e-01
3.255634307861328125e-01 2.048888951539993286e-01 -8.637077175080776215e-03 -1.504980474710464478e-01
3.296611905097961426e-01 9.891683235764503479e-03 -1.164703816175460815e-02 1.394475996494293213e-01
3.298590481281280518e-01 2.051784992218017578e-01 -8.858086541295051575e-03 -1.568869054317474365e-01
3.339626193046569824e-01 1.018448267132043839e-02 -1.199582405388355255e-02 1.329883933067321777e-01
3.341662883758544922e-01 2.054761946201324463e-01 -9.336056187748908997e-03 -1.634547710418701172e-01
3.382758200168609619e-01 1.048912573605775833e-02 -1.260515209287405014e-02 1.262683123350143433e-01
3.384855985641479492e-01 2.057893723249435425e-01 -1.007978525012731552e-02 -1.703645884990692139e-01
3.426013886928558350e-01 1.081312913447618484e-02 -1.348707731813192368e-02 1.191214993596076965e-01
3.428176641464233398e-01 2.061256915330886841e-01 -1.110464707016944885e-02 -1.777857840061187744e-01
3.469401597976684570e-01 1.116440445184707642e-02 -1.466036308556795120e-02 1.113734245300292969e-01
3.471634387969970703e-01 2.064933329820632935e-01 -1.243289466947317123e-02 -1.858984678983688354e-01
3.512933254241943359e-01 1.155144907534122467e-02 -1.615086384117603302e-02 1.028365716338157654e-01
3.515243530273437500e-01 2.069010883569717407e-01 -1.409413293004035950e-02 -1.948978304862976074e-01
3.556623756885528564e-01 1.198355574160814285e-02 -1.799208857119083405e-02 9.330590069293975830e-02
3.559020459651947021e-01 -1.828759610652923584e-01 -1.612597145140171051e-02 3.802584707736968994e-01
3.522445261478424072e-01 1.247123349457979202e-02 -8.520801551640033722e-03 8.253496140241622925e-02
3.524939417839050293e-01 2.077142894268035889e-01 -6.870102602988481522e-03 -2.128240764141082764e-01
3.566482365131378174e-01 1.269122865051031113e-02 -1.112658344209194183e-02 7.768381386995315552e-02
3.569020628929138184e-01 2.079709023237228394e-01 -9.572907350957393646e-03 -2.184887081384658813e-01
3.610614836215972900e-01 1.298709586262702942e-02 -1.394268218427896500e-02 7.115920633077621460e-02
3.613212108612060547e-01 -1.819322258234024048e-01 -1.251949742436408997e-02 3.594107329845428467e-01
3.576825857162475586e-01 1.336544286459684372e-02 -5.331282969564199448e-03 6.280656903982162476e-02
3.579498827457427979e-01 2.085634320974349976e-01 -4.075151402503252029e-03 -2.315536290407180786e-01
3.621211647987365723e-01 1.349994074553251266e-02 -8.706224150955677032e-03 5.984107404947280884e-02
3.623911440372467041e-01 2.087456285953521729e-01 -7.509402465075254440e-03 -2.355759590864181519e-01
3.665660619735717773e-01 1.373177114874124527e-02 -1.222092192620038986e-02 5.472883954644203186e-02
3.668406903743743896e-01 -1.812128424644470215e-01 -1.112634502351284027e-02 3.435310423374176025e-01
3.632164299488067627e-01 1.406561862677335739e-02 -4.255723673850297928e-03 4.736042395234107971e-02
3.634977638721466064e-01 2.092483341693878174e-01 -3.308515297248959541e-03 -2.466621845960617065e-01
3.676827251911163330e-01 1.417379174381494522e-02 -8.241758681833744049e-03 4.497533291578292847e-02
3.679662048816680908e-01 -1.808290183544158936e-01 -7.342252414673566818e-03 3.350465595722198486e-01
3.643496036529541016e-01 1.439665909856557846e-02 -6.413211231119930744e-04 4.005733877420425415e-02
3.646375536918640137e-01 2.095278054475784302e-01 1.598256640136241913e-04 -2.528278529644012451e-01
3.688281178474426270e-01 1.440356764942407608e-02 -4.896731581538915634e-03 3.990547358989715576e-02
3.691161870956420898e-01 -1.806478202342987061e-01 -4.098622128367424011e-03 3.310394287109375000e-01
3.655032217502593994e-01 1.453222893178462982e-02 2.522166119888424873e-03 3.706680610775947571e-02
3.657938539981842041e-01 2.096179276704788208e-01 3.263502381742000580e-03 -2.548192739486694336e-01
3.699862360954284668e-01 1.444952655583620071e-02 -1.832883339375257492e-03 3.889121860265731812e-02
3.702751994132995605e-01 2.095977067947387695e-01 -1.055059023201465607e-03 -2.543694376945495605e-01
3.744671642780303955e-01 1.449084188789129257e-02 -6.142447702586650848e-03 3.798051923513412476e-02
3.747569918632507324e-01 -1.805424839258193970e-01 -5.382837262004613876e-03 3.287191390991210938e-01
3.711461424827575684e-01 1.465567667037248611e-02 1.191545161418616772e-03 3.434357419610023499e-02
3.714392483234405518e-01 2.097605168819427490e-01 1.878416631370782852e-03 -2.579631805419921875e-01
3.756344616413116455e-01 1.461180206388235092e-02 -3.280846634879708290e-03 3.531164675951004028e-02
3.759267032146453857e-01 2.097806483507156372e-01 -2.574613783508539200e-03 -2.584046125411987305e-01
3.801223039627075195e-01 1.469554658979177475e-02 -7.742706220597028732e-03 3.346513211727142334e-02
3.804162144660949707e-01 -1.803145259618759155e-01 -7.073403336107730865e-03 3.236951231956481934e-01
3.768099248409271240e-01 1.490743272006511688e-02 -5.995008395984768867e-04 2.878996357321739197e-02
3.771080672740936279e-01 2.100379765033721924e-01 -2.370153561059851199e-05 -2.640820443630218506e-01
3.813088238239288330e-01 1.491636317223310471e-02 -5.305342376232147217e-03 2.859339863061904907e-02
3.816071748733520508e-01 -1.801291108131408691e-01 -4.733474459499120712e-03 3.195977210998535156e-01
3.780045807361602783e-01 1.505993772298097610e-02 1.658479915931820869e-03 2.542580105364322662e-02
3.783057928085327148e-01 2.101580649614334106e-01 2.166995778679847717e-03 -2.667334079742431641e-01
3.825089335441589355e-01 1.500525418668985367e-02 -3.167672082781791687e-03 2.663223072886466980e-02
3.828090429306030273e-01 -1.800711303949356079e-01 -2.635027514770627022e-03 3.183140456676483154e-01
3.792076110839843750e-01 1.508825458586215973e-02 3.731253324076533318e-03 2.480128593742847443e-02
3.795093894004821777e-01 2.101565003395080566e-01 4.227279219776391983e-03 -2.667020559310913086e-01
3.837125301361083984e-01 1.497447025030851364e-02 -1.106761978007853031e-03 2.731118537485599518e-02
3.840120136737823486e-01 2.101122736930847168e-01 -5.605383194051682949e-04 -2.657207250595092773e-01
3.882142603397369385e-01 1.499832980334758759e-02 -5.874952767044305801e-03 2.678534388542175293e-02
3.885142207145690918e-01 -1.800388842821121216e-01 -5.339246243238449097e-03 3.176088929176330566e-01
3.849134445190429688e-01 1.515871006995439529e-02 1.012931577861309052e-03 2.324694022536277771e-02
3.852166235446929932e-01 2.102661132812500000e-01 1.477870391681790352e-03 -2.691162228584289551e-01
3.894219398498535156e-01 1.512311026453971863e-02 -3.904453944414854050e-03 2.403246797621250153e-02
3.897244036197662354e-01 -1.799426376819610596e-01 -3.423804650083184242e-03 3.154809474945068359e-01
3.861255347728729248e-01 1.522792223840951920e-02 2.885814057663083076e-03 2.172023057937622070e-02
3.864301145076751709e-01 2.103083729743957520e-01 3.320218762382864952e-03 -2.700507938861846924e-01
3.906362652778625488e-01 1.513919513672590256e-02 -2.080797217786312103e-03 2.367749623954296112e-02
3.909390568733215332e-01 2.102909237146377563e-01 -1.607247162610292435e-03 -2.696612179279327393e-01
3.951448798179626465e-01 1.519194710999727249e-02 -7.000471465289592743e-03 2.251434139907360077e-02
3.954487144947052002e-01 -1.798289120197296143e-01 -6.550184916704893112e-03 3.129803538322448730e-01
3.918521404266357422e-01 1.538573484867811203e-02 -2.905778528656810522e-04 1.823891140520572662e-02
3.921598494052886963e-01 2.105118483304977417e-01 7.420035399263724685e-05 -2.745356857776641846e-01
3.963700830936431885e-01 1.538884174078702927e-02 -5.416513420641422272e-03 1.817064732313156128e-02
3.966778516769409180e-01 -1.796550154685974121e-01 -5.053100176155567169e-03 3.091396987438201904e-01
3.930847644805908203e-01 1.553856953978538513e-02 1.129693468101322651e-03 1.486744824796915054e-02
3.933955430984497070e-01 2.106443047523498535e-01 1.427042414434254169e-03 -2.774588465690612793e-01
3.976084291934967041e-01 1.550202071666717529e-02 -4.122134298086166382e-03 1.567384041845798492e-02
3.979184627532958984e-01 -1.795605719089508057e-01 -3.808657405897974968e-03 3.070533275604248047e-01
3.943272531032562256e-01 1.561544276773929596e-02 2.332409378141164780e-03 1.317169889807701111e-02
3.946395516395568848e-01 2.107038646936416626e-01 2.595843281596899033e-03 -2.787744104862213135e-01
3.988536298274993896e-01 1.554498076438903809e-02 -2.979644807055592537e-03 1.472610700875520706e-02
3.991645276546478271e-01 -1.795341074466705322e-01 -2.685122890397906303e-03 3.064674437046051025e-01
3.955738544464111328e-01 1.562599837779998779e-02 3.444225760176777840e-03 1.293889712542295456e-02
3.958863615989685059e-01 2.106983810663223267e-01 3.703003749251365662e-03 -2.786553502082824707e-01
4.001003503799438477e-01 1.552380528301000595e-02 -1.870103180408477783e-03 1.519319601356983185e-02
4.004108309745788574e-01 2.106725275516510010e-01 -1.566239283420145512e-03 -2.780791819095611572e-01
4.046242833137512207e-01 1.557295396924018860e-02 -7.127822842448949814e-03 1.410934235900640488e-02
4.049357175827026367e-01 -1.794460564851760864e-01 -6.845635827630758286e-03 3.045348525047302246e-01
4.013468027114868164e-01 1.577278226613998413e-02 -7.549388101324439049e-04 9.700866416096687317e-03
4.016622602939605713e-01 2.109055519104003906e-01 -5.609215004369616508e-04 -2.832201421260833740e-01
4.058803617954254150e-01 1.579160615801811218e-02 -6.225324701517820358e-03 9.285805746912956238e-03
4.061962068080902100e-01 -1.792405098676681519e-01 -6.039608735591173172e-03 2.999980747699737549e-01
4.026114046573638916e-01 1.596700027585029602e-02 -3.964683492085896432e-05 5.416518542915582657e-03
4.029307365417480469e-01 -1.791543811559677124e-01 6.868354103062301874e-05 2.980869412422180176e-01
3.993476629257202148e-01 1.596658863127231598e-02 6.030422169715166092e-03 5.425671581178903580e-03
3.996669948101043701e-01 2.110015451908111572e-01 6.138935685157775879e-03 -2.853485047817230225e-01
4.038870036602020264e-01 1.579257473349571228e-02 4.319657164160162210e-04 9.264265187084674835e-03
4.042028486728668213e-01 2.109083235263824463e-01 6.172510329633951187e-04 -2.832823395729064941e-01
4.084210395812988281e-01 1.577757857739925385e-02 -5.048395600169897079e-03 9.595200419425964355e-03
4.087365865707397461e-01 -1.792716085910797119e-01 -4.856491927057504654e-03 3.006810247898101807e-01
4.051511585712432861e-01 1.591922342777252197e-02 1.157128834165632725e-03 6.470430642366409302e-03
4.054695367813110352e-01 2.110245674848556519e-01 1.286537502892315388e-03 -2.858471870422363281e-01
4.096900224685668945e-01 1.588428579270839691e-02 -4.430406261235475540e-03 7.241229992359876633e-03
4.100077152252197266e-01 -1.791738420724868774e-01 -4.285581409931182861e-03 2.985230088233947754e-01
4.064242243766784668e-01 1.600892841815948486e-02 1.684878836385905743e-03 4.491589497774839401e-03
4.067444205284118652e-01 2.111066728830337524e-01 1.774710719473659992e-03 -2.876592576503753662e-01
4.109665453433990479e-01 1.595946215093135834e-02 -3.978474531322717667e-03 5.582864396274089813e-03
4.112857282161712646e-01 -1.791052073240280151e-01 -3.866817336529493332e-03 2.970078885555267334e-01
4.077036380767822266e-01 1.607165299355983734e-02 2.073340350762009621e-03 3.107940545305609703e-03
4.080250561237335205e-01 2.111638039350509644e-01 2.135499147698283195e-03 -2.889201045036315918e-01
4.122483432292938232e-01 1.601146906614303589e-02 -3.642902709543704987e-03 4.435574635863304138e-03
4.125685691833496094e-01 -1.790580451488494873e-01 -3.554191440343856812e-03 2.959668934345245361e-01
4.089874029159545898e-01 1.611439138650894165e-02 2.365146530792117119e-03 2.165159210562705994e-03
4.093096852302551270e-01 2.112023383378982544e-01 2.408449770882725716e-03 -2.897706031799316406e-01
4.135337471961975098e-01 1.604613102972507477e-02 -3.386962227523326874e-03 3.670954611152410507e-03
4.138546586036682129e-01 -1.790270805358886719e-01 -3.313543042168021202e-03 2.952833175659179688e-01
4.102741181850433350e-01 1.614195108413696289e-02 2.592123579233884811e-03 1.557209412567317486e-03
4.105969667434692383e-01 2.112266272306442261e-01 2.623267704620957375e-03 -2.903067469596862793e-01
4.148215055465698242e-01 1.606737263500690460e-02 -3.182867076247930527e-03 3.202375490218400955e-03
4.151428341865539551e-01 -1.790087819099426270e-01 -3.118819557130336761e-03 2.948793768882751465e-01
4.115626811981201172e-01 1.615748740732669830e-02 2.778767840936779976e-03 1.214450574479997158e-03
4.118858277797698975e-01 2.112394720315933228e-01 2.803056966513395309e-03 -2.905904352664947510e-01
4.161106050014495850e-01 1.607766933739185333e-02 -3.008752129971981049e-03 2.975211944431066513e-03
4.164321720600128174e-01 -1.790010035037994385e-01 -2.949247835204005241e-03 2.947073280811309814e-01
4.128521382808685303e-01 1.616287045180797577e-02 2.944898558780550957e-03 1.095709623768925667e-03
4.131754040718078613e-01 2.112424671649932861e-01 2.966812811791896820e-03 -2.906566262245178223e-01
4.174002408981323242e-01 1.607833616435527802e-02 -2.846319461241364479e-03 2.960534300655126572e-03
4.177218079566955566e-01 -1.790026873350143433e-01 -2.787108765915036201e-03 2.947440445423126221e-01
4.141417741775512695e-01 1.615889556705951691e-02 3.107772441580891609e-03 1.183420768938958645e-03
4.144649505615234375e-01 2.112361341714859009e-01 3.131440840661525726e-03 -2.905173599720001221e-01
4.186896681785583496e-01 1.606967672705650330e-02 -2.678906079381704330e-03 3.151552518829703331e-03
4.190110564231872559e-01 -1.790137588977813721e-01 -2.615875098854303360e-03 2.949880361557006836e-01
4.154307842254638672e-01 1.614539325237274170e-02 3.283885773271322250e-03 1.481264363974332809e-03
4.157536923885345459e-01 2.112201005220413208e-01 3.313511144369840622e-03 -2.901637554168701172e-01
4.199780821800231934e-01 1.605105213820934296e-02 -2.489763777703046799e-03 3.562377067282795906e-03
4.202991127967834473e-01 -1.790350973606109619e-01 -2.418516203761100769e-03 2.954587042331695557e-01
4.167183935642242432e-01 1.612124405801296234e-02 3.490658011287450790e-03 2.014007419347763062e-03
4.170408248901367188e-01 2.111929655075073242e-01 3.530938178300857544e-03 -2.895655333995819092e-01
4.212646782398223877e-01 1.602083630859851837e-02 -2.260372508317232132e-03 4.228919278830289841e-03
4.215851128101348877e-01 2.111751288175582886e-01 -2.175794215872883797e-03 -2.891663312911987305e-01
4.258086085319519043e-01 1.608427427709102631e-02 -7.959120906889438629e-03 2.829585457220673561e-03
4.261302947998046875e-01 -1.789226382970809937e-01 -7.902529090642929077e-03 2.929907143115997314e-01
4.225518405437469482e-01 1.631109416484832764e-02 -2.042714506387710571e-03 -2.174040535464882851e-03
4.228780567646026611e-01 -1.787814944982528687e-01 -2.086195163428783417e-03 2.898636758327484131e-01
4.193024337291717529e-01 1.637013629078865051e-02 3.711078548803925514e-03 -3.476473968476057053e-03
4.196298420429229736e-01 2.114386707544326782e-01 3.641549032181501389e-03 -2.949862182140350342e-01
4.238586127758026123e-01 1.626499183475971222e-02 -2.258175052702426910e-03 -1.157015911303460598e-03
4.241839051246643066e-01 -1.788244992494583130e-01 -2.281315391883254051e-03 2.908125817775726318e-01
4.206074178218841553e-01 1.632990501821041107e-02 3.534936113283038139e-03 -2.588978735730051994e-03
4.209340214729309082e-01 2.114009857177734375e-01 3.483156440779566765e-03 -2.941544950008392334e-01
4.251620471477508545e-01 1.622954383492469788e-02 -2.399933524429798126e-03 -3.750717150978744030e-04
4.254866242408752441e-01 -1.788579076528549194e-01 -2.407434862107038498e-03 2.915496826171875000e-01
4.219094812870025635e-01 1.629828847944736481e-02 3.423558780923485756e-03 -1.891547464765608311e-03
4.222354292869567871e-01 2.113709747791290283e-01 3.385727759450674057e-03 -2.934923470020294189e-01
4.264628589153289795e-01 1.620091497898101807e-02 -2.484119031578302383e-03 2.564759342931210995e-04
4.267868697643280029e-01 -1.788853257894515991e-01 -2.478989539667963982e-03 2.921546101570129395e-01
4.232091605663299561e-01 1.627188734710216522e-02 3.364102449268102646e-03 -1.309137558564543724e-03
4.235346019268035889e-01 2.113454341888427734e-01 3.337919712066650391e-03 -2.929287552833557129e-01
4.277615249156951904e-01 1.617604680359363556e-02 -2.520655281841754913e-03 8.050367468968033791e-04
4.280850291252136230e-01 -1.789096593856811523e-01 -2.504554577171802521e-03 2.926915884017944336e-01
4.245068430900573730e-01 1.624790765345096588e-02 3.349277423694729805e-03 -7.801753818057477474e-04
4.248318076133728027e-01 2.113216668367385864e-01 3.333674045279622078e-03 -2.924044728279113770e-01
4.290582239627838135e-01 1.615234278142452240e-02 -2.514415653422474861e-03 1.327972044236958027e-03
4.293812811374664307e-01 2.113102674484252930e-01 -2.487856196239590645e-03 -2.921472191810607910e-01
4.336074888706207275e-01 1.622387208044528961e-02 -8.330800570547580719e-03 -2.499704132787883282e-04
4.339319765567779541e-01 -1.787776201963424683e-01 -8.335799910128116608e-03 2.897928953170776367e-01
4.303564131259918213e-01 1.646219938993453979e-02 -2.539942273870110512e-03 -5.507360212504863739e-03
4.306856691837310791e-01 -1.786232292652130127e-01 -2.650089561939239502e-03 2.863731086254119873e-01
4.271132051944732666e-01 1.653641089797019958e-02 3.077372442930936813e-03 -7.144461851567029953e-03
4.274439215660095215e-01 2.116140872240066528e-01 2.934483345597982407e-03 -2.988548576831817627e-01
4.316762089729309082e-01 1.645043678581714630e-02 -3.042613854631781578e-03 -5.247891880571842194e-03
4.320051968097686768e-01 -1.786277443170547485e-01 -3.147571580484509468e-03 2.864735126495361328e-01
4.284326434135437012e-01 1.653895154595375061e-02 2.581898355856537819e-03 -7.200479507446289062e-03
4.287634491920471191e-01 2.116237729787826538e-01 2.437888877466320992e-03 -2.990676760673522949e-01
4.329959154129028320e-01 1.646716333925724030e-02 -3.543464466929435730e-03 -5.616875831037759781e-03
4.333252608776092529e-01 -1.786037981510162354e-01 -3.655801992863416672e-03 2.859459519386291504e-01
4.297531843185424805e-01 1.657010614871978760e-02 2.063116757199168205e-03 -7.887751795351505280e-03
4.300845861434936523e-01 2.116624116897583008e-01 1.905361656099557877e-03 -2.999190390110015869e-01
4.343178272247314453e-01 1.651335135102272034e-02 -4.093018826097249985e-03 -6.635795347392559052e-03
4.346480965614318848e-01 -1.785496622323989868e-01 -4.225734621286392212e-03 2.847529351711273193e-01
4.310770928859710693e-01 1.663230359554290771e-02 1.469323877245187759e-03 -9.259765967726707458e-03
4.314097464084625244e-01 2.117331475019454956e-01 1.284128520637750626e-03 -3.014787435531616211e-01
4.356444180011749268e-01 1.659292168915271759e-02 -4.745446145534515381e-03 -8.391103707253932953e-03
4.359762668609619141e-01 -1.784606575965881348e-01 -4.913268610835075378e-03 2.827908098697662354e-01
4.324070513248443604e-01 1.673103310167789459e-02 7.425477379001677036e-04 -1.143768150359392166e-02
4.327416718006134033e-01 2.118423283100128174e-01 5.137941334396600723e-04 -3.038862347602844238e-01
4.369785189628601074e-01 1.671305671334266663e-02 -5.563930608332157135e-03 -1.104131247848272324e-02
4.373127818107604980e-01 -1.783286631107330322e-01 -5.784756969660520554e-03 2.798809409141540527e-01
4.337462186813354492e-01 1.687533035874366760e-02 -1.871378335636109114e-04 -1.462084893137216568e-02
4.340837299823760986e-01 -1.782439351081848145e-01 -4.795548156835138798e-04 2.780030369758605957e-01
4.305188357830047607e-01 1.688485406339168549e-02 5.080505739897489548e-03 -1.483111176639795303e-02
4.308565258979797363e-01 2.119335830211639404e-01 4.783883690834045410e-03 -3.059067726135253906e-01
4.350952208042144775e-01 1.674378290772438049e-02 -1.334251719526946545e-03 -1.171896047890186310e-02
4.354300796985626221e-01 -1.783590018749237061e-01 -1.568630919791758060e-03 2.805427014827728271e-01
4.318628907203674316e-01 1.678528264164924622e-02 4.042223095893859863e-03 -1.263456046581268311e-02
4.321986138820648193e-01 2.118490338325500488e-01 3.789531765505671501e-03 -3.040393888950347900e-01
4.364355802536010742e-01 1.667327992618083954e-02 -2.291255863383412361e-03 -1.016373652964830399e-02
4.367690682411193848e-01 -1.784157305955886841e-01 -2.494530519470572472e-03 2.817953824996948242e-01
4.332007467746734619e-01 1.674170792102813721e-02 3.141377354040741920e-03 -1.167325489223003387e-02
4.335355758666992188e-01 2.118184715509414673e-01 2.907912246882915497e-03 -3.033633828163146973e-01
4.377719461917877197e-01 1.665519364178180695e-02 -3.159355605021119118e-03 -9.764789603650569916e-03
4.381050467491149902e-01 -1.784213036298751831e-01 -3.354651387780904770e-03 2.819196581840515137e-01
4.345366358757019043e-01 1.674833521246910095e-02 2.283741720020771027e-03 -1.181942969560623169e-02
4.348715841770172119e-01 2.118374556303024292e-01 2.047353191301226616e-03 -3.037809431552886963e-01
4.391083419322967529e-01 1.668639108538627625e-02 -4.028265364468097687e-03 -1.045302301645278931e-02
4.394420683383941650e-01 -1.783775538206100464e-01 -4.237325862050056458e-03 2.809562087059020996e-01
4.358745217323303223e-01 1.680457778275012970e-02 1.381798414513468742e-03 -1.306012738496065140e-02
4.362106025218963623e-01 2.119066864252090454e-01 1.120595843531191349e-03 -3.053067624568939209e-01
4.404487311840057373e-01 1.676878333091735840e-02 -4.985539242625236511e-03 -1.227063499391078949e-02
4.407841265201568604e-01 -1.782813221216201782e-01 -5.230952054262161255e-03 2.788351476192474365e-01
4.372184872627258301e-01 1.691486686468124390e-02 3.457506245467811823e-04 -1.549302600324153900e-02
4.375567734241485596e-01 -1.782120466232299805e-01 3.589010884752497077e-05 2.772989571094512939e-01
4.339925348758697510e-01 1.690939813852310181e-02 5.581869278103113174e-03 -1.537263765931129456e-02
4.343307316303253174e-01 2.119508534669876099e-01 5.274416878819465637e-03 -3.062891960144042969e-01
4.385697543621063232e-01 1.675414294004440308e-02 -8.513673092238605022e-04 -1.194753684103488922e-02
4.389048218727111816e-01 -1.783555895090103149e-01 -1.090318080969154835e-03 2.804666459560394287e-01
4.353377223014831543e-01 1.678189821541309357e-02 4.519015084952116013e-03 -1.255995873361825943e-02
4.356733560562133789e-01 2.118387520313262939e-01 4.267815966159105301e-03 -3.038136661052703857e-01
4.399101436138153076e-01 1.665623858571052551e-02 -1.808457425795495510e-03 -9.787826798856258392e-03
4.402432441711425781e-01 -1.784397363662719727e-01 -2.004214096814393997e-03 2.823239564895629883e-01
4.366744756698608398e-01 1.671075075864791870e-02 3.642265219241380692e-03 -1.099041011184453964e-02
4.370086789131164551e-01 2.117802798748016357e-01 3.422457026317715645e-03 -3.025219440460205078e-01
4.412442743778228760e-01 1.660971716046333313e-02 -2.627981826663017273e-03 -8.761609904468059540e-03
4.415764808654785156e-01 -1.784744411706924438e-01 -2.803213894367218018e-03 2.830910086631774902e-01
4.380069971084594727e-01 1.668737456202507019e-02 2.858606167137622833e-03 -1.047472655773162842e-02
4.383407235145568848e-01 2.117682099342346191e-01 2.649111673235893250e-03 -3.022543489933013916e-01
4.425761103630065918e-01 1.660860702395439148e-02 -3.395975567400455475e-03 -8.737138472497463226e-03
4.429082870483398438e-01 -1.784644722938537598e-01 -3.570718457922339439e-03 2.828723788261413574e-01
4.393389821052551270e-01 1.670822128653526306e-02 2.086729276925325394e-03 -1.093458663672208786e-02
4.396731555461883545e-01 2.118001878261566162e-01 1.868037623353302479e-03 -3.029583990573883057e-01
4.439091384410858154e-01 1.665166020393371582e-02 -4.191130399703979492e-03 -9.686916135251522064e-03
4.442421793937683105e-01 -1.784099340438842773e-01 -4.384868778288364410e-03 2.816707193851470947e-01
4.406739771366119385e-01 1.677428744733333588e-02 1.248545711860060692e-03 -1.239194814115762711e-02
4.410094618797302246e-01 2.118783146142959595e-01 1.000706688500940800e-03 -3.046806752681732178e-01
4.452470541000366211e-01 1.674211211502552032e-02 -5.092906765639781952e-03 -1.168232504278421402e-02
4.455818831920623779e-01 -1.783064305782318115e-01 -5.326553247869014740e-03 2.793893814086914062e-01
4.420157670974731445e-01 1.689109951257705688e-02 2.612342941574752331e-04 -1.496875286102294922e-02
4.423535764217376709e-01 2.120092958211898804e-01 -3.814074807451106608e-05 -3.075692355632781982e-01
4.465937614440917969e-01 1.688789576292037964e-02 -6.189525593072175980e-03 -1.489834766834974289e-02
4.469315111637115479e-01 -1.781447529792785645e-01 -6.487492471933364868e-03 2.758252918720245361e-01
4.433686137199401855e-01 1.706915907561779022e-02 -9.709865553304553032e-04 -1.889670453965663910e-02
4.437099993228912354e-01 -1.780388504266738892e-01 -1.348920632153749466e-03 2.734797000885009766e-01
4.401492178440093994e-01 1.710231974720954895e-02 4.120673518627882004e-03 -1.962836831808090210e-02
4.404912889003753662e-01 2.121649384498596191e-01 3.728106152266263962e-03 -3.110083341598510742e-01
4.447345733642578125e-01 1.699006743729114532e-02 -2.492060419172048569e-03 -1.715200394392013550e-02
4.450743794441223145e-01 -1.780960559844970703e-01 -2.835100516676902771e-03 2.747436165809631348e-01
4.415124654769897461e-01 1.706623099744319916e-02 2.659771591424942017e-03 -1.883216574788093567e-02
4.418537914752960205e-01 2.121499329805374146e-01 2.283128211274743080e-03 -3.106747269630432129e-01
4.460967779159545898e-01 1.699553057551383972e-02 -3.930366132408380508e-03 -1.727263443171977997e-02
4.464367032051086426e-01 -1.780698299407958984e-01 -4.275818821042776108e-03 2.741676270961761475e-01
4.428752958774566650e-01 1.711286418139934540e-02 1.207533758133649826e-03 -1.986082829535007477e-02
4.432175457477569580e-01 -1.780263781547546387e-01 8.103172294795513153e-04 2.732028365135192871e-01
4.396570324897766113e-01 1.708399504423141479e-02 6.274374201893806458e-03 -1.922439411282539368e-02
4.399987161159515381e-01 2.121154069900512695e-01 5.889886058866977692e-03 -3.099210858345031738e-01
4.442410171031951904e-01 1.691003516316413879e-02 -3.085357020609080791e-04 -1.538650318980216980e-02
4.445792138576507568e-01 -1.782074868679046631e-01 -6.162657518871128559e-04 2.771990597248077393e-01
4.410150647163391113e-01 1.692324690520763397e-02 4.927715286612510681e-03 -1.567817106842994690e-02
4.413535296916961670e-01 2.119741886854171753e-01 4.614152014255523682e-03 -3.068022727966308594e-01
4.455929994583129883e-01 1.678678765892982483e-02 -1.521893660537898540e-03 -1.266774814575910568e-02
4.459287524223327637e-01 -1.783133000135421753e-01 -1.775248558260500431e-03 2.795346081256866455e-01
4.423624873161315918e-01 1.683392561972141266e-02 3.815443720668554306e-03 -1.370769273489713669e-02
4.426991641521453857e-01 2.119009494781494141e-01 3.541289828717708588e-03 -3.051843643188476562e-01
4.469371736049652100e-01 1.672871410846710205e-02 -2.562397392466664314e-03 -1.138670649379491806e-02
4.472717642784118652e-01 -1.783563941717147827e-01 -2.790131606161594391e-03 2.804866433143615723e-01
4.437046349048614502e-01 1.680524460971355438e-02 2.819601446390151978e-03 -1.307496521621942520e-02
4.440407156944274902e-01 2.118866443634033203e-01 2.558102132752537727e-03 -3.048669397830963135e-01
4.482784569263458252e-01 1.672833412885665894e-02 -3.539236728101968765e-03 -1.137834973633289337e-02
4.486130177974700928e-01 -1.783426851034164429e-01 -3.766803769394755363e-03 2.801858186721801758e-01
4.450461864471435547e-01 1.683279871940612793e-02 1.836912473663687706e-03 -1.368277519941329956e-02
4.453828334808349609e-01 2.119283527135848999e-01 1.563256955705583096e-03 -3.057855665683746338e-01
4.496214091777801514e-01 1.678416505455970764e-02 -4.552454221993684769e-03 -1.261003967374563217e-02
4.499570727348327637e-01 -1.782722026109695435e-01 -4.804654978215694427e-03 2.786330580711364746e-01
4.463916420936584473e-01 1.691795885562896729e-02 7.680060807615518570e-04 -1.556136365979909897e-02
4.467299878597259521e-01 2.120288908481597900e-01 4.567788273561745882e-04 -3.080018758773803711e-01
4.509705603122711182e-01 1.690043136477470398e-02 -5.703258793801069260e-03 -1.517492812126874924e-02
4.513085782527923584e-01 -1.781392693519592285e-01 -6.006757263094186783e-03 2.757031023502349854e-01
4.477458000183105469e-01 1.706786826252937317e-02 -4.926950787194073200e-04 -1.886828429996967316e-02
4.480871558189392090e-01 -1.780470162630081177e-01 -8.700607577338814735e-04 2.736591398715972900e-01
4.445262253284454346e-01 1.708734035491943359e-02 4.603122361004352570e-03 -1.929806917905807495e-02
4.448679685592651367e-01 2.121429741382598877e-01 4.217160865664482117e-03 -3.105251193046569824e-01
4.491108059883117676e-01 1.696119643747806549e-02 -1.993341371417045593e-03 -1.651520095765590668e-02
4.494500458240509033e-01 -1.781321167945861816e-01 -2.323645399883389473e-03 2.755381464958190918e-01
4.458874166011810303e-01 1.702291518449783325e-02 3.187117399647831917e-03 -1.787676289677619934e-02
4.462278485298156738e-01 2.120990157127380371e-01 2.829582197591662407e-03 -3.095524013042449951e-01
4.504698514938354492e-01 1.693686284124851227e-02 -3.361466107890009880e-03 -1.597846299409866333e-02
4.508085846900939941e-01 -1.781367212533950806e-01 -3.681035479530692101e-03 2.756419777870178223e-01
4.472458362579345703e-01 1.703755557537078857e-02 1.831804402172565460e-03 -1.819966360926628113e-02
4.475865960121154785e-01 2.121331840753555298e-01 1.467811060138046741e-03 -3.103040754795074463e-01
4.518292546272277832e-01 1.699035614728927612e-02 -4.738270305097103119e-03 -1.715860143303871155e-02
4.521690607070922852e-01 -1.780633181333541870e-01 -5.081442184746265411e-03 2.740255892276763916e-01
4.486078023910522461e-01 1.713076047599315643e-02 3.990693658124655485e-04 -2.025569602847099304e-02
4.489504098892211914e-01 2.122469842433929443e-01 -6.044584552000742406e-06 -3.128126859664916992e-01
4.531953632831573486e-01 1.712512224912643433e-02 -6.262298207730054855e-03 -2.013166621327400208e-02
4.535378515720367432e-01 -1.779064685106277466e-01 -6.664931774139404297e-03 2.705688774585723877e-01
4.499797224998474121e-01 1.730995811522006989e-02 -1.253554131835699081e-03 -2.420873194932937622e-02
4.503259360790252686e-01 -1.777939945459365845e-01 -1.737728831358253956e-03 2.680784165859222412e-01
4.467700421810150146e-01 1.735271513462066650e-02 3.623839700594544411e-03 -2.515209093689918518e-02
4.471170902252197266e-01 2.124225050210952759e-01 3.120797919109463692e-03 -3.166894614696502686e-01
4.513655602931976318e-01 1.725624687969684601e-02 -3.212991403415799141e-03 -2.302397415041923523e-02
4.517106711864471436e-01 -1.778194755315780640e-01 -3.673470811918377876e-03 2.686434984207153320e-01
4.481543004512786865e-01 1.735470257699489594e-02 1.699398970231413841e-03 -2.519580721855163574e-02
4.485013782978057861e-01 -1.777915805578231812e-01 1.195482793264091015e-03 2.680228054523468018e-01
4.449455440044403076e-01 1.731329038739204407e-02 6.555939093232154846e-03 -2.428280934691429138e-02
4.452918171882629395e-01 2.123406082391738892e-01 6.070282775908708572e-03 -3.148900866508483887e-01
4.495386183261871338e-01 1.713272184133529663e-02 -2.275186270708218217e-04 -2.029897831380367279e-02
4.498812854290008545e-01 -1.779859662055969238e-01 -6.334981881082057953e-04 2.723121643066406250e-01
4.463215470314025879e-01 1.714501902461051941e-02 4.812744911760091782e-03 -2.057051286101341248e-02
4.466644525527954102e-01 2.121976166963577271e-01 4.401334561407566071e-03 -3.117311000823974609e-01
4.509084224700927734e-01 1.701324246823787689e-02 -1.833287067711353302e-03 -1.766336522996425629e-02
4.512486755847930908e-01 -1.780823767185211182e-01 -2.186554484069347382e-03 2.744405865669250488e-01
4.476870298385620117e-01 1.707071065902709961e-02 3.302257042378187180e-03 -1.893119327723979950e-02
4.480284452438354492e-01 2.121451497077941895e-01 2.923633204773068428e-03 -3.105703890323638916e-01
4.522713422775268555e-01 1.698166504502296448e-02 -3.287774743512272835e-03 -1.696687377989292145e-02
4.526109695434570312e-01 -1.780929863452911377e-01 -3.627112135291099548e-03 2.746769189834594727e-01
4.490491151809692383e-01 1.708053238689899445e-02 1.866426086053252220e-03 -1.914780214428901672e-02
4.493907392024993896e-01 2.121756672859191895e-01 1.483470085076987743e-03 -3.112412691116333008e-01
4.536342322826385498e-01 1.703261397778987885e-02 -4.741355311125516891e-03 -1.809086650609970093e-02
4.539749026298522949e-01 -1.780210286378860474e-01 -5.103172734379768372e-03 2.730923295021057129e-01
4.504144787788391113e-01 1.717337220907211304e-02 3.586742968764156103e-04 -2.119575999677181244e-02
4.507579505443572998e-01 2.122901827096939087e-01 -6.524090713355690241e-05 -3.137654960155487061e-01
4.550037384033203125e-01 1.716915518045425415e-02 -6.340550724416971207e-03 -2.110314741730690002e-02
4.553471207618713379e-01 -1.778612881898880005e-01 -6.762614008039236069e-03 2.695725262165069580e-01
4.517899155616760254e-01 1.735650748014450073e-02 -1.371163176372647285e-03 -2.523566223680973053e-02
4.521370232105255127e-01 -1.777457594871520996e-01 -1.875876332633197308e-03 2.670143246650695801e-01
4.485821127891540527e-01 1.740291900932788849e-02 3.464410314336419106e-03 -2.625967003405094147e-02
4.489301741123199463e-01 2.124750167131423950e-01 2.939216792583465576e-03 -3.178475201129913330e-01
4.531796872615814209e-01 1.731132715940475464e-02 -3.417733591049909592e-03 -2.423912659287452698e-02
4.535259008407592773e-01 -1.777614504098892212e-01 -3.902516327798366547e-03 2.673635184764862061e-01
4.499706923961639404e-01 1.741598360240459442e-02 1.444753957912325859e-03 -2.654774114489555359e-02
4.503189921379089355e-01 -1.777266561985015869e-01 9.137991582974791527e-04 2.665906846523284912e-01
4.467644691467285156e-01 1.738224178552627563e-02 6.245612632483243942e-03 -2.580389566719532013e-02
4.471121132373809814e-01 2.124140709638595581e-01 5.729534663259983063e-03 -3.165097236633300781e-01
4.513604044914245605e-01 1.721098087728023529e-02 -6.006601033732295036e-04 -2.202543243765830994e-02
4.517046213150024414e-01 -1.779023557901382446e-01 -1.041168696247041225e-03 2.704679071903228760e-01
4.481465518474578857e-01 1.723444275557994843e-02 4.368189722299575806e-03 -2.254321612417697906e-02
4.484912455081939697e-01 2.122934758663177490e-01 3.917325288057327271e-03 -3.138447403907775879e-01
4.527371227741241455e-01 1.711594313383102417e-02 -2.359569305554032326e-03 -1.992898806929588318e-02
4.530794322490692139e-01 -1.779720932245254517e-01 -2.758149057626724243e-03 2.720085382461547852e-01
4.495199918746948242e-01 1.718910783529281616e-02 2.682021586224436760e-03 -2.154304459691047668e-02
4.498637914657592773e-01 2.122724950313568115e-01 2.251160563901066780e-03 -3.133785724639892578e-01
4.541092216968536377e-01 1.711854711174964905e-02 -4.016410559415817261e-03 -1.998653635382652283e-02
4.544515907764434814e-01 -1.779455691576004028e-01 -4.416141193360090256e-03 2.714264690876007080e-01
4.508926868438720703e-01 1.723911240696907043e-02 1.012388034723699093e-03 -2.264605462551116943e-02
4.512374699115753174e-01 2.123465240001678467e-01 5.594669491983950138e-04 -3.150093853473663330e-01
4.554843902587890625e-01 1.721661537885665894e-02 -5.740720778703689575e-03 -2.215007878839969635e-02
4.558287262916564941e-01 -1.778225451707839966e-01 -6.183722522109746933e-03 2.687160670757293701e-01
4.522722959518432617e-01 1.738711073994636536e-02 -8.094009826891124249e-04 -2.591080963611602783e-02
4.526200294494628906e-01 -1.777232289314270020e-01 -1.327617210336029530e-03 2.665166258811950684e-01
4.490655660629272461e-01 1.741765066981315613e-02 4.002715460956096649e-03 -2.658474072813987732e-02
4.494139254093170166e-01 2.124819755554199219e-01 3.471020609140396118e-03 -3.180020749568939209e-01
4.536635577678680420e-01 1.731075532734394073e-02 -2.889021066948771477e-03 -2.422654442489147186e-02
4.540097713470458984e-01 -1.777696460485458374e-01 -3.373551880940794945e-03 2.675434648990631104e-01
4.504543840885162354e-01 1.740028895437717438e-02 1.977317500859498978e-03 -2.620159275829792023e-02
4.508023858070373535e-01 2.124938219785690308e-01 1.453285571187734604e-03 -3.182599842548370361e-01
4.550522565841674805e-01 1.735120825469493866e-02 -4.911914467811584473e-03 -2.511911280453205109e-02
4.553992748260498047e-01 -1.776999533176422119e-01 -5.414296407252550125e-03 2.660100162029266357e-01
4.518452882766723633e-01 1.749884709715843201e-02 -9.409640188096091151e-05 -2.837570197880268097e-02
4.521952569484710693e-01 -1.776217520236968994e-01 -6.616104510612785816e-04 2.642775475978851318e-01
4.486428201198577881e-01 1.750963367521762848e-02 4.623940214514732361e-03 -2.861399576067924500e-02
4.489930272102355957e-01 2.125649750232696533e-01 4.051660187542438507e-03 -3.198344409465789795e-01
