-1.836816407740116119e-02 -4.203359596431255341e-03 4.257421940565109253e-02 -4.822697490453720093e-02
-1.845223084092140198e-02 1.902830749750137329e-01 4.160968214273452759e-02 -3.271792232990264893e-01
-1.464657019823789597e-02 -5.405815318226814270e-03 3.506609424948692322e-02 -2.167025767266750336e-02
-1.475468650460243225e-02 1.891961693763732910e-01 3.463269025087356567e-02 -3.030864596366882324e-01
-1.097076293081045151e-02 -6.401811726391315460e-03 2.857096120715141296e-02 3.145450027659535408e-04
-1.109879929572343826e-02 1.882989853620529175e-01 2.857725322246551514e-02 -2.832187414169311523e-01
-7.332819979637861252e-03 -7.218664512038230896e-03 2.291287854313850403e-02 1.833856105804443359e-02
-7.477193139493465424e-03 1.875673234462738037e-01 2.327964827418327332e-02 -2.670279443264007568e-01
-3.725846530869603157e-03 -7.879002951085567474e-03 1.793909072875976562e-02 3.290572017431259155e-02
-3.883426543325185776e-03 1.869811564683914185e-01 1.859720423817634583e-02 -2.540636956691741943e-01
-1.438034232705831528e-04 -8.401324041187763214e-03 1.351593062281608582e-02 4.442662373185157776e-02
-3.118299064226448536e-04 1.865242272615432739e-01 1.440446358174085617e-02 -2.439614385366439819e-01
3.418654669076204300e-03 -8.800469338893890381e-03 9.525234811007976532e-03 5.322998389601707458e-02
3.242645412683486938e-03 1.861836165189743042e-01 1.058983430266380310e-02 -2.364325076341629028e-01
6.966317538172006607e-03 -9.088017046451568604e-03 5.861184559762477875e-03 5.957187712192535400e-02
6.784557364881038666e-03 1.859494149684906006e-01 7.052621804177761078e-03 -2.312560528516769409e-01
1.050354540348052979e-02 -9.272606112062931061e-03 2.427500905469059944e-03 6.364313513040542603e-02
1.031809300184249878e-02 1.858144551515579224e-01 3.700363682582974434e-03 -2.282729148864746094e-01
1.403438206762075424e-02 -9.360179305076599121e-03 -8.650946547277271748e-04 6.557494401931762695e-02
1.384717877954244614e-02 -2.044697105884552002e-01 4.464042431209236383e-04 3.579848110675811768e-01
9.757784195244312286e-03 -9.354114532470703125e-03 7.606100291013717651e-03 6.544267386198043823e-02
9.570701979100704193e-03 1.856579631567001343e-01 8.914954029023647308e-03 -2.248308211565017700e-01
1.328386180102825165e-02 -9.590258821845054626e-03 4.418337251991033554e-03 7.065084576606750488e-02
1.309205684810876846e-02 1.854680776596069336e-01 5.831354297697544098e-03 -2.206348031759262085e-01
1.680141873657703400e-02 -9.736745618283748627e-03 1.418658066540956497e-03 7.388184964656829834e-02
1.660668291151523590e-02 -2.048790007829666138e-01 2.896295161917805672e-03 3.670120239257812500e-01
1.250910293310880661e-02 -9.798331186175346375e-03 1.023653522133827209e-02 7.524375617504119873e-02
1.231313589960336685e-02 1.851753890514373779e-01 1.174141094088554382e-02 -2.141920030117034912e-01
1.601664349436759949e-02 -1.011244393885135651e-02 7.457570638507604599e-03 8.217144012451171875e-02
1.581439562141895294e-02 1.849018186330795288e-01 9.100999683141708374e-03 -2.081493139266967773e-01
1.951243169605731964e-02 -1.034908369183540344e-02 4.938012920320034027e-03 8.739056438207626343e-02
1.930544897913932800e-02 1.847017407417297363e-01 6.685824133455753326e-03 -2.037303298711776733e-01
2.299948409199714661e-02 -1.051518414169549942e-02 2.611217787489295006e-03 9.105412662029266357e-02
2.278918027877807617e-02 1.845692396163940430e-01 4.432300105690956116e-03 -2.008038163185119629e-01
2.648056484758853912e-02 -1.061581913381814957e-02 4.162238619755953550e-04 9.327398985624313354e-02
2.626824937760829926e-02 1.845001578330993652e-01 2.281703520566225052e-03 -1.992775946855545044e-01
2.995825186371803284e-02 -1.065434701740741730e-02 -1.703848131000995636e-03 9.412423521280288696e-02
2.974516525864601135e-02 -2.057518362998962402e-01 1.786365173757076263e-04 3.862691223621368408e-01
2.563012950122356415e-02 -1.063242182135581970e-02 7.904019206762313843e-03 9.364251047372817993e-02
2.541748061776161194e-02 1.843753606081008911e-01 9.776868857443332672e-03 -1.965362578630447388e-01
2.910498715937137604e-02 -1.088506728410720825e-02 5.846143700182437897e-03 9.921473264694213867e-02
2.888728678226470947e-02 1.841526180505752563e-01 7.830438204109668732e-03 -1.916180253028869629e-01
3.257033973932266235e-02 -1.108047831803560257e-02 3.998077940195798874e-03 1.035247519612312317e-01
3.234872967004776001e-02 1.839839518070220947e-01 6.068572867661714554e-03 -1.878941208124160767e-01
3.602840751409530640e-02 -1.122429687529802322e-02 2.310690702870488167e-03 1.066970080137252808e-01
3.580392152070999146e-02 1.838644593954086304e-01 4.444630816578865051e-03 -1.852560043334960938e-01
3.948121145367622375e-02 -1.132079679518938065e-02 7.395105203613638878e-04 1.088257059454917908e-01
3.925479575991630554e-02 -2.064533382654190063e-01 2.916024764999747276e-03 4.017418622970581055e-01
3.512572869658470154e-02 -1.137286890298128128e-02 1.095086149871349335e-02 1.099797040224075317e-01
3.489826992154121399e-02 1.835904568433761597e-01 1.315045543015003204e-02 -1.792282611131668091e-01
3.857007995247840881e-02 -1.171718072146177292e-02 9.565890766680240631e-03 1.175739914178848267e-01
3.833573684096336365e-02 1.832664161920547485e-01 1.191737037152051926e-02 -1.720756888389587402e-01
4.200106486678123474e-02 -1.202405989170074463e-02 8.475856855511665344e-03 1.243428438901901245e-01
4.176058247685432434e-02 1.829754412174224854e-01 1.096271350979804993e-02 -1.656540334224700928e-01
4.542009159922599792e-02 -1.230170577764511108e-02 7.649632636457681656e-03 1.304670572280883789e-01
4.517405852675437927e-02 1.827098280191421509e-01 1.025897357612848282e-02 -1.597927212715148926e-01
4.882825538516044617e-02 -1.255747582763433456e-02 7.063119206577539444e-03 1.361089199781417847e-01
4.857710748910903931e-02 1.824626028537750244e-01 9.785297326743602753e-03 -1.543373614549636841e-01
5.222635716199874878e-02 -1.279808301478624344e-02 6.698550190776586533e-03 1.414164751768112183e-01
5.197039619088172913e-02 1.822272986173629761e-01 9.526879526674747467e-03 -1.491456776857376099e-01
5.561494082212448120e-02 -1.302977465093135834e-02 6.543966010212898254e-03 1.465274989604949951e-01
5.535434558987617493e-02 1.819978505373001099e-01 9.474515914916992188e-03 -1.440837681293487549e-01
5.899430438876152039e-02 -1.325849164277315140e-02 6.592840887606143951e-03 1.515730768442153931e-01
5.872913450002670288e-02 1.817684322595596313e-01 9.624302387237548828e-03 -1.390226781368255615e-01
6.236450374126434326e-02 -1.349002588540315628e-02 6.843848619610071182e-03 1.566809415817260742e-01
6.209470331668853760e-02 1.815332770347595215e-01 9.977467358112335205e-03 -1.338350772857666016e-01
6.572536379098892212e-02 -1.373016368597745895e-02 7.300766184926033020e-03 1.619788259267807007e-01
6.545076519250869751e-02 1.812865138053894043e-01 1.054034288972616196e-02 -1.283919811248779297e-01
6.907649338245391846e-02 -1.398483291268348694e-02 7.972503080964088440e-03 1.675975620746612549e-01
6.879679858684539795e-02 1.810220927000045776e-01 1.132445409893989563e-02 -1.225596368312835693e-01
7.241723686456680298e-02 -1.426025107502937317e-02 8.873261511325836182e-03 1.736744195222854614e-01
7.213203608989715576e-02 1.807335913181304932e-01 1.234675012528896332e-02 -1.161961257457733154e-01
7.574670761823654175e-02 -1.456307340413331985e-02 1.002282742410898209e-02 1.803563982248306274e-01
7.545544207096099854e-02 1.804140359163284302e-01 1.362995523959398270e-02 -1.091479063034057617e-01
7.906372845172882080e-02 -1.490055676549673080e-02 1.144699752330780029e-02 1.878038495779037476e-01
7.876571267843246460e-02 1.800557672977447510e-01 1.520307455211877823e-02 -1.012461408972740173e-01
8.236683160066604614e-02 -1.528073009103536606e-02 1.317815110087394714e-02 1.961942762136459351e-01
8.206121623516082764e-02 1.796502619981765747e-01 1.710203662514686584e-02 -9.230256825685501099e-02
8.565422147512435913e-02 -1.571258157491683960e-02 1.525598578155040741e-02 2.057266086339950562e-01
8.533997088670730591e-02 1.791879236698150635e-01 1.937051676213741302e-02 -8.210504055023193359e-02
8.892372995615005493e-02 -1.620627008378505707e-02 1.772841624915599823e-02 2.166258394718170166e-01
8.859959989786148071e-02 1.786578148603439331e-01 2.206093445420265198e-02 -7.041247189044952393e-02
9.217275679111480713e-02 -1.677335612475872040e-02 2.065268345177173615e-02 2.291483432054519653e-01
9.183729439973831177e-02 1.780474632978439331e-01 2.523565106093883514e-02 -5.694912001490592957e-02
9.539823979139328003e-02 3.727986514568328857e-01 2.409666776657104492e-02 -3.415644168853759766e-01
1.028542146086692810e-01 1.773423105478286743e-01 1.726537942886352539e-02 -4.138125479221343994e-02
1.064010635018348694e-01 3.722124695777893066e-01 1.643775589764118195e-02 -3.285671770572662354e-01
1.138453111052513123e-01 1.768604218959808350e-01 9.866411797702312469e-03 -3.074618987739086151e-02
1.173825189471244812e-01 3.718394935131072998e-01 9.251488372683525085e-03 -3.202998936176300049e-01
1.248193085193634033e-01 1.765870302915573120e-01 2.845489885658025742e-03 -2.471382357180118561e-02
1.283510476350784302e-01 -1.857561431825160980e-02 2.351213479414582253e-03 2.688655257225036621e-01
1.279795318841934204e-01 1.765127032995223999e-01 7.728524040430784225e-03 -2.307488396763801575e-02
1.315097957849502563e-01 3.715229630470275879e-01 7.267026230692863464e-03 -3.133094012737274170e-01
1.389402449131011963e-01 1.762982606887817383e-01 1.000838587060570717e-03 -1.834355853497982025e-02
1.424662172794342041e-01 3.714058399200439453e-01 6.339674582704901695e-04 -3.107105493545532227e-01
1.498943269252777100e-01 1.762748658657073975e-01 -5.580243188887834549e-03 -1.782774738967418671e-02
1.534198224544525146e-01 -1.876661926507949829e-02 -5.936798173934221268e-03 2.730893492698669434e-01
1.530444920063018799e-01 1.764395385980606079e-01 -4.750115622300654650e-04 -2.146014571189880371e-02
1.565732806921005249e-01 3.715682923793792725e-01 -9.042144520208239555e-04 -3.142929077148437500e-01
1.640046536922454834e-01 1.764592379331588745e-01 -7.190072443336248398e-03 -2.189527638256549835e-02
1.675338447093963623e-01 -1.855886727571487427e-02 -7.627977989614009857e-03 2.685104608535766602e-01
1.671626567840576172e-01 1.766711026430130005e-01 -2.257768996059894562e-03 -2.656859159469604492e-02
1.706960797309875488e-01 -1.841839030385017395e-02 -2.789140911772847176e-03 2.654011249542236328e-01
1.703277081251144409e-01 1.767432540655136108e-01 2.518881810829043388e-03 -2.816021069884300232e-02
1.738625764846801758e-01 3.718290030956268311e-01 1.955677522346377373e-03 -3.200473487377166748e-01
1.812991648912429810e-01 1.766792535781860352e-01 -4.445269238203763962e-03 -2.674830891191959381e-02
1.848327517509460449e-01 -1.837867498397827148e-02 -4.980235360562801361e-03 2.645287811756134033e-01
1.844651699066162109e-01 1.768140047788619995e-01 3.103400813415646553e-04 -2.972079440951347351e-02
1.880014538764953613e-01 3.719314932823181152e-01 -2.840757952071726322e-04 -3.223057985305786133e-01
1.954400837421417236e-01 1.768136024475097656e-01 -6.730191409587860107e-03 -2.971246093511581421e-02
1.989763528108596802e-01 -1.821119338274002075e-02 -7.324440870434045792e-03 2.608394324779510498e-01
1.986121237277984619e-01 1.770145446062088013e-01 -2.107651904225349426e-03 -3.414467722177505493e-02
2.021524161100387573e-01 3.721666634082794189e-01 -2.790545579046010971e-03 -3.274918496608734131e-01
2.095957547426223755e-01 1.770845502614974976e-01 -9.340382181107997894e-03 -3.569023683667182922e-02
2.131374478340148926e-01 -1.790222525596618652e-02 -1.005418691784143448e-02 2.540311217308044434e-01
2.127794027328491211e-01 1.773618310689926147e-01 -4.973564762622117996e-03 -4.180603101849555969e-02
2.163266390562057495e-01 -1.768844947218894958e-02 -5.809685215353965759e-03 2.493035495281219482e-01
2.159728705883026123e-01 1.775159835815429688e-01 -8.236142457462847233e-04 -4.520620033144950867e-02
2.195231914520263672e-01 3.726497292518615723e-01 -1.727738301269710064e-03 -3.381488621234893799e-01
2.269761860370635986e-01 1.775524169206619263e-01 -8.490716107189655304e-03 -4.601128026843070984e-02
2.305272370576858521e-01 -1.744676195085048676e-02 -9.410941042006015778e-03 2.439807057380676270e-01
2.301782965660095215e-01 1.778083294630050659e-01 -4.531327169388532639e-03 -5.165575072169303894e-02
2.337344586849212646e-01 -1.724834926426410675e-02 -5.564442370086908340e-03 2.395940721035003662e-01
2.333894968032836914e-01 1.779526472091674805e-01 -7.725608884356915951e-04 -5.483883246779441833e-02
2.369485497474670410e-01 3.730856776237487793e-01 -1.869337516836822033e-03 -3.477654159069061279e-01
2.444102615118026733e-01 1.779903620481491089e-01 -8.824645541608333588e-03 -5.567253753542900085e-02
2.479700744152069092e-01 -1.700395904481410980e-02 -9.938096627593040466e-03 2.342131286859512329e-01
2.476299852132797241e-01 1.782585680484771729e-01 -5.253833718597888947e-03 -6.158794090151786804e-02
2.511951625347137451e-01 -1.678766496479511261e-02 -6.485592573881149292e-03 2.294327467679977417e-01
2.508594095706939697e-01 1.784263700246810913e-01 -1.896937726996839046e-03 -6.528888642787933350e-02
2.544279396533966064e-01 3.735754489898681641e-01 -3.202715422958135605e-03 -3.585697114467620850e-01
2.618994414806365967e-01 1.784991919994354248e-01 -1.037410926073789597e-02 -6.689839065074920654e-02
2.654694318771362305e-01 -1.647250726819038391e-02 -1.171207707375288010e-02 2.224934697151184082e-01
2.651399672031402588e-01 1.788148730993270874e-01 -7.262208033353090286e-03 -7.386077195405960083e-02
2.687162756919860840e-01 -1.620221883058547974e-02 -8.739423006772994995e-03 2.165220826864242554e-01
2.683922350406646729e-01 1.790435761213302612e-01 -4.408981651067733765e-03 -7.890477776527404785e-02
2.719731032848358154e-01 -1.601489819586277008e-02 -5.987077485769987106e-03 2.123838514089584351e-01
2.716528177261352539e-01 1.791921406984329224e-01 -1.739400438964366913e-03 -8.218165487051010132e-02
2.752366364002227783e-01 -1.590483635663986206e-02 -3.383033443242311478e-03 2.099519819021224976e-01
2.749185562133789062e-01 1.792653203010559082e-01 8.160061552189290524e-04 -8.379619568586349487e-02
2.785038650035858154e-01 3.743755817413330078e-01 -8.599176653660833836e-04 -3.762215673923492432e-01
2.859913706779479980e-01 1.792658418416976929e-01 -8.384348824620246887e-03 -8.380988985300064087e-02
2.895766794681549072e-01 -1.573492586612701416e-02 -1.006054691970348358e-02 2.062160074710845947e-01
2.892619967460632324e-01 1.795294284820556641e-01 -5.936226341873407364e-03 -8.962345868349075317e-02
2.928525805473327637e-01 -1.550692785531282425e-02 -7.728695403784513474e-03 2.011806964874267578e-01
2.925424277782440186e-01 1.797247081995010376e-01 -3.705081762745976448e-03 -9.393022209405899048e-02
2.961369156837463379e-01 -1.534395013004541397e-02 -5.583686288446187973e-03 1.975814551115036011e-01
2.958300411701202393e-01 1.798574179410934448e-01 -1.632056897506117821e-03 -9.685762971639633179e-02
2.994272112846374512e-01 -1.524110231548547745e-02 -3.569209482520818710e-03 1.953099370002746582e-01
2.991223633289337158e-01 1.799317151308059692e-01 3.369892656337469816e-04 -9.849677979946136475e-02
3.027210235595703125e-01 3.750488460063934326e-01 -1.632946194149553776e-03 -3.910733759403228760e-01
3.102219998836517334e-01 1.799501031637191772e-01 -9.454413317143917084e-03 -9.890573471784591675e-02
3.138209879398345947e-01 -1.503508072346448898e-02 -1.143252849578857422e-02 1.907794177532196045e-01
3.135202825069427490e-01 1.802485436201095581e-01 -7.616939954459667206e-03 -1.054879650473594666e-01
3.171252608299255371e-01 -1.476342976093292236e-02 -9.726699441671371460e-03 1.847821474075317383e-01
3.168299794197082520e-01 1.804963350296020508e-01 -6.031056400388479233e-03 -1.109532415866851807e-01
3.204399049282073975e-01 -1.453868113458156586e-02 -8.250121027231216431e-03 1.798208355903625488e-01
3.201491534709930420e-01 1.807003468275070190e-01 -4.653704352676868439e-03 -1.154532581567764282e-01
3.237631618976593018e-01 -1.435461174696683884e-02 -6.962769664824008942e-03 1.757578402757644653e-01
3.234760463237762451e-01 1.808662861585617065e-01 -3.447612980380654335e-03 -1.191134601831436157e-01
3.270933926105499268e-01 -1.420609559863805771e-02 -5.829881876707077026e-03 1.724797934293746948e-01
3.268092572689056396e-01 1.809988021850585938e-01 -2.380286343395709991e-03 -1.220365688204765320e-01
3.304292261600494385e-01 -1.408895943313837051e-02 -4.821017850190401077e-03 1.698944568634033203e-01
3.301474750041961670e-01 1.811016649007797241e-01 -1.423128647729754448e-03 -1.243054568767547607e-01
3.337695002555847168e-01 -1.399987097829580307e-02 -3.909237682819366455e-03 1.679281443357467651e-01
3.334895074367523193e-01 1.811778247356414795e-01 -5.506747402250766754e-04 -1.259854584932327271e-01
3.371130526065826416e-01 -1.393624022603034973e-02 -3.070383798331022263e-03 1.665236800909042358e-01
3.368343412876129150e-01 1.812295317649841309e-01 2.600898151285946369e-04 -1.271262764930725098e-01
3.404589295387268066e-01 -1.389614865183830261e-02 -2.282435772940516472e-03 1.656387001276016235e-01
3.401809930801391602e-01 1.812583953142166138e-01 1.030338113196194172e-03 -1.277634054422378540e-01
3.438061773777008057e-01 -1.387829612940549850e-02 -1.524929888546466827e-03 1.652444005012512207e-01
3.435285985469818115e-01 1.812654435634613037e-01 1.779958256520330906e-03 -1.279191970825195312e-01
3.471539020538330078e-01 3.763618469238281250e-01 -7.784258341416716576e-04 -4.200400412082672119e-01
3.546811342239379883e-01 1.812509447336196899e-01 -9.179227054119110107e-03 -1.276026219129562378e-01
3.583061695098876953e-01 -1.373831368982791901e-02 -1.173127908259630203e-02 1.621702909469604492e-01
3.580313920974731445e-01 1.815495938062667847e-01 -8.487873710691928864e-03 -1.341903358697891235e-01
3.616623878479003906e-01 -1.344975084066390991e-02 -1.117167994379997253e-02 1.558027416467666626e-01
3.613933920860290527e-01 1.818303614854812622e-01 -8.055625483393669128e-03 -1.403835415840148926e-01
3.650299906730651855e-01 -1.317529845982789993e-02 -1.086329575628042221e-02 1.497471183538436890e-01
3.647665083408355713e-01 1.821005195379257202e-01 -7.868353277444839478e-03 -1.463430523872375488e-01
3.684085011482238770e-01 -1.290788128972053528e-02 -1.079521421343088150e-02 1.438472121953964233e-01
3.681503534317016602e-01 1.823669970035552979e-01 -7.918270304799079895e-03 -1.522217690944671631e-01
3.717976808547973633e-01 -1.264068670570850372e-02 -1.096270605921745300e-02 1.379526257514953613e-01
3.715448677539825439e-01 1.826365590095520020e-01 -8.203653618693351746e-03 -1.581685990095138550e-01
3.751975893974304199e-01 -1.236699149012565613e-02 -1.136702485382556915e-02 1.319150328636169434e-01
3.749502599239349365e-01 1.829159259796142578e-01 -8.728724904358386993e-03 -1.643322557210922241e-01
3.786085844039916992e-01 -1.207999140024185181e-02 -1.201536972075700760e-02 1.255842596292495728e-01
3.783669769763946533e-01 1.832120120525360107e-01 -9.503684006631374359e-03 -1.708650290966033936e-01
3.820312321186065674e-01 -1.177263073623180389e-02 -1.292098499834537506e-02 1.188046857714653015e-01
3.817957639694213867e-01 1.835320442914962769e-01 -1.054489146918058395e-02 -1.779265254735946655e-01
3.854663968086242676e-01 -1.143743097782135010e-02 -1.410342194139957428e-02 1.114112809300422668e-01
3.852376639842987061e-01 1.838837414979934692e-01 -1.187519636005163193e-02 -1.856876164674758911e-01
3.889153301715850830e-01 -1.106630358844995499e-02 -1.558894850313663483e-02 1.032256111502647400e-01
3.886940181255340576e-01 1.842755377292633057e-01 -1.352443639189004898e-02 -1.943345218896865845e-01
3.923795223236083984e-01 -1.065036002546548843e-02 -1.741112582385540009e-02 9.405153244733810425e-02
3.921665251255035400e-01 -2.055184841156005859e-01 -1.553009636700153351e-02 3.811908066272735596e-01
3.880561590194702148e-01 -1.017949730157852173e-02 -7.906279526650905609e-03 8.365198969841003418e-02
3.878525495529174805e-01 1.850548833608627319e-01 -6.233240012079477310e-03 -2.115148603916168213e-01
3.915536403656005859e-01 -9.977388195693492889e-03 -1.046353764832019806e-02 7.919531315565109253e-02
3.913541138172149658e-01 1.852929890155792236e-01 -8.879630826413631439e-03 -2.167704403400421143e-01
3.950599730014801025e-01 -9.700906462967395782e-03 -1.321503985673189163e-02 7.309829443693161011e-02
3.948659598827362061e-01 -2.046309411525726318e-01 -1.175307389348745346e-02 3.615826964378356934e-01
3.907733261585235596e-01 -9.343915618956089020e-03 -4.521420225501060486e-03 6.521707028150558472e-02
3.905864357948303223e-01 1.858425736427307129e-01 -3.217078745365142822e-03 -2.288889586925506592e-01
3.943032920360565186e-01 -9.233263321220874786e-03 -7.794857956469058990e-03 6.277745962142944336e-02
3.941186368465423584e-01 1.859995722770690918e-01 -6.539308466017246246e-03 -2.323545664548873901e-01
3.978386223316192627e-01 -9.028329513967037201e-03 -1.118639949709177017e-02 5.825849249958992004e-02
3.976580500602722168e-01 -2.039881199598312378e-01 -1.002123020589351654e-02 3.473911583423614502e-01
3.935782909393310547e-01 -8.725070394575595856e-03 -3.073407104238867760e-03 5.156508833169937134e-02
3.934037983417510986e-01 1.864408105611801147e-01 -2.042105421423912048e-03 -2.420859336853027344e-01
3.971326053142547607e-01 -8.651907555758953094e-03 -6.883824244141578674e-03 4.995215684175491333e-02
3.969595730304718018e-01 -2.036744803190231323e-01 -5.884781014174222946e-03 3.404552638530731201e-01
3.928860723972320557e-01 -8.469291962683200836e-03 9.243242093361914158e-04 4.592243209481239319e-02
3.927167057991027832e-01 1.866393983364105225e-01 1.842772820964455605e-03 -2.464687228202819824e-01
3.964494764804840088e-01 -8.508829399943351746e-03 -3.086601616814732552e-03 4.679489135742187500e-02
3.962793052196502686e-01 1.866572499275207520e-01 -2.150703687220811844e-03 -2.468602806329727173e-01
4.000124633312225342e-01 -8.433923125267028809e-03 -7.087909616529941559e-03 4.514348506927490234e-02
3.998437821865081787e-01 -2.034535259008407593e-01 -6.185039877891540527e-03 3.355817198753356934e-01
3.957747220993041992e-01 -8.244099095463752747e-03 5.265944055281579494e-04 4.095477983355522156e-02
3.956098258495330811e-01 1.868702918291091919e-01 1.345689990557730198e-03 -2.515619397163391113e-01
3.993472456932067871e-01 -8.270843885838985443e-03 -3.685548901557922363e-03 4.154512658715248108e-02
3.991818130016326904e-01 -2.033397555351257324e-01 -2.854646416381001472e-03 3.330629467964172363e-01
3.951150178909301758e-01 -8.177286945283412933e-03 3.806612454354763031e-03 3.948118165135383606e-02
3.949514627456665039e-01 1.868898719549179077e-01 4.596236161887645721e-03 -2.519983053207397461e-01
3.986892700195312500e-01 -8.297408930957317352e-03 -4.437296884134411812e-04 4.213082417845726013e-02
3.985233306884765625e-01 1.868309080600738525e-01 3.988867683801800013e-04 -2.506920695304870605e-01
4.022599458694458008e-01 -8.296742103993892670e-03 -4.614954814314842224e-03 4.211664572358131409e-02
4.020940065383911133e-01 -2.033522129058837891e-01 -3.772621741518378258e-03 3.333399295806884766e-01
3.980269730091094971e-01 -8.176770061254501343e-03 2.894177101552486420e-03 3.946971520781517029e-02
3.978634178638458252e-01 1.869035661220550537e-01 3.683571470901370049e-03 -2.522986531257629395e-01
4.016014933586120605e-01 -8.270796388387680054e-03 -1.362401992082595825e-03 4.154384881258010864e-02
4.014360904693603516e-01 1.868706643581390381e-01 -5.315250018611550331e-04 -2.515686154365539551e-01
4.051734805107116699e-01 -8.243692107498645782e-03 -5.562897305935621262e-03 4.094660654664039612e-02
4.050086140632629395e-01 -2.032854259014129639e-01 -4.743965342640876770e-03 3.318692147731781006e-01
4.009429216384887695e-01 -8.096278645098209381e-03 1.893418957479298115e-03 3.769404813647270203e-02
4.007809758186340332e-01 1.869984716176986694e-01 2.647300017997622490e-03 -2.543908953666687012e-01
4.045209586620330811e-01 -8.161179721355438232e-03 -2.440517768263816833e-03 3.912587091326713562e-02
4.043577313423156738e-01 1.869956851005554199e-01 -1.658000284805893898e-03 -2.543260753154754639e-01
4.080976545810699463e-01 -8.102555759251117706e-03 -6.744521670043468475e-03 3.783344104886054993e-02
4.079355895519256592e-01 -2.031271457672119141e-01 -5.987852811813354492e-03 3.283807933330535889e-01
4.038730561733245850e-01 -7.920461706817150116e-03 5.797631456516683102e-04 3.381560370326042175e-02
4.037146568298339844e-01 1.871931701898574829e-01 1.256075222045183182e-03 -2.586843371391296387e-01
4.074585139751434326e-01 -7.946690544486045837e-03 -3.917611669749021530e-03 3.439449891448020935e-02
4.072995781898498535e-01 -2.030122429132461548e-01 -3.229721682146191597e-03 3.258388042449951172e-01
4.032393395900726318e-01 -7.844456471502780914e-03 3.287054598331451416e-03 3.213912248611450195e-02
4.030824303627014160e-01 1.872301995754241943e-01 3.929837141185998917e-03 -2.595048844814300537e-01
4.068270325660705566e-01 -7.947628386318683624e-03 -1.260261051356792450e-03 3.441496193408966064e-02
4.066680967807769775e-01 1.871923655271530151e-01 -5.719618056900799274e-04 -2.586653232574462891e-01
4.104119241237640381e-01 -7.921408861875534058e-03 -5.745268426835536957e-03 3.383713960647583008e-02
4.102534949779510498e-01 -2.029605060815811157e-01 -5.068525671958923340e-03 3.247018456459045410e-01
4.061942994594573975e-01 -7.766749709844589233e-03 1.425511552952229977e-03 3.042484633624553680e-02
4.060389697551727295e-01 1.873347312211990356e-01 2.034008502960205078e-03 -2.618079781532287598e-01
4.097856581211090088e-01 -7.816197350621223450e-03 -3.202151041477918625e-03 3.151580691337585449e-02
4.096293449401855469e-01 -2.028920799493789673e-01 -2.571834949776530266e-03 3.231866955757141113e-01
4.055714905261993408e-01 -7.733603473752737045e-03 3.891899250447750092e-03 2.969383448362350464e-02
4.054168164730072021e-01 1.873323172330856323e-01 4.485775716602802277e-03 -2.617586255073547363e-01
4.091634750366210938e-01 -7.853375747799873352e-03 -7.493965094909071922e-04 3.233579173684120178e-02
4.090063869953155518e-01 1.872793138027191162e-01 -1.026806785375811160e-04 -2.605834901332855225e-01
4.127519726753234863e-01 -7.841170765459537506e-03 -5.314350128173828125e-03 3.206705674529075623e-02
4.125951528549194336e-01 -2.028865069150924683e-01 -4.673009272664785385e-03 3.230685293674468994e-01
4.085374474525451660e-01 -7.698330096900463104e-03 1.788361230865120888e-03 2.891558781266212463e-02
4.083834588527679443e-01 1.873979270458221436e-01 2.366672968491911888e-03 -2.632025480270385742e-01
4.121314287185668945e-01 -7.757723331451416016e-03 -2.897378057241439819e-03 3.022590465843677521e-02
4.119762778282165527e-01 -2.028380036354064941e-01 -2.292860066518187523e-03 3.219932615756988525e-01
4.079194962978363037e-01 -7.683477830141782761e-03 4.147005267441272736e-03 2.858814969658851624e-02
4.077658355236053467e-01 1.873787641525268555e-01 4.718768410384654999e-03 -2.627834677696228027e-01
4.115134179592132568e-01 -7.810230832546949387e-03 -5.369010032154619694e-04 3.138406574726104736e-02
4.113572239875793457e-01 1.873194128274917603e-01 9.078028961084783077e-05 -2.614682018756866455e-01
4.151036143302917480e-01 -7.803831249475479126e-03 -5.138583946973085403e-03 3.124334663152694702e-02
4.149475097656250000e-01 -2.028517127037048340e-01 -4.513716790825128555e-03 3.223005831241607666e-01
4.108904898166656494e-01 -7.665781769901514053e-03 1.932294457219541073e-03 2.819762751460075378e-02
4.107371866703033447e-01 1.874283999204635620e-01 2.496246946975588799e-03 -2.638750076293945312e-01
4.144857525825500488e-01 -7.729086559265851974e-03 -2.781253308057785034e-03 2.959420904517173767e-02
4.143311679363250732e-01 -2.028110474348068237e-01 -2.189369173720479012e-03 3.213983178138732910e-01
4.102749526500701904e-01 -7.657981943339109421e-03 4.238597583025693893e-03 2.802575938403606415e-02
4.101217687129974365e-01 1.874029338359832764e-01 4.799112677574157715e-03 -2.633168399333953857e-01
4.138698279857635498e-01 -7.787193637341260910e-03 -4.672241047956049442e-04 3.087591193616390228e-02
4.137140810489654541e-01 1.873414516448974609e-01 1.502941304352134466e-04 -2.619543969631195068e-01
4.174609184265136719e-01 -7.782641332596540451e-03 -5.088793579488992691e-03 3.077593445777893066e-02
4.173052608966827393e-01 -2.028312534093856812e-01 -4.473275039345026016e-03 3.218489587306976318e-01
4.132486581802368164e-01 -7.645882666110992432e-03 1.963704125955700874e-03 2.775870077311992645e-02
4.130957424640655518e-01 1.874478459358215332e-01 2.518878085538744926e-03 -2.643040120601654053e-01
4.168446958065032959e-01 -7.709960453212261200e-03 -2.767201978713274002e-03 2.917233109474182129e-02
4.166904985904693604e-01 -2.027921229600906372e-01 -2.183755394071340561e-03 3.209809064865112305e-01
4.126346409320831299e-01 -7.639137096703052521e-03 4.235862288624048233e-03 2.761009335517883301e-02
4.124818742275238037e-01 1.874218136072158813e-01 4.788064397871494293e-03 -2.637333571910858154e-01
4.162302911281585693e-01 -7.768152281641960144e-03 -4.866030940320342779e-04 3.045590966939926147e-02
4.160749316215515137e-01 1.873607784509658813e-01 1.225151063408702612e-04 -2.623805105686187744e-01
4.198221564292907715e-01 -7.762926165014505386e-03 -5.125095136463642120e-03 3.034106083214282990e-02
4.196668863296508789e-01 -2.028110027313232422e-01 -4.518273752182722092e-03 3.214025795459747314e-01
4.156106710433959961e-01 -7.625005207955837250e-03 1.909777638502418995e-03 2.729818597435951233e-02
4.154581725597381592e-01 1.874695122241973877e-01 2.455741399899125099e-03 -2.647815644741058350e-01
4.192075729370117188e-01 -7.687409408390522003e-03 -2.839890075847506523e-03 2.867490611970424652e-02
4.190538227558135986e-01 -2.027685195207595825e-01 -2.266391878947615623e-03 3.204604685306549072e-01
4.149984419345855713e-01 -7.614365778863430023e-03 4.142817109823226929e-03 2.706366591155529022e-02
4.148461520671844482e-01 1.874479353427886963e-01 4.684090614318847656e-03 -2.643092870712280273e-01
4.185951054096221924e-01 -7.740564178675413132e-03 -6.020949804224073887e-04 2.984736673533916473e-02
4.184403121471405029e-01 1.873900145292282104e-01 -5.147666797711281106e-06 -2.630254626274108887e-01
4.221881031990051270e-01 -7.731861434876918793e-03 -5.265656858682632446e-03 2.965583465993404388e-02
4.220334589481353760e-01 -2.027779072523117065e-01 -4.672540351748466492e-03 3.206727504730224609e-01
4.179778993129730225e-01 -7.589724846184253693e-03 1.740914653055369854e-03 2.651995234191417694e-02
4.178261160850524902e-01 1.875072121620178223e-01 2.271313685923814774e-03 -2.656131982803344727e-01
4.215762615203857422e-01 -7.647078018635511398e-03 -3.040950046852231026e-03 2.778526581823825836e-02
4.214233160018920898e-01 -2.027252912521362305e-01 -2.485244767740368843e-03 3.195071816444396973e-01
4.173687994480133057e-01 -7.568030618131160736e-03 3.904899116605520248e-03 2.604154683649539948e-02
4.172174632549285889e-01 1.874977052211761475e-01 4.425730090588331223e-03 -2.654067873954772949e-01
4.209674000740051270e-01 -7.687134202569723129e-03 -8.824057294987142086e-04 2.866876311600208282e-02
4.208136498928070068e-01 1.874474585056304932e-01 -3.090304962825030088e-04 -2.642924487590789795e-01
4.245626032352447510e-01 -7.670078426599502563e-03 -5.594879388809204102e-03 2.829299680888652802e-02
4.244092106819152832e-01 -2.027113437652587891e-01 -5.029019434005022049e-03 3.192054331302642822e-01
4.203549921512603760e-01 -7.518137805163860321e-03 1.355089363642036915e-03 2.494079805910587311e-02
4.202046096324920654e-01 1.875843554735183716e-01 1.853905385360121727e-03 -2.673142850399017334e-01
4.239563047885894775e-01 -7.564006838947534561e-03 -3.492380026727914810e-03 2.595281042158603668e-02
4.238050282001495361e-01 -2.026357054710388184e-01 -2.973323920741677284e-03 3.175318241119384766e-01
4.197522997856140137e-01 -7.471526507288217545e-03 3.377312328666448593e-03 2.391268685460090637e-02
4.196028709411621094e-01 1.876018345355987549e-01 3.855566028505563736e-03 -2.677027583122253418e-01
4.233549237251281738e-01 -7.574934978038072586e-03 -1.498488942161202431e-03 2.619375288486480713e-02
4.232034087181091309e-01 1.875684708356857300e-01 -9.746138821355998516e-04 -2.669615745544433594e-01
4.269547760486602783e-01 -7.539554033428430557e-03 -6.313845515251159668e-03 2.541377954185009003e-02
4.268040060997009277e-01 -2.025703936815261841e-01 -5.805570166558027267e-03 3.160979449748992920e-01
4.227525889873504639e-01 -7.366230711340904236e-03 5.163889727555215359e-04 2.158981189131736755e-02
4.226052761077880859e-01 1.877483129501342773e-01 9.481852175667881966e-04 -2.709301412105560303e-01
4.263602197170257568e-01 -7.387157529592514038e-03 -4.470417741686105728e-03 2.205169387161731720e-02
4.262124896049499512e-01 -2.024447172880172729e-01 -4.029383882880210876e-03 3.133208155632019043e-01
4.221636056900024414e-01 -7.265594322234392166e-03 2.237032400444149971e-03 1.936986856162548065e-02
4.220182895660400391e-01 1.878242045640945435e-01 2.624429762363433838e-03 -2.726064026355743408e-01
4.257747530937194824e-01 -7.335096597671508789e-03 -2.827698364853858948e-03 2.090311422944068909e-02
4.256280660629272461e-01 -2.024163752794265747e-01 -2.409636043012142181e-03 3.126925230026245117e-01
4.215797483921051025e-01 -7.260185666382312775e-03 3.844214370474219322e-03 1.925065368413925171e-02
4.214345216751098633e-01 1.878064274787902832e-01 4.229227546602487564e-03 -2.722169160842895508e-01
4.251906573772430420e-01 -7.375617511570453644e-03 -1.215110532939434052e-03 2.179693058133125305e-02
4.250431358814239502e-01 1.877637356519699097e-01 -7.791719399392604828e-04 -2.712691426277160645e-01
4.287984371185302734e-01 -7.347085513174533844e-03 -6.204554345458745956e-03 2.116794139146804810e-02
4.286514818668365479e-01 -2.023795098066329956e-01 -5.781195592135190964e-03 3.118868172168731689e-01
4.246038794517517090e-01 -7.175676058977842331e-03 4.565406707115471363e-04 1.738629862666130066e-02
4.244603812694549561e-01 1.879397183656692505e-01 8.042666595429182053e-04 -2.751525342464447021e-01
4.282191693782806396e-01 -7.193692028522491455e-03 -4.698784090578556061e-03 1.778393611311912537e-02
4.280752837657928467e-01 -2.022479474544525146e-01 -4.343105480074882507e-03 3.089806437492370605e-01
4.240303337574005127e-01 -7.064380217343568802e-03 1.836507348343729973e-03 1.493119355291128159e-02
4.238890409469604492e-01 1.880311816930770874e-01 2.135131275281310081e-03 -2.771717309951782227e-01
4.276496767997741699e-01 -7.121161557734012604e-03 -3.408303484320640564e-03 1.618385314941406250e-02
4.275072515010833740e-01 -2.021940648555755615e-01 -3.084626281633973122e-03 3.077894747257232666e-01
4.234633743762969971e-01 -7.028300315141677856e-03 3.071163082495331764e-03 1.413533557206392288e-02
4.233227968215942383e-01 1.880494654178619385e-01 3.353869775310158730e-03 -2.775770127773284912e-01
4.270837903022766113e-01 -7.120165042579174042e-03 -2.197670517489314079e-03 1.616182364523410797e-02
4.269413948059082031e-01 -2.022105306386947632e-01 -1.874434063211083412e-03 3.081505596637725830e-01
4.228971898555755615e-01 -7.061921060085296631e-03 4.288577008992433548e-03 1.487706694751977921e-02
4.227559566497802734e-01 1.879982650279998779e-01 4.586118273437023163e-03 -2.764496803283691406e-01
4.265159070491790771e-01 -7.188814692199230194e-03 -9.428754565306007862e-04 1.767617091536521912e-02
4.263721406459808350e-01 -2.022972255945205688e-01 -5.893520428799092770e-04 3.100614547729492188e-01
4.223261773586273193e-01 -7.166888099163770676e-03 5.611876957118511200e-03 1.719272695481777191e-02
4.221828579902648926e-01 1.878741383552551270e-01 5.955731496214866638e-03 -2.737143039703369141e-01
4.259403347969055176e-01 -7.332286797463893890e-03 4.814453423023223877e-04 2.084109559655189514e-02
4.257936775684356689e-01 1.877827495336532593e-01 8.982672588899731636e-04 -2.716898918151855469e-01
4.295493364334106445e-01 -7.352000568062067032e-03 -4.535530693829059601e-03 2.127621881663799286e-02
4.294022917747497559e-01 -2.024086117744445801e-01 -4.110006149858236313e-03 3.125246763229370117e-01
4.253541231155395508e-01 -7.228353992104530334e-03 2.140487544238567352e-03 1.854843273758888245e-02
4.252095520496368408e-01 1.878628283739089966e-01 2.511456375941634178e-03 -2.734583914279937744e-01
4.289668202400207520e-01 -7.294860668480396271e-03 -2.957711229100823402e-03 2.001561038196086884e-02
4.288209080696105957e-01 -2.023742645978927612e-01 -2.557399217039346695e-03 3.117638826370239258e-01
4.247734248638153076e-01 -7.215978577733039856e-03 3.677878528833389282e-03 1.827552355825901031e-02
4.246291220188140869e-01 1.878530383110046387e-01 4.043389111757278442e-03 -2.732447385787963867e-01
4.283861815929412842e-01 -7.326375693082809448e-03 -1.421505585312843323e-03 2.071075141429901123e-02
4.282396435737609863e-01 1.878159344196319580e-01 -1.007290557026863098e-03 -2.724203467369079590e-01
4.319959580898284912e-01 -7.291630841791629791e-03 -6.455697119235992432e-03 1.994471624493598938e-02
4.318501353263854980e-01 -2.023204118013381958e-01 -6.056802812963724136e-03 3.105838298797607422e-01
4.278037250041961670e-01 -7.112689781934022903e-03 1.548735453980043530e-04 1.599692925810813904e-02
4.276614785194396973e-01 1.880070418119430542e-01 4.748121136799454689e-04 -2.766371369361877441e-01
4.314216077327728271e-01 -7.121682167053222656e-03 -5.057930480688810349e-03 1.619551517069339752e-02
4.312791824340820312e-01 -2.021707296371459961e-01 -4.734020214527845383e-03 3.072783350944519043e-01
4.272357523441314697e-01 -6.981645710766315460e-03 1.411546254530549049e-03 1.310617662966251373e-02
4.270961284637451172e-01 1.881200373172760010e-01 1.673669787123799324e-03 -2.791310548782348633e-01
4.308585226535797119e-01 -7.025753147900104523e-03 -3.908951301127672195e-03 1.407927274703979492e-02
4.307180047035217285e-01 -2.020914256572723389e-01 -3.627365920692682266e-03 3.055263161659240723e-01
4.266761839389801025e-01 -6.917973514646291733e-03 2.483160467818379402e-03 1.170162111520767212e-02
4.265378415584564209e-01 1.881682723760604858e-01 2.717192983254790306e-03 -2.801968157291412354e-01
4.303011894226074219e-01 -6.992327980697154999e-03 -2.886743051931262016e-03 1.334187667816877365e-02
4.301613569259643555e-01 -2.020727545022964478e-01 -2.619905630126595497e-03 3.051126003265380859e-01
4.261198937892913818e-01 -6.913572549819946289e-03 3.482346422970294952e-03 1.160457637161016464e-02
4.259816110134124756e-01 1.881582587957382202e-01 3.714438062161207199e-03 -2.799775898456573486e-01
4.297447800636291504e-01 -7.016475312411785126e-03 -1.885113888420164585e-03 1.387453544884920120e-02
4.296044707298278809e-01 -2.021113336086273193e-01 -1.607623184099793434e-03 3.059620857238769531e-01
4.255622327327728271e-01 -6.966517772525548935e-03 4.511618521064519882e-03 1.277259364724159241e-02
4.254229068756103516e-01 1.880904436111450195e-01 4.767070524394512177e-03 -2.784834504127502441e-01
4.291847050189971924e-01 -7.099190726876258850e-03 -8.025986026041209698e-04 1.569917798042297363e-02
4.290427267551422119e-01 -2.022096216678619385e-01 -4.886150709353387356e-04 3.081287741661071777e-01
4.249985218048095703e-01 -7.080712355673313141e-03 5.673960316926240921e-03 1.529178488999605179e-02
4.248569309711456299e-01 1.879594027996063232e-01 5.979795940220355988e-03 -2.755955457687377930e-01
4.286161065101623535e-01 -7.247344590723514557e-03 4.678849363699555397e-04 1.896739192306995392e-02
4.284711480140686035e-01 1.878678947687149048e-01 8.472327608615159988e-04 -2.735678851604461670e-01
4.322285056114196777e-01 -7.266136351972818375e-03 -4.624124616384506226e-03 1.938215084373950958e-02
4.320831894874572754e-01 -2.023214697837829590e-01 -4.236481618136167526e-03 3.106025457382202148e-01
4.280367791652679443e-01 -7.139415480196475983e-03 1.975568942725658417e-03 1.658655889332294464e-02
4.278939664363861084e-01 1.879541426897048950e-01 2.307300223037600517e-03 -2.754724025726318359e-01
4.316530525684356689e-01 -7.200646214187145233e-03 -3.202147781848907471e-03 1.793736033141613007e-02
4.315090477466583252e-01 -2.022765278816223145e-01 -2.843400463461875916e-03 3.096082508563995361e-01
4.274635314941406250e-01 -7.114180829375982285e-03 3.348764497786760330e-03 1.602995768189430237e-02
4.273212254047393799e-01 1.879595816135406494e-01 3.669363679364323616e-03 -2.755945026874542236e-01
4.310804307460784912e-01 -7.214525248855352402e-03 -1.842526602558791637e-03 1.824346929788589478e-02
4.309361279010772705e-01 -2.023100107908248901e-01 -1.477657235227525234e-03 3.103444874286651611e-01
4.268899261951446533e-01 -7.167031057178974152e-03 4.729232285171747208e-03 1.719591766595840454e-02
4.267466068267822266e-01 1.878867745399475098e-01 5.073150619864463806e-03 -2.739911377429962158e-01
4.305043220520019531e-01 -7.307188119739294052e-03 -4.066719266120344400e-04 2.028754539787769318e-02
4.303581714630126953e-01 1.878205984830856323e-01 -9.210249913849111181e-07 -2.725236713886260986e-01
4.341146051883697510e-01 -7.301345467567443848e-03 -5.451394245028495789e-03 2.015897259116172791e-02
4.339685738086700439e-01 -2.023447006940841675e-01 -5.048214923590421677e-03 3.111169636249542236e-01
4.299216866493225098e-01 -7.151186931878328323e-03 1.174124190583825111e-03 1.684624888002872467e-02
4.297786653041839600e-01 1.879539042711257935e-01 1.511049107648432255e-03 -2.754659950733184814e-01
4.335377216339111328e-01 -7.189571391791105270e-03 -3.998270723968744278e-03 1.769313216209411621e-02
4.333939254283905029e-01 -2.022539526224136353e-01 -3.644408192485570908e-03 3.091118931770324707e-01
4.293488562107086182e-01 -7.080267649143934250e-03 2.537829568609595299e-03 1.528184115886688232e-02
4.292072653770446777e-01 1.880051940679550171e-01 2.843466354534029961e-03 -2.765992879867553711e-01
4.329673647880554199e-01 -7.157206535339355469e-03 -2.688519656658172607e-03 1.697910763323307037e-02
4.328242242336273193e-01 -2.022404968738555908e-01 -2.348937327042222023e-03 3.088125586509704590e-01
4.287793934345245361e-01 -7.085157092660665512e-03 3.827313892543315887e-03 1.538977213203907013e-02
4.286377131938934326e-01 1.879816949367523193e-01 4.135109484195709229e-03 -2.760831415653228760e-01
4.323973357677459717e-01 -7.199005223810672760e-03 -1.386553398333489895e-03 1.790113002061843872e-02
4.322533607482910156e-01 1.879428029060363770e-01 -1.028530881740152836e-03 -2.752189338207244873e-01
4.360122084617614746e-01 -7.164458278566598892e-03 -6.532909814268350601e-03 1.713940314948558807e-02
4.358689188957214355e-01 -2.021921128034591675e-01 -6.190121639519929886e-03 3.077539801597595215e-01
4.318250715732574463e-01 -6.982508581131696701e-03 -3.504211417748592794e-05 1.312529854476451874e-02
4.316854178905487061e-01 1.881399452686309814e-01 2.274638682138174772e-04 -2.795686721801757812e-01
4.354482293128967285e-01 -6.985249929130077362e-03 -5.363909993320703506e-03 1.318597607314586639e-02
4.353085160255432129e-01 -2.020298689603805542e-01 -5.100190173834562302e-03 3.041717112064361572e-01
4.312679171562194824e-01 -6.835604552179574966e-03 9.832439245656132698e-04 9.884675033390522003e-03
4.311312139034271240e-01 1.882722377777099609e-01 1.180937397293746471e-03 -2.824878692626953125e-01
4.348966479301452637e-01 -6.866543553769588470e-03 -4.468820057809352875e-03 1.056729070842266083e-02
4.347593188285827637e-01 -2.019241154193878174e-01 -4.257474094629287720e-03 3.018369078636169434e-01
4.307208359241485596e-01 -6.741750054061412811e-03 1.779264071956276894e-03 7.814310491085052490e-03
4.305860102176666260e-01 1.883546411991119385e-01 1.935550360940396786e-03 -2.843067049980163574e-01
4.343531131744384766e-01 -6.794864777475595474e-03 -3.750583855435252190e-03 8.986052125692367554e-03
4.342172145843505859e-01 -2.018628269433975220e-01 -3.570862812921404839e-03 3.004832565784454346e-01
4.301799535751342773e-01 -6.690161768347024918e-03 2.438802504912018776e-03 6.676305085420608521e-03
4.300461411476135254e-01 1.883967220783233643e-01 2.572328783571720123e-03 -2.852361500263214111e-01
4.338140785694122314e-01 -6.761814467608928680e-03 -3.132394282147288322e-03 8.256956934928894043e-03
4.336788356304168701e-01 -2.018387019634246826e-01 -2.967255190014839172e-03 2.999499440193176270e-01
4.296420812606811523e-01 -6.674583535641431808e-03 3.031743457540869713e-03 6.332669872790575027e-03
4.295085668563842773e-01 1.884037554264068604e-01 3.158396808430552483e-03 -2.853921651840209961e-01
4.332766532897949219e-01 -6.763096433132886887e-03 -2.549446420744061470e-03 8.285221643745899200e-03
4.331413805484771729e-01 -2.018483877182006836e-01 -2.383742015808820724e-03 3.001626729965209961e-01
4.291044175624847412e-01 -6.692545488476753235e-03 3.619511611759662628e-03 6.728920154273509979e-03
4.289705753326416016e-01 1.883773058652877808e-01 3.754089819267392159e-03 -2.848097980022430420e-01
4.327381253242492676e-01 -6.797981448471546173e-03 -1.942106289789080620e-03 9.054761379957199097e-03
4.326021671295166016e-01 -2.018920332193374634e-01 -1.761011080816388130e-03 3.011243045330047607e-01
4.285643100738525391e-01 -6.745019461959600449e-03 4.261475056409835815e-03 7.886505685746669769e-03
4.284294247627258301e-01 1.883155554533004761e-01 4.419204778969287872e-03 -2.834488451480865479e-01
4.321957230567932129e-01 -6.869145203381776810e-03 -1.249771681614220142e-03 1.062460336834192276e-02
4.320583343505859375e-01 -2.019731551408767700e-01 -1.037279609590768814e-03 3.029129505157470703e-01
4.280188977718353271e-01 -6.836431566625833511e-03 5.020979326218366623e-03 9.903069585561752319e-03
4.278821647167205811e-01 1.882131546735763550e-01 5.219040904194116592e-03 -2.811914682388305664e-01
4.316464066505432129e-01 -6.982853636145591736e-03 -4.047884140163660049e-04 1.313295494765043259e-02
4.315067529678344727e-01 -2.020989954471588135e-01 -1.421293127350509167e-04 3.056881427764892578e-01
4.274647831916809082e-01 -6.975021213293075562e-03 5.971633363515138626e-03 1.296039111912250519e-02
4.273252785205841064e-01 1.880607753992080688e-01 6.230841390788555145e-03 -2.778324484825134277e-01
4.310865104198455811e-01 -7.149502169340848923e-03 6.741923280060291290e-04 1.680915057659149170e-02
4.309435188770294189e-01 1.879627704620361328e-01 1.010375330224633217e-03 -2.756609916687011719e-01
4.347027540206909180e-01 -7.173578254878520966e-03 -4.502844531089067459e-03 1.734044402837753296e-02
4.345592856407165527e-01 -2.022306621074676514e-01 -4.156035371124744415e-03 3.085992634296417236e-01
4.305146932601928711e-01 -7.049743551760911942e-03 2.015950158238410950e-03 1.460855267941951752e-02
4.303736686706542969e-01 1.880432367324829102e-01 2.308121183887124062e-03 -2.774376273155212402e-01
4.341345429420471191e-01 -7.111565209925174713e-03 -3.240631660446524620e-03 1.597237586975097656e-02
4.339923262596130371e-01 -2.021868973970413208e-01 -2.921184059232473373e-03 3.076310753822326660e-01
4.299485683441162109e-01 -7.023438811302185059e-03 3.231437643989920616e-03 1.402832753956317902e-02
4.298081099987030029e-01 1.880520135164260864e-01 3.512004157528281212e-03 -2.776332795619964600e-01
4.335691630840301514e-01 -7.119856774806976318e-03 -2.040661638602614403e-03 1.615524478256702423e-02
4.334267675876617432e-01 -2.022124826908111572e-01 -1.717556733638048172e-03 3.081936240196228027e-01
4.293825030326843262e-01 -7.066101301461458206e-03 4.446315579116344452e-03 1.496951840817928314e-02
4.292411804199218750e-01 1.879917979240417480e-01 4.745705984532833099e-03 -2.763072252273559570e-01
4.330010116100311279e-01 -7.197532337158918381e-03 -7.804386550560593605e-04 1.786870509386062622e-02
4.328570663928985596e-01 1.879356056451797485e-01 -4.230645427014678717e-04 -2.750603556632995605e-01
4.366157650947570801e-01 -7.180309854447841644e-03 -5.924271885305643082e-03 1.748910546302795410e-02
4.364721775054931641e-01 -2.022168040275573730e-01 -5.574489478021860123e-03 3.082969784736633301e-01
4.324278235435485840e-01 -7.015866227447986603e-03 5.914500798098742962e-04 1.386123709380626678e-02
4.322875142097473145e-01 1.880975961685180664e-01 8.686748333275318146e-04 -2.786350250244140625e-01
4.360494613647460938e-01 -7.036734838038682938e-03 -4.704025574028491974e-03 1.432175748050212860e-02
4.359087347984313965e-01 -2.020909041166305542e-01 -4.417590331286191940e-03 3.055168092250823975e-01
4.318669140338897705e-01 -6.906285416334867477e-03 1.692745601758360863e-03 1.144395768642425537e-02
4.317287802696228027e-01 1.881913542747497559e-01 1.921624760143458843e-03 -2.807044088840484619e-01
4.354926347732543945e-01 -6.957960780709981918e-03 -3.692463273182511330e-03 1.258397381752729416e-02
4.353534579277038574e-01 -2.020267695188522339e-01 -3.440783824771642685e-03 3.040995895862579346e-01
4.313129186630249023e-01 -6.855946034193038940e-03 2.641208237037062645e-03 1.033351942896842957e-02
4.311757981777191162e-01 1.882280260324478149e-01 2.847878495231270790e-03 -2.815149128437042236e-01
4.349403679370880127e-01 -6.934430450201034546e-03 -2.782419556751847267e-03 1.206486951559782028e-02
4.348016679286956787e-01 -2.020163685083389282e-01 -2.541122259572148323e-03 3.038686215877532959e-01
4.307613372802734375e-01 -6.858294364064931870e-03 3.536249976605176926e-03 1.038535870611667633e-02
4.306241869926452637e-01 1.882127672433853149e-01 3.743957262486219406e-03 -2.811797559261322021e-01
4.343884289264678955e-01 -6.962391547858715057e-03 -1.879637711681425571e-03 1.268165744841098785e-02
4.342491924762725830e-01 -2.020573318004608154e-01 -1.626004581339657307e-03 3.047709465026855469e-01
4.302080571651458740e-01 -6.912250537425279617e-03 4.469414241611957550e-03 1.157565787434577942e-02
4.300698041915893555e-01 1.881453245878219604e-01 4.700927529484033585e-03 -2.796937823295593262e-01
4.338327050209045410e-01 -7.043375167995691299e-03 -8.929478935897350311e-04 1.446810271590948105e-02
4.336918294429779053e-01 -2.021525055170059204e-01 -6.035858532413840294e-04 3.068691492080688477e-01
4.296487867832183838e-01 -7.021961733698844910e-03 5.533797200769186020e-03 1.399593893438577652e-02
4.295083582401275635e-01 1.880201995372772217e-01 5.813715979456901550e-03 -2.769358754158020020e-01
4.332687556743621826e-01 -7.184216752648353577e-03 2.749984560068696737e-04 1.757500320672988892e-02
4.331250786781311035e-01 1.879337877035140991e-01 6.264985422603785992e-04 -2.750211358070373535e-01
4.368837475776672363e-01 -7.197094615548849106e-03 -4.873924423009157181e-03 1.785931363701820374e-02
4.367398023605346680e-01 -2.022488117218017578e-01 -4.516738001257181168e-03 3.090004920959472656e-01
4.326948225498199463e-01 -7.062795106321573257e-03 1.663271570578217506e-03 1.489653158932924271e-02
4.325535595417022705e-01 1.880352646112442017e-01 1.961202127858996391e-03 -2.772611379623413086e-01
