-8.888981938362121582e-01
1.354756593704223633e+00
1.346488714218139648e+00
1.381422638893127441e+00
-3.916625261306762695e+00
-1.666166484355926514e-01
1.239460229873657227e+00
-4.347082138061523438e+00
3.980743408203125000e+00
-6.106466054916381836e-01
-6.124253273010253906e-01
-7.818406820297241211e-01
-8.342028856277465820e-01
3.543591499328613281e+00
-6.450167894363403320e-01
-2.462743759155273438e+00
-3.019772052764892578e+00
6.940088272094726562e+00
-2.270460128784179688e+00
-5.230185389518737793e-01
-3.128354787826538086e+00
3.090588569641113281e+00
2.207934856414794922e+00
1.837192535400390625e+00
-3.681945562362670898e+00
2.860246181488037109e+00
2.317712903022766113e-01
-1.970072269439697266e+00
1.043790102005004883e+00
-2.827167987823486328e+00
2.482164502143859863e-01
-2.603292465209960938e+00
3.355241775512695312e+00
8.179460763931274414e-01
-3.156857728958129883e+00
1.661933898925781250e+00
-3.054447174072265625e+00
5.544097900390625000e+00
-5.206007957458496094e-01
-2.108139514923095703e+00
-3.227555751800537109e-01
1.796331644058227539e+00
5.116965174674987793e-01
-1.611128091812133789e+00
1.912223249673843384e-01
-3.102008700370788574e-01
4.999169111251831055e-01
1.741693496704101562e+00
-1.688294649124145508e+00
2.761114835739135742e+00
2.500538349151611328e+00
-6.117484092712402344e+00
1.455471515655517578e+00
-1.273726522922515869e-01
-6.937103867530822754e-01
-1.829574823379516602e+00
-4.636458456516265869e-01
3.794379472732543945e+00
-4.734930992126464844e-01
-1.268541932106018066e+00
1.009950160980224609e+00
3.198801875114440918e-01
1.771414279937744141e+00
-2.916466712951660156e+00
3.089615106582641602e-01
4.933726787567138672e-02
7.074323892593383789e-01
-2.734383106231689453e+00
2.952019572257995605e-01
6.550377607345581055e-01
8.618698120117187500e-01
4.714250564575195312e-02
-9.526661038398742676e-01
2.047791957855224609e+00
-2.181808948516845703e+00
7.640327215194702148e-01
1.628895521163940430e+00
2.938064932823181152e-02
-8.005330562591552734e-01
3.642864227294921875e-01
-8.576318621635437012e-02
7.505614757537841797e-01
-8.888711929321289062e-01
8.108627200126647949e-01
-5.435175895690917969e-01
1.095604777336120605e+00
-1.348039865493774414e+00
8.474621772766113281e-01
-9.099091291427612305e-01
-2.325212478637695312e+00
1.786782503128051758e+00
5.057557225227355957e-01
-6.831765174865722656e-03
2.337059497833251953e+00
-7.444944381713867188e-01
-1.764997959136962891e+00
-6.266425251960754395e-01
3.271741390228271484e+00
-1.905994892120361328e+00
-1.776416301727294922e-01
3.429431676864624023e+00
-4.785410404205322266e+00
4.033657550811767578e+00
9.978795051574707031e-01
-3.432826519012451172e+00
-1.424068689346313477e+00
-2.075056314468383789e+00
5.047215461730957031e+00
4.181200265884399414e-01
1.880940198898315430e-01
3.481864929199218750e-03
-1.268644452095031738e+00
4.942331314086914062e-01
-3.300423860549926758e+00
-4.681067168712615967e-01
2.424849271774291992e+00
-1.690485835075378418e+00
1.809891939163208008e+00
1.604633331298828125e-01
1.657660245895385742e+00
-1.128206610679626465e+00
5.390570759773254395e-01
-5.666112899780273438e-01
-8.816735744476318359e-01
-2.790893316268920898e+00
3.590095281600952148e+00
-6.505438089370727539e-01
2.119148522615432739e-01
-8.835923671722412109e-01
-1.488700628280639648e+00
3.005233764648437500e+00
-2.379377841949462891e+00
-5.715174674987792969e-01
1.287108778953552246e+00
7.811778187751770020e-01
-1.594040393829345703e+00
3.607791423797607422e+00
-2.572625160217285156e+00
-1.163343310356140137e+00
2.219332218170166016e+00
-3.316815376281738281e+00
1.114528894424438477e+00
7.881415486335754395e-01
-5.328790545463562012e-01
-7.909914851188659668e-01
7.946296334266662598e-01
-2.612889528274536133e+00
-1.097802877426147461e+00
3.572855472564697266e+00
-1.012226343154907227e+00
1.221998214721679688e+00
-1.341021060943603516e+00
-1.353804945945739746e+00
2.509906768798828125e+00
-3.757650405168533325e-02
1.154496312141418457e+00
6.047223806381225586e-01
-6.372383832931518555e-01
-2.207850694656372070e+00
5.446452498435974121e-01
-1.167937278747558594e+00
2.603478431701660156e+00
-1.582671046257019043e+00
-2.755414545536041260e-01
5.335380434989929199e-01
1.367098212242126465e+00
2.680926799774169922e+00
3.646325469017028809e-01
-2.675448656082153320e+00
6.676065921783447266e-01
-2.917738676071166992e+00
1.079642176628112793e-01
-1.287422060966491699e+00
3.623176097869873047e+00
-5.863807797431945801e-01
2.185789346694946289e-01
-1.526991873979568481e-01
-9.583070278167724609e-01
1.183799386024475098e+00
-5.070662498474121094e-01
-1.080026030540466309e-01
-8.403425216674804688e-01
2.906329631805419922e+00
4.075802564620971680e-01
-2.481141567230224609e+00
-2.717254161834716797e+00
1.279442667961120605e+00
4.801337242126464844e+00
-1.445376276969909668e+00
-3.459583818912506104e-01
-9.428695440292358398e-01
3.444278240203857422e-01
1.638443231582641602e+00
-1.581299781799316406e+00
1.909074783325195312e-01
-2.899912595748901367e+00
3.904497623443603516e+00
1.899579524993896484e+00
-1.090385556221008301e+00
-8.510037660598754883e-01
-1.786547541618347168e+00
1.339971065521240234e+00
-6.655704379081726074e-01
8.853344321250915527e-01
-3.902212679386138916e-01
-1.776226460933685303e-01
-1.168026328086853027e+00
2.237270355224609375e+00
-3.915468156337738037e-01
-8.621814250946044922e-01
-5.976450443267822266e-01
-2.033251285552978516e+00
-1.042487144470214844e+00
2.315630435943603516e+00
1.951479792594909668e+00
3.788093924522399902e-01
-9.111187458038330078e-01
9.035171270370483398e-01
-3.432867050170898438e+00
1.899812817573547363e-01
-2.201428413391113281e-01
2.845219373703002930e-01
1.579825878143310547e+00
1.927851915359497070e+00
5.233811140060424805e-01
-3.145462512969970703e+00
-1.541230916976928711e+00
2.081661462783813477e+00
-1.212241411209106445e+00
1.712353944778442383e+00
2.140340805053710938e+00
-4.116753101348876953e+00
9.681735634803771973e-01
-3.444672346115112305e+00
3.051163196563720703e+00
1.862470507621765137e+00
-8.560647964477539062e-01
-2.665432214736938477e+00
-1.112647056579589844e+00
1.961336374282836914e+00
-2.197862148284912109e+00
1.330855250358581543e+00
3.866180419921875000e+00
1.947975158691406250e+00
-2.399134397506713867e+00
-4.519512057304382324e-01
1.313534736633300781e+00
-1.125225067138671875e+00
-5.568228721618652344e+00
1.650566339492797852e+00
1.583592295646667480e+00
-1.088851928710937500e+00
2.494379043579101562e+00
2.561363577842712402e-01
1.868877887725830078e+00
-3.096091747283935547e-02
-2.784347534179687500e+00
8.666122555732727051e-01
-1.100446939468383789e+00
-2.743330717086791992e+00
4.167685031890869141e+00
-1.416850537061691284e-01
1.183941125869750977e+00
-4.827898740768432617e-01
-2.704876661300659180e-02
3.972029089927673340e-01
-1.506398200988769531e+00
1.810770750045776367e+00
-1.143993973731994629e+00
-1.390895009040832520e+00
1.722101688385009766e+00
1.412644386291503906e-01
-5.252129435539245605e-01
-7.640599608421325684e-01
8.580188751220703125e-01
3.545372486114501953e+00
-9.036741256713867188e-01
-2.701761245727539062e+00
4.326257705688476562e+00
-1.924191951751708984e+00
-3.793107032775878906e+00
-2.291664838790893555e+00
3.294128417968750000e+00
3.781437635421752930e+00
-2.756280899047851562e+00
2.293214321136474609e+00
6.744217872619628906e-02
-2.467547416687011719e+00
-2.304944992065429688e+00
5.438352823257446289e-01
3.272276878356933594e+00
-2.527680873870849609e+00
5.417450070381164551e-01
-8.701125383377075195e-01
-5.941954255104064941e-01
-2.987080097198486328e+00
8.267035484313964844e+00
-3.011039257049560547e+00
2.059565186500549316e-01
-1.279477626085281372e-01
-3.673383593559265137e-02
1.850975036621093750e+00
-1.609965085983276367e+00
-1.514445543289184570e+00
-3.985266685485839844e-01
1.813423991203308105e+00
-5.295679569244384766e-01
6.499096155166625977e-01
-4.083651542663574219e+00
-5.508847236633300781e-01
-1.247611641883850098e+00
4.190232276916503906e+00
1.130810379981994629e-02
1.926528930664062500e+00
1.334307074546813965e+00
-2.674074888229370117e+00
-4.515578269958496094e+00
2.778805971145629883e+00
2.021307945251464844e+00
-3.771844506263732910e-01
1.397014021873474121e+00
-2.106267452239990234e+00
-1.358015656471252441e+00
2.793830871582031250e+00
-2.892210483551025391e+00
-1.917968034744262695e+00
3.271195888519287109e+00
-6.742411255836486816e-01
4.395619392395019531e+00
-3.909183979034423828e+00
-6.627103686332702637e-01
2.393985748291015625e+00
-8.976305723190307617e-01
9.201962947845458984e-01
-2.212311744689941406e+00
5.781923532485961914e-01
-8.340343236923217773e-01
2.673453330993652344e+00
8.483406305313110352e-01
-2.674647569656372070e+00
-3.490001559257507324e-01
4.887917995452880859e+00
-4.919595718383789062e+00
-4.743934273719787598e-01
2.015797138214111328e+00
2.100722551345825195e+00
-3.705963134765625000e+00
-8.989568948745727539e-01
-1.163756012916564941e+00
1.710363507270812988e+00
-1.160875439643859863e+00
3.076212406158447266e+00
-7.355061769485473633e-01
-1.213818788528442383e+00
-4.506374001502990723e-01
1.005067110061645508e+00
6.355972886085510254e-01
-6.091389656066894531e-01
3.655776381492614746e-01
-4.284094810485839844e+00
5.987236976623535156e+00
-1.780221223831176758e+00
1.255448102951049805e+00
-1.749404221773147583e-01
-1.516710996627807617e+00
1.975220680236816406e+00
-4.824450492858886719e+00
6.504528045654296875e+00
-1.080805063247680664e-01
-5.862993597984313965e-01
-1.146771788597106934e+00
-7.222892045974731445e-01
1.240722417831420898e+00
9.382742643356323242e-02
-1.815628051757812500e+00
1.407332420349121094e-01
2.355445623397827148e-01
6.904994845390319824e-01
-2.100574672222137451e-01
-1.526524722576141357e-01
1.052750587463378906e+00
-2.640360593795776367e-01
1.133432984352111816e+00
3.777598142623901367e-01
-3.322452545166015625e+00
8.894526958465576172e-01
-2.983598232269287109e+00
2.533941984176635742e+00
1.339083552360534668e+00
9.259409308433532715e-01
-9.312669038772583008e-01
-2.518687248229980469e+00
1.667574048042297363e-03
-1.857948750257492065e-01
1.390431523323059082e+00
-7.633270025253295898e-01
-1.500647544860839844e+00
1.798470735549926758e+00
2.234716415405273438e-01
2.485336780548095703e+00
-1.904651284217834473e+00
-2.104754924774169922e+00
2.802640676498413086e+00
1.276028901338577271e-01
1.150105834007263184e+00
-2.799940109252929688e-01
-2.496903896331787109e+00
-2.247746139764785767e-01
9.129406213760375977e-01
-3.593288362026214600e-01
-2.598119080066680908e-01
-1.131686449050903320e+00
1.208123266696929932e-01
2.752942085266113281e+00
-1.630771279335021973e+00
2.172167748212814331e-01
-1.613408088684082031e+00
2.623095512390136719e+00
1.800715327262878418e+00
1.899355173110961914e+00
-8.132226943969726562e+00
1.571980714797973633e+00
1.705661416053771973e+00
-9.373287856578826904e-02
-2.311209440231323242e+00
1.542359590530395508e+00
1.372017621994018555e+00
-1.511556386947631836e+00
3.549654483795166016e-01
-4.435406327247619629e-01
1.048069238662719727e+00
1.329632699489593506e-01
2.929045200347900391e+00
-2.994447469711303711e+00
1.447237610816955566e+00
2.772390604019165039e+00
-2.036611795425415039e+00
-3.953428745269775391e+00
2.510931015014648438e+00
8.657883405685424805e-01
1.111081600189208984e+00
1.305232644081115723e+00
-4.854924201965332031e+00
-3.377509117126464844e-02
2.221132516860961914e+00
1.515210151672363281e+00
-1.752488493919372559e+00
2.611262321472167969e+00
-3.022517204284667969e+00
-1.417566418647766113e+00
-5.592927932739257812e-01
6.095831394195556641e-01
4.554495334625244141e+00
3.719684481620788574e-01
-1.458187699317932129e+00
-1.200157880783081055e+00
-7.756578922271728516e-01
2.487116813659667969e+00
-2.664377689361572266e-01
-3.038507223129272461e+00
-3.624085783958435059e-01
1.314021229743957520e+00
-2.908984184265136719e+00
1.071425676345825195e+00
8.330975174903869629e-01
1.371863842010498047e+00
-5.184836387634277344e-01
1.213746786117553711e+00
2.457160949707031250e-01
-4.084278583526611328e+00
6.321527957916259766e-01
-4.070447683334350586e-01
-1.304846704006195068e-01
1.127568006515502930e+00
1.047358363866806030e-01
-2.329854488372802734e+00
2.124767303466796875e+00
1.776454567909240723e+00
7.492956519126892090e-01
-3.460520982742309570e+00
2.114971876144409180e+00
-3.096554756164550781e+00
3.141899108886718750e+00
-9.538323879241943359e-01
-4.966637492179870605e-01
2.835533380508422852e+00
-1.639835357666015625e+00
3.249800205230712891e+00
-2.563777685165405273e+00
-1.821743130683898926e+00
1.963501095771789551e+00
1.127255439758300781e+00
-2.004081726074218750e+00
1.336141586303710938e+00
-3.121798753738403320e+00
1.655731678009033203e+00
-1.115735650062561035e+00
4.912463188171386719e+00
-4.796924591064453125e+00
-1.937985420227050781e-01
1.382868528366088867e+00
2.672313690185546875e+00
-2.786993503570556641e+00
1.656672716140747070e+00
5.009859085083007812e+00
-5.246232986450195312e+00
-1.234877347946166992e+00
-2.036112546920776367e+00
1.296722173690795898e+00
-9.752649664878845215e-01
4.690814971923828125e+00
4.088463187217712402e-01
-5.222871899604797363e-01
-7.231838703155517578e-01
-1.119218587875366211e+00
6.659806966781616211e-01
-5.693152919411659241e-02
-1.329085588455200195e+00
8.740876913070678711e-01
8.510284423828125000e-01
-9.722059965133666992e-01
2.828737497329711914e-01
1.595936179161071777e+00
-5.669767379760742188e+00
2.627574682235717773e+00
1.044440865516662598e+00
-1.721869826316833496e+00
2.221887111663818359e+00
-1.786156654357910156e+00
-1.189803600311279297e+00
8.110228776931762695e-01
-4.618306756019592285e-01
-2.664037704467773438e+00
2.296097755432128906e+00
2.075860738754272461e+00
9.548453092575073242e-01
-3.330255508422851562e+00
-1.812884330749511719e+00
2.689807176589965820e+00
4.063821583986282349e-02
2.586189031600952148e+00
-1.739147663116455078e+00
-1.173962354660034180e+00
2.323820069432258606e-02
-1.785060644149780273e+00
1.612691402435302734e+00
-7.555079460144042969e-01
3.295524597167968750e+00
-1.972421169281005859e+00
1.991126298904418945e+00
2.820250988006591797e+00
-2.072855949401855469e+00
-7.276461124420166016e-01
-1.439198136329650879e+00
-1.914748907089233398e+00
1.329775750637054443e-01
-7.021576166152954102e-03
1.307071685791015625e+00
7.167063951492309570e-01
-7.479304671287536621e-01
2.623464584350585938e+00
-2.285965919494628906e+00
-1.777289807796478271e-01
-8.323422074317932129e-02
2.083271741867065430e+00
-1.446380138397216797e+00
1.651745796203613281e+00
2.502260804176330566e-01
-2.048553228378295898e+00
-1.431287407875061035e+00
2.231896638870239258e+00
3.228500366210937500e+00
-4.281573295593261719e+00
2.193116426467895508e+00
-6.739957332611083984e-01
-2.036361694335937500e+00
2.687618494033813477e+00
-1.020016074180603027e+00
-2.310996055603027344e+00
-3.081917762756347656e-02
1.842876195907592773e+00
-1.884843707084655762e-01
-2.642381429672241211e+00
3.220154285430908203e+00
-7.737466692924499512e-01
-1.515254259109497070e+00
5.448418855667114258e-01
3.999111950397491455e-01
7.646489739418029785e-01
-1.724743366241455078e+00
-9.308479428291320801e-01
9.590594172477722168e-01
3.330410242080688477e+00
-2.760446071624755859e+00
4.414502382278442383e-01
-1.390186250209808350e-01
1.515941262245178223e+00
1.669453382492065430e+00
-2.980787515640258789e+00
2.459370136260986328e+00
7.807461023330688477e-01
-7.817578911781311035e-01
-5.547006130218505859e-01
-8.271077871322631836e-01
-1.979388713836669922e+00
-1.590356111526489258e+00
4.436144351959228516e+00
1.910575747489929199e+00
-1.102162361145019531e+00
-2.165753364562988281e+00
1.681617021560668945e+00
4.358004331588745117e-01
-1.828675270080566406e+00
-3.101840019226074219e-01
-5.713217258453369141e-01
2.960201501846313477e+00
-1.893950700759887695e+00
-1.340114235877990723e+00
-1.396823167800903320e+00
3.756915807723999023e+00
1.541917324066162109e+00
7.776157855987548828e-01
-2.355193138122558594e+00
1.694248437881469727e+00
-3.022042274475097656e+00
2.786706924438476562e+00
3.668963313102722168e-01
-2.896536827087402344e+00
2.044005393981933594e+00
-4.187781333923339844e+00
3.899665832519531250e+00
-2.049593210220336914e+00
-2.507669687271118164e+00
1.498335957527160645e+00
3.576157987117767334e-01
2.444406509399414062e+00
6.700063943862915039e-01
-3.871333599090576172e+00
4.264639377593994141e+00
-2.354885339736938477e+00
5.086994171142578125e-01
-2.321865320205688477e+00
2.289988696575164795e-01
2.850111722946166992e+00
4.661002457141876221e-01
-3.852546930313110352e+00
3.973695755004882812e+00
-4.929677963256835938e+00
-3.766789436340332031e-01
-4.021011292934417725e-01
2.909632205963134766e+00
1.006163358688354492e+00
1.983863830566406250e+00
-3.785440206527709961e+00
-1.729816317558288574e+00
9.942308664321899414e-01
-2.190786361694335938e+00
4.052869796752929688e+00
-9.178346022963523865e-03
-1.405229419469833374e-01
-1.989584684371948242e+00
2.642334461212158203e+00
1.632856965065002441e+00
-1.040427088737487793e-01
-2.905157327651977539e+00
-1.571592092514038086e+00
9.368804097175598145e-01
3.750329971313476562e+00
-4.589831829071044922e+00
3.121659755706787109e-01
4.727751016616821289e-02
-2.651308536529541016e+00
1.911599636077880859e+00
4.511647224426269531e+00
-1.437338829040527344e+00
-2.282154560089111328e+00
-1.401969492435455322e-01
-5.942286252975463867e-01
4.607528150081634521e-01
2.394604206085205078e+00
-7.442636042833328247e-02
1.853566288948059082e+00
-2.786591529846191406e+00
-1.662783265113830566e+00
2.461564064025878906e+00
1.177695393562316895e+00
-9.911910295486450195e-01
1.699508428573608398e+00
-1.784443140029907227e+00
3.017358779907226562e+00
3.296321630477905273e-01
-3.218767642974853516e+00
3.921790838241577148e+00
-1.263314366340637207e+00
-4.993174374103546143e-01
1.547448635101318359e-01
-1.865416049957275391e+00
-1.445370435714721680e+00
3.660389900207519531e+00
-2.075452566146850586e+00
-1.509447574615478516e+00
1.343976140022277832e+00
7.567011117935180664e-01
-7.751702070236206055e-01
6.427876949310302734e-01
4.487354755401611328e-01
-8.152968883514404297e-01
1.314418792724609375e+00
-2.783601284027099609e+00
-6.367727518081665039e-01
2.466753959655761719e+00
7.025276422500610352e-01
-9.490064978599548340e-01
1.647929906845092773e+00
-3.270628929138183594e+00
-1.949755430221557617e+00
4.094150662422180176e-01
7.912763357162475586e-01
2.082370519638061523e+00
-3.121212482452392578e+00
5.728587627410888672e+00
-1.301024317741394043e+00
-1.351649016141891479e-01
-2.419054031372070312e+00
5.296008586883544922e-01
8.197957277297973633e-01
-5.287088751792907715e-01
6.488840579986572266e-01
9.075255393981933594e-01
-2.025981187820434570e+00
2.540240764617919922e+00
-2.549698591232299805e+00
-7.909448444843292236e-02
-5.679052472114562988e-01
-1.259135723114013672e+00
2.280808925628662109e+00
-6.002998352050781250e-01
-6.568005084991455078e-01
5.096184611320495605e-01
-1.013977527618408203e+00
3.486419677734375000e+00
-1.673263788223266602e+00
3.010141849517822266e-01
1.413849115371704102e+00
3.616002082824707031e+00
-6.481567382812500000e+00
4.066507220268249512e-01
-2.105264186859130859e+00
-2.039379596710205078e+00
2.501363039016723633e+00
2.321427822113037109e+00
1.357374191284179688e+00
9.908825755119323730e-01
6.919361352920532227e-01
-2.531424760818481445e+00
-1.340042591094970703e+00
2.423374176025390625e+00
-3.643646717071533203e+00
-1.011425614356994629e+00
1.640005826950073242e+00
3.964207470417022705e-01
-2.716700434684753418e-01
4.403870701789855957e-01
2.651952505111694336e+00
3.625366091728210449e-01
8.238252401351928711e-01
-5.757252573966979980e-01
-7.968885898590087891e-01
8.550379425287246704e-02
5.089411735534667969e-01
1.890270709991455078e-01
-5.970209598541259766e+00
1.379648447036743164e+00
1.988262414932250977e+00
1.473176002502441406e+00
-3.762801170349121094e+00
3.430321455001831055e+00
3.392985165119171143e-01
2.092104434967041016e+00
-3.221333503723144531e+00
4.265967607498168945e-01
-7.891956567764282227e-01
-8.794656991958618164e-01
2.344785332679748535e-01
3.065851688385009766e+00
8.284565806388854980e-01
-3.203934669494628906e+00
-2.724541425704956055e+00
-1.468430876731872559e+00
2.522298574447631836e+00
4.812383651733398438e-01
4.166197776794433594e+00
-1.486170887947082520e-01
-3.289038181304931641e+00
-1.911701202392578125e+00
2.505849361419677734e+00
-1.210041403770446777e+00
2.458669662475585938e+00
7.510690689086914062e-01
-1.434513330459594727e-01
-3.126270771026611328e+00
-2.724175751209259033e-01
2.178000211715698242e+00
-2.097245216369628906e+00
1.607678085565567017e-01
1.824319601058959961e+00
-3.894764900207519531e+00
1.301230907440185547e+00
-1.452340602874755859e+00
3.245475769042968750e+00
-2.556278705596923828e+00
2.321026325225830078e+00
-3.594527721405029297e+00
5.572988510131835938e+00
-1.324576854705810547e+00
5.459298491477966309e-01
-1.645028471946716309e+00
-8.051450252532958984e-01
-1.040702462196350098e-01
3.122174263000488281e+00
6.997855305671691895e-01
2.560148239135742188e+00
-4.713678359985351562e+00
2.912576198577880859e-01
-1.568189144134521484e+00
-1.679052352905273438e+00
1.069282770156860352e+00
3.213768005371093750e+00
8.184922933578491211e-01
2.091346979141235352e+00
-2.643848657608032227e+00
-1.641202569007873535e+00
-2.054255962371826172e+00
-1.842898845672607422e+00
5.570455074310302734e+00
-4.021230340003967285e-01
-2.722152709960937500e+00
4.038360118865966797e+00
-4.970508575439453125e+00
6.381731033325195312e+00
-1.371254324913024902e-01
-1.456660032272338867e+00
-1.024733483791351318e-02
-1.728763103485107422e+00
2.785905599594116211e-01
4.809144437313079834e-01
2.496418237686157227e+00
-2.187483072280883789e+00
-3.042046070098876953e+00
2.191354751586914062e+00
-8.180678486824035645e-01
1.564599394798278809e+00
-3.158199548721313477e+00
2.190892398357391357e-01
3.525750041007995605e-01
-2.402082920074462891e+00
3.085679531097412109e+00
4.557296037673950195e-01
-3.263364434242248535e-01
3.059148073196411133e+00
4.433373212814331055e-01
-4.693518161773681641e+00
9.090666174888610840e-01
-3.136748790740966797e+00
1.811672449111938477e+00
3.206319808959960938e+00
3.053802251815795898e+00
-5.388176918029785156e+00
1.281874299049377441e+00
-7.833505868911743164e-01
-2.377066373825073242e+00
2.829130172729492188e+00
4.444574117660522461e-01
1.304905176162719727e+00
2.455598115921020508e-02
-3.456730127334594727e+00
5.061230063438415527e-02
1.524623870849609375e+00
3.051865100860595703e+00
-2.893687963485717773e+00
-9.034929275512695312e-01
-9.332904815673828125e-01
2.171742439270019531e+00
-1.588314414024353027e+00
3.656960487365722656e+00
9.263037443161010742e-01
-2.618676662445068359e+00
1.677079677581787109e+00
9.034001827239990234e-01
3.456464409828186035e-02
-2.144809961318969727e+00
1.893970012664794922e+00
-3.663199901580810547e+00
2.573707103729248047e-01
1.176639318466186523e+00
7.230316400527954102e-01
-3.424624800682067871e-01
-2.727152585983276367e+00
-2.227755069732666016e+00
4.340300559997558594e+00
-2.253445386886596680e-01
1.821717023849487305e+00
-2.896054744720458984e+00
-2.963623702526092529e-01
-2.896781921386718750e+00
3.580091476440429688e+00
3.008955478668212891e+00
-2.719946622848510742e+00
7.891508340835571289e-01
-2.615965843200683594e+00
4.058029353618621826e-01
-1.205594897270202637e+00
6.823000907897949219e-01
-3.490764498710632324e-01
1.704047799110412598e+00
1.008511543273925781e+00
-1.127307772636413574e+00
2.478947341442108154e-01
9.522268772125244141e-01
3.014664649963378906e-01
-1.248410940170288086e-01
-2.385099887847900391e+00
1.033453464508056641e+00
1.042159348726272583e-01
1.571999549865722656e+00
1.435535192489624023e+00
-3.426384449005126953e+00
4.685787856578826904e-02
1.807579040527343750e+00
-9.020689129829406738e-01
-4.184181243181228638e-02
-1.445412397384643555e+00
3.889275312423706055e+00
-1.447667598724365234e+00
8.727465867996215820e-01
-3.326337337493896484e+00
-6.601166725158691406e-02
1.491880297660827637e+00
-4.466627240180969238e-01
1.071539044380187988e+00
3.200166225433349609e-01
2.636551856994628906e+00
-1.830237865447998047e+00
-4.472450315952301025e-01
-6.600834131240844727e-01
-2.114576816558837891e+00
-9.830723404884338379e-01
3.636541843414306641e+00
-2.051563262939453125e+00
-2.581365108489990234e-01
5.560031533241271973e-02
-7.751567959785461426e-01
3.166545391082763672e+00
1.766483545303344727e+00
3.165881931781768799e-01
-8.465871810913085938e-01
-1.918935298919677734e+00
2.030890941619873047e+00
-5.073715209960937500e+00
7.213454246520996094e-01
2.637654066085815430e+00
5.526292920112609863e-01
-3.016107678413391113e-01
-8.415667712688446045e-02
1.008169651031494141e+00
-6.088009849190711975e-02
-2.259295284748077393e-01
-1.589236021041870117e+00
5.613863468170166016e-01
2.165951728820800781e+00
-2.505773782730102539e+00
4.152632653713226318e-01
-3.340476989746093750e+00
1.768996000289916992e+00
9.730335474014282227e-01
4.180862009525299072e-01
7.159901857376098633e-01
-6.276578307151794434e-01
-2.012051105499267578e+00
-2.133499622344970703e+00
5.491123199462890625e+00
1.454468488693237305e+00
-1.555397272109985352e+00
-6.161943078041076660e-01
1.469500541687011719e+00
-1.682992815971374512e+00
1.938000440597534180e+00
-4.094540119171142578e+00
-2.898651957511901855e-01
3.971926569938659668e-01
3.315688669681549072e-02
-2.030387163162231445e+00
4.926591396331787109e+00
-9.337970614433288574e-02
-3.090075254440307617e-01
4.718185365200042725e-01
-9.419356584548950195e-01
-3.119419097900390625e+00
-2.706920206546783447e-01
1.633070111274719238e+00
