2.558152437210083008e+00
-3.169226646423339844e+00
-1.719833493232727051e+00
-2.660803198814392090e-01
4.407385349273681641e+00
1.077103972434997559e+00
-3.680547237396240234e+00
2.322285652160644531e+00
-3.558079719543457031e+00
2.826597213745117188e+00
-6.426106691360473633e-01
-2.543729782104492188e+00
1.360175967216491699e+00
-7.579656690359115601e-02
3.848377168178558350e-01
-4.991678595542907715e-01
-1.343724250793457031e+00
6.517348289489746094e-01
3.439183712005615234e+00
-9.261115789413452148e-01
-1.558131337165832520e+00
-1.048542261123657227e+00
-1.241471290588378906e+00
-2.052772343158721924e-01
1.855905294418334961e+00
-2.387430667877197266e+00
7.769521474838256836e-01
2.128181755542755127e-01
2.337825894355773926e-01
2.871094942092895508e+00
-5.161020755767822266e-01
8.421759605407714844e-01
-1.607368469238281250e+00
-8.519065976142883301e-01
-1.772817134857177734e+00
1.451820731163024902e+00
-1.164249926805496216e-01
1.736144542694091797e+00
2.591342031955718994e-01
-2.089206129312515259e-01
6.289548873901367188e-01
-1.962679266929626465e+00
1.006516695022583008e+00
-1.400088965892791748e-01
1.170934677124023438e+00
1.184625387191772461e+00
-9.321627616882324219e-01
-1.602369844913482666e-01
3.550429940223693848e-01
-1.448115825653076172e+00
1.124907732009887695e+00
2.895336627960205078e+00
-2.068050861358642578e+00
-7.835988700389862061e-02
-1.974876970052719116e-01
4.198215007781982422e-01
-7.966135740280151367e-01
-3.096815586090087891e+00
7.625901103019714355e-01
3.062024593353271484e+00
1.398415684700012207e+00
3.818348050117492676e-01
-3.768997669219970703e+00
1.571314573287963867e+00
-3.423682451248168945e+00
1.252096891403198242e+00
1.663054704666137695e+00
1.747139811515808105e+00
-2.302498340606689453e+00
-1.054328680038452148e+00
1.937656760215759277e+00
3.612503528594970703e+00
-1.952020406723022461e+00
1.012932777404785156e+00
-2.215556383132934570e+00
-8.896038532257080078e-01
-6.651036739349365234e-01
1.626806497573852539e+00
3.206572532653808594e-01
-8.834050297737121582e-01
2.069043159484863281e+00
-2.266377449035644531e+00
2.001047372817993164e+00
-3.029830932617187500e+00
3.993756771087646484e+00
-4.627434730529785156e+00
-2.976381063461303711e+00
5.576887130737304688e+00
1.859104871749877930e+00
-5.554173588752746582e-01
-2.265896797180175781e+00
-1.721879124641418457e+00
1.151190638542175293e+00
1.886519670486450195e+00
3.573565006256103516e+00
-4.343460083007812500e+00
3.111890852451324463e-01
1.183229327201843262e+00
-7.160561084747314453e-01
-1.334690809249877930e+00
1.381212949752807617e+00
-2.522159576416015625e+00
1.178296089172363281e+00
3.917948007583618164e-01
4.957476854324340820e-01
-7.420036196708679199e-01
-2.135767221450805664e+00
-2.010785102844238281e+00
2.901995658874511719e+00
-4.968912899494171143e-01
-6.462863683700561523e-01
3.104725599288940430e+00
-1.918882012367248535e+00
3.005076885223388672e+00
3.761169910430908203e+00
-8.261054992675781250e+00
1.085099339485168457e+00
-1.587224006652832031e-02
2.115166187286376953e+00
-2.551620960235595703e+00
6.032354235649108887e-01
-2.059339523315429688e+00
2.169485330581665039e+00
-1.100027203559875488e+00
2.448110342025756836e+00
-2.840829133987426758e+00
3.731699943542480469e+00
2.578809261322021484e+00
-2.573152065277099609e+00
-4.310310840606689453e+00
3.126832723617553711e+00
1.301043272018432617e+00
-7.620003819465637207e-01
-3.268885374069213867e+00
-6.855903863906860352e-01
2.742152929306030273e+00
-1.275938749313354492e+00
-2.667377293109893799e-01
3.687393665313720703e+00
3.678593337535858154e-01
-3.731539964675903320e+00
-3.631158471107482910e-01
2.616157770156860352e+00
-1.806647062301635742e+00
1.477381944656372070e+00
-1.675776243209838867e-01
7.593914866447448730e-01
3.464424610137939453e-01
-4.495358169078826904e-01
1.120871901512145996e-01
-7.097777128219604492e-01
6.131582856178283691e-01
1.909312009811401367e+00
7.147856354713439941e-01
-2.582885265350341797e+00
-4.115452989935874939e-02
1.145129323005676270e+00
-1.137689709663391113e+00
2.081623971462249756e-01
-9.706158638000488281e-01
1.584256410598754883e+00
-3.147446632385253906e+00
-7.672276496887207031e-01
2.198746681213378906e+00
-3.188520967960357666e-01
-1.851717710494995117e+00
1.075220584869384766e+00
1.832619190216064453e+00
-4.620947241783142090e-01
1.094498872756958008e+00
-1.052851438522338867e+00
2.041103363037109375e+00
-6.699555397033691406e+00
5.225620269775390625e+00
-1.145541667938232422e+00
-2.327019453048706055e+00
-1.683114528656005859e+00
6.162595748901367188e+00
-1.471095085144042969e-01
-1.659954428672790527e+00
2.036208808422088623e-01
2.561027407646179199e-01
-4.843960404396057129e-01
-1.161687612533569336e+00
1.542479451745748520e-02
-2.105348110198974609e-01
8.540065884590148926e-01
-2.400608301162719727e+00
5.016553401947021484e+00
-3.895415067672729492e+00
2.536157369613647461e+00
3.658079624176025391e+00
-5.758167266845703125e+00
7.031695246696472168e-01
-2.201813459396362305e+00
3.477348089218139648e-01
6.364374160766601562e+00
2.990769445896148682e-01
2.417618036270141602e-02
-2.950195550918579102e+00
-6.730761528015136719e-01
-1.127401351928710938e+00
-5.583014488220214844e-01
-1.913433551788330078e+00
7.235045433044433594e+00
-3.059997797012329102e+00
1.559470653533935547e+00
-8.156865835189819336e-01
-3.565440177917480469e-01
4.451026916503906250e-01
2.973864078521728516e+00
-3.254009485244750977e+00
-3.323513746261596680e+00
2.257265567779541016e+00
-2.154555916786193848e-01
8.074226975440979004e-02
-1.460731029510498047e+00
-7.591384649276733398e-02
-2.002666711807250977e+00
5.086287498474121094e+00
-1.209810018539428711e+00
2.067512989044189453e+00
-4.006546974182128906e+00
-9.571450352668762207e-01
2.082687914371490479e-01
2.578591346740722656e+00
2.287878036499023438e+00
-2.980723142623901367e+00
-9.847394227981567383e-01
-1.122033238410949707e+00
2.893204212188720703e+00
-4.677931219339370728e-02
-6.744467616081237793e-01
-4.090948104858398438e-01
-1.001608848571777344e+00
-3.270483613014221191e-01
-1.264866292476654053e-01
5.517272949218750000e-01
-5.748393535614013672e-01
3.439031839370727539e+00
-8.006764650344848633e-01
-5.238385200500488281e-01
-3.612183332443237305e-01
-5.306144952774047852e-01
3.161843299865722656e+00
-1.975216269493103027e+00
-3.832994461059570312e+00
2.204699993133544922e+00
8.041453957557678223e-01
2.965644598007202148e+00
-2.974922180175781250e+00
-8.544434309005737305e-01
-3.649016320705413818e-01
-1.038968563079833984e+00
-3.819445967674255371e-01
1.735723018646240234e+00
4.716552793979644775e-01
3.642426252365112305e+00
-4.121932983398437500e-01
-1.646185874938964844e+00
-2.261256217956542969e+00
-2.304851055145263672e+00
5.216229915618896484e+00
2.592372894287109375e-01
-1.413303017616271973e+00
6.500027179718017578e-01
-1.704988241195678711e+00
1.046930313110351562e+00
-1.619312524795532227e+00
-2.694916129112243652e-01
-3.271343708038330078e+00
7.162406921386718750e+00
-1.459468841552734375e+00
-2.453336715698242188e+00
-4.185444712638854980e-01
2.279662609100341797e+00
-6.845363974571228027e-01
1.365557551383972168e+00
-2.278217315673828125e+00
-1.044128417968750000e+00
3.475229144096374512e-01
1.146794795989990234e+00
1.665731549263000488e+00
-6.342148780822753906e-01
1.561530590057373047e+00
-1.117715597152709961e+00
2.038990259170532227e+00
-2.639880180358886719e+00
2.075561285018920898e+00
-3.167606830596923828e+00
1.675991535186767578e+00
1.758565425872802734e+00
-1.250013113021850586e+00
2.820281982421875000e-01
-1.941632509231567383e+00
4.258300065994262695e-01
1.207147359848022461e+00
-3.050149440765380859e+00
-9.744342565536499023e-01
2.046241998672485352e+00
2.263516664505004883e+00
-1.985858827829360962e-01
-3.203184843063354492e+00
3.337961673736572266e+00
-1.563017964363098145e+00
-1.495982408523559570e+00
2.023276090621948242e-01
2.273578405380249023e+00
-1.570371687412261963e-01
2.850981712341308594e+00
8.843538165092468262e-02
-3.768558204174041748e-01
-3.868660926818847656e+00
-1.149546027183532715e+00
3.633223772048950195e+00
8.149951100349426270e-01
7.152165770530700684e-01
-4.855707287788391113e-01
-5.263813734054565430e-01
3.075382411479949951e-01
-3.880839586257934570e+00
2.818592071533203125e+00
2.197034507989883423e-01
-1.726880311965942383e+00
-8.996953368186950684e-01
-5.110454559326171875e-01
1.439265847206115723e+00
8.067796230316162109e-01
-2.287950217723846436e-01
-3.178112030029296875e+00
2.592236995697021484e+00
1.096536636352539062e+00
3.795051097869873047e+00
-5.448554039001464844e+00
2.987773180007934570e+00
-1.753646492958068848e+00
1.182608366012573242e+00
-1.773960471153259277e+00
4.349307417869567871e-01
-2.990337610244750977e-01
1.623759746551513672e+00
1.334501266479492188e+00
8.094587326049804688e-01
-4.718400955200195312e+00
1.798115372657775879e-01
5.758070945739746094e-01
-9.435832500457763672e-02
-8.745332956314086914e-01
2.174407958984375000e+00
1.684120416641235352e+00
-1.110100269317626953e+00
-1.624208092689514160e+00
2.254147529602050781e+00
-1.792788863182067871e+00
-7.429397702217102051e-01
-6.465541720390319824e-01
2.804563045501708984e+00
-3.508573293685913086e+00
2.610475063323974609e+00
-8.932440280914306641e-01
-1.387547850608825684e-01
-1.021065115928649902e+00
2.278399467468261719e+00
-4.275510787963867188e+00
-1.024785339832305908e-01
2.555435657501220703e+00
-7.997609376907348633e-01
4.009744226932525635e-01
-7.196219563484191895e-01
1.708949089050292969e+00
-7.825733423233032227e-01
-3.739381313323974609e+00
2.613673686981201172e+00
9.403918981552124023e-01
-1.320737600326538086e-01
3.470314979553222656e+00
-3.884042739868164062e+00
3.527363300323486328e+00
-5.068822860717773438e+00
1.749117851257324219e+00
4.590688347816467285e-01
-4.146167755126953125e+00
6.321106553077697754e-01
2.425942420959472656e+00
4.372407495975494385e-01
1.844743728637695312e+00
1.893445551395416260e-01
-8.169996142387390137e-01
-2.415647268295288086e+00
5.966635942459106445e-01
-2.161457300186157227e+00
1.608618259429931641e+00
1.067124605178833008e+00
-1.232957482337951660e+00
2.527080059051513672e+00
-1.950195074081420898e+00
1.724140882492065430e+00
-9.075416922569274902e-01
1.410228371620178223e+00
-3.655391931533813477e-01
-3.009195327758789062e+00
1.675821781158447266e+00
4.460386633872985840e-01
1.015187382698059082e+00
-1.823929786682128906e+00
3.537967681884765625e+00
2.193368434906005859e+00
-2.798641204833984375e+00
-9.456678628921508789e-01
1.617364525794982910e+00
-9.125365018844604492e-01
-8.531911373138427734e-01
8.931550979614257812e-01
-4.952112436294555664e-01
7.762478590011596680e-01
-2.255871772766113281e+00
-1.747189879417419434e+00
3.531093120574951172e+00
1.416859149932861328e+00
-4.501528143882751465e-01
-2.579158067703247070e+00
1.404101014137268066e+00
-3.155105710029602051e-01
-1.792474985122680664e+00
1.770381331443786621e+00
-1.565423011779785156e+00
1.174687147140502930e-01
-2.489802539348602295e-01
4.512750506401062012e-01
-5.991023182868957520e-01
9.014140367507934570e-01
3.066379308700561523e+00
-5.908947587013244629e-01
-9.344465732574462891e-01
-3.569297492504119873e-01
6.145322322845458984e-01
-2.149471342563629150e-01
-2.895594239234924316e-01
1.603609561920166016e+00
-2.915136337280273438e+00
9.965765476226806641e-01
-1.167676568031311035e+00
3.519953250885009766e+00
-1.336064815521240234e+00
3.321305274963378906e+00
-4.002691745758056641e+00
1.286219805479049683e-01
-1.244841814041137695e-01
9.981266856193542480e-01
3.937647342681884766e-01
-1.409187555313110352e+00
4.068234443664550781e+00
-2.496996879577636719e+00
-3.378941059112548828e+00
3.293905258178710938e+00
3.367546319961547852e+00
-5.106848716735839844e+00
4.690586328506469727e-01
5.534934997558593750e-01
1.132077813148498535e+00
-1.657755136489868164e+00
-1.608870029449462891e+00
1.413716077804565430e+00
2.509111762046813965e-01
2.301357984542846680e+00
1.581260442733764648e+00
-9.354049682617187500e+00
3.657155990600585938e+00
1.200606465339660645e+00
-1.856351852416992188e+00
4.922859191894531250e+00
-4.971023082733154297e+00
1.182113885879516602e-01
5.442221760749816895e-01
3.201755046844482422e+00
-8.183437585830688477e-01
1.493209600448608398e+00
2.487415373325347900e-01
-2.187550067901611328e+00
-1.949158430099487305e+00
4.472124874591827393e-01
-4.247221946716308594e+00
7.763631820678710938e+00
-3.394907474517822266e+00
-7.175088524818420410e-01
1.319372415542602539e+00
-2.113295078277587891e+00
4.602718830108642578e+00
-2.648049890995025635e-01
-6.255888938903808594e-01
-1.564855098724365234e+00
-3.702760040760040283e-01
-6.321757435798645020e-01
-1.502091050148010254e+00
3.394061565399169922e+00
1.490536332130432129e-01
1.049230769276618958e-01
-3.047834157943725586e+00
-1.830066919326782227e+00
4.808262348175048828e+00
1.812789559364318848e+00
-3.076591014862060547e+00
8.277148008346557617e-01
-3.991466164588928223e-01
-8.693606853485107422e-01
1.745938539505004883e+00
-1.209915876388549805e-01
-1.477949023246765137e-01
-2.554111957550048828e+00
1.000304937362670898e+00
5.872846394777297974e-02
5.694155693054199219e-01
-1.113625645637512207e+00
-2.339447736740112305e+00
1.557979106903076172e+00
-3.632488846778869629e-02
1.251136779785156250e+00
1.975424587726593018e-02
1.714410781860351562e+00
-1.336919069290161133e+00
-1.042261004447937012e+00
1.554117918014526367e+00
-1.252558350563049316e+00
9.663317799568176270e-01
-4.420448541641235352e-01
2.831831932067871094e+00
1.627052664756774902e+00
-3.870276927947998047e+00
6.256023049354553223e-01
9.818172454833984375e-02
-3.165009319782257080e-01
1.578285098075866699e-01
-1.027302026748657227e+00
-3.203524589538574219e+00
1.662300109863281250e+00
1.091852188110351562e-01
5.553864240646362305e-01
2.818200588226318359e+00
-1.098796725273132324e+00
-1.490217566490173340e+00
-8.017688989639282227e-01
1.615740180015563965e+00
-2.031486332416534424e-01
3.663627505302429199e-01
3.756523132324218750e+00
-9.556168317794799805e-01
-2.252371549606323242e+00
1.109143257141113281e+00
-1.393011808395385742e+00
-2.842657566070556641e-01
4.608508348464965820e-01
1.114161849021911621e+00
-1.971230983734130859e+00
8.520265817642211914e-01
-4.279331266880035400e-01
-9.525085687637329102e-01
1.846570253372192383e+00
-8.826007246971130371e-01
4.350330352783203125e+00
-2.464857578277587891e+00
-1.636129856109619141e+00
4.908896684646606445e-01
1.494341969490051270e+00
-7.164111733436584473e-01
-2.444588184356689453e+00
3.560123443603515625e-01
-5.552002787590026855e-02
-1.519154906272888184e+00
1.354138016700744629e+00
1.881542086601257324e+00
8.619203567504882812e-01
1.733348965644836426e+00
-2.638277530670166016e+00
-1.390315055847167969e+00
5.122103095054626465e-01
2.090966105461120605e-01
-2.738123893737792969e+00
1.625217318534851074e+00
-1.569388866424560547e+00
3.344879150390625000e+00
-3.002151489257812500e+00
6.194297075271606445e-01
7.151770591735839844e-01
2.174913167953491211e+00
-1.005586028099060059e+00
-8.713794946670532227e-01
4.362703561782836914e-01
-3.108588695526123047e+00
1.929962754249572754e+00
-2.740801870822906494e-01
6.262422800064086914e-01
-1.016439795494079590e+00
1.340282917022705078e+00
3.157231092453002930e+00
-2.355544567108154297e+00
1.496371328830718994e-01
-2.900220870971679688e+00
2.294239282608032227e+00
1.968670964241027832e+00
-4.002468287944793701e-01
-1.997501134872436523e+00
-2.180751323699951172e+00
-6.650055646896362305e-01
3.867798328399658203e+00
7.977712154388427734e-02
-4.496030509471893311e-01
1.825862646102905273e+00
-1.381723761558532715e+00
1.329350113868713379e+00
-5.628114223480224609e+00
-4.165610074996948242e-01
4.288416862487792969e+00
1.127854824066162109e+00
-3.275218605995178223e-02
1.915394067764282227e-01
-3.619599580764770508e+00
8.950451016426086426e-01
-7.847265005111694336e-01
8.680471181869506836e-01
2.582094669342041016e+00
3.741483986377716064e-01
-1.386043071746826172e+00
-1.587585210800170898e+00
-3.075998306274414062e+00
5.206624507904052734e+00
-2.732009887695312500e-01
-2.588273584842681885e-01
5.868539214134216309e-01
-8.037207126617431641e-01
1.576177120208740234e+00
-3.516585826873779297e+00
-6.160850524902343750e-01
1.032003879547119141e+00
2.460777521133422852e+00
1.587687015533447266e+00
8.210170269012451172e-02
-1.720068693161010742e+00
-2.209810733795166016e+00
4.372745513916015625e+00
-5.317781925201416016e+00
1.814608126878738403e-01
-2.102929830551147461e+00
3.406795263290405273e+00
1.184104084968566895e+00
-1.657707095146179199e+00
-4.927008152008056641e-01
4.266875743865966797e+00
-2.251359462738037109e+00
-2.614814281463623047e+00
2.357712030410766602e+00
2.424490928649902344e+00
-2.172231674194335938e+00
-8.733520507812500000e-01
-1.062909364700317383e+00
2.895309925079345703e-01
3.725203514099121094e+00
-1.069015622138977051e+00
-3.070755004882812500e+00
2.771704673767089844e+00
7.671067714691162109e-01
-3.247233152389526367e+00
-5.357886552810668945e-01
1.473759055137634277e+00
3.531294822692871094e+00
-4.886214256286621094e+00
-1.236536979675292969e+00
5.767015814781188965e-01
2.980036497116088867e+00
-1.387184500694274902e+00
3.985590934753417969e-01
2.585680484771728516e+00
-2.469221591949462891e+00
1.769495129585266113e+00
-7.307490110397338867e-01
2.025805473327636719e+00
-1.170512080192565918e+00
2.946846485137939453e-01
-2.181033611297607422e+00
-2.682816505432128906e+00
2.804968833923339844e+00
4.212793111801147461e-01
8.941542506217956543e-01
1.886635303497314453e+00
-1.798971176147460938e+00
9.468591213226318359e-01
-8.454358577728271484e-01
-1.277798295021057129e+00
-1.357138395309448242e+00
2.111018419265747070e+00
-1.940305709838867188e+00
-1.281167030334472656e+00
-1.194024682044982910e-01
3.521160602569580078e+00
-2.788105010986328125e+00
3.838152408599853516e+00
-3.616072654724121094e+00
1.644703388214111328e+00
-2.309489697217941284e-01
-4.520754218101501465e-01
4.247232377529144287e-01
2.550957679748535156e+00
-9.758758544921875000e-01
-1.228629112243652344e+00
-2.206896543502807617e+00
2.804654598236083984e+00
-1.102481126785278320e+00
2.678627729415893555e+00
-1.454361557960510254e+00
-1.859512031078338623e-01
-2.969970703125000000e-01
1.779531836509704590e-01
-2.339765310287475586e+00
3.600929260253906250e+00
4.251759946346282959e-01
-3.245625019073486328e+00
1.179115056991577148e+00
-1.310068666934967041e-01
2.054817974567413330e-01
-1.284221291542053223e+00
1.007724881172180176e+00
2.108372211456298828e+00
-2.177191734313964844e+00
-1.371611833572387695e+00
-7.935141921043395996e-01
4.565011560916900635e-01
-3.214426338672637939e-01
1.713745594024658203e+00
-3.727540969848632812e-01
-8.270614147186279297e-01
4.161163330078125000e+00
4.749953448772430420e-01
-1.639688372611999512e+00
-2.458634853363037109e+00
-7.061604261398315430e-01
2.376035928726196289e+00
-1.410104632377624512e+00
1.202864646911621094e+00
-1.556132137775421143e-01
3.101156949996948242e-01
3.784105777740478516e+00
-5.075850486755371094e+00
7.327939867973327637e-01
-1.897100687026977539e+00
8.345852494239807129e-01
-9.012434482574462891e-01
3.619460582733154297e+00
-3.496990203857421875e+00
1.328438043594360352e+00
-1.439625740051269531e+00
6.144742965698242188e-01
1.409667372703552246e+00
-3.194245100021362305e-01
7.987551391124725342e-02
-1.613268613815307617e+00
2.467350959777832031e+00
2.282893896102905273e+00
-1.536625921726226807e-01
-1.833990097045898438e+00
1.665900796651840210e-01
5.846625566482543945e-01
6.764940023422241211e-01
3.810449838638305664e-01
-4.980007171630859375e+00
1.021094083786010742e+00
1.280190825462341309e+00
-2.104070186614990234e+00
1.296843051910400391e+00
2.089543938636779785e-01
-1.085878133773803711e+00
-4.837743937969207764e-01
2.258630514144897461e+00
1.290793657302856445e+00
2.299485057592391968e-01
-6.897169351577758789e-01
-1.841133832931518555e+00
-7.056784629821777344e-02
6.247746944427490234e-01
-2.838612556457519531e+00
4.321491241455078125e+00
-1.640414357185363770e+00
4.027547359466552734e+00
-3.374247550964355469e+00
2.301152944564819336e+00
6.609955430030822754e-01
-4.645328521728515625e+00
3.053631305694580078e+00
-1.951927542686462402e+00
9.262385368347167969e-01
1.933773040771484375e+00
-4.669966220855712891e+00
2.583374977111816406e+00
-1.159549474716186523e+00
-2.364326477050781250e+00
1.604841113090515137e+00
1.789640665054321289e+00
2.276776790618896484e+00
-7.021073698997497559e-01
-1.548212528228759766e+00
-2.435838699340820312e+00
4.499263167381286621e-01
-1.313126921653747559e+00
1.763022661209106445e+00
1.619160175323486328e-04
2.140007257461547852e+00
1.343950510025024414e+00
-2.341829538345336914e+00
2.581253051757812500e-01
1.491128921508789062e+00
-7.874155044555664062e-01
-9.769200682640075684e-01
3.801276683807373047e-01
-1.509337902069091797e+00
-2.698380231857299805e+00
1.494287490844726562e+00
2.920804023742675781e-01
1.136479377746582031e+00
1.357317447662353516e+00
1.376525312662124634e-01
-2.341823816299438477e+00
1.742106914520263672e+00
4.205210208892822266e+00
-1.398985266685485840e+00
-1.999610781669616699e+00
-1.634362488985061646e-01
4.298534095287322998e-01
-8.336416482925415039e-01
1.012506484985351562e+00
1.137063503265380859e+00
-1.001474931836128235e-01
1.464440345764160156e+00
-2.351547241210937500e+00
6.339442729949951172e-01
-3.712527751922607422e+00
1.223221540451049805e+00
1.345496416091918945e+00
-9.984437227249145508e-01
9.041035175323486328e-01
-3.238969802856445312e+00
4.523566961288452148e-01
1.667669892311096191e+00
1.931577086448669434e+00
1.580759525299072266e+00
-8.501127362251281738e-01
-3.659451961517333984e+00
-8.613626360893249512e-01
1.504969954490661621e+00
-2.125482559204101562e+00
1.728895664215087891e+00
3.574421405792236328e+00
-7.325387001037597656e-01
-2.168673515319824219e+00
4.382385015487670898e-01
9.669913053512573242e-01
-5.922263860702514648e-01
-1.264567613601684570e+00
-1.144102573394775391e+00
2.378481388092041016e+00
-3.360204219818115234e+00
1.441220164299011230e+00
-4.583962261676788330e-01
6.841234564781188965e-01
-8.474693298339843750e-01
-5.099731683731079102e-01
-2.038317680358886719e+00
4.742654800415039062e+00
-2.913597822189331055e+00
2.541709423065185547e+00
1.675218939781188965e-01
1.087849617004394531e+00
-2.220248699188232422e+00
2.010936260223388672e+00
-8.514917492866516113e-01
1.513069152832031250e+00
-1.407852292060852051e+00
1.262632608413696289e+00
-1.347567677497863770e+00
-3.325232863426208496e-02
1.833115696907043457e+00
2.572778463363647461e+00
-3.851788997650146484e+00
-7.518888115882873535e-01
1.898766994476318359e+00
-2.223324298858642578e+00
-2.183044105768203735e-01
1.967171430587768555e+00
-1.811922669410705566e+00
-2.556368708610534668e-01
1.496973872184753418e+00
5.358873009681701660e-01
8.180299401283264160e-01
-9.434285759925842285e-01
-8.694187402725219727e-01
4.801023602485656738e-01
-9.296624064445495605e-01
9.970103502273559570e-01
2.063006877899169922e+00
-2.443737745285034180e+00
-1.585323810577392578e+00
1.395934343338012695e+00
1.406362056732177734e+00
1.203469395637512207e+00
-2.364100813865661621e-01
-4.678121566772460938e+00
4.143713951110839844e+00
-1.656586647033691406e+00
1.676776885986328125e+00
8.545173704624176025e-02
2.808755874633789062e+00
-1.261237978935241699e+00
-4.234145879745483398e-01
-3.722378253936767578e+00
1.315805912017822266e+00
1.952783584594726562e+00
-4.092859625816345215e-01
-4.498522758483886719e+00
-8.468893766403198242e-01
3.162538528442382812e+00
2.311574935913085938e+00
4.381139874458312988e-01
-1.923234701156616211e+00
-1.873934030532836914e+00
-9.924622774124145508e-01
1.970527410507202148e+00
2.618310689926147461e+00
-3.364512205123901367e+00
-1.790505766868591309e+00
-1.205456495285034180e+00
-4.582228660583496094e-01
4.058892250061035156e+00
-1.445577740669250488e-01
-2.002600431442260742e+00
2.476314067840576172e+00
8.340328931808471680e-01
2.325325906276702881e-01
6.138905882835388184e-01
-1.958696007728576660e+00
5.030116438865661621e-02
-2.089687824249267578e+00
1.813787341117858887e+00
-2.572870254516601562e+00
3.157147407531738281e+00
6.009770035743713379e-01
-1.155061602592468262e+00
4.758050441741943359e-01
-2.190563440322875977e+00
-5.382998585700988770e-01
5.521494865417480469e+00
-2.507310211658477783e-01
-9.436042308807373047e-01
-6.186959743499755859e-01
1.166935920715332031e+00
-2.343057394027709961e+00
8.477532863616943359e-01
1.039691209793090820e+00
-1.558567047119140625e+00
-2.655807256698608398e+00
3.989340662956237793e-01
-3.867327690124511719e+00
7.960534095764160156e+00
5.371797680854797363e-01
-1.143165707588195801e+00
-4.982994079589843750e+00
1.807898283004760742e-01
1.687231779098510742e+00
2.184253692626953125e+00
-4.265377521514892578e-01
-2.914707183837890625e+00
1.172046899795532227e+00
3.610647320747375488e-01
-2.306922912597656250e+00
3.362010955810546875e+00
-1.076804399490356445e+00
6.363250613212585449e-01
1.713350415229797363e-01
8.729704618453979492e-01
-2.503042221069335938e-01
7.187691330909729004e-01
-8.311098217964172363e-01
1.049748063087463379e+00
-9.530364274978637695e-01
-3.133217811584472656e+00
2.136799812316894531e+00
8.065674304962158203e-01
7.700148224830627441e-01
-2.887374639511108398e+00
-6.919480562210083008e-01
-8.892272412776947021e-02
-8.564802408218383789e-01
2.088444948196411133e+00
1.579620838165283203e-01
-1.009011626243591309e+00
2.963356018066406250e+00
-1.909430623054504395e+00
1.219682812690734863e+00
-1.507042884826660156e+00
1.998220682144165039e+00
1.276386022567749023e+00
3.532802760601043701e-01
-1.775153636932373047e+00
2.684344291687011719e+00
