2.681213617324829102e-01
4.194440841674804688e-01
8.635993003845214844e-01
4.389610290527343750e-01
-2.174233198165893555e+00
-1.080252647399902344e+00
-8.994144201278686523e-01
-7.319559454917907715e-01
4.764711260795593262e-01
9.987026453018188477e-01
-4.869595170021057129e-01
2.536161839962005615e-01
3.891357898712158203e+00
-4.853743553161621094e+00
2.361159563064575195e+00
-1.567351698875427246e+00
2.625939369201660156e+00
-3.215225219726562500e+00
4.840523719787597656e+00
1.385349631309509277e-01
-6.263467669486999512e-01
5.660524964332580566e-01
-8.120121955871582031e-01
-1.517411947250366211e+00
-1.037091255187988281e+00
-5.115084648132324219e-01
-8.042650222778320312e-01
-7.674409151077270508e-01
1.747900485992431641e+00
2.667809963226318359e+00
7.000759840011596680e-01
-2.917374610900878906e+00
5.999081209301948547e-02
-2.366844892501831055e+00
4.786186218261718750e+00
-1.003213286399841309e+00
-1.055439472198486328e+00
1.979833602905273438e+00
-2.817320823669433594e+00
-2.036833047866821289e+00
6.295981407165527344e-01
5.677143931388854980e-01
1.090805679559707642e-01
5.342531204223632812e-02
1.042349934577941895e+00
-3.381796181201934814e-01
-6.850949525833129883e-01
5.242989063262939453e-01
-5.579065084457397461e-01
-7.024736404418945312e-01
2.746922671794891357e-01
-1.871488094329833984e+00
2.060753822326660156e+00
-5.854598283767700195e-01
4.487642645835876465e-01
5.486717820167541504e-01
2.124570846557617188e+00
-1.784207582473754883e+00
-8.212539553642272949e-01
-1.925513595342636108e-01
1.102609753608703613e+00
-1.044100821018218994e-01
8.105939626693725586e-01
-2.385061830282211304e-01
1.550038218498229980e+00
-4.194388389587402344e-01
9.916331768035888672e-01
-3.630628585815429688e+00
-1.001346409320831299e-01
1.389924287796020508e+00
8.367642164230346680e-01
-6.035240888595581055e-01
4.664581298828125000e+00
-3.224297761917114258e+00
1.697214245796203613e+00
-2.687550306320190430e+00
9.008962512016296387e-01
6.427756547927856445e-01
-3.813874721527099609e-01
1.689756870269775391e+00
-3.675769329071044922e+00
2.743432998657226562e+00
1.698756694793701172e+00
-2.392674207687377930e+00
-5.305268764495849609e-01
-1.624164104461669922e+00
4.411134719848632812e+00
-1.831328272819519043e+00
2.282955884933471680e+00
-1.915066003799438477e+00
1.920434832572937012e+00
-5.531984567642211914e-02
-6.280270576477050781e+00
3.742142677307128906e+00
1.853651762008666992e+00
-3.156662464141845703e+00
-1.113008499145507812e+00
-1.200862884521484375e+00
3.223397970199584961e+00
1.443413496017456055e+00
-4.949138760566711426e-01
-2.650951385498046875e+00
2.131444454193115234e+00
-8.664996623992919922e-01
2.392494916915893555e+00
-1.485765218734741211e+00
8.822731971740722656e-01
-1.579693317413330078e+00
-1.433819293975830078e+00
-3.080888748168945312e+00
1.498847723007202148e+00
2.141185522079467773e+00
8.642376065254211426e-01
2.117438614368438721e-02
1.408636569976806641e+00
-4.029798984527587891e+00
1.300300836563110352e+00
1.183991670608520508e+00
-1.187664389610290527e+00
2.075429439544677734e+00
-1.722973465919494629e+00
4.675918221473693848e-01
-3.012366294860839844e+00
2.040050983428955078e+00
7.255495786666870117e-01
-1.798964500427246094e+00
-6.111086010932922363e-01
1.032363176345825195e+00
7.482669353485107422e-01
7.395040988922119141e-01
2.755204439163208008e-01
1.919378399848937988e+00
8.772904872894287109e-01
-3.876408100128173828e+00
-8.184158205986022949e-01
-9.490927457809448242e-01
2.870465278625488281e+00
2.839559078216552734e+00
3.680246472358703613e-01
-2.537430763244628906e+00
-3.889867663383483887e-01
-7.844704389572143555e-01
-1.990983366966247559e+00
1.212271451950073242e+00
9.061628580093383789e-01
-2.433344841003417969e+00
3.744171380996704102e+00
-4.654957771301269531e+00
8.763807296752929688e+00
-1.812163829803466797e+00
-1.076417803764343262e+00
1.052075386047363281e+00
-4.207237243652343750e+00
-7.816880941390991211e-01
1.420268058776855469e+00
-1.406008243560791016e+00
3.392246246337890625e+00
2.499818086624145508e+00
8.426245450973510742e-01
1.167270183563232422e+00
-9.146049499511718750e+00
3.521695137023925781e+00
1.479609251022338867e+00
-2.013585567474365234e+00
2.836436033248901367e+00
-3.612668514251708984e+00
1.242544531822204590e+00
-3.316187381744384766e+00
3.703647136688232422e+00
-8.411370515823364258e-01
-7.481156587600708008e-01
-2.508210539817810059e-01
-3.706196323037147522e-02
-9.092632532119750977e-01
-8.077547550201416016e-01
1.957846999168395996e+00
3.400644302368164062e+00
-1.633200645446777344e+00
2.887132465839385986e-01
-2.406750202178955078e+00
7.476607561111450195e-01
3.293393254280090332e-01
-4.184828758239746094e+00
1.993087828159332275e-01
2.288330078125000000e+00
-1.248580217361450195e+00
-4.572048783302307129e-01
3.513065814971923828e+00
1.930228471755981445e-01
-1.381381630897521973e+00
-7.925507426261901855e-02
-5.438800156116485596e-02
-1.957357764244079590e+00
-5.136913061141967773e-02
2.577929496765136719e+00
-5.713523626327514648e-01
4.799406528472900391e+00
-4.111125946044921875e+00
1.860757589340209961e+00
-2.118736267089843750e+00
1.047774314880371094e+00
2.177789688110351562e+00
-3.810882568359375000e-01
-4.226959228515625000e+00
-8.254448175430297852e-01
2.678002119064331055e+00
-1.349311828613281250e+00
-3.998306989669799805e-01
3.379525423049926758e+00
-1.829653024673461914e+00
1.121131420135498047e+00
-1.630751609802246094e+00
-7.190581560134887695e-01
-2.282413244247436523e-01
-1.276757240295410156e+00
4.180350303649902344e+00
-1.216961383819580078e+00
2.896036803722381592e-01
2.330527782440185547e+00
-2.559899330139160156e+00
-2.841269254684448242e+00
4.899343013763427734e+00
-1.626410007476806641e+00
2.799922466278076172e+00
-1.982391357421875000e+00
1.166522026062011719e+00
-1.071644902229309082e+00
-7.780842781066894531e-01
-8.175056576728820801e-01
-1.495664000511169434e+00
3.470380783081054688e+00
1.682920217514038086e+00
-4.284841537475585938e+00
3.136808574199676514e-01
2.747395038604736328e+00
-2.881286144256591797e-01
-3.290531635284423828e+00
-6.204602122306823730e-01
6.502465724945068359e+00
7.294183373451232910e-01
-5.373875617980957031e+00
-1.394818305969238281e+00
-1.072394847869873047e+00
2.941076755523681641e+00
-6.799666285514831543e-01
-7.134745121002197266e-01
2.461259603500366211e+00
-2.399608135223388672e+00
4.070684432983398438e+00
-1.755896508693695068e-01
2.591534256935119629e-01
-1.574826478958129883e+00
-2.925434112548828125e+00
1.740505218505859375e+00
8.422551155090332031e-01
-2.752270698547363281e+00
-8.196406960487365723e-01
2.684187889099121094e+00
-3.164472103118896484e+00
4.071915626525878906e+00
-1.197053194046020508e+00
-3.915023803710937500e-02
2.084197282791137695e+00
-1.359706670045852661e-01
-6.826261878013610840e-01
1.409933805465698242e+00
-2.156594038009643555e+00
-3.190516233444213867e+00
2.332938671112060547e+00
2.121363401412963867e+00
-1.252254992723464966e-01
-1.080088466405868530e-01
-2.168468952178955078e+00
1.422112584114074707e+00
1.447318553924560547e+00
1.289255380630493164e+00
-1.759286999702453613e+00
-1.800090193748474121e+00
1.384157419204711914e+00
4.848159790039062500e+00
-8.005114555358886719e+00
1.772625088691711426e+00
-4.346834421157836914e-01
3.675069808959960938e-01
1.336421608924865723e+00
-2.171060889959335327e-01
2.104476451873779297e+00
-4.008356094360351562e+00
-1.865790635347366333e-01
8.822317421436309814e-02
1.966182589530944824e+00
-1.454890966415405273e+00
1.432408571243286133e+00
-6.308752298355102539e-02
2.583975791931152344e-01
-6.408537626266479492e-01
-2.712003231048583984e+00
-2.003388404846191406e+00
1.903021931648254395e+00
6.002792358398437500e+00
-4.724610805511474609e+00
-2.859895706176757812e+00
-5.269934535026550293e-01
1.209963083267211914e+00
4.354895591735839844e+00
-1.483532190322875977e+00
2.187788963317871094e+00
-2.204389333724975586e+00
3.252720832824707031e-02
-3.015831708908081055e-01
4.440935134887695312e+00
-3.491972208023071289e+00
-2.223246574401855469e+00
1.219406723976135254e+00
1.447372317314147949e+00
6.949723362922668457e-01
-4.623410701751708984e+00
1.057624459266662598e+00
-1.000747084617614746e+00
2.352638483047485352e+00
-1.400782823562622070e+00
-2.277096509933471680e+00
4.102221965789794922e+00
6.276208162307739258e-02
1.150694131851196289e+00
-1.920441150665283203e+00
-5.397902727127075195e-01
-1.869853734970092773e-01
2.192021012306213379e-01
3.917947411537170410e-02
1.299944281578063965e+00
-4.647899627685546875e+00
7.564376592636108398e-01
2.506174802780151367e+00
1.023285984992980957e+00
-2.477576494216918945e+00
2.701271533966064453e+00
-2.913212776184082031e-01
-1.559776067733764648e+00
7.583677768707275391e-02
2.900350809097290039e+00
-1.048678398132324219e+00
1.200214624404907227e+00
-2.437624633312225342e-01
9.868209958076477051e-01
-4.875793755054473877e-01
-1.692072272300720215e+00
-2.677040398120880127e-01
7.461112737655639648e-01
2.334239006042480469e+00
1.445806384086608887e+00
-8.918863534927368164e-01
-6.240787506103515625e-01
-1.864703536033630371e+00
1.653382301330566406e+00
3.205542564392089844e-01
-1.764535903930664062e-03
-1.176668167114257812e+00
1.728162288665771484e+00
-2.159686803817749023e+00
4.638684689998626709e-01
1.496377468109130859e+00
-2.038946390151977539e+00
-4.523148536682128906e-01
3.773189187049865723e-01
1.488522768020629883e+00
-1.444144964218139648e+00
-1.220547914505004883e+00
2.451813697814941406e+00
3.953002095222473145e-01
-2.336901664733886719e+00
7.765540480613708496e-01
-7.314529418945312500e-01
9.646503925323486328e-01
-2.307685017585754395e-01
-8.633691072463989258e-01
7.602279782295227051e-01
-2.871208190917968750e-01
3.471344411373138428e-01
-1.056379437446594238e+00
-5.756083130836486816e-02
7.741150259971618652e-02
-3.653604984283447266e-01
-7.383629679679870605e-01
-1.784070432186126709e-01
-1.245682954788208008e+00
-1.735725164413452148e+00
4.147652626037597656e+00
1.146868228912353516e+00
-3.004186153411865234e+00
4.053450226783752441e-01
-4.807536005973815918e-01
2.741376399993896484e+00
9.014241099357604980e-01
-1.734354972839355469e+00
1.176402568817138672e+00
2.411485165357589722e-01
-2.841068744659423828e+00
2.708526611328125000e+00
-1.624481678009033203e+00
2.872363090515136719e+00
-6.498901844024658203e-01
9.775393009185791016e-01
3.680567264556884766e+00
-5.302737712860107422e+00
-1.366829276084899902e+00
5.686395168304443359e-01
-1.244191884994506836e+00
9.498864412307739258e-01
4.409894943237304688e-01
3.584262728691101074e-02
-1.287485808134078979e-01
3.190958261489868164e+00
-1.776469945907592773e+00
1.909911632537841797e-01
-3.924545645713806152e-02
-2.240649223327636719e+00
-1.534158110618591309e+00
1.888017654418945312e+00
1.179991245269775391e+00
6.428273916244506836e-01
7.108716964721679688e-01
-2.352255344390869141e+00
9.742308855056762695e-01
-1.248175382614135742e+00
7.212882637977600098e-01
-4.062925577163696289e-01
-2.260528802871704102e+00
4.072818279266357422e+00
2.059870958328247070e+00
-4.198789119720458984e+00
4.551907539367675781e+00
-3.642888545989990234e+00
-5.647274255752563477e-01
-2.394649982452392578e+00
6.105444431304931641e+00
-3.339277267456054688e+00
2.139849185943603516e+00
-1.620099544525146484e+00
1.996232986450195312e+00
-4.124237060546875000e+00
-1.151117682456970215e+00
7.915699481964111328e-02
1.287222862243652344e+00
2.109331607818603516e+00
1.580564379692077637e-01
1.069485902786254883e+00
-3.037510871887207031e+00
-1.425947666168212891e+00
2.026894807815551758e+00
9.394452571868896484e-01
2.432151794433593750e+00
-3.130514860153198242e+00
-2.683145999908447266e+00
1.333149671554565430e+00
2.867918968200683594e+00
-1.626522779464721680e+00
1.298506736755371094e+00
-3.083039760589599609e+00
-7.967859506607055664e-01
2.978424549102783203e+00
2.294216394424438477e+00
-3.014088630676269531e+00
2.514562010765075684e-01
-1.242857217788696289e+00
-6.351301074028015137e-01
-1.234314441680908203e+00
2.628837347030639648e+00
1.797592878341674805e+00
1.691097021102905273e-01
-3.334852695465087891e+00
2.306851387023925781e+00
2.153143644332885742e+00
-4.169736385345458984e+00
1.027523428201675415e-01
1.079358100891113281e+00
-1.670813798904418945e+00
2.462074995040893555e+00
-1.378455281257629395e+00
2.717934608459472656e+00
-7.413799166679382324e-01
-5.811982154846191406e-01
2.671274662017822266e+00
1.239325404167175293e+00
-2.744697809219360352e+00
1.305017352104187012e+00
1.232373118400573730e+00
-4.434726715087890625e+00
1.637937277555465698e-01
-1.047056078910827637e+00
6.754194498062133789e-01
-7.335142493247985840e-01
3.698940277099609375e+00
-2.851326465606689453e+00
1.551275014877319336e+00
-5.901954770088195801e-01
1.000733077526092529e-01
-1.580791175365447998e-01
6.167889833450317383e-01
-1.026880979537963867e+00
3.245337009429931641e+00
-2.666167318820953369e-01
-1.498936891555786133e+00
1.273680329322814941e-01
4.087089896202087402e-01
7.050677537918090820e-01
6.683623194694519043e-01
-5.363392353057861328e+00
-6.450557708740234375e-01
5.133244514465332031e+00
-1.505253195762634277e+00
-5.719887018203735352e-01
-1.673442006111145020e+00
2.929602861404418945e+00
-2.684370994567871094e+00
-4.020054638385772705e-01
-3.535436868667602539e+00
3.998171329498291016e+00
2.080468833446502686e-01
7.248805761337280273e-01
4.748837649822235107e-01
7.143052816390991211e-01
1.588136196136474609e+00
-2.300458192825317383e+00
-6.532210707664489746e-01
4.480800926685333252e-01
-2.719230175018310547e+00
9.384568929672241211e-01
9.202855825424194336e-01
1.516224145889282227e+00
-1.692023426294326782e-01
1.323435068130493164e+00
-9.935233592987060547e-01
-2.267777442932128906e+00
-3.520045995712280273e+00
3.925415515899658203e+00
1.749111413955688477e-01
2.314712524414062500e+00
-6.016077995300292969e-01
2.290475368499755859e+00
-3.818617343902587891e+00
-2.751157522201538086e+00
5.781467556953430176e-01
6.263052463531494141e+00
-5.642247200012207031e+00
5.644999742507934570e-01
2.374431133270263672e+00
-5.966968536376953125e-01
-3.488998174667358398e+00
7.443576335906982422e+00
-1.784857273101806641e+00
1.037307262420654297e+00
-1.963792920112609863e+00
-1.394528746604919434e+00
2.598067998886108398e+00
-1.887926459312438965e+00
-2.702298164367675781e+00
1.805816173553466797e+00
-1.641024827957153320e+00
1.578885912895202637e+00
-2.131498813629150391e+00
3.211741924285888672e+00
-3.842092037200927734e+00
4.738664627075195312e+00
-4.140210449695587158e-01
1.240944147109985352e+00
-4.250257015228271484e+00
4.893829226493835449e-01
-2.174031257629394531e+00
5.018401622772216797e+00
-1.284103989601135254e+00
-1.407228350639343262e+00
1.839359164237976074e+00
-9.379622936248779297e-01
8.759513497352600098e-02
1.579924464225769043e+00
-1.209113121032714844e+00
4.578984081745147705e-01
9.408489465713500977e-01
1.237092912197113037e-01
-4.856430530548095703e+00
4.919344425201416016e+00
-1.688860774040222168e+00
2.011635303497314453e+00
-5.015516281127929688e+00
-8.725063800811767578e-01
4.652504920959472656e+00
-1.789688587188720703e+00
1.868800640106201172e+00
1.384316682815551758e-01
-2.706467151641845703e+00
2.886571884155273438e+00
-2.521972417831420898e+00
-1.365598201751708984e+00
-5.831670165061950684e-01
-1.092607021331787109e+00
1.930281043052673340e+00
1.084995031356811523e+00
2.593687057495117188e+00
-2.084343284368515015e-01
-4.133398532867431641e+00
2.234408140182495117e+00
1.407692432403564453e+00
-2.778890132904052734e-01
6.634342670440673828e-01
-6.955397129058837891e-02
3.741536736488342285e-01
-1.812078237533569336e+00
-2.796785235404968262e-01
-1.447193026542663574e+00
2.401152610778808594e+00
3.191350698471069336e-01
-1.280851364135742188e+00
5.038483738899230957e-01
2.906460285186767578e+00
-7.998843193054199219e-01
3.880709409713745117e-03
-1.533331274986267090e+00
-2.877932548522949219e+00
2.870640039443969727e+00
-1.861627817153930664e+00
3.722497701644897461e+00
-2.765183448791503906e+00
1.419324725866317749e-01
-1.155320167541503906e+00
-2.151299476623535156e+00
4.660297393798828125e+00
2.449219524860382080e-01
1.811091303825378418e-01
-2.114835530519485474e-01
2.008128166198730469e+00
-2.782609224319458008e+00
-9.833098948001861572e-02
1.801274657249450684e+00
-5.717597007751464844e+00
4.865147590637207031e+00
-1.962935328483581543e+00
-1.231712177395820618e-01
1.039942264556884766e+00
-1.936928033828735352e-01
1.179825782775878906e+00
7.477418184280395508e-01
-3.112128257751464844e+00
1.165343523025512695e+00
-3.707884311676025391e+00
1.512331962585449219e+00
8.870893120765686035e-01
1.157845497131347656e+00
1.133061289787292480e+00
-1.691044092178344727e+00
-1.878558397293090820e+00
-4.887700974941253662e-01
3.800580024719238281e+00
-6.670292019844055176e-01
-3.261178135871887207e-01
-2.552720546722412109e+00
-8.562274575233459473e-01
4.689695358276367188e+00
-2.083060264587402344e+00
9.057136774063110352e-01
-2.144933700561523438e+00
1.025364875793457031e+00
2.766960859298706055e+00
-1.875287175178527832e+00
1.019080162048339844e+00
1.307838439941406250e+00
4.719665050506591797e-01
7.010492086410522461e-01
-3.187914371490478516e+00
1.775987148284912109e+00
-1.934913396835327148e+00
-2.149994820356369019e-01
2.454037904739379883e+00
-3.063961505889892578e+00
-7.892258763313293457e-01
2.286073207855224609e+00
5.603968501091003418e-01
4.864010810852050781e-01
-1.170007467269897461e+00
2.191855907440185547e+00
-4.703965187072753906e+00
2.667318344116210938e+00
-1.171729087829589844e+00
1.661224842071533203e+00
-4.483928382396697998e-01
-2.495316028594970703e+00
3.416439771652221680e+00
-9.905773401260375977e-01
1.627812087535858154e-01
-3.844858109951019287e-01
3.153162002563476562e-01
-3.369688034057617188e+00
-1.929252386093139648e+00
4.335267066955566406e+00
8.399162292480468750e-01
5.596008896827697754e-01
-9.109112620353698730e-01
1.842313170433044434e+00
-1.452574610710144043e+00
-6.637127399444580078e-01
1.281719207763671875e+00
8.065372705459594727e-01
-4.875229835510253906e+00
1.843271613121032715e+00
5.137016177177429199e-01
8.943502306938171387e-01
-1.439172983169555664e+00
2.160465240478515625e+00
-7.784196138381958008e-01
-8.163122534751892090e-01
3.293638825416564941e-01
-6.912837624549865723e-01
1.818178147077560425e-01
7.779330611228942871e-01
2.272039413452148438e+00
-3.502132415771484375e+00
-1.701556682586669922e+00
1.505225419998168945e+00
1.039109945297241211e+00
3.243968486785888672e+00
-5.142099261283874512e-01
-1.252892971038818359e+00
8.577275276184082031e-01
1.604202389717102051e-01
-1.922501206398010254e+00
7.741672992706298828e-01
-7.411302924156188965e-01
-4.886975288391113281e-01
-5.538834333419799805e-01
-1.996831893920898438e+00
7.967863082885742188e-01
4.481431007385253906e+00
-5.808686614036560059e-01
-2.325500726699829102e+00
4.693998992443084717e-01
-1.094851851463317871e+00
3.760715126991271973e-01
1.384651184082031250e+00
-1.663560628890991211e+00
2.701134204864501953e+00
-2.693902730941772461e+00
-1.734387874603271484e+00
1.322511672973632812e+00
2.910596370697021484e+00
-2.771269798278808594e+00
-1.426303148269653320e+00
9.771813154220581055e-01
-1.690298318862915039e+00
1.513675689697265625e+00
-8.905365467071533203e-01
6.691658496856689453e-01
-1.126723289489746094e+00
2.357922554016113281e+00
2.757521271705627441e-01
-1.963207483291625977e+00
1.315942406654357910e+00
2.994403362274169922e+00
-1.164886713027954102e+00
-2.324728488922119141e+00
7.746940851211547852e-01
-3.033993840217590332e-01
2.863769531250000000e-01
-4.539917707443237305e-01
9.332796335220336914e-01
2.701209783554077148e-01
1.601437330245971680e+00
-6.257179379463195801e-01
-1.424961328506469727e+00
-5.320802927017211914e-01
7.091810703277587891e-01
4.589759409427642822e-01
5.797684192657470703e-02
1.003810048103332520e+00
-1.950853824615478516e+00
2.716814041137695312e+00
1.212533593177795410e+00
-2.137838363647460938e+00
1.685873866081237793e-01
1.768469452857971191e+00
-4.131876826286315918e-01
-2.565363645553588867e+00
7.642294168472290039e-01
1.020869731903076172e+00
1.490527510643005371e+00
1.817773342132568359e+00
-3.763320446014404297e+00
5.315355956554412842e-03
-1.448996812105178833e-01
-1.816879808902740479e-01
6.505663394927978516e-01
-1.378124594688415527e+00
-2.396923542022705078e+00
4.086565971374511719e+00
-2.021382004022598267e-01
-9.852692484855651855e-01
-3.784737288951873779e-01
9.600310921669006348e-01
1.152412891387939453e+00
1.307000398635864258e+00
-2.102316021919250488e-01
1.344363451004028320e+00
-3.371648311614990234e+00
-9.008797407150268555e-01
3.172457695007324219e+00
-2.850696802139282227e+00
-2.704937934875488281e+00
1.791316866874694824e-01
1.201489210128784180e+00
2.189018249511718750e+00
1.162750720977783203e+00
-9.233316183090209961e-01
-2.298791646957397461e+00
2.936357259750366211e+00
-4.353231489658355713e-01
-2.013036489486694336e+00
4.966307640075683594e+00
-3.913030385971069336e+00
-1.193621397018432617e+00
8.709313273429870605e-01
-1.637262940406799316e+00
2.472775459289550781e+00
-2.377297401428222656e+00
3.861691653728485107e-01
-1.130736827850341797e+00
1.151411056518554688e+00
-1.158438801765441895e+00
2.497404813766479492e+00
-1.846261262893676758e+00
5.653022527694702148e-01
-1.361177206039428711e+00
4.176681041717529297e-01
-2.913057804107666016e-03
-2.631160020828247070e-01
-1.220055103302001953e+00
-4.777582883834838867e-01
-2.225425481796264648e+00
9.088628768920898438e+00
-2.214301109313964844e+00
3.157365918159484863e-01
-3.064907312393188477e+00
2.062640905380249023e+00
-1.684928297996520996e+00
-7.301326394081115723e-01
-7.035405039787292480e-01
-3.752461910247802734e+00
5.021832466125488281e+00
3.926853239536285400e-01
1.210230827331542969e+00
-1.374420523643493652e+00
-1.142540574073791504e+00
1.351091384887695312e+00
-3.007789254188537598e-01
4.787563085556030273e-01
-8.493738770484924316e-01
2.325953960418701172e+00
-4.103096961975097656e+00
1.324643492698669434e+00
9.635340571403503418e-01
-1.982066988945007324e+00
9.371151924133300781e-01
-6.834695935249328613e-01
1.191445469856262207e+00
-5.979298353195190430e-01
6.196795701980590820e-01
-6.029686927795410156e-01
1.815198361873626709e-01
1.663360357284545898e+00
1.163175582885742188e+00
-9.878787994384765625e-01
-9.736981391906738281e-01
1.272466778755187988e+00
-3.725977540016174316e-01
7.923811674118041992e-01
-6.047109365463256836e-01
-1.732500553131103516e+00
1.325905799865722656e+00
1.643700599670410156e+00
1.816330671310424805e+00
-1.691398501396179199e+00
-1.906214475631713867e+00
2.219273090362548828e+00
-1.651314139366149902e+00
-1.821966648101806641e+00
-8.307927846908569336e-02
2.669463157653808594e-01
2.155827522277832031e+00
2.310915946960449219e+00
-1.913667082786560059e+00
-4.570368826389312744e-01
2.232681989669799805e+00
-4.398071765899658203e-01
-3.384159564971923828e+00
6.751591712236404419e-02
4.160319864749908447e-01
7.140349149703979492e-01
-8.143596053123474121e-01
-1.193191289901733398e+00
-1.746443986892700195e+00
6.930085659027099609e+00
1.782249927520751953e+00
-2.777104616165161133e+00
-6.833164691925048828e-01
-3.429676294326782227e+00
2.625378370285034180e+00
1.908222913742065430e+00
-2.265493154525756836e+00
-1.093887567520141602e+00
2.807098627090454102e+00
-2.056085586547851562e+00
6.772047281265258789e-02
1.384091377258300781e+00
-1.775991082191467285e+00
9.635372757911682129e-01
-2.614799499511718750e+00
6.104841828346252441e-02
7.430361509323120117e-01
-4.666420519351959229e-01
4.730435013771057129e-01
-3.488148450851440430e-01
5.927035808563232422e-01
5.051757097244262695e-01
4.098339080810546875e+00
-1.872455596923828125e+00
-3.869607746601104736e-01
-2.521738052368164062e+00
-4.792161583900451660e-01
1.616437554359436035e+00
2.301200389862060547e+00
-1.570702672004699707e+00
-3.344659566879272461e+00
-1.116245865821838379e+00
1.426148653030395508e+00
1.461044788360595703e+00
4.349113464355468750e+00
-8.315265178680419922e-01
-2.491160392761230469e+00
-4.394507408142089844e+00
5.175741195678710938e+00
-1.482874274253845215e+00
3.221240043640136719e+00
-2.502401351928710938e+00
4.375492036342620850e-01
-3.043470382690429688e+00
1.346244096755981445e+00
-2.361960887908935547e+00
2.027865409851074219e+00
1.456530570983886719e+00
1.721207618713378906e+00
-1.115270733833312988e+00
-5.711524963378906250e+00
3.052680730819702148e+00
-5.852494835853576660e-01
-8.142807483673095703e-01
3.079698085784912109e+00
-8.126913309097290039e-01
9.782556295394897461e-01
-3.957541465759277344e+00
1.381522297859191895e+00
-1.264287710189819336e+00
-1.298280239105224609e+00
2.249183654785156250e+00
1.178468942642211914e+00
-1.334538459777832031e+00
1.556499123573303223e+00
-1.255534648895263672e+00
1.689260244369506836e+00
-2.224214673042297363e-01
2.927922248840332031e+00
-3.354252815246582031e+00
3.894112110137939453e-01
1.825851559638977051e+00
-2.669125497341156006e-01
3.846291899681091309e-01
-1.057702541351318359e+00
-2.228540182113647461e-02
-2.262571811676025391e+00
2.907064199447631836e+00
1.510720968246459961e+00
1.002954244613647461e+00
-3.142042160034179688e+00
-1.082389712333679199e+00
4.047545433044433594e+00
-1.875848650932312012e+00
1.499538540840148926e+00
-2.009647607803344727e+00
-1.999837718904018402e-02
3.359020948410034180e-01
5.660651326179504395e-01
-3.944038152694702148e-01
-6.177712082862854004e-01
-1.329103589057922363e+00
3.004355430603027344e+00
-2.676206529140472412e-01
1.738636493682861328e+00
-1.690815567970275879e+00
-1.641560196876525879e+00
3.356419801712036133e-01
-2.189196348190307617e+00
2.611402511596679688e+00
2.654155731201171875e+00
