1.358028650283813477e+00
-1.426419019699096680e+00
-3.672119379043579102e-01
9.933894872665405273e-01
1.558531999588012695e+00
-4.370868802070617676e-01
-2.794343233108520508e+00
3.161674737930297852e-01
9.741488099098205566e-01
-3.938300609588623047e+00
3.737085163593292236e-01
1.895804286003112793e+00
7.902401685714721680e-02
-2.803052663803100586e-01
1.138747453689575195e+00
-2.141664028167724609e+00
1.722587227821350098e+00
1.035293340682983398e+00
4.118573963642120361e-01
-1.074261665344238281e+00
7.633748054504394531e-01
-3.090778112411499023e+00
1.447066426277160645e+00
3.862062692642211914e-01
2.498052597045898438e+00
3.076037764549255371e-02
1.528440475463867188e+00
-1.985687255859375000e+00
6.291013360023498535e-01
-8.159606456756591797e-01
-1.332055181264877319e-01
1.559672594070434570e+00
-1.407557129859924316e+00
-7.194251418113708496e-01
-7.841196656227111816e-02
-1.456098079681396484e+00
1.206295013427734375e+00
-1.070562839508056641e+00
2.011085510253906250e+00
-4.129189491271972656e+00
1.000220537185668945e+00
3.549530804157257080e-01
1.743145465850830078e+00
1.730900287628173828e+00
-6.714037656784057617e-01
-1.963454246520996094e+00
1.227198094129562378e-01
-1.902666449546813965e+00
6.643095016479492188e-01
4.348775863647460938e+00
-1.282709121704101562e+00
-1.031902909278869629e+00
-8.528299331665039062e-01
1.496023178100585938e+00
-2.817425489425659180e+00
-3.378638327121734619e-01
1.890424132347106934e+00
-8.288621306419372559e-01
4.451134800910949707e-02
5.931186676025390625e-01
-1.312737703323364258e+00
1.593530774116516113e+00
1.087764739990234375e+00
9.100432991981506348e-01
7.908924818038940430e-01
-1.911458373069763184e+00
7.756751775741577148e-01
-1.725205659866333008e+00
2.163992404937744141e+00
3.919681906700134277e-01
-2.981631278991699219e+00
1.539321899414062500e+00
-9.161100983619689941e-01
-2.617580652236938477e+00
4.252140045166015625e+00
-1.468112111091613770e+00
3.308253586292266846e-01
1.523296236991882324e-01
-1.014579087495803833e-01
9.297922253608703613e-01
1.730942964553833008e+00
-2.587940454483032227e+00
-8.351775407791137695e-01
-7.577793002128601074e-01
3.453419923782348633e+00
1.371712446212768555e+00
-2.106341123580932617e+00
6.230259537696838379e-01
-7.547583580017089844e-01
8.799706697463989258e-01
8.554084300994873047e-01
-1.321443200111389160e+00
-1.234184026718139648e+00
7.824609279632568359e-01
-2.631467342376708984e+00
-1.021631002426147461e+00
-6.113825440406799316e-01
4.857200145721435547e+00
-3.097181081771850586e+00
6.258918642997741699e-01
-2.592910051345825195e+00
2.415727615356445312e+00
1.980914711952209473e+00
7.666758298873901367e-01
-5.823997259140014648e-01
8.097904175519943237e-02
-5.156309008598327637e-01
2.026083916425704956e-01
8.484797477722167969e-01
6.767357587814331055e-01
-1.857050418853759766e+00
5.777925848960876465e-01
4.866669178009033203e-01
-7.940421104431152344e-01
-3.585831165313720703e+00
2.083846092224121094e+00
-1.503838777542114258e+00
2.987525463104248047e+00
4.315607249736785889e-01
-3.960925340652465820e-01
2.851249217987060547e+00
-3.345031499862670898e+00
9.518832564353942871e-01
8.837579488754272461e-01
-7.696151733398437500e-02
-4.325854301452636719e+00
8.315768241882324219e-01
-3.553479909896850586e-04
1.399737596511840820e+00
-1.052655935287475586e+00
3.058903694152832031e+00
-3.100159764289855957e-01
-9.032057523727416992e-01
-1.466286063194274902e+00
-3.886644840240478516e-01
-3.268387317657470703e+00
3.193992376327514648e+00
1.481186628341674805e+00
-2.272026538848876953e+00
8.091057837009429932e-02
1.418775320053100586e+00
8.047530055046081543e-02
4.726679921150207520e-01
1.412579774856567383e+00
-2.966435194015502930e+00
-9.546455740928649902e-02
2.100514769554138184e-01
2.337879657745361328e+00
-1.775297999382019043e+00
1.286814212799072266e+00
-1.202531337738037109e+00
9.692014455795288086e-01
4.812802076339721680e-01
-7.769197225570678711e-01
1.407375931739807129e+00
-1.777059674263000488e+00
8.687092065811157227e-01
1.108157396316528320e+00
-1.787312746047973633e+00
2.051060199737548828e+00
-5.013124942779541016e-01
-1.156064867973327637e+00
-2.776957750320434570e-01
3.914359509944915771e-01
-4.746150374412536621e-01
-4.596799850463867188e+00
6.776979446411132812e+00
-9.652647972106933594e-01
-2.375726699829101562e+00
2.404902219772338867e+00
-2.068023681640625000e+00
-2.152748584747314453e+00
2.291000843048095703e+00
2.455005645751953125e+00
-1.199757099151611328e+00
4.105823993682861328e+00
-4.458468437194824219e+00
-4.135137557983398438e+00
2.548572540283203125e+00
1.667232155799865723e+00
1.918092370033264160e+00
-1.105589032173156738e+00
-4.923020005226135254e-01
-5.845676064491271973e-01
-2.433305382728576660e-01
4.864161014556884766e+00
-2.394662380218505859e+00
-2.351850509643554688e+00
2.467603981494903564e-01
-1.610580682754516602e+00
2.892417907714843750e+00
-1.922271966934204102e+00
2.104243278503417969e+00
-9.820259213447570801e-01
-9.514759182929992676e-01
8.176760673522949219e-01
2.671324610710144043e-01
1.324131488800048828e+00
-1.644482135772705078e+00
-6.042438745498657227e-01
-5.495491027832031250e-01
-1.257560372352600098e+00
4.373992443084716797e+00
-1.330663412809371948e-01
-1.050019383430480957e+00
-2.308818101882934570e-01
-6.736223697662353516e-01
2.120993852615356445e+00
-1.668978810310363770e+00
-2.015004634857177734e+00
1.679389357566833496e+00
-3.066815733909606934e-01
2.044677734375000000e+00
-2.845004796981811523e+00
-5.260525345802307129e-01
-9.726669788360595703e-01
5.087429523468017578e+00
-2.481594562530517578e+00
4.227076470851898193e-01
-1.388028383255004883e+00
-1.357499361038208008e+00
-4.045422971248626709e-01
1.322361946105957031e+00
-3.529971599578857422e+00
2.794313192367553711e+00
2.369031190872192383e+00
-1.129346132278442383e+00
1.126639008522033691e+00
3.422203063964843750e+00
-4.486426353454589844e+00
3.062834441661834717e-01
3.764023780822753906e+00
-2.121866703033447266e+00
-2.339436531066894531e+00
-1.794770240783691406e+00
1.282582283020019531e-01
2.380668401718139648e+00
-2.263240814208984375e+00
4.414092540740966797e+00
9.721614122390747070e-01
-4.229452133178710938e+00
9.147793650627136230e-01
4.240897893905639648e-01
-1.264974474906921387e-01
2.484716892242431641e+00
-7.469376921653747559e-01
2.877082109451293945e+00
-1.285130381584167480e+00
6.234934329986572266e-01
-3.719848155975341797e+00
1.544980704784393311e-01
-3.203247785568237305e-01
1.186781644821166992e+00
-4.100439324975013733e-02
-3.435869216918945312e-01
2.184844493865966797e+00
-3.444581985473632812e+00
-5.292911529541015625e-01
2.495640367269515991e-01
2.864670038223266602e+00
-3.850780248641967773e+00
6.446405649185180664e-01
8.082085847854614258e-01
8.357579112052917480e-01
-1.221573352813720703e+00
-2.807796955108642578e+00
7.416227459907531738e-02
-2.884228527545928955e-01
-6.148615479469299316e-02
2.623965024948120117e+00
-1.692062854766845703e+00
1.367988348007202148e+00
1.344996571540832520e+00
2.235903978347778320e+00
-1.379665374755859375e+00
-1.325060248374938965e+00
-1.481850624084472656e+00
1.216136097908020020e+00
-4.576407372951507568e-01
-4.159843921661376953e-01
1.371646881103515625e+00
-4.495943784713745117e-01
1.676723241806030273e+00
1.647387981414794922e+00
-2.193673133850097656e+00
-7.929404973983764648e-01
-6.805043816566467285e-01
-1.277483701705932617e+00
5.038406252861022949e-01
2.419087409973144531e+00
1.553728103637695312e+00
-1.850360870361328125e+00
-1.867324233055114746e+00
1.168593645095825195e+00
-1.196966171264648438e+00
2.096496820449829102e+00
-6.467297077178955078e-01
-7.617888450622558594e-01
-1.217915654182434082e+00
3.647691249847412109e+00
-7.594504952430725098e-01
1.961412280797958374e-02
-1.628481745719909668e+00
1.607184886932373047e+00
3.624708652496337891e-01
-2.868091106414794922e+00
2.509891986846923828e+00
9.339911937713623047e-01
-5.396236181259155273e-01
1.257021725177764893e-01
4.518312811851501465e-01
-1.383554935455322266e-02
-1.711560487747192383e+00
-3.945937871932983398e+00
3.593909740447998047e-01
6.955561637878417969e+00
-2.143838703632354736e-01
-1.562153577804565430e+00
1.594351887702941895e+00
-3.260500907897949219e+00
-9.075844287872314453e-01
-5.355478525161743164e-01
1.059315919876098633e+00
1.266701221466064453e+00
-1.205054521560668945e+00
2.796556472778320312e+00
-2.812504291534423828e+00
4.201719760894775391e+00
-3.140105903148651123e-01
1.354190707206726074e+00
-3.824522972106933594e+00
2.088507413864135742e+00
-6.976492404937744141e-01
4.219261169433593750e+00
-4.497482776641845703e+00
-7.894706726074218750e-02
1.025631785392761230e+00
-4.805852890014648438e+00
9.945722222328186035e-01
1.890228986740112305e+00
3.074084758758544922e+00
-7.190376520156860352e-01
-6.098695755004882812e+00
2.913008689880371094e+00
2.746802806854248047e+00
-7.548664212226867676e-01
-5.869193077087402344e+00
2.335289239883422852e+00
5.600305199623107910e-01
-2.437470912933349609e+00
1.503553628921508789e+00
1.293729186058044434e+00
9.411554932594299316e-01
5.805957317352294922e-01
3.495712280273437500e-01
-2.361886203289031982e-01
3.789598703384399414e+00
-4.061194419860839844e+00
-1.712954163551330566e+00
3.284153938293457031e+00
-2.101272106170654297e+00
-1.442212224006652832e+00
1.644084453582763672e+00
-1.759914875030517578e+00
1.522487878799438477e+00
-3.332225799560546875e+00
2.478639364242553711e+00
-2.857690811157226562e+00
4.810291767120361328e+00
-2.728071451187133789e+00
-3.568846583366394043e-01
-7.208365201950073242e-01
-1.648869752883911133e+00
1.599930882453918457e+00
2.238131046295166016e+00
1.511380434036254883e+00
5.365383625030517578e-01
-3.749780178070068359e+00
1.462219953536987305e+00
-2.747519493103027344e+00
2.101577758789062500e+00
-8.297114372253417969e-01
-4.111841917037963867e-01
-3.325714468955993652e-01
9.825904369354248047e-01
6.448028087615966797e-01
-1.339664936065673828e+00
-9.997166395187377930e-01
4.864761829376220703e-01
7.511974126100540161e-02
-1.928422927856445312e+00
3.692146539688110352e+00
-1.143623292446136475e-01
4.210466742515563965e-01
-3.022931814193725586e-01
-3.887583613395690918e-01
-1.910517215728759766e+00
2.480311632156372070e+00
1.405818909406661987e-01
-6.353402137756347656e-01
1.368766546249389648e+00
-4.339289367198944092e-01
7.930278778076171875e-02
3.346035182476043701e-01
-4.072158932685852051e-01
-2.368179112672805786e-01
6.929155588150024414e-01
1.748876571655273438e+00
-2.598927319049835205e-01
-1.401457548141479492e+00
-6.489289402961730957e-01
6.065486669540405273e-01
-1.730917811393737793e+00
1.921008825302124023e+00
1.368726491928100586e+00
1.151167452335357666e-01
5.977655053138732910e-01
-2.292146205902099609e+00
-2.722788333892822266e+00
-6.797063350677490234e-01
3.842676639556884766e+00
7.556777000427246094e-01
2.652655541896820068e-01
-1.199898362159729004e+00
2.889456987380981445e+00
-3.563151359558105469e+00
-2.605829715728759766e+00
4.889658451080322266e+00
-3.293368220329284668e-01
-2.809441089630126953e-01
5.856117010116577148e-01
-2.618884086608886719e+00
2.047141790390014648e+00
9.936144351959228516e-01
-1.081393599510192871e+00
2.549259662628173828e+00
-4.112002372741699219e+00
-2.133393287658691406e+00
8.493531942367553711e-01
6.276190280914306641e-03
1.150456190109252930e+00
-2.596343994140625000e+00
4.040781974792480469e+00
-1.908169507980346680e+00
3.770938396453857422e+00
-3.643891811370849609e+00
3.662403106689453125e+00
1.447128176689147949e+00
-3.098786473274230957e-01
-3.965411186218261719e+00
-2.135791301727294922e+00
3.300978183746337891e+00
5.467221736907958984e-01
-1.425398111343383789e+00
-1.590689122676849365e-01
-5.186481475830078125e-01
-1.652569055557250977e+00
2.069640159606933594e+00
-1.178348660469055176e+00
2.071926116943359375e+00
6.668530702590942383e-01
7.242217063903808594e-01
2.414621114730834961e-01
-3.281523227691650391e+00
1.930711269378662109e+00
1.504670619964599609e+00
-7.795902490615844727e-01
2.428661823272705078e+00
-2.580705881118774414e+00
-1.354534387588500977e+00
-1.396648168563842773e+00
-1.518174290657043457e+00
3.027511596679687500e+00
-6.075842380523681641e-01
2.164390563964843750e+00
-2.674149513244628906e+00
4.520577430725097656e+00
-2.272260189056396484e-01
-4.634006023406982422e+00
3.069125115871429443e-01
2.748758077621459961e+00
-3.294634222984313965e-01
-4.154190063476562500e+00
-3.868472278118133545e-01
3.037825226783752441e-01
9.652955532073974609e-01
1.393623590469360352e+00
9.399050474166870117e-02
1.958677411079406738e+00
4.755343794822692871e-01
-5.296668052673339844e+00
4.443669319152832031e+00
-4.432752609252929688e+00
4.102313041687011719e+00
-1.989200115203857422e+00
1.206374287605285645e+00
2.326722145080566406e+00
-2.374958992004394531e+00
-3.390079021453857422e+00
7.911529541015625000e-01
-2.003282546997070312e+00
3.756690502166748047e+00
-1.533736109733581543e+00
6.060935854911804199e-01
-1.013275623321533203e+00
2.644565582275390625e+00
-1.760922193527221680e+00
2.336830854415893555e+00
5.707470178604125977e-01
-3.677716255187988281e+00
3.500285148620605469e+00
5.050608515739440918e-01
-5.301483154296875000e+00
3.714153468608856201e-01
-7.110625505447387695e-02
3.238136768341064453e+00
-9.132810831069946289e-01
1.112281203269958496e+00
-1.462745428085327148e+00
-1.623047828674316406e+00
2.273674964904785156e+00
-3.179775476455688477e-01
-7.248581647872924805e-01
2.604729175567626953e+00
-2.464445590972900391e+00
2.012947559356689453e+00
1.939600467681884766e+00
-1.956003069877624512e+00
-7.419494986534118652e-01
1.004529595375061035e+00
-1.392199158668518066e+00
2.662848949432373047e+00
3.359174132347106934e-01
1.955679416656494141e+00
-3.245399236679077148e+00
2.908253073692321777e-01
-6.957179307937622070e-01
-3.898517042398452759e-02
3.276485443115234375e+00
-6.754762649536132812e+00
1.312662839889526367e+00
1.460504531860351562e+00
6.144376397132873535e-01
-2.378299236297607422e+00
7.684062123298645020e-01
2.142505407333374023e+00
-3.549800395965576172e+00
4.064310073852539062e+00
8.271803855895996094e-01
1.730795502662658691e+00
-2.620912075042724609e+00
-3.092254638671875000e+00
7.788993120193481445e-01
3.532188534736633301e-01
-6.226170659065246582e-01
2.062935233116149902e-01
1.783924698829650879e+00
-3.216222524642944336e-01
-1.534826874732971191e+00
3.030660629272460938e+00
-1.387456178665161133e+00
2.725996494293212891e+00
-1.993159890174865723e+00
1.307490944862365723e+00
1.119937658309936523e+00
-1.843284130096435547e+00
-1.234294414520263672e+00
-4.449653625488281250e-01
-2.928393363952636719e+00
1.998063683509826660e+00
2.767518520355224609e+00
-1.758095502853393555e+00
1.085118055343627930e-01
1.299306869506835938e+00
6.157605051994323730e-01
-2.916543781757354736e-01
-1.740235567092895508e+00
-3.930584430694580078e+00
4.434316635131835938e+00
5.979838371276855469e-01
-1.036981105804443359e+00
3.479065895080566406e+00
-7.580554962158203125e+00
1.358853936195373535e+00
1.686161756515502930e-01
4.396398067474365234e-01
2.341084003448486328e+00
1.295541763305664062e+00
2.611693382263183594e+00
-4.357852458953857422e+00
9.179755449295043945e-01
-2.117306709289550781e+00
-1.223364233970642090e+00
-4.688501358032226562e-04
-1.730597019195556641e-02
1.670636773109436035e+00
3.317391157150268555e+00
9.757516384124755859e-01
-3.313248634338378906e+00
-2.474405765533447266e+00
1.267897605895996094e+00
3.647636175155639648e-01
-9.192634820938110352e-01
6.359691917896270752e-02
6.576835513114929199e-01
-2.487927913665771484e+00
-1.985802501440048218e-01
2.240876108407974243e-01
1.360198378562927246e+00
-8.299125730991363525e-02
-3.559058904647827148e-01
5.760811567306518555e-01
-1.004548549652099609e+00
3.580047130584716797e+00
3.422083258628845215e-01
-1.300666809082031250e+00
-2.858759641647338867e+00
5.730831146240234375e+00
-3.168787956237792969e+00
1.525795161724090576e-01
-3.129681348800659180e-01
1.407821476459503174e-01
5.285122394561767578e-01
3.328205943107604980e-01
1.202424526214599609e+00
-3.329261541366577148e+00
-9.241037070751190186e-02
1.348034381866455078e+00
1.075627088546752930e+00
-1.753571510314941406e+00
-1.660135746002197266e+00
2.350002527236938477e+00
6.570605188608169556e-02
-1.372355818748474121e+00
6.944498419761657715e-01
1.999330759048461914e+00
-3.000955581665039062e-01
2.308425664901733398e+00
-3.978128433227539062e+00
7.987196445465087891e-01
2.667281389236450195e+00
-8.200244903564453125e-01
-1.662341117858886719e+00
-7.215153574943542480e-01
-1.955046772956848145e+00
1.376386165618896484e+00
3.408360779285430908e-01
-1.255630105733871460e-01
8.755193948745727539e-01
1.750450372695922852e+00
-2.756062984466552734e+00
6.098859310150146484e-01
-4.895012974739074707e-01
1.250769615173339844e+00
2.953889369964599609e+00
-2.395426273345947266e+00
-1.653391242027282715e+00
-6.584799289703369141e-02
-2.156759500503540039e+00
2.928030014038085938e+00
-4.860524833202362061e-02
3.542292416095733643e-01
2.899423837661743164e-01
3.735800087451934814e-01
2.588423490524291992e+00
6.472595930099487305e-01
-7.966546058654785156e+00
2.345164299011230469e+00
4.581437706947326660e-01
1.069918513298034668e+00
-1.712293982505798340e+00
2.913611829280853271e-01
6.484537720680236816e-01
-2.410919189453125000e+00
1.344724297523498535e+00
-3.789550065994262695e-02
2.367868423461914062e+00
-1.226143121719360352e+00
2.223025560379028320e-01
2.824119567871093750e+00
3.533973097801208496e-01
1.577749013900756836e+00
-5.200876235961914062e+00
1.097525358200073242e+00
2.635446548461914062e+00
-3.621806144714355469e+00
-1.849074363708496094e+00
-2.202304601669311523e-01
4.924428462982177734e+00
-2.300721406936645508e+00
-2.597315788269042969e+00
5.582827568054199219e+00
-1.783732652664184570e+00
-1.659334182739257812e+00
2.883584022521972656e+00
2.550508022308349609e+00
1.533722877502441406e-01
-5.598307609558105469e+00
3.744270324707031250e+00
-3.818870544433593750e+00
-8.111345767974853516e-01
2.383031129837036133e+00
1.279641091823577881e-01
-1.652619838714599609e+00
5.221709609031677246e-01
-8.117243051528930664e-01
1.417319416999816895e+00
2.447676658630371094e-02
-7.062762379646301270e-01
-2.623003005981445312e+00
3.940892219543457031e+00
1.381638407707214355e+00
-2.173449754714965820e+00
-1.447014212608337402e-01
2.572849273681640625e+00
-1.418227553367614746e+00
-9.433162808418273926e-01
-3.535838842391967773e+00
4.312721252441406250e+00
-2.221334695816040039e+00
4.710069179534912109e+00
-1.465262293815612793e+00
-1.810942053794860840e+00
-4.053876399993896484e+00
7.447090744972229004e-01
1.419617772102355957e+00
2.733256578445434570e+00
1.298587203025817871e+00
-1.168301582336425781e+00
7.221931219100952148e-01
-3.631430149078369141e+00
-9.258910417556762695e-01
-2.406945466995239258e+00
5.269325256347656250e+00
6.634277105331420898e-01
3.789216041564941406e+00
-2.817401885986328125e+00
4.775136709213256836e-02
-3.584022760391235352e+00
1.723325967788696289e+00
-3.567606449127197266e+00
4.380534172058105469e+00
-1.566027879714965820e+00
-3.507852315902709961e+00
1.041572928428649902e+00
2.096727848052978516e+00
3.531983613967895508e+00
-1.463049888610839844e+00
-2.424103975296020508e+00
-5.763996839523315430e-01
-8.390988707542419434e-01
9.892053604125976562e-01
7.385489344596862793e-01
1.697368621826171875e+00
-6.175705194473266602e-01
-5.541055202484130859e-01
-3.558862209320068359e-01
-5.649555921554565430e-01
3.546199321746826172e+00
-2.151649951934814453e+00
3.251622200012207031e+00
-2.655201673507690430e+00
-1.348083615303039551e-01
-2.585894107818603516e+00
-2.695165872573852539e+00
7.130962371826171875e+00
-5.496559739112854004e-01
2.012453079223632812e+00
-2.843116521835327148e+00
-3.541665554046630859e+00
1.622104883193969727e+00
-3.714753985404968262e-01
-4.335085451602935791e-01
5.290172576904296875e+00
-5.117407798767089844e+00
7.313927412033081055e-01
2.899837493896484375e+00
6.755835413932800293e-01
7.309280633926391602e-01
-4.950001239776611328e+00
-3.015548944473266602e+00
3.219123840332031250e+00
8.164687156677246094e-01
3.478398799896240234e+00
-2.385636329650878906e+00
-7.427567243576049805e-01
1.326026439666748047e+00
2.047982454299926758e+00
-2.096572637557983398e+00
-3.799937367439270020e-01
-8.687673211097717285e-01
2.993600964546203613e-01
-1.585221290588378906e-02
-2.356321334838867188e+00
4.308204054832458496e-01
-5.018467828631401062e-02
-1.079642295837402344e+00
-1.775525450706481934e+00
5.578801155090332031e+00
3.657210469245910645e-01
-2.165024042129516602e+00
1.567374229431152344e+00
3.325655937194824219e+00
-3.260777950286865234e+00
-2.862201690673828125e+00
1.189603447914123535e+00
-2.265728712081909180e+00
1.318093419075012207e+00
-1.046164035797119141e+00
3.498656988143920898e+00
-2.286801099777221680e+00
2.959912061691284180e+00
1.591051578521728516e+00
-1.778412580490112305e+00
-1.499076843261718750e+00
1.445666790008544922e+00
9.212296009063720703e-01
-2.541112899780273438e+00
-4.261289238929748535e-01
-1.334650635719299316e+00
8.204480409622192383e-01
-1.318167924880981445e+00
2.558840274810791016e+00
4.027103185653686523e-01
-1.304156780242919922e+00
1.662484645843505859e+00
3.604076504707336426e-01
2.016952276229858398e+00
-2.126396656036376953e+00
2.290980815887451172e-01
-6.698600053787231445e-01
1.554906964302062988e+00
1.614227056503295898e+00
-2.139810562133789062e+00
-1.474973678588867188e+00
2.041344642639160156e+00
-1.670383572578430176e+00
-1.758656144142150879e+00
-1.159339785575866699e+00
2.463827133178710938e+00
-4.049841165542602539e-01
1.509273767471313477e+00
-1.748134851455688477e+00
-1.879836559295654297e+00
1.162353992462158203e+00
-1.222465038299560547e-01
3.494131565093994141e-01
2.310774803161621094e+00
-8.368572592735290527e-01
3.285276174545288086e+00
-1.716739892959594727e+00
-3.266865491867065430e+00
2.105947017669677734e+00
-9.845200181007385254e-02
1.516913652420043945e+00
-2.444199562072753906e+00
3.633596897125244141e+00
3.351759910583496094e-02
-1.460560202598571777e+00
-2.098404169082641602e+00
-1.980903387069702148e+00
2.066858053207397461e+00
-1.808046251535415649e-01
-2.561330795288085938e-01
2.208826065063476562e+00
5.509621500968933105e-01
1.946158170700073242e+00
-3.591735363006591797e+00
-6.343016028404235840e-01
-2.059501647949218750e+00
2.748814582824707031e+00
-1.254572153091430664e+00
1.196183681488037109e+00
-1.101006627082824707e+00
4.070230484008789062e+00
-2.310296058654785156e+00
-6.752415895462036133e-01
-5.619618892669677734e-01
3.237402677536010742e+00
-6.037251949310302734e+00
-1.306053876876831055e+00
5.601754665374755859e+00
-1.851563215255737305e+00
-2.403821945190429688e+00
1.602105975151062012e+00
9.220944643020629883e-01
5.344917178153991699e-01
-1.067994832992553711e+00
4.132608175277709961e-01
3.329446077346801758e+00
-4.500001907348632812e+00
6.356221437454223633e-01
3.789103746414184570e+00
-2.642431497573852539e+00
-2.449471950531005859e+00
1.726736426353454590e+00
9.372296333312988281e-01
1.547112107276916504e+00
-2.565337657928466797e+00
-6.612866520881652832e-01
-1.404149055480957031e+00
1.125863552093505859e+00
3.324166774749755859e+00
1.872117996215820312e+00
-4.718543052673339844e+00
5.068317055702209473e-01
1.897233724594116211e+00
1.955216377973556519e-01
8.955164551734924316e-01
-2.558021545410156250e+00
3.144614696502685547e-01
-2.573871135711669922e+00
1.945200562477111816e-02
3.506048679351806641e+00
-3.336481332778930664e+00
5.010509490966796875e-01
2.625246763229370117e+00
1.840967774391174316e+00
-1.140174627304077148e+00
-1.126567721366882324e+00
-5.872544646263122559e-02
9.680019021034240723e-01
-1.187349796295166016e+00
-1.164875745773315430e+00
3.767300248146057129e-01
9.364511966705322266e-01
1.279507130384445190e-01
-2.456592321395874023e-01
1.061521053314208984e+00
-3.256334066390991211e-01
-2.109547853469848633e+00
1.456937313079833984e+00
-1.674372434616088867e+00
9.564450979232788086e-01
2.338482379913330078e+00
-2.902261018753051758e+00
4.418079853057861328e+00
-1.174686789512634277e+00
1.841532468795776367e+00
-4.399918556213378906e+00
-2.423448085784912109e+00
4.762750267982482910e-01
2.705113649368286133e+00
1.081849932670593262e+00
1.919955492019653320e+00
-1.593435108661651611e-01
-2.773004531860351562e+00
-1.449364304542541504e+00
5.940734863281250000e+00
-2.942551136016845703e+00
9.123560786247253418e-02
7.658779621124267578e-01
-1.913703918457031250e+00
-1.798965215682983398e+00
2.271394729614257812e-01
3.408949375152587891e+00
-1.206067577004432678e-01
1.609723716974258423e-01
-1.129296064376831055e+00
-1.342330932617187500e+00
8.646313548088073730e-01
-2.090754985809326172e+00
1.602954626083374023e+00
2.557923316955566406e+00
-5.525926589965820312e+00
1.193552017211914062e+00
4.063933491706848145e-01
-2.115120738744735718e-01
4.522519588470458984e+00
-2.944013357162475586e+00
-2.778784036636352539e+00
2.109917402267456055e-01
2.233430296182632446e-01
2.148873090744018555e+00
-2.441272735595703125e+00
-1.025965929031372070e+00
-2.074022054672241211e+00
4.075296401977539062e+00
-2.072255611419677734e+00
1.485088109970092773e+00
2.234441280364990234e+00
-1.334544658660888672e+00
6.129890680313110352e-01
1.930327713489532471e-01
-4.991991519927978516e-01
-2.077305793762207031e+00
3.241143465042114258e+00
1.572475075721740723e+00
-4.999421119689941406e+00
-5.496139526367187500e-01
1.496292591094970703e+00
-2.960493087768554688e+00
6.649468421936035156e+00
-7.994025945663452148e-01
-2.553359866142272949e-01
-2.553381681442260742e+00
1.339823484420776367e+00
2.451155185699462891e+00
9.871843457221984863e-02
-1.727290630340576172e+00
