-4.194288253784179688e-01
2.841836214065551758e-02
4.196226596832275391e-02
6.918603777885437012e-01
2.447908878326416016e+00
-1.921079635620117188e+00
-6.244056224822998047e-01
-5.409501791000366211e-01
-1.162621378898620605e+00
3.098369121551513672e+00
-1.229908227920532227e+00
-1.641387701034545898e+00
1.416613578796386719e+00
-5.319397151470184326e-02
-1.638941287994384766e+00
-5.180797576904296875e-01
4.095543384552001953e+00
-2.360665321350097656e+00
1.798389196395874023e+00
-7.175232887268066406e+00
-2.090656757354736328e-02
2.810229778289794922e+00
4.699491500854492188e+00
-3.406962871551513672e+00
-1.298360347747802734e+00
1.822077155113220215e+00
1.172868847846984863e+00
-2.886183023452758789e+00
2.992875099182128906e+00
-1.179186105728149414e+00
2.284895181655883789e-01
-6.533327698707580566e-01
-6.106721162796020508e-01
7.556408643722534180e-01
3.251614093780517578e+00
-4.259918332099914551e-01
-1.261545538902282715e+00
-5.797117948532104492e-01
-1.115061283111572266e+00
9.674913436174392700e-02
1.158812284469604492e+00
-1.233693718910217285e+00
4.949326813220977783e-02
1.528398871421813965e+00
-8.443975448608398438e-01
-3.299527168273925781e+00
6.511709690093994141e+00
-1.427457213401794434e+00
-2.240311622619628906e+00
1.762973815202713013e-01
4.383739233016967773e-01
-3.043377876281738281e+00
4.978299140930175781e+00
-9.158279299736022949e-01
-2.144799709320068359e+00
3.730969727039337158e-01
9.831358194351196289e-01
1.551857113838195801e+00
1.312831759452819824e+00
-2.476014137268066406e+00
-1.335996627807617188e+00
-2.795327425003051758e+00
3.731525659561157227e+00
1.684631109237670898e+00
-2.614621639251708984e+00
-2.209990501403808594e+00
3.952504634857177734e+00
-2.007810920476913452e-01
-4.454495608806610107e-01
7.239623665809631348e-01
1.869902729988098145e+00
4.803342372179031372e-02
5.965348482131958008e-01
-3.183437347412109375e+00
5.531170845031738281e+00
-6.219670295715332031e+00
-8.760215044021606445e-01
-6.639788150787353516e-01
4.475359439849853516e+00
-3.918617963790893555e+00
2.403184652328491211e+00
1.516442298889160156e+00
-9.256541728973388672e-01
3.926250934600830078e-01
-3.798969268798828125e+00
5.151551961898803711e-01
1.957250833511352539e+00
8.741968274116516113e-01
2.462807655334472656e+00
-2.720034599304199219e+00
-1.596271038055419922e+00
-1.303870081901550293e+00
1.403562664985656738e+00
3.363735079765319824e-01
-1.089516878128051758e+00
-1.735329151153564453e+00
3.424587726593017578e+00
2.748467922210693359e+00
-2.363215684890747070e+00
-1.358407974243164062e+00
1.978558063507080078e+00
-2.443081855773925781e+00
6.862429380416870117e-01
-1.775467544794082642e-01
2.119331836700439453e+00
-2.117309093475341797e+00
-2.936922073364257812e+00
3.147710323333740234e+00
3.291078090667724609e+00
-5.244439125061035156e+00
1.542588114738464355e+00
-2.078918457031250000e+00
1.167791128158569336e+00
1.205741167068481445e+00
6.415567994117736816e-01
8.776568770408630371e-01
-4.648535728454589844e+00
2.657869815826416016e+00
-3.891050219535827637e-01
-1.809117794036865234e-01
5.335097908973693848e-01
6.682168245315551758e-01
2.260995626449584961e+00
-1.340014815330505371e+00
2.503222942352294922e+00
-1.170959711074829102e+00
-3.243309974670410156e+00
6.978244781494140625e-01
-3.524293303489685059e-01
-1.219986200332641602e+00
2.546219825744628906e+00
-2.036184072494506836e+00
1.848758220672607422e+00
-1.629917621612548828e+00
1.780851781368255615e-01
5.275404453277587891e-01
3.574674606323242188e+00
-5.219064354896545410e-01
-3.918547630310058594e+00
3.963100433349609375e+00
2.432302236557006836e-01
-1.328090906143188477e+00
-1.453368425369262695e+00
-3.002756595611572266e+00
2.069554090499877930e+00
2.500121593475341797e+00
-3.790160179138183594e+00
5.175507545471191406e+00
7.184122204780578613e-01
-7.310672402381896973e-01
-2.262046039104461670e-01
-2.514313459396362305e+00
1.406198501586914062e+00
8.834086656570434570e-01
-1.360378980636596680e+00
-7.142053246498107910e-01
-1.925073266029357910e-01
-1.499488949775695801e-01
-4.408851563930511475e-01
-3.150974214076995850e-01
3.901709318161010742e+00
-1.073210716247558594e+00
-1.067297935485839844e+00
-1.540003180503845215e+00
2.265291213989257812e+00
-3.273052215576171875e+00
1.051429390907287598e+00
9.505105018615722656e-02
-2.014786243438720703e+00
1.113953113555908203e+00
1.440610408782958984e+00
-3.088084697723388672e+00
-2.158889472484588623e-01
1.602509737014770508e+00
2.047200500965118408e-02
9.297968745231628418e-01
-2.797329425811767578e-01
-2.152760267257690430e+00
-1.743224382400512695e+00
2.653433322906494141e+00
-3.736540079116821289e-01
1.019515037536621094e+00
2.372820138931274414e+00
-2.764216899871826172e+00
1.559933066368103027e+00
-5.801187157630920410e-01
-4.585414886474609375e+00
2.502787351608276367e+00
-6.027069091796875000e-01
2.036193132400512695e+00
1.550997972488403320e+00
-1.359953403472900391e+00
7.098139524459838867e-01
-2.117350816726684570e+00
2.116777002811431885e-01
2.906037569046020508e+00
-1.615352511405944824e+00
6.154254674911499023e-01
9.066601991653442383e-01
-2.759374618530273438e+00
1.474251151084899902e+00
-2.406997203826904297e+00
5.510500073432922363e-01
-6.582440137863159180e-01
3.369999408721923828e+00
-1.818042039871215820e+00
1.686430931091308594e+00
-3.339113295078277588e-02
-2.718095779418945312e+00
3.428401947021484375e+00
1.072523474693298340e+00
-1.213368773460388184e-02
2.996367216110229492e-01
-8.886896967887878418e-01
-1.988728880882263184e+00
1.037923455238342285e+00
6.507716327905654907e-02
-7.448387145996093750e-01
2.041061639785766602e+00
2.014623403549194336e+00
-3.384542942047119141e+00
1.377408504486083984e+00
-1.097955226898193359e+00
2.456509351730346680e+00
-2.235237360000610352e+00
-7.067729234695434570e-01
2.400337457656860352e+00
-1.368830919265747070e+00
1.126630544662475586e+00
6.338112950325012207e-01
-5.547357201576232910e-01
-6.130281686782836914e-01
-1.359499573707580566e+00
4.813320636749267578e+00
3.039259314537048340e-01
-4.156989574432373047e+00
-2.018778026103973389e-01
7.429845333099365234e-01
4.819201827049255371e-01
7.584317922592163086e-01
1.976823091506958008e+00
-2.402817964553833008e+00
-1.726284027099609375e+00
1.909966349601745605e+00
3.199988365173339844e+00
-1.586482644081115723e+00
-1.088616609573364258e+00
-1.428961157798767090e-01
-3.044401645660400391e+00
1.720829248428344727e+00
2.148039817810058594e+00
-2.783524990081787109e+00
6.736261844635009766e-01
-2.360926628112792969e+00
2.535006999969482422e+00
9.486353397369384766e-01
-2.942257404327392578e+00
2.916203498840332031e+00
-3.872768640518188477e+00
2.890093803405761719e+00
-9.383645653724670410e-01
1.492721199989318848e+00
-9.423356056213378906e-01
-5.552467703819274902e-01
-2.291961014270782471e-01
-3.523554801940917969e+00
9.434171319007873535e-01
3.474202632904052734e+00
-8.625093698501586914e-01
3.696610331535339355e-01
1.442114710807800293e+00
-2.032821655273437500e+00
2.024755001068115234e+00
-1.731139540672302246e+00
-1.542242646217346191e+00
3.075732588768005371e-01
-9.732791185379028320e-01
2.586601734161376953e+00
-1.626147031784057617e+00
1.514795303344726562e+00
-1.115713417530059814e-01
-5.892515778541564941e-01
-2.662190198898315430e-01
-1.094391345977783203e-01
1.073266029357910156e+00
-5.670880079269409180e-01
6.767989397048950195e-01
1.325555324554443359e+00
-3.819262504577636719e+00
6.030640006065368652e-01
6.145629882812500000e-01
-2.675669670104980469e+00
2.808918714523315430e+00
-1.817553341388702393e-01
-1.973444223403930664e-01
9.372543096542358398e-01
-1.096419334411621094e+00
2.758671283721923828e+00
3.301977217197418213e-01
-3.076429367065429688e+00
5.014574527740478516e-01
-3.839792609214782715e-01
5.669577121734619141e-01
2.377434730529785156e+00
-5.075082302093505859e+00
2.706118583679199219e+00
-3.932418823242187500e-01
-6.136143207550048828e-01
-1.453553199768066406e+00
5.265493988990783691e-01
-1.056245803833007812e+00
4.932422339916229248e-01
-1.597443222999572754e+00
4.127642154693603516e+00
-6.579998731613159180e-01
9.805747866630554199e-02
-4.251646399497985840e-01
-2.459224224090576172e+00
1.375359773635864258e+00
-3.400567173957824707e-01
6.650458574295043945e-01
2.659070014953613281e+00
1.557496309280395508e+00
6.213628053665161133e-01
-4.015939712524414062e+00
-4.388419166207313538e-02
2.721316814422607422e-01
-1.707028865814208984e+00
1.072297334671020508e+00
1.228987336158752441e+00
3.253686428070068359e-01
7.755796909332275391e-01
9.359405636787414551e-01
-5.741917133331298828e+00
1.909599423408508301e+00
7.018500566482543945e-01
-1.993193864822387695e+00
5.236514568328857422e+00
-3.671241402626037598e-01
-7.650652527809143066e-01
-3.434673070907592773e+00
-2.450089454650878906e+00
3.443927288055419922e+00
3.050761818885803223e-01
-8.365480899810791016e-01
2.476001977920532227e+00
-2.569736003875732422e+00
2.557986974716186523e+00
-1.278333663940429688e+00
3.262443780899047852e+00
-3.818332195281982422e+00
-4.412071108818054199e-01
-1.337324619293212891e+00
2.208825945854187012e-02
3.320073366165161133e+00
9.307034015655517578e-01
-1.610225915908813477e+00
-1.174363970756530762e+00
-9.634517431259155273e-01
2.885861098766326904e-01
-5.566901564598083496e-01
4.745926856994628906e+00
-2.319639444351196289e+00
-1.923457145690917969e+00
1.533684253692626953e+00
-1.188366115093231201e-02
1.538655281066894531e+00
1.633301228284835815e-01
9.798801541328430176e-01
-5.145621299743652344e+00
3.629827976226806641e+00
1.943162530660629272e-01
1.688703298568725586e+00
-1.619035243988037109e+00
-7.243139743804931641e-01
-1.692917495965957642e-01
3.749665021896362305e-01
2.627147436141967773e+00
-1.578720688819885254e+00
-1.846971809864044189e-01
-1.390006542205810547e-01
-7.882702946662902832e-01
-9.230287671089172363e-01
-1.052568435668945312e+00
2.388189554214477539e+00
2.979969978332519531e+00
-1.335804462432861328e+00
-2.126032352447509766e+00
-2.443925589323043823e-01
1.108151078224182129e+00
-1.700868487358093262e+00
2.421217262744903564e-01
-3.793093264102935791e-01
2.211177825927734375e+00
7.774681448936462402e-01
-1.753718614578247070e+00
2.236423969268798828e+00
-7.240979075431823730e-01
-2.605878829956054688e+00
7.470943331718444824e-01
1.273240566253662109e+00
1.071400165557861328e+00
-2.400676965713500977e+00
2.005650758743286133e+00
-3.689806938171386719e+00
-1.780911445617675781e+00
4.769718647003173828e+00
-1.293425321578979492e+00
-1.364343523979187012e+00
1.997678518295288086e+00
-1.884138822555541992e+00
9.082122147083282471e-02
-1.263005852699279785e+00
1.154471635818481445e+00
1.221139311790466309e+00
-6.011888980865478516e-01
7.454405426979064941e-01
3.440025329589843750e+00
-1.662419557571411133e+00
-1.813178777694702148e+00
-1.932336091995239258e+00
8.847962021827697754e-01
6.301683187484741211e-01
-6.941342353820800781e-01
2.713947296142578125e+00
1.412262082099914551e+00
2.117668867111206055e+00
-3.367557525634765625e+00
-1.748754978179931641e+00
3.790948390960693359e-01
-1.282862663269042969e+00
3.855316162109375000e+00
-3.332758903503417969e+00
-7.679967284202575684e-01
-1.105681180953979492e+00
6.118324756622314453e+00
3.195992410182952881e-01
-2.894722461700439453e+00
-3.192158639430999756e-01
1.407466888427734375e+00
-2.100780487060546875e+00
-1.631419420242309570e+00
1.685483157634735107e-01
3.178847551345825195e+00
4.063322246074676514e-01
-3.910526633262634277e-01
1.948513984680175781e-01
-2.395155906677246094e+00
2.923138141632080078e+00
-4.187161445617675781e+00
-7.692276835441589355e-01
-9.945850372314453125e-01
4.215467453002929688e+00
2.421455383300781250e-01
-3.475213646888732910e-01
-9.326385855674743652e-01
-8.642370700836181641e-01
2.727586269378662109e+00
-9.568607807159423828e-01
9.230659604072570801e-01
-4.511245727539062500e+00
1.793156862258911133e+00
1.534868955612182617e+00
1.489335447549819946e-01
2.602348327636718750e+00
-1.235590815544128418e+00
1.345628499984741211e-02
-5.859451293945312500e+00
3.270031213760375977e+00
-1.144438028335571289e+00
-2.142968773841857910e-01
1.928276777267456055e+00
1.523963451385498047e+00
-8.860837221145629883e-01
9.417569637298583984e-01
-2.079891681671142578e+00
-1.742580771446228027e+00
2.892515659332275391e+00
-3.974917888641357422e+00
1.006775856018066406e+00
2.077069044113159180e+00
-7.529423832893371582e-01
-2.668453216552734375e+00
9.758006930351257324e-01
1.434384822845458984e+00
9.297957420349121094e-01
2.691869258880615234e+00
-9.233351945877075195e-01
-1.078366488218307495e-01
-9.967371225357055664e-01
-1.932998001575469971e-01
-9.223750233650207520e-01
6.002950668334960938e-01
2.433887004852294922e+00
-2.729671001434326172e+00
-1.672882676124572754e+00
-1.384139180183410645e+00
4.515222549438476562e+00
-4.486916065216064453e-01
5.370402336120605469e-01
-3.999066948890686035e-01
-1.862150430679321289e+00
-7.334681749343872070e-01
2.750818133354187012e-01
1.352428078651428223e+00
7.983313798904418945e-01
2.817940711975097656e+00
-1.313326478004455566e+00
-1.801350116729736328e-01
-2.119053363800048828e+00
1.334395885467529297e+00
-7.033913135528564453e-01
1.902886390686035156e+00
-1.977879166603088379e+00
-2.777225732803344727e+00
-4.868875443935394287e-01
1.240874409675598145e+00
1.554520130157470703e+00
7.890096902847290039e-01
1.397690534591674805e+00
-2.642945647239685059e-01
-1.953814387321472168e+00
3.705902338027954102e+00
-3.199815273284912109e+00
-4.994124770164489746e-01
1.550593972206115723e+00
-3.313565731048583984e+00
1.031533002853393555e+00
2.039703726768493652e-01
-1.322667837142944336e+00
2.242556571960449219e+00
4.176646471023559570e-01
1.428975701332092285e+00
3.167660236358642578e+00
-3.417512655258178711e+00
2.207275867462158203e+00
-4.200426936149597168e-01
-3.845694541931152344e+00
1.362911224365234375e+00
-6.642738580703735352e-01
3.817206323146820068e-01
-1.506739497184753418e+00
2.674612522125244141e+00
-1.422024011611938477e+00
2.670762062072753906e+00
-5.008993148803710938e+00
1.856334328651428223e+00
2.591431140899658203e+00
-6.274702548980712891e-01
-3.845716953277587891e+00
7.144748568534851074e-01
2.142126560211181641e+00
5.777790546417236328e-01
-3.279065608978271484e+00
-1.022617340087890625e+00
1.664642810821533203e+00
6.157305240631103516e-01
2.915883064270019531e-01
7.532751560211181641e-02
2.677383422851562500e+00
2.690610170364379883e+00
-3.751916170120239258e+00
-1.563215255737304688e+00
-4.299676716327667236e-01
6.308034658432006836e-01
-1.030375003814697266e+00
1.704678297042846680e+00
1.381266564130783081e-01
-2.081497460603713989e-01
-1.290944814682006836e+00
-3.179897665977478027e-01
1.385637044906616211e+00
-3.118467092514038086e+00
6.046192646026611328e-01
1.049293637275695801e+00
-4.414769411087036133e-01
1.345543980598449707e+00
8.521880507469177246e-01
-1.501080036163330078e+00
7.106781601905822754e-01
-2.224567174911499023e+00
3.119444131851196289e+00
7.350574731826782227e-01
-2.005570411682128906e+00
-1.136618375778198242e+00
-1.509475469589233398e+00
1.337191164493560791e-01
2.951342105865478516e+00
-1.284120798110961914e+00
-5.643948912620544434e-02
-3.146697044372558594e+00
3.489414691925048828e+00
2.496791481971740723e-01
-7.651880979537963867e-01
-2.906237840652465820e+00
9.345722794532775879e-01
-8.625161647796630859e-02
1.758153319358825684e+00
-8.068152666091918945e-01
5.774129033088684082e-01
1.710322856903076172e+00
1.141434431076049805e+00
-2.026379108428955078e+00
3.016275167465209961e-01
-2.146445363759994507e-01
-1.289575248956680298e-01
2.800998687744140625e+00
-7.075214982032775879e-01
-2.455660820007324219e+00
-2.676242589950561523e+00
5.638338565826416016e+00
-1.309264063835144043e+00
2.341478347778320312e+00
2.107851266860961914e+00
-6.299679756164550781e+00
1.186315655708312988e+00
-1.195332646369934082e+00
1.433871984481811523e+00
1.453329801559448242e+00
2.189297676086425781e-01
-1.368364095687866211e+00
-2.294644594192504883e+00
3.952687382698059082e-01
3.444329023361206055e+00
-7.030538320541381836e-01
1.013209342956542969e+00
-6.137309968471527100e-02
-1.422577500343322754e-01
-2.690881490707397461e-02
-2.493838369846343994e-01
-1.523081064224243164e+00
-6.041425466537475586e-01
-1.542932033538818359e+00
1.638553977012634277e+00
2.060225963592529297e+00
-1.091274023056030273e+00
1.291560053825378418e+00
5.210945382714271545e-02
4.316008567810058594e+00
-4.281806945800781250e+00
-3.459612846374511719e+00
-1.138643264770507812e+00
1.200175881385803223e-01
3.428710937500000000e+00
2.417801320552825928e-02
8.320128917694091797e-01
-6.415520906448364258e-01
-1.704825997352600098e+00
1.952629327774047852e+00
8.784046173095703125e-01
1.522908657789230347e-01
2.064391851425170898e+00
-5.142817974090576172e+00
1.514476418495178223e+00
-1.722000002861022949e+00
6.419622898101806641e-01
2.516854286193847656e+00
-3.650716781616210938e+00
-3.765106797218322754e-01
-1.671795845031738281e+00
2.365186691284179688e+00
-2.543917000293731689e-01
2.896688699722290039e+00
3.422920107841491699e-01
1.145822882652282715e+00
-5.895743966102600098e-01
-2.258974552154541016e+00
5.667077302932739258e-01
-2.648396015167236328e+00
-3.915873169898986816e-02
2.645874500274658203e+00
-2.826477050781250000e+00
1.302946686744689941e+00
3.501249074935913086e+00
-3.261527538299560547e+00
-1.692041516304016113e+00
1.389432549476623535e+00
1.507583409547805786e-01
-2.212265014648437500e+00
4.834662437438964844e+00
-1.697652697563171387e+00
1.855747103691101074e-01
1.995786428451538086e+00
1.346688389778137207e+00
-2.951716661453247070e+00
-1.975823879241943359e+00
1.221248030662536621e+00
3.009556293487548828e+00
-1.152276992797851562e+00
2.455277919769287109e+00
-3.395734786987304688e+00
-5.947459936141967773e-01
7.099362611770629883e-01
1.767064779996871948e-01
-9.823899269104003906e-01
-9.940620660781860352e-01
-9.568543732166290283e-02
-3.115069270133972168e-01
3.583527207374572754e-01
-1.209204316139221191e+00
2.539946079254150391e+00
6.485250592231750488e-02
-1.207420527935028076e-01
8.808625936508178711e-01
2.341074228286743164e+00
-2.212682723999023438e+00
2.564749240875244141e+00
-5.440688133239746094e+00
7.337704896926879883e-01
1.112985372543334961e+00
1.137651681900024414e+00
-1.902776956558227539e+00
-3.102650165557861328e+00
2.250689983367919922e+00
3.721944093704223633e-01
9.356319904327392578e-01
-1.054125905036926270e+00
2.025429964065551758e+00
-8.128039538860321045e-02
-2.288855910301208496e-01
-2.080049216747283936e-01
-1.182470560073852539e+00
-3.245091438293457031e-01
1.025031089782714844e+00
2.468041181564331055e+00
-3.055720329284667969e+00
-4.066894948482513428e-01
3.356651067733764648e-01
-9.944015741348266602e-01
3.433598518371582031e+00
-3.541263580322265625e+00
-2.897819519042968750e+00
1.113070964813232422e+00
6.057579517364501953e+00
-4.332344532012939453e+00
-2.000948667526245117e+00
3.185815572738647461e+00
1.019281506538391113e+00
6.867500543594360352e-01
7.696539759635925293e-01
-8.456157445907592773e-01
-2.990879416465759277e-01
-5.307078361511230469e-01
-6.753694415092468262e-01
-8.808106184005737305e-01
-3.189582377672195435e-02
-2.877388894557952881e-01
-1.523271560668945312e+00
4.222935199737548828e+00
1.518185615539550781e+00
-4.448832035064697266e+00
2.700664758682250977e+00
-3.497090041637420654e-01
-7.461781501770019531e-01
1.525922298431396484e+00
-3.012353897094726562e+00
4.072916984558105469e+00
1.070961117744445801e+00
-1.958502888679504395e+00
-1.000289201736450195e+00
1.970899254083633423e-01
2.048077583312988281e+00
-7.740617990493774414e-01
-2.611496448516845703e-01
-1.715410232543945312e+00
1.346210539340972900e-01
2.408095359802246094e+00
1.290372371673583984e+00
-4.116313457489013672e+00
5.227948427200317383e-01
7.395902276039123535e-01
1.167104467749595642e-01
-1.898323416709899902e+00
2.265419483184814453e+00
-7.746832966804504395e-01
2.617832422256469727e-01
-1.287645816802978516e+00
2.297734022140502930e+00
-8.240820765495300293e-01
2.167734622955322266e+00
-3.748241186141967773e+00
2.274868190288543701e-01
1.424317717552185059e+00
-9.013547897338867188e-01
-4.000271797180175781e+00
6.156713485717773438e+00
2.710827350616455078e+00
-3.439583301544189453e+00
-1.798971176147460938e+00
-1.229955554008483887e+00
5.146130561828613281e+00
-3.895619630813598633e+00
-3.339405953884124756e-01
-1.209026098251342773e+00
-1.036029815673828125e+00
1.561124086380004883e+00
1.135038375854492188e+00
6.119889020919799805e-02
-1.209100961685180664e+00
1.926337838172912598e+00
1.811074912548065186e-01
-7.193822860717773438e-01
1.808852195739746094e+00
-2.333065986633300781e+00
3.722760200500488281e+00
-1.052738189697265625e+00
-3.567775189876556396e-01
-8.324357271194458008e-01
-9.008274078369140625e-01
-1.562414407730102539e+00
-1.318396091461181641e+00
2.730216979980468750e-01
5.066927909851074219e+00
3.245375454425811768e-01
-3.230101346969604492e+00
1.682414531707763672e+00
-5.647225856781005859e+00
3.899390459060668945e+00
-8.396208286285400391e-01
-1.298166811466217041e-01
-7.589131593704223633e-02
-7.223448157310485840e-02
1.539221525192260742e+00
1.411763429641723633e+00
-1.619690895080566406e+00
3.732088088989257812e+00
-4.911673069000244141e+00
-5.957610011100769043e-01
4.204984009265899658e-01
8.146548271179199219e-01
1.173021197319030762e-01
1.575168013572692871e+00
1.462726593017578125e+00
-1.929788351058959961e+00
-5.077570915222167969e+00
3.068516492843627930e+00
3.606406152248382568e-01
3.034087121486663818e-01
1.717482447624206543e+00
7.819206118583679199e-01
3.120186328887939453e-01
-3.110185146331787109e+00
1.217899084091186523e+00
-1.058647751808166504e+00
1.142803192138671875e+00
2.861523330211639404e-01
-1.435763537883758545e-01
-2.704388141632080078e+00
2.303032279014587402e-01
1.936349987983703613e+00
2.614997148513793945e+00
-3.220094680786132812e+00
-1.860096454620361328e+00
3.074075698852539062e+00
1.992890596389770508e+00
-9.358317852020263672e-01
5.974732637405395508e-01
-2.722874641418457031e+00
2.203676700592041016e+00
-2.403059482574462891e+00
-1.290937185287475586e+00
-1.389185905456542969e+00
1.606945037841796875e+00
1.284593343734741211e+00
3.865932464599609375e+00
-1.415167212486267090e+00
-3.933580219745635986e-01
-2.871633529663085938e+00
-7.680141925811767578e-01
2.542293369770050049e-01
5.822555541992187500e+00
-4.054289817810058594e+00
3.154310584068298340e-01
-1.999351501464843750e+00
1.185743808746337891e+00
1.136831521987915039e+00
5.222349762916564941e-01
-1.420487046241760254e+00
2.270271778106689453e-01
-4.984333813190460205e-01
-2.361468553543090820e+00
1.147037029266357422e+00
2.192274808883666992e+00
1.581926822662353516e+00
-1.467958450317382812e+00
-1.168081521987915039e+00
6.175446510314941406e-02
-8.878885507583618164e-01
-4.351799011230468750e+00
5.014329910278320312e+00
1.436120986938476562e+00
-5.691453814506530762e-01
-4.086743295192718506e-01
-5.524345636367797852e-01
-3.570776224136352539e+00
5.219998836517333984e+00
-1.010821580886840820e+00
1.184289216995239258e+00
-1.769750118255615234e-01
1.969814300537109375e+00
-2.852208614349365234e+00
-2.649985790252685547e+00
1.316203594207763672e+00
-5.160213708877563477e-01
9.111229181289672852e-01
1.230895519256591797e+00
6.898448467254638672e-01
1.081402420997619629e+00
-6.834738850593566895e-01
1.672311305999755859e+00
-2.427768230438232422e+00
-1.390657663345336914e+00
-8.668372035026550293e-01
2.259569406509399414e+00
3.109910011291503906e+00
-2.917789220809936523e+00
1.734010934829711914e+00
1.621520996093750000e+00
-3.257823586463928223e-01
-1.135460853576660156e+00
-5.524311661720275879e-01
-2.277037143707275391e+00
1.674997091293334961e+00
8.664684295654296875e-01
-4.963718891143798828e+00
3.342687606811523438e+00
-9.246702790260314941e-01
-2.082029819488525391e+00
8.214806914329528809e-01
1.717178463935852051e+00
2.520361423492431641e+00
9.404913187026977539e-01
-3.517722487449645996e-01
-2.213278055191040039e+00
2.785722613334655762e-01
-2.601664066314697266e+00
-2.489259839057922363e-02
6.783785820007324219e-01
-2.906789779663085938e-01
7.069211602210998535e-01
1.843704462051391602e+00
-1.840531110763549805e+00
1.207831382751464844e+00
2.396139800548553467e-01
-4.434956550598144531e+00
-1.713515996932983398e+00
6.110737323760986328e+00
6.716865301132202148e-02
1.048893690109252930e+00
-3.089091300964355469e+00
1.905878663063049316e+00
-8.005381822586059570e-01
-1.275092601776123047e+00
5.911723375320434570e-01
-1.247481584548950195e+00
3.961744904518127441e-01
-1.562210619449615479e-01
1.690865755081176758e+00
7.004562616348266602e-01
4.132318496704101562e-01
5.618948936462402344e-01
-2.498770952224731445e+00
3.332044780254364014e-01
-5.035777568817138672e+00
2.133776426315307617e+00
9.470009207725524902e-01
1.434551954269409180e+00
9.979133605957031250e-01
3.360545933246612549e-01
1.394140720367431641e-02
1.622035503387451172e-01
-2.246522605419158936e-01
-3.253877162933349609e+00
9.408993721008300781e-01
6.314467787742614746e-01
8.065295219421386719e-01
-2.517257630825042725e-02
-1.963682055473327637e+00
-2.449374496936798096e-01
-1.432127952575683594e-01
2.230607271194458008e+00
6.782351732254028320e-01
1.159391105175018311e-01
1.425070166587829590e+00
-8.325090408325195312e-01
-8.939310908317565918e-01
-4.417477548122406006e-01
1.237332820892333984e+00
-6.140661835670471191e-01
8.495290279388427734e-01
4.342107474803924561e-02
1.961823225021362305e+00
-1.098520755767822266e+00
-2.484651803970336914e+00
-1.677842378616333008e+00
4.727375984191894531e+00
-1.616041421890258789e+00
-1.454581499099731445e+00
-4.369107484817504883e-01
1.621848344802856445e+00
