3.102789402008056641e+00
-4.108864784240722656e+00
1.392066240310668945e+00
-1.240120053291320801e+00
4.073095321655273438e-02
-2.465589791536331177e-01
5.230319499969482422e-01
2.020110189914703369e-01
-1.858576059341430664e+00
4.671016693115234375e+00
-2.049770832061767578e+00
4.782952666282653809e-01
-1.916759848594665527e+00
-1.077093556523323059e-02
9.918233156204223633e-01
3.658742308616638184e-01
-2.264142990112304688e+00
-6.443600058555603027e-01
2.321180105209350586e+00
-1.160630106925964355e+00
-9.367609620094299316e-01
2.394047498703002930e+00
2.697541713714599609e+00
-4.624447345733642578e+00
5.599439144134521484e-01
8.363742828369140625e-01
-1.670501470565795898e+00
-2.493192195892333984e+00
3.770721912384033203e+00
1.284909725189208984e+00
-2.652580738067626953e+00
1.792469859123229980e+00
1.631857633590698242e+00
-1.048073649406433105e+00
-4.459583759307861328e-02
-1.291520357131958008e+00
-7.955815792083740234e-01
1.349358320236206055e+00
-2.824176311492919922e+00
4.234619736671447754e-01
4.416444778442382812e+00
-1.270220279693603516e+00
1.183955430984497070e+00
-3.155202865600585938e+00
1.555405855178833008e+00
-2.617269039154052734e+00
3.555133044719696045e-01
3.673855304718017578e+00
-3.176289796829223633e+00
2.382687091827392578e+00
-9.662180542945861816e-01
9.307420849800109863e-01
-2.513939380645751953e+00
2.429241895675659180e+00
-1.900492429733276367e+00
-3.583635985851287842e-01
-9.120000600814819336e-01
2.587871551513671875e-01
-9.660215377807617188e-01
3.146629810333251953e+00
8.784000873565673828e-01
-8.770797252655029297e-01
-2.640036582946777344e+00
4.194713592529296875e+00
-8.355689048767089844e-01
-1.387579798698425293e+00
2.406103610992431641e+00
-2.620988488197326660e-01
-3.309945344924926758e+00
4.357231140136718750e+00
1.650038838386535645e+00
-2.626063346862792969e+00
5.535688400268554688e-01
-2.937860012054443359e+00
-4.259358644485473633e-01
6.148130893707275391e-01
2.371399402618408203e+00
9.053038358688354492e-01
-1.618475317955017090e+00
-1.090532302856445312e+00
2.392385154962539673e-01
3.473825454711914062e+00
-2.508637428283691406e+00
3.586963415145874023e-01
-1.176237225532531738e+00
-8.651640415191650391e-01
1.922530531883239746e+00
-5.980225801467895508e-01
1.266248345375061035e+00
-1.779181480407714844e+00
3.280153274536132812e+00
1.567012548446655273e+00
-1.149387001991271973e+00
-1.157824516296386719e+00
-2.347651720046997070e+00
3.882043838500976562e+00
-2.394377946853637695e+00
-5.976369380950927734e-01
-7.693842649459838867e-01
-1.766188144683837891e-01
3.194759130477905273e+00
2.064426898956298828e+00
-2.327126979827880859e+00
-1.527328133583068848e+00
2.779142856597900391e+00
1.447539806365966797e+00
-6.792162895202636719e+00
1.405637264251708984e+00
3.211675643920898438e+00
-7.381600856781005859e+00
7.802164077758789062e+00
-4.284369349479675293e-01
-1.989889860153198242e+00
-1.425508975982666016e+00
1.479882001876831055e-01
3.604571342468261719e+00
-6.676381587982177734e+00
3.392412900924682617e+00
-2.178089618682861328e+00
2.028729438781738281e+00
4.567410945892333984e+00
-5.218581199645996094e+00
-2.401265859603881836e+00
-1.147007584571838379e+00
3.652046442031860352e+00
1.971893310546875000e+00
-3.357035815715789795e-01
-1.208580851554870605e+00
-2.222618103027343750e+00
-3.616634011268615723e-01
1.528315544128417969e+00
5.709987878799438477e-01
-3.608675301074981689e-01
4.915827512741088867e-01
-1.205036640167236328e+00
6.746830940246582031e-01
-5.186890125274658203e+00
4.750660419464111328e+00
-1.780246019363403320e+00
-1.351845413446426392e-01
7.142695784568786621e-01
-1.376390814781188965e+00
4.209304332733154297e+00
9.805364608764648438e-01
-1.405941843986511230e+00
-2.244385331869125366e-01
-1.829701066017150879e+00
2.247916698455810547e+00
-2.440632581710815430e+00
-4.332611560821533203e+00
7.955052375793457031e+00
-1.982826590538024902e+00
-9.570320695638656616e-02
-8.685285598039627075e-02
8.148309588432312012e-02
-2.332516908645629883e+00
2.536878347396850586e+00
8.707285523414611816e-01
-1.765232831239700317e-01
2.399189472198486328e+00
-3.614889621734619141e+00
-2.000149011611938477e+00
8.623129129409790039e-01
6.222282648086547852e-01
3.949625194072723389e-01
1.744939565658569336e+00
-3.517785295844078064e-02
2.109975218772888184e-01
5.406448245048522949e-01
-3.610903918743133545e-01
-1.233666181564331055e+00
-1.918400764465332031e+00
1.821936964988708496e+00
2.876291275024414062e+00
-1.536576390266418457e+00
8.109210729598999023e-01
-1.153707742691040039e+00
6.409050226211547852e-01
3.680841028690338135e-01
9.373141527175903320e-01
-4.609066843986511230e-01
6.255260109901428223e-01
-3.872079372406005859e+00
2.060267925262451172e+00
3.932395935058593750e+00
-3.803978204727172852e+00
-1.140572309494018555e+00
-7.750824093818664551e-02
2.486468553543090820e+00
-1.369015336036682129e+00
2.168172836303710938e+00
2.181430339813232422e+00
-6.423175334930419922e+00
-9.452354907989501953e-02
1.114900469779968262e+00
4.927443981170654297e+00
-6.266944885253906250e+00
-1.259542822837829590e+00
1.710486531257629395e+00
4.706792354583740234e+00
-4.062832832336425781e+00
-2.626110076904296875e+00
4.991628170013427734e+00
-2.186244964599609375e+00
-2.521888256072998047e+00
6.553920507431030273e-01
2.533755064010620117e+00
3.194550514221191406e+00
-3.127517223358154297e+00
7.456345558166503906e-01
1.336875677108764648e+00
-6.917641639709472656e+00
2.396518230438232422e+00
7.262924909591674805e-01
2.253926172852516174e-02
-2.545900046825408936e-01
-3.444296866655349731e-02
2.759188652038574219e+00
-2.589353799819946289e+00
-5.741723775863647461e-01
-1.546723723411560059e+00
2.094610452651977539e+00
-1.657267212867736816e-01
-5.362674593925476074e-02
-4.956793785095214844e-01
2.947257518768310547e+00
1.669622182846069336e+00
-2.662877559661865234e+00
-1.897290587425231934e+00
1.286762595176696777e+00
1.446658611297607422e+00
1.014009833335876465e+00
1.369629800319671631e-02
-5.626692175865173340e-01
-4.372068405151367188e+00
3.743745803833007812e+00
-2.502261102199554443e-01
6.262536048889160156e-01
-1.532022237777709961e+00
1.543966531753540039e-01
9.963980913162231445e-01
1.959111690521240234e+00
-1.988262534141540527e+00
-1.770740747451782227e+00
-1.405663192272186279e-01
-4.321866631507873535e-01
6.046671867370605469e-01
-7.883461713790893555e-01
1.762039899826049805e+00
9.357499480247497559e-01
3.758588433265686035e-01
-1.596303462982177734e+00
-9.898529648780822754e-01
3.578705549240112305e+00
-2.873826980590820312e+00
1.966657161712646484e+00
1.478622198104858398e+00
-1.240769505500793457e+00
-4.347047328948974609e+00
3.980496883392333984e+00
2.644242286682128906e+00
-7.272201061248779297e+00
3.513051986694335938e+00
-5.614006519317626953e-01
1.904613375663757324e+00
4.462018013000488281e-01
-2.218997478485107422e+00
1.994557619094848633e+00
-1.702816724777221680e+00
2.687770724296569824e-01
1.145891666412353516e+00
-5.825129151344299316e-01
-3.285285472869873047e+00
-7.960826754570007324e-01
4.278860569000244141e+00
2.444014102220535278e-01
-1.736943125724792480e+00
-1.264348626136779785e-01
1.278155446052551270e+00
-1.294326066970825195e+00
-7.322306632995605469e-01
1.949411630630493164e+00
-1.782136917114257812e+00
-1.326348423957824707e+00
2.644667387008666992e+00
1.782693624496459961e+00
4.106428146362304688e+00
-3.846432209014892578e+00
-2.860187053680419922e+00
2.827936112880706787e-01
3.197089195251464844e+00
-2.548153638839721680e+00
3.180174350738525391e+00
-1.074094176292419434e+00
1.440442562103271484e+00
-5.234436988830566406e+00
2.750943899154663086e+00
1.704674363136291504e+00
-5.332283020019531250e+00
-1.149031519889831543e-02
1.370733380317687988e+00
3.004008769989013672e+00
-1.224016547203063965e+00
-3.632644712924957275e-01
-3.471037149429321289e-01
-3.736765682697296143e-01
1.360580563545227051e+00
-2.213214397430419922e+00
-1.762104034423828125e-01
-2.592888593673706055e+00
3.154759168624877930e+00
-6.210848093032836914e-01
3.744105339050292969e+00
-4.669012069702148438e+00
2.671433687210083008e-01
-1.267721891403198242e+00
4.103138923645019531e+00
-1.307532191276550293e+00
-1.665544509887695312e+00
9.698368906974792480e-01
7.608122825622558594e-01
-1.552050113677978516e+00
9.010219573974609375e-02
3.745531797409057617e+00
2.280145883560180664e-01
-1.376814603805541992e+00
-5.987117290496826172e-01
-2.161916494369506836e+00
-1.509379744529724121e-01
-8.520339727401733398e-01
2.683746337890625000e+00
1.023009181022644043e+00
-2.599842786788940430e+00
1.856792092323303223e+00
-1.225142359733581543e+00
2.178826808929443359e+00
1.759724020957946777e-01
6.150430440902709961e-02
-1.038213014602661133e+00
-2.802045345306396484e+00
-1.775883913040161133e+00
3.913053274154663086e+00
9.736697673797607422e-01
9.487107396125793457e-03
-1.923530101776123047e+00
-2.241776227951049805e+00
4.762186527252197266e+00
1.733285903930664062e+00
-2.162555694580078125e+00
-1.190353155136108398e+00
-8.410736918449401855e-01
1.800625205039978027e+00
1.370641350746154785e+00
-2.011398792266845703e+00
2.376744031906127930e+00
4.590260982513427734e-02
-2.681281089782714844e+00
5.911590456962585449e-01
-7.005991935729980469e-01
2.345410287380218506e-01
6.764241456985473633e-01
5.481468439102172852e-01
1.083382368087768555e+00
1.566347122192382812e+00
-2.878877162933349609e+00
1.527947187423706055e+00
-3.785304427146911621e-01
-6.624196171760559082e-01
1.985539197921752930e+00
-1.819277763366699219e+00
9.633470773696899414e-01
-7.856128215789794922e-01
-3.280941843986511230e-01
2.058475166559219360e-01
3.463262915611267090e-01
4.755748808383941650e-02
-2.092297554016113281e+00
-1.135388016700744629e-02
-3.397454023361206055e-01
1.736471414566040039e+00
9.715061187744140625e-01
-8.137414455413818359e-01
3.903567194938659668e-01
-1.133579969406127930e+00
3.023694992065429688e+00
-1.702574729919433594e+00
1.981021910905838013e-01
-1.745641946792602539e+00
-3.228882253170013428e-01
1.561204075813293457e+00
-5.236366987228393555e-01
-1.259366631507873535e+00
-1.073206663131713867e+00
1.398769378662109375e+00
-5.895421504974365234e-01
4.853544235229492188e-01
2.638393163681030273e+00
-3.270205736160278320e+00
-3.638747334480285645e-01
1.857320785522460938e+00
6.421065330505371094e-02
-4.946523666381835938e+00
1.199997067451477051e+00
2.086825132369995117e+00
-1.308029890060424805e+00
-7.117655277252197266e-01
2.234047651290893555e-01
1.004203081130981445e+00
-8.856606483459472656e-01
4.175774574279785156e+00
-2.113935649394989014e-01
-9.909158349037170410e-01
1.061351776123046875e+00
-1.080185174942016602e+00
-3.861954689025878906e+00
1.601679772138595581e-01
2.755831718444824219e+00
9.813416004180908203e-02
-3.692140281200408936e-01
-7.823611497879028320e-01
4.019553661346435547e-01
-1.743860244750976562e-01
2.181369066238403320e+00
5.570716857910156250e-01
-2.786009311676025391e+00
-1.011006832122802734e+00
6.789554357528686523e-01
1.396241426467895508e+00
-3.391456604003906250e+00
2.692497491836547852e+00
-1.012174725532531738e+00
2.187035560607910156e+00
-1.050693035125732422e+00
3.014357566833496094e+00
2.470023870468139648e+00
-4.885315895080566406e+00
-1.812831640243530273e+00
4.541489481925964355e-01
2.289299488067626953e+00
1.812421202659606934e+00
-1.452659845352172852e+00
4.383444190025329590e-01
2.669932544231414795e-01
-7.489519119262695312e-01
-7.904586195945739746e-01
1.530378818511962891e+00
-1.705445766448974609e+00
-5.009709596633911133e-01
1.343137264251708984e+00
-2.318437993526458740e-01
-8.202561140060424805e-01
1.034852981567382812e+00
-5.016117095947265625e-01
2.332715988159179688e+00
-6.725344657897949219e-01
1.195833832025527954e-02
9.365504980087280273e-02
-2.212291717529296875e+00
-1.623462438583374023e-01
-4.595945477485656738e-01
1.248799562454223633e+00
4.064371109008789062e+00
-9.202331900596618652e-01
-7.611931562423706055e-01
8.609638214111328125e-01
-3.914258480072021484e+00
-4.498052895069122314e-01
5.209958553314208984e-01
4.574442863464355469e+00
-3.186248779296875000e+00
-7.634279727935791016e-01
1.367991328239440918e+00
4.229957461357116699e-01
4.376778006553649902e-01
1.540480136871337891e+00
-5.645279407501220703e+00
9.573370814323425293e-01
3.906488656997680664e+00
-2.328391075134277344e+00
-2.873473763465881348e-01
-2.640796899795532227e-01
-1.423445194959640503e-01
-1.204651117324829102e+00
1.846743106842041016e+00
-1.473452806472778320e+00
-2.273055315017700195e-01
-7.137365341186523438e-01
-4.154619574546813965e-01
7.867636680603027344e-01
-8.232665061950683594e-01
1.778212666511535645e+00
-2.682423114776611328e+00
3.025410890579223633e+00
-6.487432718276977539e-01
1.489885300397872925e-01
-1.504704594612121582e+00
2.464242458343505859e+00
8.113145828247070312e-01
3.106085211038589478e-02
-1.916712999343872070e+00
1.572480082511901855e+00
-1.803930759429931641e+00
1.670226573944091797e+00
-1.329648494720458984e+00
8.493946194648742676e-01
-1.752067565917968750e+00
2.128163814544677734e+00
6.253924965858459473e-01
-7.991360425949096680e-01
7.733702659606933594e-03
-3.088110923767089844e+00
1.587112665176391602e+00
-1.599928736686706543e+00
1.243710994720458984e+00
1.825991272926330566e-01
1.017430663108825684e+00
-1.693949818611145020e+00
1.721179604530334473e+00
-2.449672460556030273e+00
1.813065290451049805e+00
-7.026562094688415527e-01
1.709849238395690918e-01
3.741516351699829102e+00
-1.741850674152374268e-01
-5.663149952888488770e-01
-2.343063354492187500e+00
1.675585627555847168e+00
-1.937705993652343750e+00
-7.472184896469116211e-01
7.594880461692810059e-02
9.520803093910217285e-01
1.934995174407958984e+00
-1.167327046394348145e+00
-3.336306095123291016e+00
1.076759338378906250e+00
-2.259119987487792969e+00
1.084989309310913086e-02
2.815673589706420898e+00
-1.707904815673828125e+00
3.273157119750976562e+00
3.572562336921691895e-01
-7.371481060981750488e-01
4.185436367988586426e-01
1.137343347072601318e-01
-2.886574268341064453e+00
3.326651573181152344e+00
4.555407464504241943e-01
8.977434039115905762e-02
-2.702332973480224609e+00
1.285135746002197266e+00
1.190186619758605957e+00
5.971562862396240234e-02
-3.332244396209716797e+00
-8.246628642082214355e-01
1.164929389953613281e+00
-1.839074850082397461e+00
7.894640564918518066e-01
1.712868332862854004e+00
1.063155651092529297e+00
-2.621271014213562012e-01
1.355890393257141113e+00
-1.898726105690002441e+00
-1.512167692184448242e+00
2.204781055450439453e+00
-2.532060384750366211e+00
2.654982566833496094e+00
-6.211813092231750488e-01
-3.046736419200897217e-01
1.922248363494873047e+00
-1.618393898010253906e+00
1.831320047378540039e+00
-2.896358489990234375e+00
2.261172056198120117e+00
2.743742942810058594e+00
-2.631118297576904297e+00
-2.325870513916015625e+00
3.575997591018676758e+00
-7.406435012817382812e-01
-1.510091543197631836e+00
2.591138362884521484e+00
-2.463660389184951782e-01
-1.078449010848999023e+00
-1.724336743354797363e+00
5.415369272232055664e-01
1.585392475128173828e+00
2.689241766929626465e-01
1.120377182960510254e+00
-1.944751501083374023e+00
2.520333290100097656e+00
-6.375219821929931641e-01
1.308027982711791992e+00
-2.345093965530395508e+00
2.083393335342407227e+00
-1.052670955657958984e+00
-1.137959361076354980e+00
1.929628372192382812e+00
-9.626418352127075195e-01
-2.201752901077270508e+00
2.169361352920532227e+00
3.145174980163574219e-01
-8.074382543563842773e-01
-5.241989612579345703e+00
4.227191448211669922e+00
2.296420633792877197e-01
1.855594158172607422e+00
1.147586703300476074e-01
-6.282050609588623047e-01
-3.189923763275146484e+00
8.593867421150207520e-01
8.443935513496398926e-01
-2.180349826812744141e+00
2.478326082229614258e+00
7.376226782798767090e-01
-2.114452123641967773e+00
-2.230446338653564453e-01
4.498160362243652344e+00
-7.376697063446044922e+00
2.941014766693115234e+00
1.433867216110229492e+00
-7.484984993934631348e-01
-2.759927749633789062e+00
-4.659633636474609375e-01
4.236640334129333496e-01
1.743964076042175293e+00
-1.801609039306640625e+00
-2.602795362472534180e+00
2.313587427139282227e+00
2.228812694549560547e+00
7.774933576583862305e-01
-5.499351024627685547e-02
-7.477891445159912109e-02
-1.097904205322265625e+00
1.582507252693176270e+00
-1.817632913589477539e-01
-1.660747051239013672e+00
3.065322160720825195e+00
-1.271960258483886719e+00
4.376105368137359619e-01
6.948516368865966797e-01
5.888450145721435547e-01
-9.554554224014282227e-01
-7.748538255691528320e-01
3.274980068206787109e+00
-7.792549610137939453e+00
1.101940155029296875e+00
2.689367532730102539e+00
1.056427240371704102e+00
-2.250073432922363281e+00
2.061086177825927734e+00
2.505310177803039551e-01
-2.356634616851806641e+00
1.373228549957275391e+00
-2.128218173980712891e+00
6.511992216110229492e-01
-2.646251201629638672e+00
-4.411767125129699707e-01
1.896164417266845703e+00
-1.692156553268432617e+00
3.613013267517089844e+00
-1.389876127243041992e+00
2.365303933620452881e-01
-2.174515724182128906e+00
3.480492115020751953e+00
6.534948945045471191e-01
-9.479572176933288574e-01
-1.049122810363769531e+00
1.555350065231323242e+00
1.086314558982849121e+00
-5.046993494033813477e-01
-1.002974987030029297e+00
-2.110350370407104492e+00
2.175195217132568359e+00
-9.088389873504638672e-01
-3.431922197341918945e-02
6.871456503868103027e-01
4.239187538623809814e-01
1.554393291473388672e+00
-1.664637565612792969e+00
2.185587406158447266e+00
-1.432556867599487305e+00
2.389864921569824219e+00
-2.044638633728027344e+00
-3.744095563888549805e-03
2.486327648162841797e+00
-2.787542819976806641e+00
1.624260902404785156e+00
-2.373163700103759766e+00
3.859320640563964844e+00
-1.153019189834594727e+00
2.090603828430175781e+00
-2.134109020233154297e+00
-7.292296886444091797e-01
-1.889924168586730957e+00
9.601233601570129395e-01
1.807512521743774414e+00
1.296405792236328125e+00
3.174758553504943848e-01
-5.708409547805786133e-01
-2.291836261749267578e+00
1.670627355575561523e+00
-1.518000483512878418e+00
-1.621010303497314453e+00
3.661969900131225586e-01
3.370670557022094727e+00
-3.290398120880126953e-01
-4.290353775024414062e+00
2.153719961643218994e-01
3.483100533485412598e-01
2.575732469558715820e+00
-1.725894927978515625e+00
-3.190653920173645020e-01
3.725733518600463867e+00
5.564452409744262695e-01
-4.607331275939941406e+00
1.999007821083068848e+00
-3.142187595367431641e+00
2.110368728637695312e+00
1.989367604255676270e-02
-1.026368856430053711e+00
-2.120157003402709961e+00
2.380201578140258789e+00
-4.048414230346679688e-01
1.029009342193603516e+00
2.607023715972900391e+00
-2.746542453765869141e+00
-3.807416439056396484e+00
7.107540965080261230e-02
3.511148929595947266e+00
2.238094568252563477e+00
-3.730078220367431641e+00
-2.171923875808715820e+00
5.589836239814758301e-01
1.507562637329101562e+00
9.274590015411376953e-01
2.453211784362792969e+00
-6.854543685913085938e-01
-6.202069520950317383e-01
-8.130472898483276367e-01
7.690652608871459961e-01
-2.659910678863525391e+00
-1.094564318656921387e+00
2.691010236740112305e+00
-1.207741260528564453e+00
2.055988758802413940e-01
-3.620891571044921875e+00
4.579303741455078125e+00
-4.910840392112731934e-01
3.171999692916870117e+00
-1.894594073295593262e+00
-1.740113258361816406e+00
2.674159049987792969e+00
-1.987917780876159668e+00
1.044124722480773926e+00
-3.077508926391601562e+00
-1.953098773956298828e-01
4.646306037902832031e+00
7.873442173004150391e-01
-2.495815038681030273e+00
-1.965741276741027832e+00
1.251235246658325195e+00
8.674119114875793457e-01
1.137271046638488770e+00
-4.696790277957916260e-01
-1.400949716567993164e+00
8.736010789871215820e-01
4.887514710426330566e-01
-8.616946935653686523e-01
-1.405341029167175293e+00
2.583789110183715820e+00
-1.811895370483398438e+00
3.436729907989501953e-01
3.496022820472717285e-01
9.420646727085113525e-02
1.551589250564575195e+00
-2.180947303771972656e+00
1.436253905296325684e+00
4.100513458251953125e-01
2.195881605148315430e-01
1.464591741561889648e+00
-9.589556455612182617e-01
-1.555476188659667969e-01
2.190904617309570312e+00
-3.800436973571777344e+00
-3.195108175277709961e-01
1.979429721832275391e+00
8.884334564208984375e-01
-3.094904422760009766e+00
-6.782294511795043945e-01
2.912359237670898438e+00
7.967762947082519531e-01
5.125076770782470703e-01
-5.216745853424072266e+00
4.442792892456054688e+00
-3.234018087387084961e+00
-1.667717456817626953e+00
3.654154777526855469e+00
2.327997446060180664e+00
-8.493517637252807617e-01
1.137026786804199219e+00
-4.839381217956542969e+00
1.297765612602233887e+00
2.196514606475830078e+00
-4.505316734313964844e+00
-2.046597480773925781e+00
2.008069992065429688e+00
1.957153558731079102e+00
4.429832696914672852e-01
1.712983548641204834e-01
-1.050965785980224609e+00
-8.154535889625549316e-01
2.026633262634277344e+00
6.597348451614379883e-01
-1.855328679084777832e+00
-2.288128376007080078e+00
3.687376022338867188e+00
1.618427991867065430e+00
8.651516437530517578e-01
-7.348359823226928711e-01
3.947488367557525635e-01
-3.041107177734375000e+00
1.854173183441162109e+00
8.043705224990844727e-01
-1.994805693626403809e+00
-3.133898735046386719e+00
-9.228847026824951172e-01
1.238183498382568359e+00
4.406156063079833984e+00
-1.237343788146972656e+00
-1.985939741134643555e-01
4.143993854522705078e+00
-4.498643875122070312e+00
1.950040102005004883e+00
-2.534920454025268555e+00
-5.103040933609008789e-01
-2.705908060073852539e+00
2.659629344940185547e+00
1.180260658264160156e+00
-3.576136589050292969e+00
6.916923522949218750e+00
-2.077697277069091797e+00
-1.117896556854248047e+00
-1.583226084709167480e+00
5.105333805084228516e+00
-2.337774753570556641e+00
-1.358946800231933594e+00
3.982686996459960938e+00
-1.392262697219848633e+00
-1.437124133110046387e+00
-2.294150352478027344e+00
4.027101516723632812e+00
2.216637849807739258e+00
-4.451454162597656250e+00
4.631662666797637939e-01
-1.220866799354553223e+00
-1.740317344665527344e+00
-1.293541789054870605e-01
4.442148685455322266e+00
8.481283187866210938e-01
-1.584483504295349121e+00
-5.206975936889648438e-01
-3.507441759109497070e+00
6.965278387069702148e-01
2.507288694381713867e+00
1.264960020780563354e-01
-1.479348182678222656e+00
1.493745803833007812e+00
-1.470613479614257812e+00
1.079640269279479980e+00
-2.984606266021728516e+00
1.560171961784362793e+00
-6.483837962150573730e-01
-2.570591688156127930e+00
3.094779968261718750e+00
-3.258999288082122803e-01
1.223410367965698242e+00
-8.534122705459594727e-01
1.852502703666687012e+00
-1.591897130012512207e+00
2.007954597473144531e+00
-1.895431637763977051e+00
1.691628456115722656e+00
1.241101264953613281e+00
-3.497213602066040039e+00
1.308874636888504028e-01
-5.466297268867492676e-03
-2.856717109680175781e+00
3.190992593765258789e+00
2.061522245407104492e+00
-1.999763250350952148e+00
-4.559547007083892822e-01
-3.094947338104248047e-01
-1.995292901992797852e+00
3.065866947174072266e+00
-3.514551401138305664e+00
-2.193356752395629883e-01
1.249161005020141602e+00
-6.797103285789489746e-01
8.370990157127380371e-01
8.100863695144653320e-01
1.265418529510498047e+00
-3.458109498023986816e-02
-1.967652082443237305e+00
2.330386161804199219e+00
-9.957917332649230957e-01
-4.552001953125000000e-01
-2.016955852508544922e+00
-3.665845692157745361e-01
1.082168817520141602e+00
-5.125848948955535889e-02
1.390577673912048340e+00
2.784976363182067871e-01
4.062955975532531738e-01
-1.696674942970275879e+00
5.333921313285827637e-02
1.481539487838745117e+00
-1.605311870574951172e+00
3.471267700195312500e+00
-3.672409951686859131e-01
-3.754978775978088379e-01
-3.018933773040771484e+00
3.376129150390625000e+00
1.102240920066833496e+00
-3.213979482650756836e+00
5.627655982971191406e-01
1.626199960708618164e+00
1.324585437774658203e+00
-1.243146419525146484e+00
-1.524903923273086548e-01
-1.195030063390731812e-01
1.957943558692932129e+00
-1.615037083625793457e+00
6.088626980781555176e-01
-5.479552149772644043e-01
-3.054328680038452148e+00
4.716696262359619141e+00
-8.586720228195190430e-01
7.854250073432922363e-01
5.952671766281127930e-01
-4.146209359169006348e-01
-3.342769861221313477e+00
1.748376607894897461e+00
3.245912790298461914e+00
1.613975286483764648e+00
-5.948659896850585938e+00
1.315482974052429199e+00
4.506021738052368164e-01
4.148219585418701172e+00
2.834776639938354492e-01
-3.827936172485351562e+00
-4.926717281341552734e-01
-1.579847931861877441e+00
1.695559144020080566e+00
-1.558817625045776367e+00
1.389371752738952637e+00
-1.249337673187255859e+00
1.856790781021118164e+00
-5.450984954833984375e+00
2.481633424758911133e+00
1.685301303863525391e+00
3.176275491714477539e+00
-2.015797615051269531e+00
-4.867888927459716797e+00
2.779459953308105469e+00
3.712478399276733398e+00
-1.625893354415893555e+00
-1.747934460639953613e+00
1.347096323966979980e+00
-1.609404802322387695e+00
6.091180443763732910e-02
3.690649509429931641e+00
-1.983483791351318359e+00
-2.348662137985229492e+00
2.629686832427978516e+00
-4.019866943359375000e+00
1.653003215789794922e+00
4.603689908981323242e-01
9.789336919784545898e-01
-5.640498399734497070e-01
1.364250779151916504e+00
-2.131191194057464600e-01
-3.930716514587402344e+00
1.810355186462402344e-01
7.741250991821289062e-01
3.554363965988159180e+00
-1.136895179748535156e+00
-1.320006966590881348e+00
2.429166793823242188e+00
-3.614434003829956055e+00
9.799048304557800293e-01
-1.498274803161621094e-01
-4.937205612659454346e-01
-1.372102499008178711e+00
1.876719117164611816e+00
2.062790870666503906e+00
2.881971597671508789e+00
-2.046220541000366211e+00
-1.968350410461425781e+00
3.062254786491394043e-01
8.161717653274536133e-01
-3.851305007934570312e+00
