3.155431151390075684e-02
1.860805034637451172e+00
-1.358966112136840820e+00
1.228997230529785156e+00
-2.677792072296142578e+00
-1.469050407409667969e+00
6.759300827980041504e-02
4.293376445770263672e+00
-3.041429519653320312e+00
-2.607645690441131592e-01
-6.158078908920288086e-01
1.177088022232055664e+00
-8.790065646171569824e-01
-1.122238636016845703e+00
1.722969174385070801e+00
-3.550203144550323486e-01
2.300867319107055664e+00
-1.714544057846069336e+00
5.096528530120849609e-01
-1.648595571517944336e+00
1.281001329421997070e+00
1.309997081756591797e+00
-3.165591359138488770e-01
1.438599348068237305e+00
-4.568791866302490234e+00
1.607988834381103516e+00
1.045438289642333984e+00
1.273366808891296387e-01
-2.887814044952392578e+00
1.646776199340820312e+00
1.426558732986450195e+00
6.187646389007568359e-01
1.959619045257568359e+00
-1.806152105331420898e+00
1.227674484252929688e+00
-9.938401579856872559e-01
-6.909906864166259766e-01
-3.556182861328125000e+00
2.337579965591430664e+00
1.553870677947998047e+00
-1.564386248588562012e+00
-1.746986210346221924e-01
-1.095784187316894531e+00
-8.223683834075927734e-01
1.453166365623474121e+00
-4.734987616539001465e-01
-3.591309785842895508e-01
2.019983768463134766e+00
1.588613390922546387e+00
-2.896284103393554688e+00
-1.602472305297851562e+00
9.689337015151977539e-02
1.106901645660400391e+00
2.172026157379150391e+00
-1.513052940368652344e+00
2.528484821319580078e+00
1.317228198051452637e+00
-1.888327360153198242e+00
9.212760925292968750e-01
-1.561008810997009277e+00
-2.146645545959472656e+00
-1.874665260314941406e+00
2.835840225219726562e+00
8.057826757431030273e-01
6.219099462032318115e-02
-4.830369949340820312e-01
-9.855379164218902588e-02
-1.344015121459960938e+00
1.547247469425201416e-01
-7.262672185897827148e-01
1.232796311378479004e+00
1.382697701454162598e+00
-1.057918548583984375e+00
2.272556066513061523e+00
-2.785519957542419434e-01
1.468804597854614258e+00
-1.802269220352172852e+00
3.048075437545776367e-01
1.508992552757263184e+00
-1.150729656219482422e+00
-3.117743253707885742e+00
-8.778099417686462402e-01
2.916747808456420898e+00
-3.802648186683654785e-01
3.070338964462280273e+00
8.341201543807983398e-01
-2.989062309265136719e+00
-3.564728736877441406e+00
3.261738777160644531e+00
-6.209667325019836426e-01
-1.429572701454162598e-01
7.528549432754516602e-01
8.117550611495971680e-01
-4.820670783519744873e-01
2.360059022903442383e+00
-2.529432177543640137e-01
1.338112056255340576e-01
-1.154350042343139648e+00
9.007443189620971680e-01
7.960530519485473633e-01
-2.841357707977294922e+00
1.441089987754821777e+00
-3.297379016876220703e+00
1.998962879180908203e+00
-8.700692653656005859e-01
1.403351724147796631e-01
6.294033527374267578e-01
-9.085576534271240234e-01
8.173698186874389648e-01
1.122170209884643555e+00
-1.686289310455322266e+00
2.186413049697875977e+00
-3.773318767547607422e+00
3.440437912940979004e-01
-3.400424420833587646e-01
-2.018072128295898438e+00
2.575341761112213135e-01
1.681820631027221680e+00
1.061455160379409790e-01
-5.396453738212585449e-01
1.300551891326904297e+00
1.779742956161499023e+00
-2.604520797729492188e+00
-1.364861369132995605e+00
3.547000885009765625e+00
1.472518682479858398e+00
-1.835777282714843750e+00
-6.157904863357543945e-03
1.012633919715881348e+00
-3.451609611511230469e+00
-2.462734699249267578e+00
3.810595035552978516e+00
1.087969303131103516e+00
-7.430724501609802246e-01
7.863330245018005371e-01
1.890863925218582153e-01
-6.878511905670166016e-01
-1.031057715415954590e+00
2.541231155395507812e+00
1.281755805015563965e+00
-3.601942777633666992e+00
1.026172041893005371e+00
-7.157570123672485352e-01
1.455962061882019043e+00
-4.959547519683837891e-02
-6.373248100280761719e-01
2.578162550926208496e-01
7.059599757194519043e-01
-2.161895990371704102e+00
2.765488147735595703e+00
-1.623793601989746094e+00
-1.845926284790039062e+00
2.979094982147216797e+00
3.189844787120819092e-01
-2.006355762481689453e+00
1.920682668685913086e+00
3.367853164672851562e-01
-1.223268270492553711e+00
1.637926697731018066e-01
-1.600380897521972656e+00
-1.332212924957275391e+00
7.544642686843872070e-02
4.767405033111572266e+00
-2.027252912521362305e+00
8.781580924987792969e-01
-2.782237052917480469e+00
4.376168727874755859e+00
-2.610908031463623047e+00
-1.052128672599792480e+00
-1.274197101593017578e+00
-8.556153774261474609e-01
4.193677425384521484e+00
5.682227611541748047e-01
2.029358148574829102e+00
-2.416539192199707031e+00
-3.437027931213378906e+00
-6.376730203628540039e-01
3.374114513397216797e+00
2.852518558502197266e+00
-4.189015924930572510e-01
1.269219517707824707e-01
-5.816120624542236328e+00
-8.603641390800476074e-02
4.494416236877441406e+00
-1.370658040046691895e+00
5.820053815841674805e-01
-2.130445480346679688e+00
-3.773986101150512695e-01
-9.603068828582763672e-01
3.061479806900024414e+00
-1.130910217761993408e-01
-1.502825736999511719e+00
2.617729425430297852e+00
-2.344543933868408203e+00
-1.062257587909698486e-02
-1.721370458602905273e+00
4.586190700531005859e+00
2.404075145721435547e+00
-4.636640548706054688e+00
1.948031663894653320e+00
-1.135849356651306152e+00
-4.678979873657226562e+00
2.850342035293579102e+00
-1.156599760055541992e+00
-1.023378133773803711e+00
3.180654287338256836e+00
1.601534605026245117e+00
-2.412144660949707031e+00
3.499476909637451172e+00
-3.003828525543212891e+00
-1.247550606727600098e+00
1.337797164916992188e+00
-3.296262264251708984e+00
1.718522548675537109e+00
8.989276885986328125e-01
2.128574371337890625e+00
-3.383831024169921875e+00
-2.647245883941650391e+00
4.612047195434570312e+00
1.328249573707580566e+00
3.835679590702056885e-02
1.147131681442260742e+00
-2.435635566711425781e+00
7.150673866271972656e-01
-3.278944969177246094e+00
4.611818790435791016e-01
1.992096900939941406e+00
3.237224578857421875e+00
-2.852233171463012695e+00
-2.391837358474731445e+00
2.543459415435791016e+00
1.103592395782470703e+00
3.213441967964172363e-01
-3.764925241470336914e+00
-2.052590370178222656e+00
4.206225872039794922e+00
2.592027902603149414e+00
-2.653796672821044922e+00
-3.459718465805053711e+00
8.515180349349975586e-01
2.383172512054443359e+00
2.857021331787109375e+00
-1.552650451660156250e+00
-1.410558342933654785e+00
1.220161676406860352e+00
4.656536579132080078e-01
-2.394731998443603516e+00
-7.618017196655273438e-01
2.165381908416748047e+00
1.710594654083251953e+00
-3.930889606475830078e+00
-1.882462024688720703e+00
7.068353891372680664e-01
5.391827583312988281e+00
6.721183061599731445e-01
-3.124110698699951172e+00
-1.885431766510009766e+00
1.747276425361633301e+00
2.847213506698608398e+00
-9.954208135604858398e-01
7.492822408676147461e-02
-5.216310024261474609e-01
-5.335813522338867188e+00
5.675240993499755859e+00
5.358999967575073242e-01
-2.891028881072998047e+00
-1.065378069877624512e+00
-3.798399120569229126e-03
1.310630440711975098e-01
-7.469379901885986328e-01
1.958479166030883789e+00
9.231542944908142090e-01
-7.553865909576416016e-01
2.433191388845443726e-01
1.109588295221328735e-01
-1.309355735778808594e+00
2.556245803833007812e+00
2.895495593547821045e-01
4.252622127532958984e+00
-6.248203754425048828e+00
6.813865900039672852e-02
-1.084406733512878418e+00
2.867824077606201172e+00
-2.112601280212402344e+00
9.740597605705261230e-01
-1.859426379203796387e+00
1.423053145408630371e-01
-1.115342527627944946e-01
-2.129525542259216309e-01
1.417164564132690430e+00
5.057550668716430664e-01
-9.743440151214599609e-01
1.143944501876831055e+00
1.312239170074462891e+00
6.709048151969909668e-01
-9.293285608291625977e-01
8.336764574050903320e-01
4.420842170715332031e+00
-5.419594287872314453e+00
-3.083998680114746094e+00
-1.518118500709533691e+00
7.143906593322753906e+00
-3.833157062530517578e+00
1.907982230186462402e+00
8.109319210052490234e-02
1.134077072143554688e+00
-4.165097713470458984e+00
5.110864043235778809e-01
8.907415866851806641e-01
-2.485752820968627930e+00
4.356188774108886719e+00
-2.014359951019287109e+00
2.350107908248901367e+00
-4.837376594543457031e+00
-4.162280559539794922e-01
4.996429681777954102e-01
3.013422966003417969e+00
-6.771862506866455078e-02
1.568922758102416992e+00
-4.378465712070465088e-01
1.631747603416442871e+00
6.778228282928466797e-02
-6.253832817077636719e+00
2.850081443786621094e+00
-8.455084562301635742e-01
1.411254167556762695e+00
1.573894262313842773e+00
-2.677878856658935547e+00
-1.991981148719787598e+00
3.318938255310058594e+00
-5.551350116729736328e-01
-5.410941839218139648e-01
-3.891665697097778320e+00
1.620847463607788086e+00
-1.529465198516845703e+00
1.869761943817138672e+00
9.061126112937927246e-01
-1.636545896530151367e+00
-1.713318347930908203e+00
4.364036083221435547e+00
-1.002093672752380371e+00
6.034690141677856445e-01
1.776818275451660156e+00
-3.320020198822021484e+00
6.973652839660644531e-01
1.087437868118286133e+00
1.984764218330383301e+00
-5.027713775634765625e+00
-7.882605791091918945e-01
1.256848812103271484e+00
-8.463623523712158203e-01
2.044170618057250977e+00
1.435412764549255371e+00
8.293088674545288086e-01
-2.388618946075439453e+00
-2.139055013656616211e+00
3.150939702987670898e+00
-9.454594850540161133e-01
1.222919702529907227e+00
-3.787991702556610107e-01
-5.210484862327575684e-01
2.489167153835296631e-01
1.164570093154907227e+00
-1.162323236465454102e+00
2.444119453430175781e+00
9.678010940551757812e-01
-1.489496111869812012e+00
-9.136717319488525391e-01
5.200576782226562500e-01
-9.437383413314819336e-01
-4.132439494132995605e-01
1.397100210189819336e+00
-9.651920795440673828e-01
-5.408369898796081543e-01
1.943699240684509277e+00
1.299750089645385742e+00
-2.817720651626586914e+00
-2.851126492023468018e-01
1.843041419982910156e+00
3.228177070617675781e+00
-4.021977901458740234e+00
4.364504218101501465e-01
-2.507064342498779297e+00
1.574259638786315918e+00
2.685131311416625977e+00
-1.686513185501098633e+00
2.871789336204528809e-01
2.477026939392089844e+00
-7.802492380142211914e-02
-1.347434759140014648e+00
2.160701751708984375e-01
-1.584358513355255127e-01
-1.710068464279174805e+00
3.617284297943115234e+00
-4.568383693695068359e+00
-4.407807290554046631e-01
-1.065230607986450195e+00
5.696945667266845703e+00
1.090827137231826782e-01
-4.760798513889312744e-01
-1.116454839706420898e+00
-7.297011613845825195e-01
7.506100833415985107e-02
-2.276543378829956055e+00
1.828155279159545898e+00
2.524273872375488281e+00
-5.216612219810485840e-01
-8.109556436538696289e-01
-4.247262477874755859e+00
1.313836574554443359e+00
-6.735131740570068359e-01
2.932785272598266602e+00
3.847727298736572266e+00
-5.856792449951171875e+00
-4.243792295455932617e-01
1.221390366554260254e+00
7.363492846488952637e-01
-9.873409867286682129e-01
1.600104093551635742e+00
-2.174725532531738281e+00
1.067204117774963379e+00
-1.779079437255859375e+00
-1.834493279457092285e+00
1.852586030960083008e+00
-3.082539439201354980e-01
9.350566864013671875e-01
2.294955253601074219e+00
-2.501448988914489746e-01
2.192576229572296143e-02
-4.766866683959960938e+00
2.768411397933959961e+00
-1.093802452087402344e+00
2.085862755775451660e-01
3.388515472412109375e+00
-1.033644676208496094e+00
-1.211385726928710938e-01
9.442762136459350586e-01
-8.739958405494689941e-01
2.995491027832031250e-01
1.240141868591308594e+00
-3.008450984954833984e+00
-1.698912382125854492e+00
7.215886116027832031e-01
2.679455280303955078e+00
7.557286024093627930e-01
-2.973957061767578125e+00
-6.112836003303527832e-01
-9.638139009475708008e-01
1.982239246368408203e+00
5.766450166702270508e-01
-1.412674307823181152e+00
2.117453813552856445e+00
3.594009876251220703e-01
-1.174483299255371094e+00
9.626990556716918945e-01
4.224979281425476074e-01
-2.214302301406860352e+00
-1.751157999038696289e+00
-1.039363145828247070e-01
4.130526065826416016e+00
-1.900305032730102539e+00
3.526285886764526367e-01
7.602472901344299316e-01
4.066032409667968750e+00
-3.625675678253173828e+00
-2.428332865238189697e-01
-1.603181838989257812e+00
7.822511196136474609e-01
-2.908245325088500977e-01
2.985209226608276367e-03
2.358461856842041016e+00
-3.809868693351745605e-01
1.139810562133789062e+00
-3.961698532104492188e+00
4.356682777404785156e+00
-6.940651416778564453e+00
3.552793264389038086e+00
-2.107279300689697266e-01
-1.886311411857604980e+00
1.448211431503295898e+00
-7.530260682106018066e-01
1.378054857254028320e+00
-3.990255296230316162e-02
1.339573621749877930e+00
-2.922753572463989258e+00
8.233003020286560059e-01
2.394426107406616211e+00
-1.209342837333679199e+00
2.248814553022384644e-01
6.174368262290954590e-01
-2.528153657913208008e-01
1.231945991516113281e+00
7.383829355239868164e-01
-2.931775331497192383e+00
3.192893743515014648e+00
-3.708022117614746094e+00
6.483461856842041016e-01
-2.652100324630737305e+00
7.335175275802612305e-01
3.260111331939697266e+00
-1.052247285842895508e+00
-1.790456533432006836e+00
1.306547403335571289e+00
-2.125726461410522461e+00
2.724181175231933594e+00
-5.846087932586669922e-01
-2.110320091247558594e+00
2.144953250885009766e+00
-6.202073693275451660e-01
4.722741127014160156e+00
-3.147125959396362305e+00
2.353636175394058228e-02
-1.670616745948791504e+00
-3.681312203407287598e-01
3.628861427307128906e+00
5.745786428451538086e-01
-2.943205833435058594e-02
-1.244319081306457520e+00
-2.036489725112915039e+00
2.483859539031982422e+00
-4.230320453643798828e+00
9.491702318191528320e-01
-1.300835162401199341e-01
1.744201540946960449e+00
-1.109254240989685059e+00
3.482637405395507812e-01
-1.665909290313720703e-01
1.238954901695251465e+00
-1.623329669237136841e-01
3.444403409957885742e+00
-1.494147062301635742e+00
-3.712947607040405273e+00
-9.727460145950317383e-02
5.505418777465820312e-01
1.076995849609375000e+00
-3.097688198089599609e+00
2.168745756149291992e+00
3.191337108612060547e+00
-1.385276556015014648e+00
-2.687278389930725098e-01
2.393494844436645508e+00
-2.659902095794677734e+00
-2.513941526412963867e+00
9.853999614715576172e-01
3.170791625976562500e+00
-3.210009098052978516e+00
2.067743778228759766e+00
-2.522998094558715820e+00
-2.253823578357696533e-01
-8.980202674865722656e-01
2.920922517776489258e+00
-1.895195722579956055e+00
3.143882989883422852e+00
1.523611068725585938e+00
8.211365938186645508e-01
-5.762179374694824219e+00
3.229184150695800781e+00
-8.476445674896240234e-01
2.269934892654418945e+00
-4.907508850097656250e+00
-2.369180023670196533e-01
2.912327527999877930e+00
2.845865249633789062e+00
-3.392356872558593750e+00
-8.746542334556579590e-01
-1.002415180206298828e+00
2.567775011062622070e+00
9.022509455680847168e-01
-2.045287370681762695e+00
-1.763792634010314941e-01
2.783665806055068970e-02
-1.694893121719360352e+00
5.078182220458984375e+00
-2.034354686737060547e+00
-4.725539207458496094e+00
2.639132738113403320e+00
1.795027613639831543e+00
2.489951848983764648e-01
-2.414599657058715820e-01
1.370190978050231934e+00
2.867196500301361084e-01
1.687501668930053711e+00
-1.779952347278594971e-01
-2.403152942657470703e+00
6.084530949592590332e-01
1.041346788406372070e+00
1.086814403533935547e+00
-7.194312572479248047e+00
-3.639965057373046875e-01
2.886959552764892578e+00
2.212561368942260742e+00
2.481794357299804688e+00
-2.199157238006591797e+00
1.011395305395126343e-01
-1.513075947761535645e+00
-1.631460666656494141e+00
-2.859951853752136230e-01
1.799122095108032227e+00
2.706109285354614258e+00
-2.965275764465332031e+00
7.414363622665405273e-01
-3.363987505435943604e-01
-2.283627837896347046e-01
3.221604228019714355e-01
-3.002954006195068359e+00
-1.780315160751342773e+00
6.714032649993896484e+00
-7.280043363571166992e-01
-1.246075034141540527e+00
2.666619777679443359e+00
-9.730535745620727539e-01
-4.133377075195312500e+00
1.740161418914794922e+00
-8.316893577575683594e-01
8.496007919311523438e-01
-2.318289041519165039e+00
8.583226799964904785e-02
9.832870960235595703e-01
9.249837398529052734e-01
-1.716589093208312988e+00
1.684573888778686523e+00
5.387483835220336914e-01
-3.796952247619628906e+00
-6.897773742675781250e-01
9.341188073158264160e-01
2.594465970993041992e+00
-6.475784182548522949e-01
-2.281329631805419922e-01
7.541065216064453125e-01
1.648908853530883789e+00
-4.741958677768707275e-01
-1.486704111099243164e+00
-3.899347186088562012e-01
2.364987850189208984e+00
-2.289343833923339844e+00
2.217315435409545898e+00
-9.693512320518493652e-02
1.066358804702758789e+00
3.205632567405700684e-01
1.965246051549911499e-01
-1.430681109428405762e+00
1.612237453460693359e+00
1.996240317821502686e-01
3.150021135807037354e-01
-3.319618701934814453e+00
3.176512956619262695e+00
-4.334565997123718262e-02
-2.333603620529174805e+00
-1.636638164520263672e+00
1.750287562608718872e-01
1.540683388710021973e+00
7.537518739700317383e-01
-1.812301874160766602e-01
-8.685728311538696289e-01
2.831515669822692871e-01
2.411788225173950195e+00
-1.395387172698974609e+00
-1.088762760162353516e+00
1.663448452949523926e+00
-1.388038516044616699e+00
-6.016296744346618652e-01
-1.138919115066528320e+00
3.522445201873779297e+00
-5.100660800933837891e+00
-1.213323712348937988e+00
1.871505498886108398e+00
1.841558456420898438e+00
2.605182230472564697e-01
-2.066503524780273438e+00
-2.162561416625976562e-01
2.046580076217651367e+00
-1.679407060146331787e-02
3.048450946807861328e+00
-1.152361750602722168e+00
3.110218048095703125e-01
-5.293096542358398438e+00
7.603561878204345703e-01
-1.241079568862915039e-01
3.961152553558349609e+00
-2.935047447681427002e-01
-1.538374662399291992e+00
-1.333052039146423340e+00
4.135345458984375000e+00
-1.903077840805053711e+00
1.176429390907287598e-01
3.179106116294860840e-01
-3.920311331748962402e-01
1.133452057838439941e+00
-3.466466188430786133e+00
-3.763073980808258057e-01
-6.725125312805175781e-01
1.904354810714721680e+00
1.144146442413330078e+00
-4.185862541198730469e-01
-1.284542202949523926e+00
2.858752727508544922e+00
-2.421139240264892578e+00
2.200342118740081787e-01
5.170299410820007324e-01
1.142779350280761719e+00
-9.929995983839035034e-02
2.740905284881591797e-01
-2.293319702148437500e+00
8.297408223152160645e-01
1.140127301216125488e+00
3.240931630134582520e-01
6.080867648124694824e-01
-1.519277215003967285e+00
9.033102393150329590e-01
4.756397902965545654e-01
-2.806074380874633789e+00
2.765610456466674805e+00
1.966598272323608398e+00
6.460184454917907715e-01
-4.659112930297851562e+00
1.390915513038635254e-01
-6.512083411216735840e-01
5.419329404830932617e-01
2.446066379547119141e+00
-6.792208552360534668e-02
4.523537755012512207e-01
7.395167350769042969e-01
-2.392845630645751953e+00
1.049007773399353027e+00
-3.320768356323242188e+00
2.906411290168762207e-01
1.493824720382690430e+00
-1.021693646907806396e-01
1.445001959800720215e+00
4.879408478736877441e-01
1.069888025522232056e-01
1.054652571678161621e+00
-5.959665775299072266e-01
1.090021610260009766e+00
-2.968986034393310547e+00
-4.875516295433044434e-01
4.683067321777343750e+00
-3.590407848358154297e+00
-1.972328662872314453e+00
-1.883490085601806641e-01
1.064422607421875000e+00
2.387817859649658203e+00
-2.578726768493652344e+00
1.066887855529785156e+00
3.771372556686401367e+00
-1.836179971694946289e+00
6.953837871551513672e-01
-2.311118125915527344e+00
1.931041479110717773e+00
-3.302159070968627930e+00
3.530455827713012695e+00
-4.318187713623046875e+00
2.619170188903808594e+00
-4.029897212982177734e+00
7.489555478096008301e-01
5.145105361938476562e+00
-4.461095333099365234e+00
-1.970402151346206665e-01
-2.591622829437255859e+00
-1.386970996856689453e+00
6.032361030578613281e+00
-8.703110218048095703e-01
-4.886014461517333984e-01
7.201759219169616699e-01
-1.439542770385742188e+00
2.700441837310791016e+00
-1.287157297134399414e+00
1.171596527099609375e+00
-1.060168594121932983e-01
1.349978208541870117e+00
2.577066421508789062e-01
-2.405421495437622070e+00
-7.540882229804992676e-01
-7.337229251861572266e-01
1.450454711914062500e+00
2.352523952722549438e-01
-8.465780019760131836e-01
-4.522574543952941895e-01
3.764152050018310547e+00
-8.588352799415588379e-01
-4.590721607208251953e+00
-7.717008590698242188e-01
1.893983960151672363e+00
2.549850046634674072e-01
-2.571127891540527344e+00
1.759564399719238281e+00
2.426869869232177734e+00
-3.108575940132141113e-01
1.229788899421691895e+00
4.492092132568359375e-01
-1.766351580619812012e+00
-1.389352321624755859e+00
4.432755947113037109e+00
-3.206782579421997070e+00
1.946323156356811523e+00
-1.875315070152282715e+00
-2.791279315948486328e+00
-1.849289774894714355e+00
3.458268642425537109e+00
7.471950054168701172e-01
1.509193658828735352e+00
-8.286968469619750977e-01
8.373078703880310059e-01
7.138669490814208984e-01
-1.792768239974975586e+00
-1.056423783302307129e-02
1.136420845985412598e+00
-1.384269595146179199e+00
-1.990805149078369141e+00
2.502915382385253906e+00
1.968586683273315430e+00
-2.853882908821105957e-01
2.890855669975280762e-01
-1.114186048507690430e+00
-3.539032459259033203e+00
9.244153499603271484e-01
1.706312894821166992e+00
-4.980549216270446777e-01
8.598099946975708008e-01
1.609450578689575195e+00
1.305290579795837402e+00
-4.827894210815429688e+00
1.023617982864379883e+00
5.132872462272644043e-01
-2.732104539871215820e+00
3.032899856567382812e+00
2.896314859390258789e+00
-1.839295148849487305e+00
-1.531747817993164062e+00
-4.635331034660339355e-01
-2.578050374984741211e+00
2.578952074050903320e+00
2.676792144775390625e+00
-1.853880643844604492e+00
-3.364122867584228516e+00
1.788720846176147461e+00
-3.344277441501617432e-01
3.575554847717285156e+00
-7.502140998840332031e-01
-4.947951436042785645e-01
-2.746916532516479492e+00
2.844631671905517578e-01
-1.381468176841735840e+00
1.202468991279602051e+00
-5.229215621948242188e-01
-1.248143315315246582e+00
2.617711067199707031e+00
8.663703203201293945e-01
-1.925093889236450195e+00
2.916127204895019531e+00
2.725212097167968750e+00
-5.760499477386474609e+00
1.710285544395446777e+00
-1.401690244674682617e-01
-1.217008113861083984e+00
-4.046405315399169922e+00
2.536287069320678711e+00
3.006754398345947266e+00
-1.409428358078002930e+00
9.561973214149475098e-01
8.647938966751098633e-01
9.088166952133178711e-01
-1.479142189025878906e+00
-5.749067068099975586e-01
2.215455293655395508e+00
6.277754902839660645e-03
-5.185041427612304688e-01
3.093523532152175903e-02
-1.874463200569152832e+00
-1.303293704986572266e+00
4.192923545837402344e+00
8.712892532348632812e-01
-1.136165499687194824e+00
3.294506371021270752e-01
-2.298962593078613281e+00
1.408989906311035156e+00
2.619855165481567383e+00
4.524403810501098633e-01
-4.349104881286621094e+00
-6.331592798233032227e-01
1.323002725839614868e-01
5.110864639282226562e-01
7.571037411689758301e-01
4.321519732475280762e-01
2.689373493194580078e+00
-3.758955478668212891e+00
1.381194591522216797e+00
1.473389506340026855e+00
-2.089789152145385742e+00
-1.125171422958374023e+00
-1.852402210235595703e+00
3.572437763214111328e+00
4.512420594692230225e-01
-1.790346622467041016e+00
-1.559198498725891113e-01
1.363772153854370117e+00
-5.303444266319274902e-01
2.042137145996093750e+00
-3.617290496826171875e+00
3.298421859741210938e+00
-3.146527707576751709e-02
2.565518021583557129e-01
-3.733959197998046875e+00
9.942523241043090820e-01
8.411316275596618652e-01
5.359196662902832031e+00
-5.821094036102294922e+00
1.399616599082946777e+00
-3.722596645355224609e+00
1.190752983093261719e+00
5.120979547500610352e-01
2.269258975982666016e+00
-2.541463136672973633e+00
2.790120363235473633e+00
-2.358574867248535156e+00
-4.107348442077636719e+00
5.134668827056884766e+00
7.015378475189208984e-01
-1.432015180587768555e+00
-2.607744634151458740e-01
2.990917205810546875e+00
-8.598904609680175781e-01
-1.382920503616333008e+00
-1.630223989486694336e+00
-1.606134653091430664e+00
2.059306144714355469e+00
1.464367389678955078e+00
2.181798666715621948e-01
-1.483513712882995605e+00
1.941132903099060059e+00
1.565284729003906250e+00
-2.100872039794921875e+00
-4.301386177539825439e-01
1.940735578536987305e-01
-1.973971366882324219e+00
2.281590461730957031e+00
4.795063734054565430e-01
-4.998987197875976562e+00
-9.361335039138793945e-01
-5.272187590599060059e-01
3.811900377273559570e+00
6.930336952209472656e-01
1.193590402603149414e+00
1.847629547119140625e+00
-1.765488982200622559e-01
-4.682008624076843262e-01
-2.999727964401245117e+00
-1.761522769927978516e+00
7.555863261222839355e-01
2.197003662586212158e-01
2.219438076019287109e+00
8.071348667144775391e-01
-5.978195071220397949e-01
-4.277719974517822266e+00
1.835619807243347168e+00
4.765120744705200195e-01
8.420486748218536377e-02
-2.351082086563110352e+00
2.085582017898559570e-01
3.653140783309936523e+00
-1.352052688598632812e+00
2.600690364837646484e+00
-1.407609462738037109e+00
-1.207746386528015137e+00
2.854043722152709961e+00
-1.130490303039550781e+00
-2.639406681060791016e+00
1.532901287078857422e+00
-8.309447765350341797e-01
1.924281597137451172e+00
-2.387312650680541992e-01
2.653289318084716797e+00
-2.156819701194763184e-01
-2.373384952545166016e+00
-5.252406597137451172e-01
1.156912744045257568e-01
-5.464144349098205566e-01
2.268012046813964844e+00
2.905064821243286133e-02
1.829020142555236816e+00
2.178390920162200928e-01
-2.131185293197631836e+00
-3.226899504661560059e-01
2.423061370849609375e+00
2.615090847015380859e+00
-5.297557830810546875e+00
-9.829335808753967285e-01
3.279985904693603516e+00
-1.499451398849487305e+00
-2.511471271514892578e+00
3.536725759506225586e+00
-1.951693773269653320e+00
9.146974682807922363e-01
-1.890508174896240234e+00
8.155714273452758789e-01
-7.468762397766113281e-01
-1.076442241668701172e+00
-1.669062137603759766e+00
4.215947151184082031e+00
2.390458881855010986e-01
