3.175036668777465820e+00
-4.909543514251708984e+00
7.476670742034912109e-01
-1.633638739585876465e-01
1.003343224525451660e+00
9.431961178779602051e-02
-3.027445077896118164e+00
3.601494312286376953e+00
6.975349187850952148e-01
-3.598507046699523926e-01
1.951226234436035156e+00
-3.800028562545776367e-01
-2.348170042037963867e+00
-2.127888500690460205e-01
5.788530111312866211e-01
-1.336561441421508789e+00
-2.134371757507324219e+00
2.702817320823669434e-01
4.077004909515380859e+00
2.694212198257446289e-01
-2.387725353240966797e+00
-1.168996810913085938e+00
2.120636940002441406e+00
-1.311672806739807129e+00
3.075800895690917969e+00
-2.600404322147369385e-01
-3.088710308074951172e+00
-8.901792764663696289e-01
4.235053062438964844e+00
-1.996345221996307373e-01
-9.726213812828063965e-01
-2.095938682556152344e+00
2.396745681762695312e+00
5.372650623321533203e-01
5.156770348548889160e-02
-2.478873968124389648e+00
-9.450674057006835938e-01
-2.063267707824707031e+00
3.716204166412353516e-01
3.920989036560058594e+00
9.751943349838256836e-01
1.568863868713378906e+00
-4.182127475738525391e+00
6.404862403869628906e-01
-2.676659345626831055e+00
5.119592189788818359e+00
-1.007301568984985352e+00
-3.314462900161743164e+00
3.090701103210449219e+00
1.330556631088256836e+00
-2.624249458312988281e+00
-2.074450731277465820e+00
-2.969267964363098145e-01
3.292870521545410156e+00
-1.642145633697509766e+00
8.967615365982055664e-01
4.257844090461730957e-01
-6.118521094322204590e-01
1.343208312988281250e+00
3.000429868698120117e+00
-2.624733448028564453e+00
-1.916503787040710449e+00
2.293315172195434570e+00
-2.242447853088378906e+00
-5.695232152938842773e-01
1.437477588653564453e+00
-1.761203110218048096e-01
1.939458370208740234e+00
-3.741666555404663086e+00
1.120206594467163086e+00
-8.521962165832519531e-01
-4.936921298503875732e-01
1.165565490722656250e+00
-5.934214591979980469e-01
1.536100625991821289e+00
2.077579021453857422e+00
-7.454510927200317383e-01
7.206890583038330078e-01
-3.655255317687988281e+00
-1.175619363784790039e-01
-1.660745739936828613e-01
9.447444230318069458e-02
2.126677513122558594e+00
2.433115005493164062e+00
-2.382602691650390625e+00
-4.213927268981933594e+00
-2.348715662956237793e-01
1.297384500503540039e-01
-4.220724105834960938e-01
4.975595474243164062e+00
-7.885046005249023438e-01
1.275229930877685547e+00
-8.419030308723449707e-01
1.295033812522888184e+00
5.410243272781372070e-01
-4.563761711120605469e+00
2.068680763244628906e+00
1.638272881507873535e+00
-2.508769989013671875e+00
1.153572320938110352e+00
-2.824938297271728516e-02
6.952044963836669922e-01
-4.848490715026855469e+00
1.744753360748291016e+00
8.143658638000488281e-01
2.097030639648437500e+00
-5.175760388374328613e-02
1.240362644195556641e+00
-3.056724786758422852e+00
2.112753391265869141e+00
-1.110341429710388184e+00
-3.119917631149291992e+00
1.338398933410644531e+00
-3.487804234027862549e-01
1.343813657760620117e+00
1.310514450073242188e+00
1.205979585647583008e+00
-2.389337539672851562e+00
1.668870449066162109e-01
-7.473598122596740723e-01
3.018812179565429688e+00
1.563786506652832031e+00
-4.113752841949462891e+00
3.934906125068664551e-01
1.018046021461486816e+00
2.971504926681518555e-01
1.059618711471557617e+00
-6.595547199249267578e-01
3.252837896347045898e+00
-1.267303347587585449e+00
-2.364157199859619141e+00
2.073687791824340820e+00
-3.399017333984375000e+00
1.069782376289367676e+00
1.832114696502685547e+00
1.751534461975097656e+00
-2.432872295379638672e+00
3.544419765472412109e+00
-5.104590415954589844e+00
2.711558341979980469e+00
1.005587816238403320e+00
-2.737653493881225586e+00
5.234564542770385742e-01
7.861672639846801758e-01
-5.204950332641601562e+00
3.456001281738281250e-01
3.667075157165527344e+00
2.081276178359985352e+00
-3.996040821075439453e+00
2.203909873962402344e+00
1.919593811035156250e+00
-3.219037532806396484e+00
2.588655948638916016e+00
-4.491513729095458984e+00
2.742802619934082031e+00
-2.947728633880615234e+00
2.041973114013671875e+00
-5.667796134948730469e-01
-2.949123859405517578e+00
2.299732208251953125e+00
4.557538032531738281e-01
2.688429594039916992e+00
-1.539519071578979492e+00
1.962023377418518066e-01
4.518260955810546875e+00
-4.786365509033203125e+00
6.432587653398513794e-02
2.962549030780792236e-01
-9.822524785995483398e-01
2.025149822235107422e+00
-2.782896995544433594e+00
-1.458883643150329590e+00
8.395285606384277344e-01
2.820367813110351562e+00
1.080283999443054199e+00
-1.423343658447265625e+00
-4.480147361755371094e-02
-1.064931154251098633e+00
-1.516958355903625488e+00
1.681811928749084473e+00
-1.372703433036804199e+00
-2.789185047149658203e+00
3.353860855102539062e+00
-2.997876644134521484e+00
8.272073745727539062e+00
-4.022032737731933594e+00
2.632379055023193359e+00
-1.200119853019714355e+00
-2.123914241790771484e+00
1.080859899520874023e+00
-1.981226652860641479e-01
-9.793732166290283203e-01
1.278309345245361328e+00
-7.926358580589294434e-01
-2.953219413757324219e+00
9.056107997894287109e-01
-1.674004554748535156e+00
4.958414554595947266e+00
2.743461728096008301e-01
-5.791702866554260254e-01
-2.323964357376098633e+00
6.922860145568847656e-01
1.787929385900497437e-01
3.701781034469604492e+00
-3.108635902404785156e+00
-3.428627967834472656e+00
3.101246595382690430e+00
-9.723211526870727539e-01
-3.656380176544189453e-01
5.731914639472961426e-01
2.223544836044311523e+00
6.180279254913330078e-01
-3.636046946048736572e-01
2.565973758697509766e+00
-2.195516109466552734e+00
-4.754729270935058594e+00
-3.391581773757934570e-02
3.092071533203125000e+00
3.459214210510253906e+00
-3.943058967590332031e+00
-1.527839183807373047e+00
2.188620328903198242e+00
1.602894067764282227e+00
6.374721527099609375e-01
-7.957196831703186035e-01
-1.738698244094848633e+00
-1.701710075139999390e-01
-3.912186622619628906e-01
-2.331854104995727539e+00
2.709767580032348633e+00
-6.621104478836059570e-02
1.451158285140991211e+00
4.549066722393035889e-02
-9.622021913528442383e-01
-8.692175745964050293e-01
-8.109575510025024414e-01
3.748897075653076172e+00
-1.551954984664916992e+00
4.352611005306243896e-01
-2.114286661148071289e+00
4.414221346378326416e-01
-5.295953750610351562e-01
-6.713903546333312988e-01
1.207841873168945312e+00
-1.551273822784423828e+00
2.126785278320312500e+00
1.388434052467346191e+00
3.539557158946990967e-01
-1.260512351989746094e+00
9.272566437721252441e-02
2.096687316894531250e+00
-8.659710884094238281e-01
-1.188142597675323486e-01
-1.124551296234130859e+00
-2.146923243999481201e-01
4.457440376281738281e+00
-6.158648014068603516e+00
1.570597171783447266e+00
9.201749563217163086e-01
-3.890143632888793945e-01
1.256158351898193359e+00
-1.489487648010253906e+00
-2.728565216064453125e+00
6.149059534072875977e-01
1.486116647720336914e+00
5.380700826644897461e-01
1.460618972778320312e+00
-3.811422586441040039e+00
2.015564441680908203e+00
-1.033977270126342773e+00
4.219688102602958679e-02
-9.576857089996337891e-01
1.735206484794616699e+00
-2.357835769653320312e+00
3.819515705108642578e+00
-7.173391580581665039e-01
8.160600662231445312e-01
5.861999988555908203e-01
-4.030189990997314453e+00
-8.407555818557739258e-01
2.501451969146728516e+00
-2.645272254943847656e+00
-4.688396751880645752e-01
-1.051506400108337402e+00
5.526534080505371094e+00
1.488824933767318726e-01
-9.692701101303100586e-01
-1.885704517364501953e+00
-1.380866765975952148e+00
3.019821166992187500e+00
1.045668125152587891e+00
-2.382550001144409180e+00
5.868349075317382812e-01
5.962556004524230957e-01
4.259929656982421875e+00
-2.508607625961303711e+00
6.175518035888671875e-01
2.592700004577636719e+00
-5.529932022094726562e+00
2.361490577459335327e-01
2.143297910690307617e+00
-3.287024259567260742e+00
7.402086853981018066e-01
2.620821475982666016e+00
-3.493755340576171875e+00
1.331164002418518066e+00
7.349823117256164551e-01
-1.519947052001953125e+00
1.130353569984436035e+00
2.064796686172485352e+00
-1.425058007240295410e+00
7.861270755529403687e-02
3.653151988983154297e-01
-2.040708661079406738e-01
-9.935256242752075195e-01
-6.501849293708801270e-01
1.107221841812133789e+00
3.352233409881591797e+00
-1.065238952636718750e+00
-2.754832267761230469e+00
-1.772629976272583008e+00
1.544231414794921875e+00
-6.743329763412475586e-01
4.678843498229980469e+00
-3.132878065109252930e+00
3.007233142852783203e-01
4.990815818309783936e-01
-1.085836052894592285e+00
2.543145418167114258e+00
-2.429141521453857422e+00
1.284783840179443359e+00
3.165684342384338379e-01
-2.606236457824707031e+00
-4.539491236209869385e-02
-4.238409698009490967e-01
1.580927252769470215e+00
1.067135214805603027e+00
-2.221280097961425781e+00
-1.056863218545913696e-01
-1.953473925590515137e+00
6.284266948699951172e+00
-3.294802188873291016e+00
2.099866271018981934e-01
-1.166525363922119141e+00
9.635721445083618164e-01
1.050831079483032227e+00
-2.420388698577880859e+00
3.809552907943725586e+00
-3.339829921722412109e+00
7.922124862670898438e-01
6.551046371459960938e-01
-2.182676553726196289e+00
-1.239215612411499023e+00
-1.191686749458312988e+00
2.644271612167358398e+00
4.550452709197998047e+00
-5.194928646087646484e+00
-1.371532440185546875e+00
7.433778047561645508e-01
3.262063980102539062e+00
-5.779765248298645020e-01
-3.548109054565429688e+00
3.499736487865447998e-01
7.845176458358764648e-01
3.296364784240722656e+00
-1.174697756767272949e+00
-7.687616348266601562e-01
-5.002076625823974609e-01
-3.488432168960571289e-01
3.147325992584228516e+00
-2.236962080001831055e+00
-1.132063716650009155e-01
1.801732063293457031e+00
-1.898371338844299316e+00
-9.320592880249023438e-01
1.049359321594238281e+00
9.971312284469604492e-01
-6.817928552627563477e-01
1.919386625289916992e+00
6.196002364158630371e-01
-2.771717309951782227e+00
1.719801127910614014e-01
2.977096796035766602e+00
9.040622711181640625e-01
4.167743325233459473e-01
-4.807963371276855469e+00
1.190439701080322266e+00
-2.044972896575927734e+00
3.380977630615234375e+00
-1.120805382728576660e+00
-7.555229663848876953e-01
2.417242050170898438e+00
-1.050997257232666016e+00
1.070713281631469727e+00
-9.945599734783172607e-02
1.702696561813354492e+00
-2.594035863876342773e+00
-1.178814172744750977e+00
-5.010319948196411133e-01
3.046638965606689453e-01
2.537945508956909180e+00
1.318043917417526245e-01
9.984939694404602051e-01
-2.310240030288696289e+00
-1.001545786857604980e+00
-1.646018475294113159e-01
1.218329668045043945e+00
-2.158965826034545898e+00
1.943227529525756836e+00
-2.015927314758300781e+00
1.444225907325744629e+00
-7.212054133415222168e-01
3.189044475555419922e+00
-2.133436650037765503e-01
1.535875558853149414e+00
-1.725527286529541016e+00
-8.782387375831604004e-01
-8.314604759216308594e-01
6.461660861968994141e-01
-2.510341167449951172e+00
8.434702157974243164e-01
-7.093103528022766113e-01
1.327268958091735840e+00
2.612156867980957031e-01
6.802592873573303223e-01
-8.859125375747680664e-01
-4.662053883075714111e-01
-2.022721290588378906e+00
4.460641860961914062e+00
8.440268039703369141e-01
-3.113692283630371094e+00
2.293632268905639648e+00
-2.373353958129882812e+00
1.953014373779296875e+00
-5.410591363906860352e-01
-9.506946802139282227e-01
3.484825372695922852e+00
-4.826610088348388672e-01
-5.274168014526367188e+00
-2.712592601776123047e+00
6.380733489990234375e+00
2.825358390808105469e+00
-3.421964645385742188e+00
-2.789055585861206055e+00
1.317299485206604004e+00
2.518923282623291016e+00
-3.284692525863647461e+00
-1.098009467124938965e+00
-2.026801109313964844e+00
2.308746814727783203e+00
1.720997929573059082e+00
-1.701729059219360352e+00
1.186785459518432617e+00
-1.495411992073059082e-01
-3.103195130825042725e-02
6.520111560821533203e-01
-3.261075615882873535e-01
8.540335893630981445e-01
7.797180414199829102e-01
-3.780796527862548828e-01
4.507049918174743652e-02
1.165064573287963867e+00
-3.204771041870117188e+00
-1.564221739768981934e+00
-1.345917820930480957e+00
3.302421569824218750e+00
-1.440040707588195801e+00
2.357654571533203125e+00
-1.261946082115173340e+00
2.761593103408813477e+00
-8.852133750915527344e-01
-6.270171999931335449e-01
1.090107440948486328e+00
-9.017584323883056641e-01
-1.312673330307006836e+00
-6.171365976333618164e-01
-1.044602155685424805e+00
8.577572107315063477e-01
2.144397735595703125e+00
4.160727262496948242e-01
-2.732330322265625000e+00
1.248371839523315430e+00
4.695042967796325684e-01
3.648788332939147949e-01
1.851611137390136719e-01
2.115803480148315430e+00
-3.036499023437500000e+00
2.241938591003417969e+00
-3.209106922149658203e+00
-4.474261701107025146e-01
-3.809229135513305664e-01
8.489289879798889160e-02
2.665385484695434570e+00
6.986844539642333984e-01
6.621037423610687256e-02
-8.545790910720825195e-01
8.677913546562194824e-01
3.023541569709777832e-01
-3.412580788135528564e-01
-1.551588296890258789e+00
-1.186297297477722168e+00
-1.686184644699096680e+00
5.363649368286132812e+00
6.780097484588623047e-01
-3.442391395568847656e+00
-1.522123575210571289e+00
2.497963905334472656e+00
5.168875455856323242e-01
-6.955441236495971680e-01
1.057914495468139648e+00
-2.487424850463867188e+00
4.791333675384521484e-01
2.447431564331054688e+00
-6.954133510589599609e-01
8.351272344589233398e-01
7.718172669410705566e-01
-2.246298074722290039e+00
4.472076416015625000e+00
-1.867603063583374023e+00
7.356199026107788086e-01
-3.157848358154296875e+00
-3.335005044937133789e-01
3.586995124816894531e+00
3.870825469493865967e-01
-9.012202024459838867e-01
-4.462814331054687500e-01
-2.461830675601959229e-01
1.154614925384521484e+00
-3.705934524536132812e+00
6.957128047943115234e+00
-3.832283973693847656e+00
-6.307955980300903320e-01
2.464640140533447266e+00
-4.838515758514404297e+00
9.697735905647277832e-01
9.811180830001831055e-01
-7.273980379104614258e-01
4.427908658981323242e-01
1.469728112220764160e+00
-2.424407243728637695e+00
1.384014606475830078e+00
-2.246081829071044922e+00
1.210232615470886230e+00
-7.482979297637939453e-01
-1.470127820968627930e+00
3.848085165023803711e+00
-3.521811246871948242e+00
-4.112905561923980713e-01
2.297840595245361328e+00
-1.096284538507461548e-01
-1.287465572357177734e+00
-1.370889186859130859e+00
-3.757757842540740967e-01
2.225415229797363281e+00
2.439307689666748047e+00
-3.193457365036010742e+00
-1.924987792968750000e+00
2.141353607177734375e+00
-3.533687114715576172e+00
3.934707641601562500e+00
-7.224549055099487305e-01
2.808870792388916016e+00
3.297903835773468018e-01
-2.416655063629150391e+00
3.488859832286834717e-01
-1.072898626327514648e+00
2.308159112930297852e+00
-1.574004650115966797e+00
-1.524607658386230469e+00
7.934031486511230469e-01
-3.274438619613647461e+00
4.462673187255859375e+00
-8.217240571975708008e-01
1.622478008270263672e+00
-6.961636543273925781e-01
-1.353844165802001953e+00
3.665282249450683594e+00
-4.591940641403198242e-01
-9.068642854690551758e-01
1.348454356193542480e+00
-9.271175265312194824e-01
-3.396419048309326172e+00
4.625035822391510010e-02
-8.436193466186523438e-01
5.005959510803222656e+00
-1.681332588195800781e+00
-3.999315261840820312e+00
-2.203249633312225342e-01
3.109903335571289062e+00
-1.591689705848693848e+00
-6.303003430366516113e-01
2.361356496810913086e+00
8.864863514900207520e-01
-6.001237034797668457e-02
-1.002923250198364258e+00
1.866842865943908691e+00
-3.507979393005371094e+00
7.160037755966186523e-01
8.360894322395324707e-01
-1.011931538581848145e+00
-1.657907724380493164e+00
6.453961133956909180e-01
1.477181911468505859e+00
3.489930868148803711e+00
-2.852401256561279297e+00
-2.852700948715209961e+00
2.091365754604339600e-01
-3.335911631584167480e-01
4.316541194915771484e+00
1.271141290664672852e+00
-1.562136411666870117e+00
3.126136064529418945e-01
-9.964263439178466797e-02
-1.718218088150024414e+00
-3.151158571243286133e+00
5.922517776489257812e-01
2.280561923980712891e+00
-1.374878764152526855e+00
1.023059844970703125e+00
1.280471205711364746e+00
-1.872274875640869141e-01
3.380603194236755371e-01
-8.734304904937744141e-01
1.779378533363342285e+00
1.131324052810668945e+00
-1.207082152366638184e+00
-5.063198804855346680e-01
-1.124564409255981445e+00
6.297624111175537109e-01
2.882521152496337891e+00
-8.367902040481567383e-01
-1.894916296005249023e+00
-3.751463890075683594e-01
7.624032497406005859e-01
-2.211574077606201172e+00
-1.316562414169311523e+00
6.677906990051269531e+00
-1.801885366439819336e+00
2.897511482238769531e+00
-2.488010883331298828e+00
5.031900405883789062e-01
6.185230016708374023e-01
-3.728590965270996094e+00
7.989189624786376953e-01
1.264845848083496094e+00
-9.283896088600158691e-01
-5.161252021789550781e-01
1.092442154884338379e+00
-2.055510044097900391e+00
2.234552621841430664e+00
-1.848990440368652344e+00
4.549665451049804688e-01
2.244616985321044922e+00
-3.794965982437133789e+00
-4.871619343757629395e-01
8.355479240417480469e-01
-1.293043375015258789e+00
4.159471392631530762e-02
1.709328889846801758e+00
-1.693500280380249023e+00
-7.651108503341674805e-02
1.875031471252441406e+00
2.873650074005126953e+00
-3.731516897678375244e-01
9.757541418075561523e-01
-2.567442893981933594e+00
1.563705682754516602e+00
-4.172828674316406250e+00
5.508881211280822754e-01
-1.484210968017578125e+00
2.274664878845214844e+00
2.910909652709960938e+00
-1.849348545074462891e+00
-2.264684438705444336e+00
-9.628903269767761230e-01
3.600080251693725586e+00
-4.079260230064392090e-01
6.217891573905944824e-01
-1.232273340225219727e+00
1.685605287551879883e+00
1.448251605033874512e+00
-5.822351574897766113e-01
-3.268304824829101562e+00
2.505306154489517212e-02
1.045119881629943848e+00
-2.206953763961791992e+00
1.407585978507995605e+00
1.798789978027343750e+00
3.615842342376708984e+00
-5.456878185272216797e+00
1.242647409439086914e+00
1.309448778629302979e-01
-5.102649331092834473e-01
1.413249969482421875e-01
-1.287227630615234375e+00
8.682323098182678223e-01
3.064317226409912109e+00
-2.879295110702514648e+00
3.970757246017456055e+00
9.792834520339965820e-01
-5.531197547912597656e+00
4.122021794319152832e-01
1.047793269157409668e+00
-7.053284645080566406e-01
4.043850898742675781e+00
-2.198123216629028320e+00
-2.219472169876098633e+00
1.336887598037719727e+00
3.577160239219665527e-01
8.605327606201171875e-01
-1.618369340896606445e+00
-1.566701650619506836e+00
-2.098884344100952148e+00
3.173314094543457031e+00
1.800559997558593750e+00
8.745551705360412598e-01
-7.943606376647949219e-01
-4.353888034820556641e+00
1.964158415794372559e+00
2.768600285053253174e-01
1.301899433135986328e+00
4.691278934478759766e+00
-5.545197486877441406e+00
9.455131888389587402e-01
-3.378067910671234131e-01
-2.631440162658691406e+00
1.100939869880676270e+00
2.197418451309204102e+00
7.854748964309692383e-01
-4.299740791320800781e+00
-6.969632208347320557e-02
9.692480564117431641e-01
1.254910588264465332e+00
-1.512542724609375000e+00
-6.570054888725280762e-01
3.524551391601562500e-01
4.050880074501037598e-01
-3.254904270172119141e+00
9.330402612686157227e-01
2.063992500305175781e+00
1.045639872550964355e+00
-1.109963804483413696e-01
-1.369525551795959473e+00
8.861105442047119141e-01
-1.633176326751708984e+00
3.089453279972076416e-01
2.767077922821044922e+00
1.926463365554809570e+00
-1.591943621635437012e+00
-5.441211462020874023e-01
1.118532121181488037e-01
-2.742558717727661133e-01
-2.079639911651611328e+00
-1.265410900115966797e+00
1.828764438629150391e+00
1.881314754486083984e+00
-3.149362206459045410e-01
1.467002928256988525e-01
-3.387052774429321289e+00
-3.837409615516662598e-02
5.411751866340637207e-01
2.207520484924316406e+00
7.957382202148437500e-01
-4.028066635131835938e+00
2.512175083160400391e+00
1.005910992622375488e+00
9.832080602645874023e-01
-5.239681005477905273e-01
1.366682797670364380e-01
6.630514860153198242e-01
-9.242364764213562012e-01
1.029799461364746094e+00
-5.322146415710449219e-01
-1.242442131042480469e+00
1.247570276260375977e+00
-1.649932712316513062e-01
2.451966047286987305e+00
-2.706692695617675781e+00
7.079280614852905273e-01
-8.922420144081115723e-01
1.554115176200866699e+00
1.018731951713562012e+00
-8.215584754943847656e-01
6.129909753799438477e-01
-1.206088423728942871e+00
-7.742253541946411133e-01
-6.924582719802856445e-01
1.080615282058715820e+00
-1.675423145294189453e+00
5.357675552368164062e-01
7.721487283706665039e-01
9.961608052253723145e-01
8.938412666320800781e-01
-3.535747528076171875e-01
4.435172677040100098e-01
7.740050554275512695e-03
-1.106187224388122559e+00
4.947248697280883789e-01
-6.026029586791992188e-05
-1.840841889381408691e+00
1.289493799209594727e+00
-1.168869018554687500e+00
3.648053407669067383e-01
4.595308303833007812e+00
-4.415501117706298828e+00
4.564108252525329590e-01
2.502282619476318359e+00
-4.900134563446044922e+00
1.867215514183044434e+00
-1.699615001678466797e+00
2.690157890319824219e+00
-3.575188636779785156e+00
-9.601423144340515137e-01
3.029047966003417969e+00
-1.835575580596923828e+00
3.259065628051757812e+00
1.437555909156799316e+00
8.277508020401000977e-01
-4.361229896545410156e+00
-6.766248941421508789e-01
2.299926280975341797e+00
-3.897902727127075195e+00
-1.082060098648071289e+00
2.545373201370239258e+00
4.947086572647094727e-01
5.735572576522827148e-01
-1.433083653450012207e+00
3.342454433441162109e+00
1.522669672966003418e+00
-3.022393226623535156e+00
7.498188614845275879e-01
2.490718603134155273e+00
-3.377233505249023438e+00
-1.332662820816040039e+00
-3.085591495037078857e-01
6.404358744621276855e-01
7.660194039344787598e-01
8.018435239791870117e-01
-1.548349499702453613e+00
2.040834426879882812e+00
-1.698885709047317505e-01
-2.771248579025268555e+00
8.568868637084960938e-01
9.098951816558837891e-01
4.988018870353698730e-01
8.918427228927612305e-01
-1.232853889465332031e+00
-2.187408953905105591e-01
2.566653192043304443e-01
9.004445075988769531e-01
9.732636213302612305e-01
-1.059903621673583984e+00
-2.561038017272949219e+00
4.966648221015930176e-01
-2.920314311981201172e+00
2.939582824707031250e+00
-1.934964179992675781e+00
1.772354364395141602e+00
1.555022835731506348e+00
1.400953888893127441e+00
-1.102993249893188477e+00
-4.346255958080291748e-01
2.976597547531127930e-01
3.419409394264221191e-01
6.797908544540405273e-01
-6.311644911766052246e-01
-4.419422149658203125e-01
-2.191454887390136719e+00
2.840924561023712158e-01
3.387622833251953125e-01
-8.081533908843994141e-01
1.707796454429626465e+00
1.862532377243041992e+00
-1.436626911163330078e+00
1.226672887802124023e+00
1.618343591690063477e+00
3.828742504119873047e-01
-8.801102042198181152e-01
5.775420069694519043e-01
-2.972553253173828125e+00
1.734253048896789551e+00
-5.545441627502441406e+00
3.074215412139892578e+00
-1.221293926239013672e+00
1.559721708297729492e+00
3.618200540542602539e+00
-2.373392343521118164e+00
-2.890918254852294922e+00
2.731434822082519531e+00
1.374755263328552246e+00
3.524949550628662109e-01
-4.851614236831665039e-01
1.685765743255615234e+00
-5.524247288703918457e-01
1.467606306076049805e+00
-7.229998588562011719e+00
2.641675949096679688e+00
1.640632510185241699e+00
1.269542813301086426e+00
-2.483522176742553711e+00
-1.355371177196502686e-01
-2.021593809127807617e+00
3.701263427734375000e+00
-2.294494152069091797e+00
-1.431209325790405273e+00
-7.557016611099243164e-01
1.607213258743286133e+00
7.422237992286682129e-01
2.438617944717407227e+00
-1.454668343067169189e-01
-4.114810824394226074e-01
-2.392465591430664062e+00
-7.370269894599914551e-01
1.858847618103027344e+00
-1.862289190292358398e+00
1.919707059860229492e+00
5.476363301277160645e-01
-7.630097866058349609e-02
-4.852775931358337402e-01
-3.298309326171875000e+00
1.722651720046997070e+00
-1.138737797737121582e+00
3.216076612472534180e+00
-4.169348239898681641e+00
2.300942420959472656e+00
-1.519805788993835449e-01
-1.822480678558349609e+00
-7.570338249206542969e-01
1.225222587585449219e+00
5.948498249053955078e-01
2.137892484664916992e+00
-5.867801904678344727e-01
-8.264154195785522461e-01
7.301871180534362793e-01
-1.785084962844848633e+00
-4.977284669876098633e-01
3.547244310379028320e+00
-4.596412658691406250e+00
3.179374217987060547e+00
-1.535768508911132812e+00
1.140029907226562500e+00
2.075613021850585938e+00
-1.795668482780456543e+00
1.425105333328247070e+00
-1.064421653747558594e+00
-1.171598553657531738e+00
3.138913393020629883e+00
-7.683343291282653809e-01
-7.062517404556274414e-01
9.012778401374816895e-01
-2.816711068153381348e-01
1.430423974990844727e+00
-6.421548128128051758e-02
-2.395804882049560547e+00
-6.384059786796569824e-02
1.580239057540893555e+00
6.245462894439697266e-01
-1.579533934593200684e+00
1.676623821258544922e+00
-1.401312232017517090e+00
1.164528369903564453e+00
-1.269931554794311523e+00
3.069241762161254883e+00
-5.151968002319335938e-01
1.049928814172744751e-01
-1.906068205833435059e+00
2.133421182632446289e+00
-3.927822113037109375e+00
1.603269338607788086e+00
4.028956890106201172e+00
-3.737615346908569336e+00
1.339093565940856934e+00
-1.939393281936645508e+00
4.360489368438720703e+00
-4.379492759704589844e+00
-1.074379563331604004e+00
3.774545192718505859e+00
-3.437944889068603516e+00
1.215063095092773438e+00
-1.083067178726196289e+00
1.183519005775451660e+00
-2.509649276733398438e+00
-1.988822221755981445e-01
6.535122990608215332e-01
1.171457290649414062e+00
-2.010374218225479126e-01
6.425973176956176758e-01
-1.087721467018127441e+00
-5.508683919906616211e-01
3.490621566772460938e+00
-5.202455520629882812e-01
-3.169575691223144531e+00
3.582398593425750732e-01
-4.313002824783325195e-01
-1.283942937850952148e+00
1.966936469078063965e+00
8.479483723640441895e-01
-1.611008405685424805e+00
-1.813473939895629883e+00
1.092272400856018066e+00
