-1.895575225353240967e-01
-2.510138511657714844e+00
4.674232006072998047e+00
-4.588030278682708740e-01
2.553144931793212891e+00
-3.093513011932373047e+00
-3.049314022064208984e+00
2.052199840545654297e+00
1.266659736633300781e+00
-2.034136772155761719e+00
-7.758323550224304199e-01
1.313770413398742676e+00
-3.823695480823516846e-01
-2.856829166412353516e-01
-1.904091954231262207e+00
2.716025590896606445e+00
-1.121691226959228516e+00
1.519409179687500000e+00
-1.345902204513549805e+00
-1.043798089027404785e+00
6.035148501396179199e-01
1.646889448165893555e+00
7.997301220893859863e-01
-4.164416313171386719e+00
-1.091209173202514648e+00
2.392009735107421875e+00
-1.718766927719116211e+00
4.844982624053955078e-01
-4.904363155364990234e-01
2.321909368038177490e-01
1.763494312763214111e-01
-7.486470341682434082e-01
1.497425198554992676e+00
6.541823744773864746e-01
-8.146579563617706299e-02
4.961670041084289551e-01
4.882686138153076172e-01
1.717923134565353394e-01
-2.721316814422607422e-01
-3.886523246765136719e-01
-7.798270583152770996e-01
1.489333152770996094e+00
2.213778018951416016e+00
-3.560518026351928711e+00
1.377185821533203125e+00
-2.524349689483642578e+00
2.611117124557495117e+00
1.869587004184722900e-01
-1.945852875709533691e+00
1.283831834793090820e+00
1.155923128128051758e+00
2.363092422485351562e+00
-2.362041473388671875e+00
-1.158380746841430664e+00
9.619127511978149414e-01
2.841251850128173828e+00
-2.270347118377685547e+00
-9.176715016365051270e-01
2.300483465194702148e+00
7.707562446594238281e-01
9.744763374328613281e-01
-1.139166355133056641e+00
-2.606330871582031250e+00
2.184329986572265625e+00
-1.088025927543640137e+00
-2.090445041656494141e+00
-2.447674870491027832e-01
2.108727931976318359e+00
4.905400276184082031e+00
-3.386911153793334961e+00
1.039193868637084961e+00
-2.102778911590576172e+00
1.618961572647094727e+00
-3.746825695037841797e+00
-4.701018333435058594e-02
1.460944652557373047e+00
2.554347991943359375e+00
2.566669940948486328e+00
-4.399458885192871094e+00
1.805977821350097656e+00
-9.195495843887329102e-01
-4.229767620563507080e-01
-4.747532308101654053e-01
-3.902652561664581299e-01
-1.753842830657958984e+00
-7.899971008300781250e-01
2.633307933807373047e+00
3.887366771697998047e+00
-7.332634925842285156e+00
3.415823221206665039e+00
-1.301575899124145508e+00
-2.519541740417480469e+00
1.391307830810546875e+00
9.365506768226623535e-01
2.712029695510864258e+00
-4.231704711914062500e+00
-2.251121252775192261e-01
2.547054767608642578e+00
1.189001560211181641e+00
-2.542871236801147461e+00
-4.489569664001464844e+00
4.651376724243164062e+00
3.041077852249145508e-01
-1.825753211975097656e+00
1.700533866882324219e+00
2.623893976211547852e+00
-1.147920489311218262e+00
-2.772114872932434082e-01
-8.516623377799987793e-01
-4.818115234375000000e+00
3.439322233200073242e+00
1.260761499404907227e+00
8.141250610351562500e-01
-2.672387599945068359e+00
-2.753981113433837891e+00
3.191523313522338867e+00
-2.101898789405822754e-01
-1.244916021823883057e-01
2.260611355304718018e-01
1.019489645957946777e+00
-9.938402175903320312e-01
3.106960058212280273e+00
-1.518510341644287109e+00
-1.159722924232482910e+00
-3.497368991374969482e-01
4.977721691131591797e+00
-3.403295516967773438e+00
6.580984592437744141e-01
1.454279422760009766e-01
1.448436737060546875e+00
-7.628314495086669922e-01
8.371609449386596680e-01
-2.497071266174316406e+00
1.538187861442565918e+00
-1.622356176376342773e+00
2.961947917938232422e+00
-2.546705961227416992e+00
-1.707914918661117554e-01
-8.271199464797973633e-02
2.908347845077514648e+00
-6.535597443580627441e-01
-1.677717804908752441e+00
-1.936109304428100586e+00
3.892856597900390625e+00
-7.771022915840148926e-01
-2.867875814437866211e+00
3.277293682098388672e+00
9.616475105285644531e-01
-9.285648465156555176e-01
-9.361147284507751465e-01
5.440335273742675781e-01
4.077581882476806641e+00
6.377327442169189453e-02
-4.220113277435302734e+00
-1.371874570846557617e+00
9.994571208953857422e-01
2.257661581039428711e+00
8.844852447509765625e-01
-6.020301818847656250e+00
7.981275916099548340e-01
1.998406291007995605e+00
5.256084203720092773e-01
1.639436602592468262e+00
-2.719380855560302734e+00
-7.294759750366210938e-01
-5.924336314201354980e-01
-1.661849260330200195e+00
4.214478969573974609e+00
-1.029780864715576172e+00
1.797858715057373047e+00
-1.108256220817565918e+00
-4.726436734199523926e-01
-2.845112323760986328e+00
-1.265152573585510254e+00
1.576467633247375488e+00
5.086266994476318359e-01
1.286971330642700195e+00
3.451964259147644043e-01
-2.184773921966552734e+00
1.645747900009155273e+00
5.095677852630615234e+00
-6.430350303649902344e+00
7.745845317840576172e-01
1.969650268554687500e+00
-1.349409699440002441e+00
9.687117338180541992e-01
-1.200659513473510742e+00
-8.476419746875762939e-02
-3.700363397598266602e+00
2.277798175811767578e+00
-4.960532784461975098e-01
3.545783996582031250e+00
-8.922399282455444336e-01
4.373052597045898438e+00
-3.727163791656494141e+00
1.317482233047485352e+00
-3.045430898666381836e+00
-1.370316505432128906e+00
1.613722801208496094e+00
-9.236651659011840820e-01
-6.792402267456054688e-01
2.443041324615478516e+00
-4.372822046279907227e-01
-2.138640880584716797e+00
9.364181756973266602e-02
2.878902435302734375e+00
4.794171452522277832e-01
-1.098871946334838867e+00
-4.232123494148254395e-02
3.949317455291748047e+00
-1.951125860214233398e+00
-5.063160657882690430e-01
-2.259023040533065796e-01
-8.476773500442504883e-01
-1.550951719284057617e+00
-8.772835135459899902e-02
2.284463405609130859e+00
1.278899431228637695e+00
1.377816677093505859e+00
-4.403402805328369141e+00
-1.006885051727294922e+00
2.423580169677734375e+00
-3.017023205757141113e-01
-2.579294443130493164e-01
-1.833248734474182129e+00
4.531622529029846191e-01
1.800327658653259277e+00
-1.184490680694580078e+00
9.223877191543579102e-01
8.744969367980957031e-01
4.094846844673156738e-01
9.035625457763671875e-01
-2.764017581939697266e+00
9.595903158187866211e-01
-9.964054822921752930e-01
-1.008965969085693359e+00
2.706128120422363281e+00
-1.692893981933593750e+00
1.113707780838012695e+00
-1.355463147163391113e+00
-2.904948592185974121e-01
2.351707696914672852e+00
3.230152726173400879e-01
7.771122455596923828e-01
-2.514742374420166016e+00
-2.940153181552886963e-01
3.493390679359436035e-01
8.406579494476318359e-01
1.282936096191406250e+00
-2.845594406127929688e+00
-1.279362440109252930e+00
3.175687491893768311e-01
-1.700672864913940430e+00
4.074467182159423828e+00
-2.350762367248535156e+00
-1.222424387931823730e+00
3.854652881622314453e+00
-2.306873321533203125e+00
4.179187774658203125e+00
-3.023510456085205078e+00
-3.213413804769515991e-02
3.938849568367004395e-01
2.079580426216125488e-01
1.753123521804809570e+00
-2.308531284332275391e+00
-1.543637514114379883e+00
6.260849237442016602e-01
5.230886936187744141e-01
1.476381778717041016e+00
-1.556903839111328125e+00
1.640001535415649414e+00
-2.781834125518798828e+00
1.007408976554870605e+00
-1.227719068527221680e+00
1.751868367195129395e+00
-1.651871681213378906e+00
-2.073392391204833984e+00
1.358060002326965332e+00
4.230854034423828125e+00
1.217549204826354980e+00
-3.599236965179443359e+00
-4.892743110656738281e+00
8.767236709594726562e+00
-2.737449169158935547e+00
1.532334208488464355e+00
-2.235002040863037109e+00
4.795736968517303467e-01
1.134136766195297241e-01
-1.938135027885437012e-01
1.767003536224365234e+00
-2.218142509460449219e+00
5.981922149658203125e-01
-3.445625603199005127e-01
-3.875606536865234375e+00
1.712949037551879883e+00
2.386097431182861328e+00
2.412735700607299805e+00
-4.632268905639648438e+00
-1.473784208297729492e+00
1.862240314483642578e+00
7.238218188285827637e-02
2.238201618194580078e+00
2.493163794279098511e-01
7.308040857315063477e-01
-3.293655395507812500e+00
-2.870329022407531738e-01
2.041131019592285156e+00
1.477227449417114258e+00
-2.260306119918823242e+00
4.731725156307220459e-01
-2.031225681304931641e+00
4.555152893066406250e+00
-2.015412330627441406e+00
-2.931561946868896484e+00
-7.341640591621398926e-01
3.684061527252197266e+00
-2.200424671173095703e+00
2.788686752319335938e+00
-2.585997581481933594e+00
5.473268508911132812e+00
-2.274046897888183594e+00
1.224325895309448242e+00
-8.619949817657470703e-01
-1.235855102539062500e+00
-4.234846830368041992e-01
4.136000871658325195e-01
-2.627811193466186523e+00
2.005381345748901367e+00
9.657190740108489990e-02
3.330646455287933350e-01
-2.365395545959472656e+00
5.164630413055419922e+00
-1.664793491363525391e+00
4.401079177856445312e+00
-5.939271926879882812e+00
-9.873036146163940430e-01
1.043605089187622070e+00
1.607799291610717773e+00
1.103923916816711426e+00
-1.742190867662429810e-01
-7.036125659942626953e-01
-1.319738626480102539e+00
-2.642477750778198242e-01
1.373639702796936035e+00
-6.500031352043151855e-01
-1.960088610649108887e+00
-6.117236614227294922e-01
6.654734015464782715e-01
2.340796709060668945e+00
-7.733622789382934570e-01
-6.552338004112243652e-01
-2.605509281158447266e+00
8.260686993598937988e-01
2.261847406625747681e-01
7.394796609878540039e-02
-1.463135600090026855e+00
5.740803241729736328e+00
3.906385302543640137e-01
-1.723696231842041016e+00
-1.450459957122802734e+00
8.619158267974853516e-01
-2.999559044837951660e-01
-4.497111320495605469e+00
3.245266914367675781e+00
-5.782003402709960938e-01
-4.478121757507324219e+00
5.831874847412109375e+00
-3.049572944641113281e+00
1.578814506530761719e+00
2.697003364562988281e+00
-1.571646451950073242e+00
-1.381247043609619141e+00
-6.046945452690124512e-01
2.556251525878906250e+00
2.430094957351684570e+00
-3.369364500045776367e+00
-7.204233407974243164e-01
2.769366264343261719e+00
7.404450327157974243e-02
-1.260936737060546875e+00
-1.187263488769531250e+00
-2.002667784690856934e-01
2.189663887023925781e+00
2.901015877723693848e-01
6.989676952362060547e-01
1.250524044036865234e+00
-1.234892129898071289e+00
-3.506285905838012695e+00
-3.802202939987182617e+00
7.207545280456542969e+00
1.492509007453918457e+00
-1.839806318283081055e+00
1.165432095527648926e+00
-2.889170408248901367e+00
5.126079320907592773e-01
-9.910337924957275391e-01
-3.498104810714721680e-01
-2.276020050048828125e+00
4.477433204650878906e+00
-1.842636108398437500e+00
2.373720109462738037e-01
9.972149133682250977e-01
-2.317451000213623047e+00
3.836649656295776367e+00
-1.535650491714477539e+00
1.775014638900756836e+00
-2.442148923873901367e+00
-4.762374758720397949e-01
6.199668049812316895e-01
9.405431747436523438e-01
-2.272548675537109375e+00
8.249028325080871582e-01
-5.158697962760925293e-01
1.567927479743957520e+00
-9.637230634689331055e-01
2.013775110244750977e+00
1.967773139476776123e-01
1.073239564895629883e+00
2.227499961853027344e+00
-3.193710565567016602e+00
-3.746324300765991211e+00
2.517142295837402344e-01
1.741062283515930176e+00
9.485097527503967285e-01
2.878959417343139648e+00
-6.133271455764770508e-01
-3.185525178909301758e+00
1.985767602920532227e+00
1.213985681533813477e-02
-3.245359182357788086e+00
1.051747798919677734e+00
7.552164793014526367e-01
1.298824787139892578e+00
-9.563158750534057617e-01
-2.380710601806640625e+00
-7.764213681221008301e-01
3.007654190063476562e+00
3.503460586071014404e-01
1.989611864089965820e+00
-2.067601203918457031e+00
-2.743543148040771484e+00
-4.541951715946197510e-01
3.690537929534912109e+00
-1.258275151252746582e+00
-9.079052209854125977e-01
-3.989743888378143311e-01
-2.392593026161193848e-01
-1.108006238937377930e-01
2.820179700851440430e+00
-7.535024285316467285e-01
-1.365607619285583496e+00
-1.218270510435104370e-01
-1.285232305526733398e+00
3.063258528709411621e-01
1.356487423181533813e-01
1.185202121734619141e+00
4.443345069885253906e-01
-1.357468128204345703e+00
-2.948368787765502930e+00
1.384271621704101562e+00
2.502260208129882812e+00
5.185818672180175781e-01
2.272392272949218750e+00
-1.701487183570861816e+00
-3.370772838592529297e+00
8.743642568588256836e-01
2.382883787155151367e+00
-3.265718460083007812e+00
6.778462529182434082e-01
-3.530306816101074219e+00
1.322825551033020020e+00
2.178213596343994141e+00
-1.172863483428955078e+00
3.101994395256042480e-01
-9.978915452957153320e-01
1.943510293960571289e+00
1.260318279266357422e+00
1.205617904663085938e+00
-7.198264002799987793e-01
-7.582579851150512695e-01
1.407355070114135742e-03
-2.451640605926513672e+00
-9.345868825912475586e-01
4.161763191223144531e+00
1.425875186920166016e+00
-2.416551351547241211e+00
-6.398266553878784180e-01
-3.282387971878051758e+00
3.996835708618164062e+00
-2.182172536849975586e-01
2.032501697540283203e-01
-8.501240015029907227e-01
1.444676041603088379e+00
1.171790838241577148e+00
-2.247172594070434570e+00
3.869321346282958984e+00
-3.240143537521362305e+00
1.495867013931274414e+00
-1.149047493934631348e+00
-1.874983012676239014e-01
-2.768843472003936768e-01
-9.216241836547851562e-01
6.693575382232666016e-01
2.167261600494384766e+00
-8.559693098068237305e-01
-2.080327510833740234e+00
1.163345336914062500e+00
-1.395414769649505615e-01
-1.814265102148056030e-01
6.344552040100097656e-01
6.743972301483154297e-01
-6.215745210647583008e-01
-2.665542364120483398e-01
-1.015400171279907227e+00
1.861389875411987305e+00
2.022309303283691406e+00
-1.858583807945251465e+00
-1.668469429016113281e+00
4.882417023181915283e-01
4.664423465728759766e+00
-3.554466724395751953e+00
1.229228496551513672e+00
3.143202960491180420e-01
-3.339910030364990234e+00
5.349624752998352051e-01
1.002832531929016113e+00
3.351814448833465576e-01
1.419160842895507812e+00
7.157242298126220703e-02
-2.821300983428955078e+00
3.023899078369140625e+00
-4.706951379776000977e-01
-5.980201959609985352e-01
8.188308477401733398e-01
-8.431863784790039062e-01
-1.257932782173156738e-01
-1.482126474380493164e+00
1.164718747138977051e+00
-2.751042842864990234e+00
6.220863461494445801e-01
9.848487377166748047e-01
2.170218706130981445e+00
-1.024051666259765625e+00
3.695260882377624512e-01
-4.313345551490783691e-01
1.861208081245422363e+00
-7.018215656280517578e-01
-4.422917068004608154e-01
-2.774667739868164062e+00
3.722187280654907227e+00
-2.156382799148559570e+00
1.086177110671997070e+00
1.026945710182189941e+00
-7.588675618171691895e-01
1.619855046272277832e+00
-4.308900356292724609e+00
3.159605741500854492e+00
-2.744075298309326172e+00
5.101311683654785156e+00
-2.023675918579101562e+00
3.201791942119598389e-01
9.999412894248962402e-01
-2.236186265945434570e+00
1.219507932662963867e+00
-4.186367034912109375e+00
1.056704163551330566e+00
2.117775917053222656e+00
6.410291790962219238e-01
-3.614193916320800781e+00
3.413698911666870117e+00
-2.136060476303100586e+00
1.955181121826171875e+00
-2.318132877349853516e+00
2.978310585021972656e+00
-2.796597957611083984e+00
-1.208458662033081055e+00
4.381758213043212891e+00
-3.443268299102783203e+00
3.104310989379882812e+00
-2.156117200851440430e+00
-2.917484521865844727e+00
1.997352361679077148e+00
-1.027350187301635742e+00
-4.167635142803192139e-01
4.104435920715332031e+00
-2.684884548187255859e+00
-4.473621845245361328e-01
2.538929939270019531e+00
1.002201795578002930e+00
-4.309677124023437500e+00
5.433180928230285645e-02
3.691213130950927734e+00
-3.620359420776367188e+00
4.818914830684661865e-01
3.139200806617736816e-01
-9.068339467048645020e-01
-1.108336374163627625e-01
-9.799043834209442139e-02
4.282887876033782959e-01
-2.600599527359008789e-01
7.078318297863006592e-02
2.205044031143188477e-02
-2.889118671417236328e+00
3.876370668411254883e+00
1.232476711273193359e+00
-2.488261461257934570e+00
8.224042654037475586e-01
-2.122440338134765625e+00
3.243889510631561279e-01
4.695734024047851562e+00
-3.363193035125732422e+00
6.978912353515625000e-01
-1.389943838119506836e+00
-2.058148384094238281e-04
2.000963687896728516e+00
-1.587280154228210449e+00
-4.307386279106140137e-02
1.536187410354614258e+00
-9.178436994552612305e-01
2.028461456298828125e+00
-1.734147310256958008e+00
1.048142671585083008e+00
3.550364971160888672e+00
-3.347481727600097656e+00
2.333523631095886230e-01
-7.837556600570678711e-01
1.451220512390136719e+00
-2.281468868255615234e+00
3.245773792266845703e+00
1.816395282745361328e+00
1.267576336860656738e+00
-5.999985218048095703e+00
3.815387248992919922e+00
-1.916040182113647461e+00
-1.372684597969055176e+00
5.052241683006286621e-01
2.425116539001464844e+00
-1.773236513137817383e+00
-1.653543472290039062e+00
2.461930751800537109e+00
1.122324466705322266e-01
2.699440717697143555e+00
-3.173845291137695312e+00
-1.302371621131896973e+00
-8.557898998260498047e-01
-2.352655649185180664e+00
3.245033740997314453e+00
-1.782736301422119141e+00
2.665124893188476562e+00
1.114570498466491699e+00
-5.668872594833374023e-01
-2.726399898529052734e+00
3.728969097137451172e+00
3.769350051879882812e-01
-1.340378522872924805e+00
-1.011107921600341797e+00
7.432368397712707520e-01
-1.618176698684692383e-02
-1.533415555953979492e+00
5.193335413932800293e-01
-2.861496806144714355e-02
-2.003624439239501953e-01
-1.405974864959716797e+00
-2.079983800649642944e-01
1.833242326974868774e-01
1.306069970130920410e+00
-6.775150299072265625e-01
-2.687463283538818359e+00
2.788835525512695312e+00
-1.672614812850952148e-01
-8.301567435264587402e-01
-2.329051017761230469e+00
2.906927824020385742e+00
-2.362828254699707031e+00
4.207232475280761719e+00
-9.261784553527832031e-01
-1.574955701828002930e+00
2.224242687225341797e+00
-2.271539688110351562e+00
2.875656127929687500e+00
-1.522895693778991699e+00
-6.818414330482482910e-01
2.108239889144897461e+00
-1.203076839447021484e+00
3.269259452819824219e+00
2.020270347595214844e+00
-5.206331253051757812e+00
-2.038042545318603516e+00
-3.298472642898559570e+00
9.467664718627929688e+00
-3.545023441314697266e+00
-8.987742662429809570e-01
-4.248912930488586426e-01
7.427806854248046875e-01
4.027058124542236328e+00
-3.130527734756469727e+00
1.325910806655883789e+00
-3.257116556167602539e+00
-2.252983331680297852e+00
-1.581603050231933594e+00
5.948870658874511719e+00
1.190496325492858887e+00
-2.655223131179809570e+00
-3.921318054199218750e-02
6.768444776535034180e-01
-9.036274552345275879e-01
1.344873785972595215e+00
-7.746210694313049316e-01
3.557948589324951172e+00
-3.153290033340454102e+00
-1.527698278427124023e+00
3.513283729553222656e+00
-7.653989791870117188e-01
-5.171027183532714844e-01
1.601924657821655273e+00
-1.644694089889526367e+00
-4.455806016921997070e-01
2.054680347442626953e+00
-2.549547195434570312e+00
-2.738614797592163086e+00
3.618671894073486328e+00
-4.123599052429199219e+00
1.361243605613708496e+00
1.828850984573364258e+00
1.694329261779785156e+00
-1.393012523651123047e+00
3.320451021194458008e+00
-7.308087944984436035e-01
-1.876472353935241699e+00
-3.751434683799743652e-01
1.582622230052947998e-01
-1.574723124504089355e-01
-1.002162694931030273e-01
1.919183015823364258e+00
-7.611585855484008789e-01
2.879536151885986328e+00
-3.982161998748779297e+00
-1.159579038619995117e+00
1.974655151367187500e+00
3.219105899333953857e-01
-1.130039453506469727e+00
-1.703746795654296875e+00
1.467554926872253418e+00
-3.179028034210205078e-01
1.344478845596313477e+00
1.517390370368957520e+00
-5.780378341674804688e+00
2.924028038978576660e-01
3.304086208343505859e+00
1.276326179504394531e+00
-6.949217319488525391e-01
-4.322773456573486328e+00
1.925559043884277344e+00
7.219568490982055664e-01
-2.393258213996887207e-01
2.940589785575866699e-01
-2.853189706802368164e+00
-1.519022941589355469e+00
3.396696746349334717e-01
2.372287273406982422e+00
-1.347540616989135742e+00
2.449308156967163086e+00
-1.223697215318679810e-01
-9.860436916351318359e-01
2.159536361694335938e+00
-3.059998750686645508e-01
-1.471346378326416016e+00
3.247299671173095703e+00
-3.201996326446533203e+00
1.613802433013916016e+00
-1.388679504394531250e+00
5.321516036987304688e+00
-3.536747455596923828e+00
-6.428240239620208740e-02
-2.627788543701171875e+00
3.812094688415527344e+00
-5.740168094635009766e-01
-6.914519071578979492e-01
1.318737983703613281e+00
-6.028226613998413086e-01
1.544159650802612305e+00
9.273515939712524414e-01
2.475710213184356689e-01
-4.181184291839599609e+00
3.384835481643676758e+00
2.849906869232654572e-02
3.542534112930297852e-01
4.935588240623474121e-01
1.954388022422790527e-01
-5.889461517333984375e+00
3.171745061874389648e+00
2.270306199789047241e-01
1.506370067596435547e+00
-2.462886810302734375e+00
-1.391535997390747070e+00
4.282751083374023438e+00
-1.709911823272705078e+00
-2.331306934356689453e+00
1.254352331161499023e+00
9.796535968780517578e-02
-6.121096611022949219e-01
-2.518653631210327148e+00
-1.889218211174011230e+00
2.041357755661010742e+00
2.216927528381347656e+00
1.693810343742370605e+00
2.743112146854400635e-01
-5.514487624168395996e-01
-2.626805305480957031e+00
-1.178907036781311035e+00
5.083022117614746094e-01
1.466977357864379883e+00
2.621751785278320312e+00
7.347525358200073242e-01
-3.487439155578613281e+00
-1.054468452930450439e-01
-1.074032783508300781e+00
-1.665857434272766113e+00
3.553873300552368164e+00
-7.025043964385986328e-01
-6.571825146675109863e-01
-7.768033146858215332e-01
-2.924348831176757812e+00
4.073205947875976562e+00
-8.167696595191955566e-01
1.608276367187500000e+00
2.047103166580200195e+00
-2.834443330764770508e+00
6.139734983444213867e-01
-8.903267383575439453e-01
-3.543215990066528320e-02
-1.465179443359375000e+00
1.011516094207763672e+00
2.173906862735748291e-01
1.075038194656372070e+00
-2.054279565811157227e+00
4.124382495880126953e+00
-2.703861236572265625e+00
-9.552091956138610840e-01
3.606343030929565430e+00
-2.396086692810058594e+00
1.573528528213500977e+00
4.071666598320007324e-01
-2.124897003173828125e+00
4.037163734436035156e+00
-9.974207878112792969e-01
-7.413983941078186035e-01
2.615375995635986328e+00
-3.855450630187988281e+00
2.845770359039306641e+00
-8.059817552566528320e-01
3.904254436492919922e-01
2.384634464979171753e-01
-3.234610319137573242e+00
3.027056694030761719e+00
-8.700395822525024414e-01
2.349390983581542969e+00
-2.963036775588989258e+00
-1.012289166450500488e+00
5.250680446624755859e-01
1.931000590324401855e+00
-1.932100534439086914e+00
-1.098482847213745117e+00
1.272954940795898438e+00
1.911486268043518066e+00
-2.688847064971923828e+00
-1.543567419052124023e+00
1.278883337974548340e+00
-4.190331995487213135e-01
-1.229187488555908203e+00
4.385406494140625000e+00
-2.823601245880126953e+00
-1.672001928091049194e-01
1.397928714752197266e+00
-3.998240455985069275e-03
1.795767903327941895e+00
-2.702574729919433594e+00
-3.909286022186279297e+00
1.412640810012817383e+00
2.420199871063232422e+00
9.606397747993469238e-01
-1.493053197860717773e+00
-1.446842432022094727e+00
4.403968811035156250e+00
2.865650177001953125e+00
-4.011177062988281250e+00
-5.993864536285400391e-01
9.802772998809814453e-01
4.904598891735076904e-01
-2.570703506469726562e+00
1.498254776000976562e+00
1.579524636268615723e+00
-1.795939207077026367e+00
-1.803367614746093750e+00
-4.988434910774230957e-02
1.290607929229736328e+00
-1.127803444862365723e+00
-6.019326299428939819e-02
3.220806121826171875e-01
2.036153793334960938e+00
-3.572717428207397461e+00
3.030007123947143555e+00
-4.264602184295654297e+00
2.258977413177490234e+00
-5.241315960884094238e-01
5.705593824386596680e-01
-9.606230258941650391e-01
-2.461955308914184570e+00
4.030218601226806641e+00
1.721139192581176758e+00
-3.894023895263671875e+00
1.212458759546279907e-01
7.594941854476928711e-01
-3.417132377624511719e+00
4.296103000640869141e+00
-2.569556474685668945e+00
2.297740936279296875e+00
1.906821727752685547e+00
-3.469643592834472656e+00
2.757785320281982422e+00
2.711359858512878418e-01
3.789254426956176758e-01
-5.818158388137817383e-01
-4.583897888660430908e-01
-1.142817139625549316e+00
2.841174602508544922e+00
1.312179088592529297e+00
-1.796814918518066406e+00
5.221508741378784180e-01
1.069719433784484863e+00
-1.477602243423461914e+00
4.783541560173034668e-01
1.952472209930419922e+00
-2.689850330352783203e+00
2.642252147197723389e-01
-1.236149668693542480e+00
1.747662782669067383e+00
-5.142816305160522461e-01
-2.004204511642456055e+00
7.161077857017517090e-02
1.980000019073486328e+00
-2.006729841232299805e+00
-6.690084338188171387e-01
1.093051671981811523e+00
3.865032196044921875e+00
-4.726169109344482422e+00
-1.634397804737091064e-01
1.373927235603332520e+00
2.169944763183593750e+00
-1.938058614730834961e+00
-2.841085195541381836e-02
1.285213947296142578e+00
1.514727473258972168e+00
-1.558104157447814941e+00
-1.396082401275634766e+00
2.920817434787750244e-01
3.199127018451690674e-01
3.325054645538330078e+00
-6.592320203781127930e-01
3.212962746620178223e-01
-3.305184841156005859e+00
6.852715015411376953e-01
-1.055755376815795898e+00
-1.342514753341674805e+00
-2.094530314207077026e-01
3.667299449443817139e-01
1.065761089324951172e+00
6.416195631027221680e-01
1.092489004135131836e+00
7.823617458343505859e-01
2.136482298374176025e-01
-8.079178333282470703e-01
-5.181307792663574219e+00
1.800837278366088867e+00
1.682363033294677734e+00
1.353578805923461914e+00
1.796214938163757324e+00
-3.028459310531616211e+00
1.771222472190856934e+00
-5.576623678207397461e-01
-1.391601681709289551e+00
9.019294381141662598e-01
-1.013641119003295898e+00
-7.784237265586853027e-01
-6.264283657073974609e-01
1.918715000152587891e+00
-1.544720828533172607e-01
2.795117139816284180e+00
-1.589427888393402100e-02
-6.792077422142028809e-01
3.203912079334259033e-01
-2.361331462860107422e+00
8.013327121734619141e-01
-9.781016707420349121e-01
1.360518574714660645e+00
-2.156243562698364258e+00
9.687711000442504883e-01
-1.966066360473632812e+00
3.370610713958740234e+00
4.388272762298583984e-01
